,right,cam,ctm,cam_time,ctm_time,rate
0,1,0,49992,-15.137684106826782,-11.009793758392334,0.21428571428571427
1,1,0,16677,-15.137684106826782,-11.009793758392334,0.21428571428571427
2,1,0,16676,-15.137684106826782,-11.009793758392334,0.21428571428571427
3,1,0,16675,-15.137684106826782,-11.009793758392334,0.21428571428571427
4,1,0,16674,-15.137684106826782,-11.009793758392334,0.21428571428571427
5,1,0,16673,-15.137684106826782,-11.009793758392334,0.21428571428571427
6,1,0,16672,-15.137684106826782,-11.009793758392334,0.21428571428571427
7,1,0,16671,-15.137684106826782,-11.009793758392334,0.21428571428571427
8,1,0,16670,-15.137684106826782,-11.009793758392334,0.21428571428571427
9,1,0,16669,-15.137684106826782,-11.009793758392334,0.21428571428571427
10,1,0,16668,-15.137684106826782,-11.009793758392334,0.21428571428571427
11,1,0,16667,-15.137684106826782,-11.009793758392334,0.21428571428571427
12,0,0,16666,-15.137684106826782,-11.009793758392334,0.21428571428571427
13,1,0,16665,-15.137684106826782,-11.009793758392334,0.21428571428571427
14,1,0,16664,-15.137684106826782,-11.009793758392334,0.21428571428571427
15,1,0,16663,-15.137684106826782,-11.009793758392334,0.21428571428571427
16,1,0,16662,-15.137684106826782,-11.009793758392334,0.21428571428571427
17,1,0,16661,-15.137684106826782,-11.009793758392334,0.21428571428571427
18,1,0,16660,-15.137684106826782,-11.009793758392334,0.21428571428571427
19,1,0,16659,-15.137684106826782,-11.009793758392334,0.21428571428571427
20,1,0,16658,-15.137684106826782,-11.009793758392334,0.21428571428571427
21,1,0,16657,-15.137684106826782,-11.009793758392334,0.21428571428571427
22,1,0,16678,-15.137684106826782,-11.009793758392334,0.21428571428571427
23,0,0,16679,-15.137684106826782,-11.009793758392334,0.21428571428571427
24,1,0,16680,-15.137684106826782,-11.009793758392334,0.21428571428571427
25,0,0,16692,-15.137684106826782,-11.009793758392334,0.21428571428571427
26,1,0,16701,-15.137684106826782,-11.009793758392334,0.21428571428571427
27,1,0,16700,-15.137684106826782,-11.009793758392334,0.21428571428571427
28,1,0,16699,-15.137684106826782,-11.009793758392334,0.21428571428571427
29,1,0,16698,-15.137684106826782,-11.009793758392334,0.21428571428571427
30,1,0,16697,-15.137684106826782,-11.009793758392334,0.21428571428571427
31,1,0,16696,-15.137684106826782,-11.009793758392334,0.21428571428571427
32,1,0,16695,-15.137684106826782,-11.009793758392334,0.21428571428571427
33,1,0,16694,-15.137684106826782,-11.009793758392334,0.21428571428571427
34,1,0,16693,-15.137684106826782,-11.009793758392334,0.21428571428571427
35,1,0,16691,-15.137684106826782,-11.009793758392334,0.21428571428571427
36,1,0,16681,-15.137684106826782,-11.009793758392334,0.21428571428571427
37,1,0,16690,-15.137684106826782,-11.009793758392334,0.21428571428571427
38,1,0,16689,-15.137684106826782,-11.009793758392334,0.21428571428571427
39,1,0,16688,-15.137684106826782,-11.009793758392334,0.21428571428571427
40,0,0,16687,-15.137684106826782,-11.009793758392334,0.21428571428571427
41,1,0,16686,-15.137684106826782,-11.009793758392334,0.21428571428571427
42,0,0,16685,-15.137684106826782,-11.009793758392334,0.21428571428571427
43,1,0,16684,-15.137684106826782,-11.009793758392334,0.21428571428571427
44,1,0,16683,-15.137684106826782,-11.009793758392334,0.21428571428571427
45,1,0,16682,-15.137684106826782,-11.009793758392334,0.21428571428571427
46,1,0,16656,-15.137684106826782,-11.009793758392334,0.21428571428571427
47,1,0,16654,-15.137684106826782,-11.009793758392334,0.21428571428571427
48,1,0,16607,-15.137684106826782,-11.009793758392334,0.21428571428571427
49,0,0,16653,-15.137684106826782,-11.009793758392334,0.21428571428571427
50,1,0,16628,-15.137684106826782,-11.009793758392334,0.21428571428571427
51,1,0,16627,-15.137684106826782,-11.009793758392334,0.21428571428571427
52,1,0,16626,-15.137684106826782,-11.009793758392334,0.21428571428571427
53,1,0,16625,-15.137684106826782,-11.009793758392334,0.21428571428571427
54,1,0,16624,-15.137684106826782,-11.009793758392334,0.21428571428571427
55,1,0,16623,-15.137684106826782,-11.009793758392334,0.21428571428571427
56,1,0,16622,-15.137684106826782,-11.009793758392334,0.21428571428571427
57,1,0,16621,-15.137684106826782,-11.009793758392334,0.21428571428571427
58,1,0,16620,-15.137684106826782,-11.009793758392334,0.21428571428571427
59,1,0,16619,-15.137684106826782,-11.009793758392334,0.21428571428571427
60,1,0,16618,-15.137684106826782,-11.009793758392334,0.21428571428571427
61,1,0,16617,-15.137684106826782,-11.009793758392334,0.21428571428571427
62,1,0,16616,-15.137684106826782,-11.009793758392334,0.21428571428571427
63,1,0,16615,-15.137684106826782,-11.009793758392334,0.21428571428571427
64,1,0,16614,-15.137684106826782,-11.009793758392334,0.21428571428571427
65,1,0,16613,-15.137684106826782,-11.009793758392334,0.21428571428571427
66,1,0,16612,-15.137684106826782,-11.009793758392334,0.21428571428571427
67,0,0,16611,-15.137684106826782,-11.009793758392334,0.21428571428571427
68,0,0,16610,-15.137684106826782,-11.009793758392334,0.21428571428571427
69,1,0,16609,-15.137684106826782,-11.009793758392334,0.21428571428571427
70,1,0,16608,-15.137684106826782,-11.009793758392334,0.21428571428571427
71,1,0,16629,-15.137684106826782,-11.009793758392334,0.21428571428571427
72,1,0,16630,-15.137684106826782,-11.009793758392334,0.21428571428571427
73,1,0,16631,-15.137684106826782,-11.009793758392334,0.21428571428571427
74,1,0,16643,-15.137684106826782,-11.009793758392334,0.21428571428571427
75,1,0,16652,-15.137684106826782,-11.009793758392334,0.21428571428571427
76,1,0,16651,-15.137684106826782,-11.009793758392334,0.21428571428571427
77,1,0,16650,-15.137684106826782,-11.009793758392334,0.21428571428571427
78,1,0,16649,-15.137684106826782,-11.009793758392334,0.21428571428571427
79,1,0,16648,-15.137684106826782,-11.009793758392334,0.21428571428571427
80,1,0,16647,-15.137684106826782,-11.009793758392334,0.21428571428571427
81,1,0,16646,-15.137684106826782,-11.009793758392334,0.21428571428571427
82,1,0,16645,-15.137684106826782,-11.009793758392334,0.21428571428571427
83,1,0,16644,-15.137684106826782,-11.009793758392334,0.21428571428571427
84,1,0,16642,-15.137684106826782,-11.009793758392334,0.21428571428571427
85,1,0,16632,-15.137684106826782,-11.009793758392334,0.21428571428571427
86,1,0,16641,-15.137684106826782,-11.009793758392334,0.21428571428571427
87,1,0,16640,-15.137684106826782,-11.009793758392334,0.21428571428571427
88,1,0,16639,-15.137684106826782,-11.009793758392334,0.21428571428571427
89,1,0,16638,-15.137684106826782,-11.009793758392334,0.21428571428571427
90,1,0,16637,-15.137684106826782,-11.009793758392334,0.21428571428571427
91,1,0,16636,-15.137684106826782,-11.009793758392334,0.21428571428571427
92,1,0,16635,-15.137684106826782,-11.009793758392334,0.21428571428571427
93,1,0,16634,-15.137684106826782,-11.009793758392334,0.21428571428571427
94,1,0,16633,-15.137684106826782,-11.009793758392334,0.21428571428571427
95,1,0,16702,-15.137684106826782,-11.009793758392334,0.21428571428571427
96,1,0,16703,-15.137684106826782,-11.009793758392334,0.21428571428571427
97,1,0,16704,-15.137684106826782,-11.009793758392334,0.21428571428571427
98,0,0,16705,-15.137684106826782,-11.009793758392334,0.21428571428571427
99,1,0,16774,-15.137684106826782,-11.009793758392334,0.21428571428571427
100,1,0,16773,-15.137684106826782,-11.009793758392334,0.21428571428571427
101,1,0,16772,-15.137684106826782,-11.009793758392334,0.21428571428571427
102,1,0,16771,-15.137684106826782,-11.009793758392334,0.21428571428571427
103,0,0,16770,-15.137684106826782,-11.009793758392334,0.21428571428571427
104,1,0,16769,-15.137684106826782,-11.009793758392334,0.21428571428571427
105,1,0,16768,-15.137684106826782,-11.009793758392334,0.21428571428571427
106,1,0,16767,-15.137684106826782,-11.009793758392334,0.21428571428571427
107,1,0,16766,-15.137684106826782,-11.009793758392334,0.21428571428571427
108,1,0,16764,-15.137684106826782,-11.009793758392334,0.21428571428571427
109,1,0,16754,-15.137684106826782,-11.009793758392334,0.21428571428571427
110,1,0,16763,-15.137684106826782,-11.009793758392334,0.21428571428571427
111,1,0,16762,-15.137684106826782,-11.009793758392334,0.21428571428571427
112,1,0,16761,-15.137684106826782,-11.009793758392334,0.21428571428571427
113,1,0,16760,-15.137684106826782,-11.009793758392334,0.21428571428571427
114,1,0,16759,-15.137684106826782,-11.009793758392334,0.21428571428571427
115,1,0,16758,-15.137684106826782,-11.009793758392334,0.21428571428571427
116,1,0,16757,-15.137684106826782,-11.009793758392334,0.21428571428571427
117,0,0,16756,-15.137684106826782,-11.009793758392334,0.21428571428571427
118,1,0,16755,-15.137684106826782,-11.009793758392334,0.21428571428571427
119,1,0,16775,-15.137684106826782,-11.009793758392334,0.21428571428571427
120,1,0,16765,-15.137684106826782,-11.009793758392334,0.21428571428571427
121,1,0,16776,-15.137684106826782,-11.009793758392334,0.21428571428571427
122,1,0,16789,-15.137684106826782,-11.009793758392334,0.21428571428571427
123,1,0,16798,-15.137684106826782,-11.009793758392334,0.21428571428571427
124,1,0,16797,-15.137684106826782,-11.009793758392334,0.21428571428571427
125,1,0,16796,-15.137684106826782,-11.009793758392334,0.21428571428571427
126,1,0,16795,-15.137684106826782,-11.009793758392334,0.21428571428571427
127,1,0,16794,-15.137684106826782,-11.009793758392334,0.21428571428571427
128,1,0,16793,-15.137684106826782,-11.009793758392334,0.21428571428571427
129,1,0,16792,-15.137684106826782,-11.009793758392334,0.21428571428571427
130,1,0,16791,-15.137684106826782,-11.009793758392334,0.21428571428571427
131,1,0,16790,-15.137684106826782,-11.009793758392334,0.21428571428571427
132,1,0,16788,-15.137684106826782,-11.009793758392334,0.21428571428571427
133,1,0,16778,-15.137684106826782,-11.009793758392334,0.21428571428571427
134,1,0,16787,-15.137684106826782,-11.009793758392334,0.21428571428571427
135,1,0,16786,-15.137684106826782,-11.009793758392334,0.21428571428571427
136,0,0,16785,-15.137684106826782,-11.009793758392334,0.21428571428571427
137,1,0,16784,-15.137684106826782,-11.009793758392334,0.21428571428571427
138,1,0,16783,-15.137684106826782,-11.009793758392334,0.21428571428571427
139,1,0,16782,-15.137684106826782,-11.009793758392334,0.21428571428571427
140,1,0,16781,-15.137684106826782,-11.009793758392334,0.21428571428571427
141,1,0,16780,-15.137684106826782,-11.009793758392334,0.21428571428571427
142,1,0,16779,-15.137684106826782,-11.009793758392334,0.21428571428571427
143,1,0,16777,-15.137684106826782,-11.009793758392334,0.21428571428571427
144,1,0,16753,-15.137684106826782,-11.009793758392334,0.21428571428571427
145,1,0,16752,-15.137684106826782,-11.009793758392334,0.21428571428571427
146,1,0,16751,-15.137684106826782,-11.009793758392334,0.21428571428571427
147,0,0,16726,-15.137684106826782,-11.009793758392334,0.21428571428571427
148,1,0,16725,-15.137684106826782,-11.009793758392334,0.21428571428571427
149,1,0,16724,-15.137684106826782,-11.009793758392334,0.21428571428571427
150,0,0,16723,-15.137684106826782,-11.009793758392334,0.21428571428571427
151,1,0,16722,-15.137684106826782,-11.009793758392334,0.21428571428571427
152,1,0,16721,-15.137684106826782,-11.009793758392334,0.21428571428571427
153,1,0,16720,-15.137684106826782,-11.009793758392334,0.21428571428571427
154,1,0,16719,-15.137684106826782,-11.009793758392334,0.21428571428571427
155,0,0,16718,-15.137684106826782,-11.009793758392334,0.21428571428571427
156,1,0,16717,-15.137684106826782,-11.009793758392334,0.21428571428571427
157,1,0,16716,-15.137684106826782,-11.009793758392334,0.21428571428571427
158,1,0,16715,-15.137684106826782,-11.009793758392334,0.21428571428571427
159,1,0,16714,-15.137684106826782,-11.009793758392334,0.21428571428571427
160,1,0,16713,-15.137684106826782,-11.009793758392334,0.21428571428571427
161,1,0,16712,-15.137684106826782,-11.009793758392334,0.21428571428571427
162,1,0,16711,-15.137684106826782,-11.009793758392334,0.21428571428571427
163,1,0,16710,-15.137684106826782,-11.009793758392334,0.21428571428571427
164,1,0,16709,-15.137684106826782,-11.009793758392334,0.21428571428571427
165,1,0,16708,-15.137684106826782,-11.009793758392334,0.21428571428571427
166,0,0,16707,-15.137684106826782,-11.009793758392334,0.21428571428571427
167,1,0,16706,-15.137684106826782,-11.009793758392334,0.21428571428571427
168,1,0,16727,-15.137684106826782,-11.009793758392334,0.21428571428571427
169,1,0,16728,-15.137684106826782,-11.009793758392334,0.21428571428571427
170,1,0,16729,-15.137684106826782,-11.009793758392334,0.21428571428571427
171,1,0,16741,-15.137684106826782,-11.009793758392334,0.21428571428571427
172,0,0,16750,-15.137684106826782,-11.009793758392334,0.21428571428571427
173,1,0,16749,-15.137684106826782,-11.009793758392334,0.21428571428571427
174,1,0,16748,-15.137684106826782,-11.009793758392334,0.21428571428571427
175,1,0,16747,-15.137684106826782,-11.009793758392334,0.21428571428571427
176,1,0,16746,-15.137684106826782,-11.009793758392334,0.21428571428571427
177,1,0,16745,-15.137684106826782,-11.009793758392334,0.21428571428571427
178,1,0,16744,-15.137684106826782,-11.009793758392334,0.21428571428571427
179,1,0,16743,-15.137684106826782,-11.009793758392334,0.21428571428571427
180,1,0,16742,-15.137684106826782,-11.009793758392334,0.21428571428571427
181,1,0,16740,-15.137684106826782,-11.009793758392334,0.21428571428571427
182,1,0,16730,-15.137684106826782,-11.009793758392334,0.21428571428571427
183,1,0,16739,-15.137684106826782,-11.009793758392334,0.21428571428571427
184,1,0,16738,-15.137684106826782,-11.009793758392334,0.21428571428571427
185,1,0,16737,-15.137684106826782,-11.009793758392334,0.21428571428571427
186,1,0,16736,-15.137684106826782,-11.009793758392334,0.21428571428571427
187,1,0,16735,-15.137684106826782,-11.009793758392334,0.21428571428571427
188,1,0,16734,-15.137684106826782,-11.009793758392334,0.21428571428571427
189,1,0,16733,-15.137684106826782,-11.009793758392334,0.21428571428571427
190,1,0,16732,-15.137684106826782,-11.009793758392334,0.21428571428571427
191,1,0,16731,-15.137684106826782,-11.009793758392334,0.21428571428571427
192,0,0,16655,-15.137684106826782,-11.009793758392334,0.21428571428571427
193,1,0,16606,-15.137684106826782,-11.009793758392334,0.21428571428571427
194,1,0,16605,-15.137684106826782,-11.009793758392334,0.21428571428571427
195,1,0,16604,-15.137684106826782,-11.009793758392334,0.21428571428571427
196,1,0,16481,-15.137684106826782,-11.009793758392334,0.21428571428571427
197,1,0,16480,-15.137684106826782,-11.009793758392334,0.21428571428571427
198,1,0,16479,-15.137684106826782,-11.009793758392334,0.21428571428571427
199,1,0,16478,-15.137684106826782,-11.009793758392334,0.21428571428571427
200,1,0,16477,-15.137684106826782,-11.009793758392334,0.21428571428571427
201,1,0,16476,-15.137684106826782,-11.009793758392334,0.21428571428571427
202,1,0,16475,-15.137684106826782,-11.009793758392334,0.21428571428571427
203,1,0,16474,-15.137684106826782,-11.009793758392334,0.21428571428571427
204,1,0,16473,-15.137684106826782,-11.009793758392334,0.21428571428571427
205,0,0,16472,-15.137684106826782,-11.009793758392334,0.21428571428571427
206,1,0,16471,-15.137684106826782,-11.009793758392334,0.21428571428571427
207,1,0,16470,-15.137684106826782,-11.009793758392334,0.21428571428571427
208,1,0,16469,-15.137684106826782,-11.009793758392334,0.21428571428571427
209,1,0,16468,-15.137684106826782,-11.009793758392334,0.21428571428571427
210,1,0,16467,-15.137684106826782,-11.009793758392334,0.21428571428571427
211,1,0,16466,-15.137684106826782,-11.009793758392334,0.21428571428571427
212,1,0,16465,-15.137684106826782,-11.009793758392334,0.21428571428571427
213,1,0,16464,-15.137684106826782,-11.009793758392334,0.21428571428571427
214,1,0,16463,-15.137684106826782,-11.009793758392334,0.21428571428571427
215,1,0,16462,-15.137684106826782,-11.009793758392334,0.21428571428571427
216,1,0,16461,-15.137684106826782,-11.009793758392334,0.21428571428571427
217,1,0,16482,-15.137684106826782,-11.009793758392334,0.21428571428571427
218,1,0,16483,-15.137684106826782,-11.009793758392334,0.21428571428571427
219,1,0,16484,-15.137684106826782,-11.009793758392334,0.21428571428571427
220,1,0,16496,-15.137684106826782,-11.009793758392334,0.21428571428571427
221,1,0,16505,-15.137684106826782,-11.009793758392334,0.21428571428571427
222,1,0,16504,-15.137684106826782,-11.009793758392334,0.21428571428571427
223,1,0,16503,-15.137684106826782,-11.009793758392334,0.21428571428571427
224,1,0,16502,-15.137684106826782,-11.009793758392334,0.21428571428571427
225,1,0,16501,-15.137684106826782,-11.009793758392334,0.21428571428571427
226,1,0,16500,-15.137684106826782,-11.009793758392334,0.21428571428571427
227,0,0,16499,-15.137684106826782,-11.009793758392334,0.21428571428571427
228,1,0,16498,-15.137684106826782,-11.009793758392334,0.21428571428571427
229,1,0,16497,-15.137684106826782,-11.009793758392334,0.21428571428571427
230,1,0,16495,-15.137684106826782,-11.009793758392334,0.21428571428571427
231,1,0,16485,-15.137684106826782,-11.009793758392334,0.21428571428571427
232,1,0,16494,-15.137684106826782,-11.009793758392334,0.21428571428571427
233,1,0,16493,-15.137684106826782,-11.009793758392334,0.21428571428571427
234,1,0,16492,-15.137684106826782,-11.009793758392334,0.21428571428571427
235,1,0,16491,-15.137684106826782,-11.009793758392334,0.21428571428571427
236,1,0,16490,-15.137684106826782,-11.009793758392334,0.21428571428571427
237,1,0,16489,-15.137684106826782,-11.009793758392334,0.21428571428571427
238,1,0,16488,-15.137684106826782,-11.009793758392334,0.21428571428571427
239,0,0,16487,-15.137684106826782,-11.009793758392334,0.21428571428571427
240,1,0,16486,-15.137684106826782,-11.009793758392334,0.21428571428571427
241,1,0,16460,-15.137684106826782,-11.009793758392334,0.21428571428571427
242,1,0,16458,-15.137684106826782,-11.009793758392334,0.21428571428571427
243,1,0,16411,-15.137684106826782,-11.009793758392334,0.21428571428571427
244,0,0,16457,-15.137684106826782,-11.009793758392334,0.21428571428571427
245,1,0,16432,-15.137684106826782,-11.009793758392334,0.21428571428571427
246,1,0,16431,-15.137684106826782,-11.009793758392334,0.21428571428571427
247,1,0,16430,-15.137684106826782,-11.009793758392334,0.21428571428571427
248,0,0,16429,-15.137684106826782,-11.009793758392334,0.21428571428571427
249,0,0,16428,-15.137684106826782,-11.009793758392334,0.21428571428571427
250,1,0,16427,-15.137684106826782,-11.009793758392334,0.21428571428571427
251,1,0,16426,-15.137684106826782,-11.009793758392334,0.21428571428571427
252,1,0,16425,-15.137684106826782,-11.009793758392334,0.21428571428571427
253,1,0,16424,-15.137684106826782,-11.009793758392334,0.21428571428571427
254,1,0,16423,-15.137684106826782,-11.009793758392334,0.21428571428571427
255,1,0,16422,-15.137684106826782,-11.009793758392334,0.21428571428571427
256,1,0,16421,-15.137684106826782,-11.009793758392334,0.21428571428571427
257,1,0,16420,-15.137684106826782,-11.009793758392334,0.21428571428571427
258,1,0,16419,-15.137684106826782,-11.009793758392334,0.21428571428571427
259,1,0,16418,-15.137684106826782,-11.009793758392334,0.21428571428571427
260,1,0,16417,-15.137684106826782,-11.009793758392334,0.21428571428571427
261,1,0,16416,-15.137684106826782,-11.009793758392334,0.21428571428571427
262,1,0,16415,-15.137684106826782,-11.009793758392334,0.21428571428571427
263,1,0,16414,-15.137684106826782,-11.009793758392334,0.21428571428571427
264,1,0,16413,-15.137684106826782,-11.009793758392334,0.21428571428571427
265,1,0,16412,-15.137684106826782,-11.009793758392334,0.21428571428571427
266,0,0,16433,-15.137684106826782,-11.009793758392334,0.21428571428571427
267,1,0,16434,-15.137684106826782,-11.009793758392334,0.21428571428571427
268,1,0,16435,-15.137684106826782,-11.009793758392334,0.21428571428571427
269,1,0,16447,-15.137684106826782,-11.009793758392334,0.21428571428571427
270,1,0,16456,-15.137684106826782,-11.009793758392334,0.21428571428571427
271,1,0,16455,-15.137684106826782,-11.009793758392334,0.21428571428571427
272,1,0,16454,-15.137684106826782,-11.009793758392334,0.21428571428571427
273,1,0,16453,-15.137684106826782,-11.009793758392334,0.21428571428571427
274,1,0,16452,-15.137684106826782,-11.009793758392334,0.21428571428571427
275,1,0,16451,-15.137684106826782,-11.009793758392334,0.21428571428571427
276,1,0,16450,-15.137684106826782,-11.009793758392334,0.21428571428571427
277,1,0,16449,-15.137684106826782,-11.009793758392334,0.21428571428571427
278,1,0,16448,-15.137684106826782,-11.009793758392334,0.21428571428571427
279,1,0,16446,-15.137684106826782,-11.009793758392334,0.21428571428571427
280,1,0,16436,-15.137684106826782,-11.009793758392334,0.21428571428571427
281,1,0,16445,-15.137684106826782,-11.009793758392334,0.21428571428571427
282,1,0,16444,-15.137684106826782,-11.009793758392334,0.21428571428571427
283,1,0,16443,-15.137684106826782,-11.009793758392334,0.21428571428571427
284,1,0,16442,-15.137684106826782,-11.009793758392334,0.21428571428571427
285,1,0,16441,-15.137684106826782,-11.009793758392334,0.21428571428571427
286,1,0,16440,-15.137684106826782,-11.009793758392334,0.21428571428571427
287,1,0,16439,-15.137684106826782,-11.009793758392334,0.21428571428571427
288,1,0,16438,-15.137684106826782,-11.009793758392334,0.21428571428571427
289,1,0,16437,-15.137684106826782,-11.009793758392334,0.21428571428571427
290,1,0,16506,-15.137684106826782,-11.009793758392334,0.21428571428571427
291,1,0,16459,-15.137684106826782,-11.009793758392334,0.21428571428571427
292,1,0,16507,-15.137684106826782,-11.009793758392334,0.21428571428571427
293,1,0,16557,-15.137684106826782,-11.009793758392334,0.21428571428571427
294,1,0,16579,-15.137684106826782,-11.009793758392334,0.21428571428571427
295,1,0,16578,-15.137684106826782,-11.009793758392334,0.21428571428571427
296,1,0,16577,-15.137684106826782,-11.009793758392334,0.21428571428571427
297,1,0,16576,-15.137684106826782,-11.009793758392334,0.21428571428571427
298,1,0,16575,-15.137684106826782,-11.009793758392334,0.21428571428571427
299,1,0,16574,-15.137684106826782,-11.009793758392334,0.21428571428571427
300,1,0,16573,-15.137684106826782,-11.009793758392334,0.21428571428571427
301,1,0,16572,-15.137684106826782,-11.009793758392334,0.21428571428571427
302,1,0,16571,-15.137684106826782,-11.009793758392334,0.21428571428571427
303,1,0,16570,-15.137684106826782,-11.009793758392334,0.21428571428571427
304,1,0,16569,-15.137684106826782,-11.009793758392334,0.21428571428571427
305,1,0,16568,-15.137684106826782,-11.009793758392334,0.21428571428571427
306,1,0,16567,-15.137684106826782,-11.009793758392334,0.21428571428571427
307,1,0,16566,-15.137684106826782,-11.009793758392334,0.21428571428571427
308,1,0,16565,-15.137684106826782,-11.009793758392334,0.21428571428571427
309,1,0,16564,-15.137684106826782,-11.009793758392334,0.21428571428571427
310,1,0,16563,-15.137684106826782,-11.009793758392334,0.21428571428571427
311,1,0,16562,-15.137684106826782,-11.009793758392334,0.21428571428571427
312,0,0,16561,-15.137684106826782,-11.009793758392334,0.21428571428571427
313,0,0,16560,-15.137684106826782,-11.009793758392334,0.21428571428571427
314,1,0,16559,-15.137684106826782,-11.009793758392334,0.21428571428571427
315,1,0,16580,-15.137684106826782,-11.009793758392334,0.21428571428571427
316,0,0,16581,-15.137684106826782,-11.009793758392334,0.21428571428571427
317,1,0,16582,-15.137684106826782,-11.009793758392334,0.21428571428571427
318,1,0,16594,-15.137684106826782,-11.009793758392334,0.21428571428571427
319,1,0,16603,-15.137684106826782,-11.009793758392334,0.21428571428571427
320,1,0,16602,-15.137684106826782,-11.009793758392334,0.21428571428571427
321,1,0,16601,-15.137684106826782,-11.009793758392334,0.21428571428571427
322,1,0,16600,-15.137684106826782,-11.009793758392334,0.21428571428571427
323,1,0,16599,-15.137684106826782,-11.009793758392334,0.21428571428571427
324,1,0,16598,-15.137684106826782,-11.009793758392334,0.21428571428571427
325,1,0,16597,-15.137684106826782,-11.009793758392334,0.21428571428571427
326,1,0,16596,-15.137684106826782,-11.009793758392334,0.21428571428571427
327,1,0,16595,-15.137684106826782,-11.009793758392334,0.21428571428571427
328,1,0,16593,-15.137684106826782,-11.009793758392334,0.21428571428571427
329,1,0,16583,-15.137684106826782,-11.009793758392334,0.21428571428571427
330,1,0,16592,-15.137684106826782,-11.009793758392334,0.21428571428571427
331,1,0,16591,-15.137684106826782,-11.009793758392334,0.21428571428571427
332,0,0,16590,-15.137684106826782,-11.009793758392334,0.21428571428571427
333,1,0,16589,-15.137684106826782,-11.009793758392334,0.21428571428571427
334,1,0,16588,-15.137684106826782,-11.009793758392334,0.21428571428571427
335,1,0,16587,-15.137684106826782,-11.009793758392334,0.21428571428571427
336,1,0,16586,-15.137684106826782,-11.009793758392334,0.21428571428571427
337,1,0,16585,-15.137684106826782,-11.009793758392334,0.21428571428571427
338,1,0,16584,-15.137684106826782,-11.009793758392334,0.21428571428571427
339,1,0,16558,-15.137684106826782,-11.009793758392334,0.21428571428571427
340,1,0,16556,-15.137684106826782,-11.009793758392334,0.21428571428571427
341,1,0,16509,-15.137684106826782,-11.009793758392334,0.21428571428571427
342,0,0,16555,-15.137684106826782,-11.009793758392334,0.21428571428571427
343,1,0,16530,-15.137684106826782,-11.009793758392334,0.21428571428571427
344,1,0,16529,-15.137684106826782,-11.009793758392334,0.21428571428571427
345,1,0,16528,-15.137684106826782,-11.009793758392334,0.21428571428571427
346,1,0,16527,-15.137684106826782,-11.009793758392334,0.21428571428571427
347,1,0,16526,-15.137684106826782,-11.009793758392334,0.21428571428571427
348,1,0,16525,-15.137684106826782,-11.009793758392334,0.21428571428571427
349,1,0,16524,-15.137684106826782,-11.009793758392334,0.21428571428571427
350,1,0,16523,-15.137684106826782,-11.009793758392334,0.21428571428571427
351,1,0,16522,-15.137684106826782,-11.009793758392334,0.21428571428571427
352,1,0,16521,-15.137684106826782,-11.009793758392334,0.21428571428571427
353,1,0,16520,-15.137684106826782,-11.009793758392334,0.21428571428571427
354,0,0,16519,-15.137684106826782,-11.009793758392334,0.21428571428571427
355,1,0,16518,-15.137684106826782,-11.009793758392334,0.21428571428571427
356,1,0,16517,-15.137684106826782,-11.009793758392334,0.21428571428571427
357,1,0,16516,-15.137684106826782,-11.009793758392334,0.21428571428571427
358,1,0,16515,-15.137684106826782,-11.009793758392334,0.21428571428571427
359,1,0,16514,-15.137684106826782,-11.009793758392334,0.21428571428571427
360,1,0,16513,-15.137684106826782,-11.009793758392334,0.21428571428571427
361,0,0,16512,-15.137684106826782,-11.009793758392334,0.21428571428571427
362,1,0,16511,-15.137684106826782,-11.009793758392334,0.21428571428571427
363,1,0,16510,-15.137684106826782,-11.009793758392334,0.21428571428571427
364,1,0,16531,-15.137684106826782,-11.009793758392334,0.21428571428571427
365,1,0,16532,-15.137684106826782,-11.009793758392334,0.21428571428571427
366,1,0,16533,-15.137684106826782,-11.009793758392334,0.21428571428571427
367,1,0,16545,-15.137684106826782,-11.009793758392334,0.21428571428571427
368,1,0,16554,-15.137684106826782,-11.009793758392334,0.21428571428571427
369,1,0,16553,-15.137684106826782,-11.009793758392334,0.21428571428571427
370,1,0,16552,-15.137684106826782,-11.009793758392334,0.21428571428571427
371,1,0,16551,-15.137684106826782,-11.009793758392334,0.21428571428571427
372,1,0,16550,-15.137684106826782,-11.009793758392334,0.21428571428571427
373,1,0,16549,-15.137684106826782,-11.009793758392334,0.21428571428571427
374,1,0,16548,-15.137684106826782,-11.009793758392334,0.21428571428571427
375,1,0,16547,-15.137684106826782,-11.009793758392334,0.21428571428571427
376,1,0,16546,-15.137684106826782,-11.009793758392334,0.21428571428571427
377,1,0,16544,-15.137684106826782,-11.009793758392334,0.21428571428571427
378,0,0,16534,-15.137684106826782,-11.009793758392334,0.21428571428571427
379,1,0,16543,-15.137684106826782,-11.009793758392334,0.21428571428571427
380,1,0,16542,-15.137684106826782,-11.009793758392334,0.21428571428571427
381,0,0,16541,-15.137684106826782,-11.009793758392334,0.21428571428571427
382,0,0,16540,-15.137684106826782,-11.009793758392334,0.21428571428571427
383,1,0,16539,-15.137684106826782,-11.009793758392334,0.21428571428571427
384,1,0,16538,-15.137684106826782,-11.009793758392334,0.21428571428571427
385,1,0,16537,-15.137684106826782,-11.009793758392334,0.21428571428571427
386,1,0,16536,-15.137684106826782,-11.009793758392334,0.21428571428571427
387,1,0,16535,-15.137684106826782,-11.009793758392334,0.21428571428571427
388,1,0,16799,-15.137684106826782,-11.009793758392334,0.21428571428571427
389,1,0,16800,-15.137684106826782,-11.009793758392334,0.21428571428571427
390,1,0,16801,-15.137684106826782,-11.009793758392334,0.21428571428571427
391,1,0,16996,-15.137684106826782,-11.009793758392334,0.21428571428571427
392,1,0,17067,-15.137684106826782,-11.009793758392334,0.21428571428571427
393,1,0,17066,-15.137684106826782,-11.009793758392334,0.21428571428571427
394,0,0,17065,-15.137684106826782,-11.009793758392334,0.21428571428571427
395,1,0,17064,-15.137684106826782,-11.009793758392334,0.21428571428571427
396,1,0,17063,-15.137684106826782,-11.009793758392334,0.21428571428571427
397,1,0,17062,-15.137684106826782,-11.009793758392334,0.21428571428571427
398,1,0,17061,-15.137684106826782,-11.009793758392334,0.21428571428571427
399,1,0,17060,-15.137684106826782,-11.009793758392334,0.21428571428571427
400,1,0,17059,-15.137684106826782,-11.009793758392334,0.21428571428571427
401,1,0,17058,-15.137684106826782,-11.009793758392334,0.21428571428571427
402,1,0,17057,-15.137684106826782,-11.009793758392334,0.21428571428571427
403,1,0,17056,-15.137684106826782,-11.009793758392334,0.21428571428571427
404,1,0,17055,-15.137684106826782,-11.009793758392334,0.21428571428571427
405,1,0,17054,-15.137684106826782,-11.009793758392334,0.21428571428571427
406,1,0,17053,-15.137684106826782,-11.009793758392334,0.21428571428571427
407,1,0,17052,-15.137684106826782,-11.009793758392334,0.21428571428571427
408,1,0,17051,-15.137684106826782,-11.009793758392334,0.21428571428571427
409,1,0,17050,-15.137684106826782,-11.009793758392334,0.21428571428571427
410,1,0,17049,-15.137684106826782,-11.009793758392334,0.21428571428571427
411,1,0,17048,-15.137684106826782,-11.009793758392334,0.21428571428571427
412,1,0,17047,-15.137684106826782,-11.009793758392334,0.21428571428571427
413,0,0,17068,-15.137684106826782,-11.009793758392334,0.21428571428571427
414,1,0,17069,-15.137684106826782,-11.009793758392334,0.21428571428571427
415,1,0,17070,-15.137684106826782,-11.009793758392334,0.21428571428571427
416,1,0,17082,-15.137684106826782,-11.009793758392334,0.21428571428571427
417,1,0,17091,-15.137684106826782,-11.009793758392334,0.21428571428571427
418,1,0,17090,-15.137684106826782,-11.009793758392334,0.21428571428571427
419,1,0,17089,-15.137684106826782,-11.009793758392334,0.21428571428571427
420,1,0,17088,-15.137684106826782,-11.009793758392334,0.21428571428571427
421,1,0,17087,-15.137684106826782,-11.009793758392334,0.21428571428571427
422,1,0,17086,-15.137684106826782,-11.009793758392334,0.21428571428571427
423,1,0,17085,-15.137684106826782,-11.009793758392334,0.21428571428571427
424,1,0,17084,-15.137684106826782,-11.009793758392334,0.21428571428571427
425,1,0,17083,-15.137684106826782,-11.009793758392334,0.21428571428571427
426,1,0,17081,-15.137684106826782,-11.009793758392334,0.21428571428571427
427,1,0,17071,-15.137684106826782,-11.009793758392334,0.21428571428571427
428,1,0,17080,-15.137684106826782,-11.009793758392334,0.21428571428571427
429,1,0,17079,-15.137684106826782,-11.009793758392334,0.21428571428571427
430,1,0,17078,-15.137684106826782,-11.009793758392334,0.21428571428571427
431,1,0,17077,-15.137684106826782,-11.009793758392334,0.21428571428571427
432,1,0,17076,-15.137684106826782,-11.009793758392334,0.21428571428571427
433,1,0,17075,-15.137684106826782,-11.009793758392334,0.21428571428571427
434,1,0,17074,-15.137684106826782,-11.009793758392334,0.21428571428571427
435,1,0,17073,-15.137684106826782,-11.009793758392334,0.21428571428571427
436,1,0,17072,-15.137684106826782,-11.009793758392334,0.21428571428571427
437,1,0,17046,-15.137684106826782,-11.009793758392334,0.21428571428571427
438,1,0,17044,-15.137684106826782,-11.009793758392334,0.21428571428571427
439,1,0,16997,-15.137684106826782,-11.009793758392334,0.21428571428571427
440,1,0,17043,-15.137684106826782,-11.009793758392334,0.21428571428571427
441,0,0,17018,-15.137684106826782,-11.009793758392334,0.21428571428571427
442,1,0,17017,-15.137684106826782,-11.009793758392334,0.21428571428571427
443,1,0,17016,-15.137684106826782,-11.009793758392334,0.21428571428571427
444,0,0,17015,-15.137684106826782,-11.009793758392334,0.21428571428571427
445,1,0,17014,-15.137684106826782,-11.009793758392334,0.21428571428571427
446,1,0,17013,-15.137684106826782,-11.009793758392334,0.21428571428571427
447,1,0,17012,-15.137684106826782,-11.009793758392334,0.21428571428571427
448,1,0,17011,-15.137684106826782,-11.009793758392334,0.21428571428571427
449,1,0,17010,-15.137684106826782,-11.009793758392334,0.21428571428571427
450,1,0,17009,-15.137684106826782,-11.009793758392334,0.21428571428571427
451,1,0,17008,-15.137684106826782,-11.009793758392334,0.21428571428571427
452,1,0,17007,-15.137684106826782,-11.009793758392334,0.21428571428571427
453,1,0,17006,-15.137684106826782,-11.009793758392334,0.21428571428571427
454,0,0,17005,-15.137684106826782,-11.009793758392334,0.21428571428571427
455,1,0,17004,-15.137684106826782,-11.009793758392334,0.21428571428571427
456,1,0,17003,-15.137684106826782,-11.009793758392334,0.21428571428571427
457,0,0,17002,-15.137684106826782,-11.009793758392334,0.21428571428571427
458,1,0,17001,-15.137684106826782,-11.009793758392334,0.21428571428571427
459,1,0,17000,-15.137684106826782,-11.009793758392334,0.21428571428571427
460,0,0,16999,-15.137684106826782,-11.009793758392334,0.21428571428571427
461,1,0,16998,-15.137684106826782,-11.009793758392334,0.21428571428571427
462,1,0,17019,-15.137684106826782,-11.009793758392334,0.21428571428571427
463,1,0,17020,-15.137684106826782,-11.009793758392334,0.21428571428571427
464,1,0,17021,-15.137684106826782,-11.009793758392334,0.21428571428571427
465,1,0,17033,-15.137684106826782,-11.009793758392334,0.21428571428571427
466,1,0,17042,-15.137684106826782,-11.009793758392334,0.21428571428571427
467,1,0,17041,-15.137684106826782,-11.009793758392334,0.21428571428571427
468,1,0,17040,-15.137684106826782,-11.009793758392334,0.21428571428571427
469,1,0,17039,-15.137684106826782,-11.009793758392334,0.21428571428571427
470,1,0,17038,-15.137684106826782,-11.009793758392334,0.21428571428571427
471,1,0,17037,-15.137684106826782,-11.009793758392334,0.21428571428571427
472,1,0,17036,-15.137684106826782,-11.009793758392334,0.21428571428571427
473,1,0,17035,-15.137684106826782,-11.009793758392334,0.21428571428571427
474,0,0,17034,-15.137684106826782,-11.009793758392334,0.21428571428571427
475,1,0,17032,-15.137684106826782,-11.009793758392334,0.21428571428571427
476,1,0,17022,-15.137684106826782,-11.009793758392334,0.21428571428571427
477,1,0,17031,-15.137684106826782,-11.009793758392334,0.21428571428571427
478,0,0,17030,-15.137684106826782,-11.009793758392334,0.21428571428571427
479,1,0,17029,-15.137684106826782,-11.009793758392334,0.21428571428571427
480,1,0,17028,-15.137684106826782,-11.009793758392334,0.21428571428571427
481,1,0,17027,-15.137684106826782,-11.009793758392334,0.21428571428571427
482,1,0,17026,-15.137684106826782,-11.009793758392334,0.21428571428571427
483,1,0,17025,-15.137684106826782,-11.009793758392334,0.21428571428571427
484,1,0,17024,-15.137684106826782,-11.009793758392334,0.21428571428571427
485,1,0,17023,-15.137684106826782,-11.009793758392334,0.21428571428571427
486,1,0,17092,-15.137684106826782,-11.009793758392334,0.21428571428571427
487,1,0,17093,-15.137684106826782,-11.009793758392334,0.21428571428571427
488,1,0,17094,-15.137684106826782,-11.009793758392334,0.21428571428571427
489,1,0,17095,-15.137684106826782,-11.009793758392334,0.21428571428571427
490,0,0,17164,-15.137684106826782,-11.009793758392334,0.21428571428571427
491,1,0,17163,-15.137684106826782,-11.009793758392334,0.21428571428571427
492,1,0,17162,-15.137684106826782,-11.009793758392334,0.21428571428571427
493,1,0,17161,-15.137684106826782,-11.009793758392334,0.21428571428571427
494,1,0,17160,-15.137684106826782,-11.009793758392334,0.21428571428571427
495,1,0,17159,-15.137684106826782,-11.009793758392334,0.21428571428571427
496,1,0,17158,-15.137684106826782,-11.009793758392334,0.21428571428571427
497,1,0,17157,-15.137684106826782,-11.009793758392334,0.21428571428571427
498,1,0,17156,-15.137684106826782,-11.009793758392334,0.21428571428571427
499,1,0,17154,-15.137684106826782,-11.009793758392334,0.21428571428571427
500,1,0,17144,-15.137684106826782,-11.009793758392334,0.21428571428571427
501,1,0,17153,-15.137684106826782,-11.009793758392334,0.21428571428571427
502,1,0,17152,-15.137684106826782,-11.009793758392334,0.21428571428571427
503,1,0,17151,-15.137684106826782,-11.009793758392334,0.21428571428571427
504,1,0,17150,-15.137684106826782,-11.009793758392334,0.21428571428571427
505,1,0,17149,-15.137684106826782,-11.009793758392334,0.21428571428571427
506,1,0,17148,-15.137684106826782,-11.009793758392334,0.21428571428571427
507,1,0,17147,-15.137684106826782,-11.009793758392334,0.21428571428571427
508,1,0,17146,-15.137684106826782,-11.009793758392334,0.21428571428571427
509,1,0,17145,-15.137684106826782,-11.009793758392334,0.21428571428571427
510,0,0,17165,-15.137684106826782,-11.009793758392334,0.21428571428571427
511,1,0,17155,-15.137684106826782,-11.009793758392334,0.21428571428571427
512,1,0,17166,-15.137684106826782,-11.009793758392334,0.21428571428571427
513,1,0,17179,-15.137684106826782,-11.009793758392334,0.21428571428571427
514,1,0,17188,-15.137684106826782,-11.009793758392334,0.21428571428571427
515,1,0,17187,-15.137684106826782,-11.009793758392334,0.21428571428571427
516,1,0,17186,-15.137684106826782,-11.009793758392334,0.21428571428571427
517,1,0,17185,-15.137684106826782,-11.009793758392334,0.21428571428571427
518,1,0,17184,-15.137684106826782,-11.009793758392334,0.21428571428571427
519,1,0,17183,-15.137684106826782,-11.009793758392334,0.21428571428571427
520,1,0,17182,-15.137684106826782,-11.009793758392334,0.21428571428571427
521,1,0,17181,-15.137684106826782,-11.009793758392334,0.21428571428571427
522,1,0,17180,-15.137684106826782,-11.009793758392334,0.21428571428571427
523,1,0,17178,-15.137684106826782,-11.009793758392334,0.21428571428571427
524,1,0,17168,-15.137684106826782,-11.009793758392334,0.21428571428571427
525,1,0,17177,-15.137684106826782,-11.009793758392334,0.21428571428571427
526,1,0,17176,-15.137684106826782,-11.009793758392334,0.21428571428571427
527,1,0,17175,-15.137684106826782,-11.009793758392334,0.21428571428571427
528,1,0,17174,-15.137684106826782,-11.009793758392334,0.21428571428571427
529,1,0,17173,-15.137684106826782,-11.009793758392334,0.21428571428571427
530,1,0,17172,-15.137684106826782,-11.009793758392334,0.21428571428571427
531,1,0,17171,-15.137684106826782,-11.009793758392334,0.21428571428571427
532,1,0,17170,-15.137684106826782,-11.009793758392334,0.21428571428571427
533,1,0,17169,-15.137684106826782,-11.009793758392334,0.21428571428571427
534,1,0,17167,-15.137684106826782,-11.009793758392334,0.21428571428571427
535,1,0,17143,-15.137684106826782,-11.009793758392334,0.21428571428571427
536,1,0,17142,-15.137684106826782,-11.009793758392334,0.21428571428571427
537,1,0,17141,-15.137684106826782,-11.009793758392334,0.21428571428571427
538,1,0,17116,-15.137684106826782,-11.009793758392334,0.21428571428571427
539,1,0,17115,-15.137684106826782,-11.009793758392334,0.21428571428571427
540,1,0,17114,-15.137684106826782,-11.009793758392334,0.21428571428571427
541,0,0,17113,-15.137684106826782,-11.009793758392334,0.21428571428571427
542,1,0,17112,-15.137684106826782,-11.009793758392334,0.21428571428571427
543,1,0,17111,-15.137684106826782,-11.009793758392334,0.21428571428571427
544,1,0,17110,-15.137684106826782,-11.009793758392334,0.21428571428571427
545,1,0,17109,-15.137684106826782,-11.009793758392334,0.21428571428571427
546,1,0,17108,-15.137684106826782,-11.009793758392334,0.21428571428571427
547,1,0,17107,-15.137684106826782,-11.009793758392334,0.21428571428571427
548,1,0,17106,-15.137684106826782,-11.009793758392334,0.21428571428571427
549,1,0,17105,-15.137684106826782,-11.009793758392334,0.21428571428571427
550,1,0,17104,-15.137684106826782,-11.009793758392334,0.21428571428571427
551,1,0,17103,-15.137684106826782,-11.009793758392334,0.21428571428571427
552,1,0,17102,-15.137684106826782,-11.009793758392334,0.21428571428571427
553,1,0,17101,-15.137684106826782,-11.009793758392334,0.21428571428571427
554,1,0,17100,-15.137684106826782,-11.009793758392334,0.21428571428571427
555,1,0,17099,-15.137684106826782,-11.009793758392334,0.21428571428571427
556,1,0,17098,-15.137684106826782,-11.009793758392334,0.21428571428571427
557,1,0,17097,-15.137684106826782,-11.009793758392334,0.21428571428571427
558,0,0,17096,-15.137684106826782,-11.009793758392334,0.21428571428571427
559,1,0,17117,-15.137684106826782,-11.009793758392334,0.21428571428571427
560,1,0,17118,-15.137684106826782,-11.009793758392334,0.21428571428571427
561,1,0,17119,-15.137684106826782,-11.009793758392334,0.21428571428571427
562,1,0,17131,-15.137684106826782,-11.009793758392334,0.21428571428571427
563,1,0,17140,-15.137684106826782,-11.009793758392334,0.21428571428571427
564,1,0,17139,-15.137684106826782,-11.009793758392334,0.21428571428571427
565,0,0,17138,-15.137684106826782,-11.009793758392334,0.21428571428571427
566,1,0,17137,-15.137684106826782,-11.009793758392334,0.21428571428571427
567,1,0,17136,-15.137684106826782,-11.009793758392334,0.21428571428571427
568,1,0,17135,-15.137684106826782,-11.009793758392334,0.21428571428571427
569,1,0,17134,-15.137684106826782,-11.009793758392334,0.21428571428571427
570,1,0,17133,-15.137684106826782,-11.009793758392334,0.21428571428571427
571,1,0,17132,-15.137684106826782,-11.009793758392334,0.21428571428571427
572,0,0,17130,-15.137684106826782,-11.009793758392334,0.21428571428571427
573,1,0,17120,-15.137684106826782,-11.009793758392334,0.21428571428571427
574,1,0,17129,-15.137684106826782,-11.009793758392334,0.21428571428571427
575,1,0,17128,-15.137684106826782,-11.009793758392334,0.21428571428571427
576,1,0,17127,-15.137684106826782,-11.009793758392334,0.21428571428571427
577,1,0,17126,-15.137684106826782,-11.009793758392334,0.21428571428571427
578,0,0,17125,-15.137684106826782,-11.009793758392334,0.21428571428571427
579,1,0,17124,-15.137684106826782,-11.009793758392334,0.21428571428571427
580,1,0,17123,-15.137684106826782,-11.009793758392334,0.21428571428571427
581,0,0,17122,-15.137684106826782,-11.009793758392334,0.21428571428571427
582,1,0,17121,-15.137684106826782,-11.009793758392334,0.21428571428571427
583,1,0,17045,-15.137684106826782,-11.009793758392334,0.21428571428571427
584,1,0,16995,-15.137684106826782,-11.009793758392334,0.21428571428571427
585,1,0,16850,-15.137684106826782,-11.009793758392334,0.21428571428571427
586,0,0,16994,-15.137684106826782,-11.009793758392334,0.21428571428571427
587,1,0,16872,-15.137684106826782,-11.009793758392334,0.21428571428571427
588,1,0,16871,-15.137684106826782,-11.009793758392334,0.21428571428571427
589,1,0,16870,-15.137684106826782,-11.009793758392334,0.21428571428571427
590,1,0,16869,-15.137684106826782,-11.009793758392334,0.21428571428571427
591,1,0,16868,-15.137684106826782,-11.009793758392334,0.21428571428571427
592,1,0,16867,-15.137684106826782,-11.009793758392334,0.21428571428571427
593,1,0,16866,-15.137684106826782,-11.009793758392334,0.21428571428571427
594,1,0,16865,-15.137684106826782,-11.009793758392334,0.21428571428571427
595,0,0,16864,-15.137684106826782,-11.009793758392334,0.21428571428571427
596,1,0,16863,-15.137684106826782,-11.009793758392334,0.21428571428571427
597,1,0,16862,-15.137684106826782,-11.009793758392334,0.21428571428571427
598,1,0,16861,-15.137684106826782,-11.009793758392334,0.21428571428571427
599,1,0,16860,-15.137684106826782,-11.009793758392334,0.21428571428571427
600,1,0,16859,-15.137684106826782,-11.009793758392334,0.21428571428571427
601,1,0,16858,-15.137684106826782,-11.009793758392334,0.21428571428571427
602,1,0,16857,-15.137684106826782,-11.009793758392334,0.21428571428571427
603,1,0,16856,-15.137684106826782,-11.009793758392334,0.21428571428571427
604,1,0,16855,-15.137684106826782,-11.009793758392334,0.21428571428571427
605,1,0,16854,-15.137684106826782,-11.009793758392334,0.21428571428571427
606,1,0,16853,-15.137684106826782,-11.009793758392334,0.21428571428571427
607,0,0,16852,-15.137684106826782,-11.009793758392334,0.21428571428571427
608,1,0,16873,-15.137684106826782,-11.009793758392334,0.21428571428571427
609,1,0,16874,-15.137684106826782,-11.009793758392334,0.21428571428571427
610,1,0,16875,-15.137684106826782,-11.009793758392334,0.21428571428571427
611,1,0,16887,-15.137684106826782,-11.009793758392334,0.21428571428571427
612,1,0,16896,-15.137684106826782,-11.009793758392334,0.21428571428571427
613,1,0,16895,-15.137684106826782,-11.009793758392334,0.21428571428571427
614,1,0,16894,-15.137684106826782,-11.009793758392334,0.21428571428571427
615,1,0,16893,-15.137684106826782,-11.009793758392334,0.21428571428571427
616,1,0,16892,-15.137684106826782,-11.009793758392334,0.21428571428571427
617,1,0,16891,-15.137684106826782,-11.009793758392334,0.21428571428571427
618,1,0,16890,-15.137684106826782,-11.009793758392334,0.21428571428571427
619,1,0,16889,-15.137684106826782,-11.009793758392334,0.21428571428571427
620,1,0,16888,-15.137684106826782,-11.009793758392334,0.21428571428571427
621,1,0,16886,-15.137684106826782,-11.009793758392334,0.21428571428571427
622,1,0,16876,-15.137684106826782,-11.009793758392334,0.21428571428571427
623,1,0,16885,-15.137684106826782,-11.009793758392334,0.21428571428571427
624,1,0,16884,-15.137684106826782,-11.009793758392334,0.21428571428571427
625,1,0,16883,-15.137684106826782,-11.009793758392334,0.21428571428571427
626,1,0,16882,-15.137684106826782,-11.009793758392334,0.21428571428571427
627,1,0,16881,-15.137684106826782,-11.009793758392334,0.21428571428571427
628,1,0,16880,-15.137684106826782,-11.009793758392334,0.21428571428571427
629,1,0,16879,-15.137684106826782,-11.009793758392334,0.21428571428571427
630,1,0,16878,-15.137684106826782,-11.009793758392334,0.21428571428571427
631,1,0,16877,-15.137684106826782,-11.009793758392334,0.21428571428571427
632,1,0,16851,-15.137684106826782,-11.009793758392334,0.21428571428571427
633,1,0,16849,-15.137684106826782,-11.009793758392334,0.21428571428571427
634,0,0,16802,-15.137684106826782,-11.009793758392334,0.21428571428571427
635,0,0,16848,-15.137684106826782,-11.009793758392334,0.21428571428571427
636,1,0,16823,-15.137684106826782,-11.009793758392334,0.21428571428571427
637,1,0,16822,-15.137684106826782,-11.009793758392334,0.21428571428571427
638,1,0,16821,-15.137684106826782,-11.009793758392334,0.21428571428571427
639,0,0,16820,-15.137684106826782,-11.009793758392334,0.21428571428571427
640,1,0,16819,-15.137684106826782,-11.009793758392334,0.21428571428571427
641,1,0,16818,-15.137684106826782,-11.009793758392334,0.21428571428571427
642,1,0,16817,-15.137684106826782,-11.009793758392334,0.21428571428571427
643,1,0,16816,-15.137684106826782,-11.009793758392334,0.21428571428571427
644,1,0,16815,-15.137684106826782,-11.009793758392334,0.21428571428571427
645,1,0,16814,-15.137684106826782,-11.009793758392334,0.21428571428571427
646,1,0,16813,-15.137684106826782,-11.009793758392334,0.21428571428571427
647,1,0,16812,-15.137684106826782,-11.009793758392334,0.21428571428571427
648,1,0,16811,-15.137684106826782,-11.009793758392334,0.21428571428571427
649,1,0,16810,-15.137684106826782,-11.009793758392334,0.21428571428571427
650,1,0,16809,-15.137684106826782,-11.009793758392334,0.21428571428571427
651,1,0,16808,-15.137684106826782,-11.009793758392334,0.21428571428571427
652,1,0,16807,-15.137684106826782,-11.009793758392334,0.21428571428571427
653,1,0,16806,-15.137684106826782,-11.009793758392334,0.21428571428571427
654,1,0,16805,-15.137684106826782,-11.009793758392334,0.21428571428571427
655,1,0,16804,-15.137684106826782,-11.009793758392334,0.21428571428571427
656,1,0,16803,-15.137684106826782,-11.009793758392334,0.21428571428571427
657,1,0,16824,-15.137684106826782,-11.009793758392334,0.21428571428571427
658,1,0,16825,-15.137684106826782,-11.009793758392334,0.21428571428571427
659,1,0,16826,-15.137684106826782,-11.009793758392334,0.21428571428571427
660,1,0,16838,-15.137684106826782,-11.009793758392334,0.21428571428571427
661,1,0,16847,-15.137684106826782,-11.009793758392334,0.21428571428571427
662,1,0,16846,-15.137684106826782,-11.009793758392334,0.21428571428571427
663,1,0,16845,-15.137684106826782,-11.009793758392334,0.21428571428571427
664,0,0,16844,-15.137684106826782,-11.009793758392334,0.21428571428571427
665,1,0,16843,-15.137684106826782,-11.009793758392334,0.21428571428571427
666,1,0,16842,-15.137684106826782,-11.009793758392334,0.21428571428571427
667,1,0,16841,-15.137684106826782,-11.009793758392334,0.21428571428571427
668,1,0,16840,-15.137684106826782,-11.009793758392334,0.21428571428571427
669,0,0,16839,-15.137684106826782,-11.009793758392334,0.21428571428571427
670,0,0,16837,-15.137684106826782,-11.009793758392334,0.21428571428571427
671,1,0,16827,-15.137684106826782,-11.009793758392334,0.21428571428571427
672,1,0,16836,-15.137684106826782,-11.009793758392334,0.21428571428571427
673,1,0,16835,-15.137684106826782,-11.009793758392334,0.21428571428571427
674,0,0,16834,-15.137684106826782,-11.009793758392334,0.21428571428571427
675,1,0,16833,-15.137684106826782,-11.009793758392334,0.21428571428571427
676,1,0,16832,-15.137684106826782,-11.009793758392334,0.21428571428571427
677,1,0,16831,-15.137684106826782,-11.009793758392334,0.21428571428571427
678,1,0,16830,-15.137684106826782,-11.009793758392334,0.21428571428571427
679,1,0,16829,-15.137684106826782,-11.009793758392334,0.21428571428571427
680,1,0,16828,-15.137684106826782,-11.009793758392334,0.21428571428571427
681,1,0,16897,-15.137684106826782,-11.009793758392334,0.21428571428571427
682,1,0,16898,-15.137684106826782,-11.009793758392334,0.21428571428571427
683,1,0,16899,-15.137684106826782,-11.009793758392334,0.21428571428571427
684,1,0,16900,-15.137684106826782,-11.009793758392334,0.21428571428571427
685,1,0,16969,-15.137684106826782,-11.009793758392334,0.21428571428571427
686,1,0,16968,-15.137684106826782,-11.009793758392334,0.21428571428571427
687,1,0,16967,-15.137684106826782,-11.009793758392334,0.21428571428571427
688,0,0,16966,-15.137684106826782,-11.009793758392334,0.21428571428571427
689,0,0,16965,-15.137684106826782,-11.009793758392334,0.21428571428571427
690,1,0,16964,-15.137684106826782,-11.009793758392334,0.21428571428571427
691,1,0,16963,-15.137684106826782,-11.009793758392334,0.21428571428571427
692,1,0,16962,-15.137684106826782,-11.009793758392334,0.21428571428571427
693,1,0,16961,-15.137684106826782,-11.009793758392334,0.21428571428571427
694,1,0,16959,-15.137684106826782,-11.009793758392334,0.21428571428571427
695,1,0,16949,-15.137684106826782,-11.009793758392334,0.21428571428571427
696,1,0,16958,-15.137684106826782,-11.009793758392334,0.21428571428571427
697,1,0,16957,-15.137684106826782,-11.009793758392334,0.21428571428571427
698,1,0,16956,-15.137684106826782,-11.009793758392334,0.21428571428571427
699,1,0,16955,-15.137684106826782,-11.009793758392334,0.21428571428571427
700,1,0,16954,-15.137684106826782,-11.009793758392334,0.21428571428571427
701,0,0,16953,-15.137684106826782,-11.009793758392334,0.21428571428571427
702,0,0,16952,-15.137684106826782,-11.009793758392334,0.21428571428571427
703,1,0,16951,-15.137684106826782,-11.009793758392334,0.21428571428571427
704,1,0,16950,-15.137684106826782,-11.009793758392334,0.21428571428571427
705,1,0,16970,-15.137684106826782,-11.009793758392334,0.21428571428571427
706,1,0,16960,-15.137684106826782,-11.009793758392334,0.21428571428571427
707,1,0,16971,-15.137684106826782,-11.009793758392334,0.21428571428571427
708,1,0,16984,-15.137684106826782,-11.009793758392334,0.21428571428571427
709,1,0,16993,-15.137684106826782,-11.009793758392334,0.21428571428571427
710,1,0,16992,-15.137684106826782,-11.009793758392334,0.21428571428571427
711,0,0,16991,-15.137684106826782,-11.009793758392334,0.21428571428571427
712,1,0,16990,-15.137684106826782,-11.009793758392334,0.21428571428571427
713,0,0,16989,-15.137684106826782,-11.009793758392334,0.21428571428571427
714,1,0,16988,-15.137684106826782,-11.009793758392334,0.21428571428571427
715,1,0,16987,-15.137684106826782,-11.009793758392334,0.21428571428571427
716,1,0,16986,-15.137684106826782,-11.009793758392334,0.21428571428571427
717,1,0,16985,-15.137684106826782,-11.009793758392334,0.21428571428571427
718,1,0,16983,-15.137684106826782,-11.009793758392334,0.21428571428571427
719,1,0,16973,-15.137684106826782,-11.009793758392334,0.21428571428571427
720,1,0,16982,-15.137684106826782,-11.009793758392334,0.21428571428571427
721,1,0,16981,-15.137684106826782,-11.009793758392334,0.21428571428571427
722,0,0,16980,-15.137684106826782,-11.009793758392334,0.21428571428571427
723,1,0,16979,-15.137684106826782,-11.009793758392334,0.21428571428571427
724,0,0,16978,-15.137684106826782,-11.009793758392334,0.21428571428571427
725,1,0,16977,-15.137684106826782,-11.009793758392334,0.21428571428571427
726,0,0,16976,-15.137684106826782,-11.009793758392334,0.21428571428571427
727,1,0,16975,-15.137684106826782,-11.009793758392334,0.21428571428571427
728,1,0,16974,-15.137684106826782,-11.009793758392334,0.21428571428571427
729,1,0,16972,-15.137684106826782,-11.009793758392334,0.21428571428571427
730,1,0,16948,-15.137684106826782,-11.009793758392334,0.21428571428571427
731,1,0,16947,-15.137684106826782,-11.009793758392334,0.21428571428571427
732,0,0,16946,-15.137684106826782,-11.009793758392334,0.21428571428571427
733,1,0,16921,-15.137684106826782,-11.009793758392334,0.21428571428571427
734,1,0,16920,-15.137684106826782,-11.009793758392334,0.21428571428571427
735,1,0,16919,-15.137684106826782,-11.009793758392334,0.21428571428571427
736,1,0,16918,-15.137684106826782,-11.009793758392334,0.21428571428571427
737,1,0,16917,-15.137684106826782,-11.009793758392334,0.21428571428571427
738,0,0,16916,-15.137684106826782,-11.009793758392334,0.21428571428571427
739,1,0,16915,-15.137684106826782,-11.009793758392334,0.21428571428571427
740,1,0,16914,-15.137684106826782,-11.009793758392334,0.21428571428571427
741,1,0,16913,-15.137684106826782,-11.009793758392334,0.21428571428571427
742,1,0,16912,-15.137684106826782,-11.009793758392334,0.21428571428571427
743,1,0,16911,-15.137684106826782,-11.009793758392334,0.21428571428571427
744,1,0,16910,-15.137684106826782,-11.009793758392334,0.21428571428571427
745,1,0,16909,-15.137684106826782,-11.009793758392334,0.21428571428571427
746,1,0,16908,-15.137684106826782,-11.009793758392334,0.21428571428571427
747,1,0,16907,-15.137684106826782,-11.009793758392334,0.21428571428571427
748,1,0,16906,-15.137684106826782,-11.009793758392334,0.21428571428571427
749,1,0,16905,-15.137684106826782,-11.009793758392334,0.21428571428571427
750,1,0,16904,-15.137684106826782,-11.009793758392334,0.21428571428571427
751,1,0,16903,-15.137684106826782,-11.009793758392334,0.21428571428571427
752,1,0,16902,-15.137684106826782,-11.009793758392334,0.21428571428571427
753,0,0,16901,-15.137684106826782,-11.009793758392334,0.21428571428571427
754,1,0,16922,-15.137684106826782,-11.009793758392334,0.21428571428571427
755,1,0,16923,-15.137684106826782,-11.009793758392334,0.21428571428571427
756,1,0,16924,-15.137684106826782,-11.009793758392334,0.21428571428571427
757,1,0,16936,-15.137684106826782,-11.009793758392334,0.21428571428571427
758,1,0,16945,-15.137684106826782,-11.009793758392334,0.21428571428571427
759,1,0,16944,-15.137684106826782,-11.009793758392334,0.21428571428571427
760,0,0,16943,-15.137684106826782,-11.009793758392334,0.21428571428571427
761,1,0,16942,-15.137684106826782,-11.009793758392334,0.21428571428571427
762,1,0,16941,-15.137684106826782,-11.009793758392334,0.21428571428571427
763,1,0,16940,-15.137684106826782,-11.009793758392334,0.21428571428571427
764,1,0,16939,-15.137684106826782,-11.009793758392334,0.21428571428571427
765,1,0,16938,-15.137684106826782,-11.009793758392334,0.21428571428571427
766,1,0,16937,-15.137684106826782,-11.009793758392334,0.21428571428571427
767,1,0,16935,-15.137684106826782,-11.009793758392334,0.21428571428571427
768,1,0,16925,-15.137684106826782,-11.009793758392334,0.21428571428571427
769,1,0,16934,-15.137684106826782,-11.009793758392334,0.21428571428571427
770,1,0,16933,-15.137684106826782,-11.009793758392334,0.21428571428571427
771,1,0,16932,-15.137684106826782,-11.009793758392334,0.21428571428571427
772,1,0,16931,-15.137684106826782,-11.009793758392334,0.21428571428571427
773,1,0,16930,-15.137684106826782,-11.009793758392334,0.21428571428571427
774,1,0,16929,-15.137684106826782,-11.009793758392334,0.21428571428571427
775,1,0,16928,-15.137684106826782,-11.009793758392334,0.21428571428571427
776,1,0,16927,-15.137684106826782,-11.009793758392334,0.21428571428571427
777,1,0,16926,-15.137684106826782,-11.009793758392334,0.21428571428571427
778,1,0,16508,-15.137684106826782,-11.009793758392334,0.21428571428571427
779,1,0,16409,-15.137684106826782,-11.009793758392334,0.21428571428571427
780,1,0,15727,-15.137684106826782,-11.009793758392334,0.21428571428571427
781,1,0,16408,-15.137684106826782,-11.009793758392334,0.21428571428571427
782,1,0,15896,-15.137684106826782,-11.009793758392334,0.21428571428571427
783,1,0,15895,-15.137684106826782,-11.009793758392334,0.21428571428571427
784,1,0,15894,-15.137684106826782,-11.009793758392334,0.21428571428571427
785,1,0,15893,-15.137684106826782,-11.009793758392334,0.21428571428571427
786,1,0,15892,-15.137684106826782,-11.009793758392334,0.21428571428571427
787,0,0,15891,-15.137684106826782,-11.009793758392334,0.21428571428571427
788,1,0,15890,-15.137684106826782,-11.009793758392334,0.21428571428571427
789,1,0,15889,-15.137684106826782,-11.009793758392334,0.21428571428571427
790,1,0,15888,-15.137684106826782,-11.009793758392334,0.21428571428571427
791,1,0,15887,-15.137684106826782,-11.009793758392334,0.21428571428571427
792,1,0,15886,-15.137684106826782,-11.009793758392334,0.21428571428571427
793,1,0,15885,-15.137684106826782,-11.009793758392334,0.21428571428571427
794,1,0,15884,-15.137684106826782,-11.009793758392334,0.21428571428571427
795,1,0,15883,-15.137684106826782,-11.009793758392334,0.21428571428571427
796,1,0,15882,-15.137684106826782,-11.009793758392334,0.21428571428571427
797,1,0,15881,-15.137684106826782,-11.009793758392334,0.21428571428571427
798,1,0,15880,-15.137684106826782,-11.009793758392334,0.21428571428571427
799,1,0,15879,-15.137684106826782,-11.009793758392334,0.21428571428571427
800,1,0,15878,-15.137684106826782,-11.009793758392334,0.21428571428571427
801,0,0,15877,-15.137684106826782,-11.009793758392334,0.21428571428571427
802,1,0,15876,-15.137684106826782,-11.009793758392334,0.21428571428571427
803,1,0,15897,-15.137684106826782,-11.009793758392334,0.21428571428571427
804,1,0,15898,-15.137684106826782,-11.009793758392334,0.21428571428571427
805,1,0,15899,-15.137684106826782,-11.009793758392334,0.21428571428571427
806,1,0,15911,-15.137684106826782,-11.009793758392334,0.21428571428571427
807,1,0,15920,-15.137684106826782,-11.009793758392334,0.21428571428571427
808,1,0,15919,-15.137684106826782,-11.009793758392334,0.21428571428571427
809,1,0,15918,-15.137684106826782,-11.009793758392334,0.21428571428571427
810,1,0,15917,-15.137684106826782,-11.009793758392334,0.21428571428571427
811,1,0,15916,-15.137684106826782,-11.009793758392334,0.21428571428571427
812,1,0,15915,-15.137684106826782,-11.009793758392334,0.21428571428571427
813,1,0,15914,-15.137684106826782,-11.009793758392334,0.21428571428571427
814,1,0,15913,-15.137684106826782,-11.009793758392334,0.21428571428571427
815,1,0,15912,-15.137684106826782,-11.009793758392334,0.21428571428571427
816,1,0,15910,-15.137684106826782,-11.009793758392334,0.21428571428571427
817,1,0,15900,-15.137684106826782,-11.009793758392334,0.21428571428571427
818,1,0,15909,-15.137684106826782,-11.009793758392334,0.21428571428571427
819,1,0,15908,-15.137684106826782,-11.009793758392334,0.21428571428571427
820,1,0,15907,-15.137684106826782,-11.009793758392334,0.21428571428571427
821,1,0,15906,-15.137684106826782,-11.009793758392334,0.21428571428571427
822,1,0,15905,-15.137684106826782,-11.009793758392334,0.21428571428571427
823,1,0,15904,-15.137684106826782,-11.009793758392334,0.21428571428571427
824,1,0,15903,-15.137684106826782,-11.009793758392334,0.21428571428571427
825,1,0,15902,-15.137684106826782,-11.009793758392334,0.21428571428571427
826,1,0,15901,-15.137684106826782,-11.009793758392334,0.21428571428571427
827,1,0,15875,-15.137684106826782,-11.009793758392334,0.21428571428571427
828,1,0,15873,-15.137684106826782,-11.009793758392334,0.21428571428571427
829,1,0,15826,-15.137684106826782,-11.009793758392334,0.21428571428571427
830,0,0,15872,-15.137684106826782,-11.009793758392334,0.21428571428571427
831,1,0,15847,-15.137684106826782,-11.009793758392334,0.21428571428571427
832,1,0,15846,-15.137684106826782,-11.009793758392334,0.21428571428571427
833,1,0,15845,-15.137684106826782,-11.009793758392334,0.21428571428571427
834,1,0,15844,-15.137684106826782,-11.009793758392334,0.21428571428571427
835,1,0,15843,-15.137684106826782,-11.009793758392334,0.21428571428571427
836,1,0,15842,-15.137684106826782,-11.009793758392334,0.21428571428571427
837,1,0,15841,-15.137684106826782,-11.009793758392334,0.21428571428571427
838,1,0,15840,-15.137684106826782,-11.009793758392334,0.21428571428571427
839,1,0,15839,-15.137684106826782,-11.009793758392334,0.21428571428571427
840,1,0,15838,-15.137684106826782,-11.009793758392334,0.21428571428571427
841,1,0,15837,-15.137684106826782,-11.009793758392334,0.21428571428571427
842,1,0,15836,-15.137684106826782,-11.009793758392334,0.21428571428571427
843,1,0,15835,-15.137684106826782,-11.009793758392334,0.21428571428571427
844,1,0,15834,-15.137684106826782,-11.009793758392334,0.21428571428571427
845,1,0,15833,-15.137684106826782,-11.009793758392334,0.21428571428571427
846,1,0,15832,-15.137684106826782,-11.009793758392334,0.21428571428571427
847,1,0,15831,-15.137684106826782,-11.009793758392334,0.21428571428571427
848,1,0,15830,-15.137684106826782,-11.009793758392334,0.21428571428571427
849,1,0,15829,-15.137684106826782,-11.009793758392334,0.21428571428571427
850,1,0,15828,-15.137684106826782,-11.009793758392334,0.21428571428571427
851,0,0,15827,-15.137684106826782,-11.009793758392334,0.21428571428571427
852,1,0,15848,-15.137684106826782,-11.009793758392334,0.21428571428571427
853,1,0,15849,-15.137684106826782,-11.009793758392334,0.21428571428571427
854,1,0,15850,-15.137684106826782,-11.009793758392334,0.21428571428571427
855,1,0,15862,-15.137684106826782,-11.009793758392334,0.21428571428571427
856,1,0,15871,-15.137684106826782,-11.009793758392334,0.21428571428571427
857,1,0,15870,-15.137684106826782,-11.009793758392334,0.21428571428571427
858,1,0,15869,-15.137684106826782,-11.009793758392334,0.21428571428571427
859,1,0,15868,-15.137684106826782,-11.009793758392334,0.21428571428571427
860,1,0,15867,-15.137684106826782,-11.009793758392334,0.21428571428571427
861,1,0,15866,-15.137684106826782,-11.009793758392334,0.21428571428571427
862,1,0,15865,-15.137684106826782,-11.009793758392334,0.21428571428571427
863,1,0,15864,-15.137684106826782,-11.009793758392334,0.21428571428571427
864,1,0,15863,-15.137684106826782,-11.009793758392334,0.21428571428571427
865,1,0,15861,-15.137684106826782,-11.009793758392334,0.21428571428571427
866,1,0,15851,-15.137684106826782,-11.009793758392334,0.21428571428571427
867,1,0,15860,-15.137684106826782,-11.009793758392334,0.21428571428571427
868,1,0,15859,-15.137684106826782,-11.009793758392334,0.21428571428571427
869,1,0,15858,-15.137684106826782,-11.009793758392334,0.21428571428571427
870,1,0,15857,-15.137684106826782,-11.009793758392334,0.21428571428571427
871,1,0,15856,-15.137684106826782,-11.009793758392334,0.21428571428571427
872,1,0,15855,-15.137684106826782,-11.009793758392334,0.21428571428571427
873,1,0,15854,-15.137684106826782,-11.009793758392334,0.21428571428571427
874,1,0,15853,-15.137684106826782,-11.009793758392334,0.21428571428571427
875,1,0,15852,-15.137684106826782,-11.009793758392334,0.21428571428571427
876,1,0,15921,-15.137684106826782,-11.009793758392334,0.21428571428571427
877,1,0,15922,-15.137684106826782,-11.009793758392334,0.21428571428571427
878,1,0,15923,-15.137684106826782,-11.009793758392334,0.21428571428571427
879,1,0,15924,-15.137684106826782,-11.009793758392334,0.21428571428571427
880,1,0,15993,-15.137684106826782,-11.009793758392334,0.21428571428571427
881,1,0,15992,-15.137684106826782,-11.009793758392334,0.21428571428571427
882,1,0,15991,-15.137684106826782,-11.009793758392334,0.21428571428571427
883,1,0,15990,-15.137684106826782,-11.009793758392334,0.21428571428571427
884,1,0,15989,-15.137684106826782,-11.009793758392334,0.21428571428571427
885,1,0,15988,-15.137684106826782,-11.009793758392334,0.21428571428571427
886,1,0,15987,-15.137684106826782,-11.009793758392334,0.21428571428571427
887,0,0,15986,-15.137684106826782,-11.009793758392334,0.21428571428571427
888,1,0,15985,-15.137684106826782,-11.009793758392334,0.21428571428571427
889,1,0,15983,-15.137684106826782,-11.009793758392334,0.21428571428571427
890,0,0,15973,-15.137684106826782,-11.009793758392334,0.21428571428571427
891,1,0,15982,-15.137684106826782,-11.009793758392334,0.21428571428571427
892,1,0,15981,-15.137684106826782,-11.009793758392334,0.21428571428571427
893,1,0,15980,-15.137684106826782,-11.009793758392334,0.21428571428571427
894,1,0,15979,-15.137684106826782,-11.009793758392334,0.21428571428571427
895,1,0,15978,-15.137684106826782,-11.009793758392334,0.21428571428571427
896,1,0,15977,-15.137684106826782,-11.009793758392334,0.21428571428571427
897,1,0,15976,-15.137684106826782,-11.009793758392334,0.21428571428571427
898,1,0,15975,-15.137684106826782,-11.009793758392334,0.21428571428571427
899,1,0,15974,-15.137684106826782,-11.009793758392334,0.21428571428571427
900,1,0,15994,-15.137684106826782,-11.009793758392334,0.21428571428571427
901,1,0,15984,-15.137684106826782,-11.009793758392334,0.21428571428571427
902,1,0,15995,-15.137684106826782,-11.009793758392334,0.21428571428571427
903,1,0,16008,-15.137684106826782,-11.009793758392334,0.21428571428571427
904,1,0,16017,-15.137684106826782,-11.009793758392334,0.21428571428571427
905,0,0,16016,-15.137684106826782,-11.009793758392334,0.21428571428571427
906,1,0,16015,-15.137684106826782,-11.009793758392334,0.21428571428571427
907,1,0,16014,-15.137684106826782,-11.009793758392334,0.21428571428571427
908,1,0,16013,-15.137684106826782,-11.009793758392334,0.21428571428571427
909,0,0,16012,-15.137684106826782,-11.009793758392334,0.21428571428571427
910,1,0,16011,-15.137684106826782,-11.009793758392334,0.21428571428571427
911,1,0,16010,-15.137684106826782,-11.009793758392334,0.21428571428571427
912,1,0,16009,-15.137684106826782,-11.009793758392334,0.21428571428571427
913,1,0,16007,-15.137684106826782,-11.009793758392334,0.21428571428571427
914,1,0,15997,-15.137684106826782,-11.009793758392334,0.21428571428571427
915,1,0,16006,-15.137684106826782,-11.009793758392334,0.21428571428571427
916,1,0,16005,-15.137684106826782,-11.009793758392334,0.21428571428571427
917,1,0,16004,-15.137684106826782,-11.009793758392334,0.21428571428571427
918,1,0,16003,-15.137684106826782,-11.009793758392334,0.21428571428571427
919,1,0,16002,-15.137684106826782,-11.009793758392334,0.21428571428571427
920,1,0,16001,-15.137684106826782,-11.009793758392334,0.21428571428571427
921,0,0,16000,-15.137684106826782,-11.009793758392334,0.21428571428571427
922,1,0,15999,-15.137684106826782,-11.009793758392334,0.21428571428571427
923,1,0,15998,-15.137684106826782,-11.009793758392334,0.21428571428571427
924,1,0,15996,-15.137684106826782,-11.009793758392334,0.21428571428571427
925,1,0,15972,-15.137684106826782,-11.009793758392334,0.21428571428571427
926,0,0,15971,-15.137684106826782,-11.009793758392334,0.21428571428571427
927,1,0,15970,-15.137684106826782,-11.009793758392334,0.21428571428571427
928,1,0,15945,-15.137684106826782,-11.009793758392334,0.21428571428571427
929,1,0,15944,-15.137684106826782,-11.009793758392334,0.21428571428571427
930,0,0,15943,-15.137684106826782,-11.009793758392334,0.21428571428571427
931,1,0,15942,-15.137684106826782,-11.009793758392334,0.21428571428571427
932,1,0,15941,-15.137684106826782,-11.009793758392334,0.21428571428571427
933,1,0,15940,-15.137684106826782,-11.009793758392334,0.21428571428571427
934,1,0,15939,-15.137684106826782,-11.009793758392334,0.21428571428571427
935,0,0,15938,-15.137684106826782,-11.009793758392334,0.21428571428571427
936,1,0,15937,-15.137684106826782,-11.009793758392334,0.21428571428571427
937,1,0,15936,-15.137684106826782,-11.009793758392334,0.21428571428571427
938,0,0,15935,-15.137684106826782,-11.009793758392334,0.21428571428571427
939,1,0,15934,-15.137684106826782,-11.009793758392334,0.21428571428571427
940,1,0,15933,-15.137684106826782,-11.009793758392334,0.21428571428571427
941,1,0,15932,-15.137684106826782,-11.009793758392334,0.21428571428571427
942,1,0,15931,-15.137684106826782,-11.009793758392334,0.21428571428571427
943,1,0,15930,-15.137684106826782,-11.009793758392334,0.21428571428571427
944,1,0,15929,-15.137684106826782,-11.009793758392334,0.21428571428571427
945,1,0,15928,-15.137684106826782,-11.009793758392334,0.21428571428571427
946,1,0,15927,-15.137684106826782,-11.009793758392334,0.21428571428571427
947,1,0,15926,-15.137684106826782,-11.009793758392334,0.21428571428571427
948,1,0,15925,-15.137684106826782,-11.009793758392334,0.21428571428571427
949,1,0,15946,-15.137684106826782,-11.009793758392334,0.21428571428571427
950,1,0,15947,-15.137684106826782,-11.009793758392334,0.21428571428571427
951,1,0,15948,-15.137684106826782,-11.009793758392334,0.21428571428571427
952,1,0,15960,-15.137684106826782,-11.009793758392334,0.21428571428571427
953,1,0,15969,-15.137684106826782,-11.009793758392334,0.21428571428571427
954,1,0,15968,-15.137684106826782,-11.009793758392334,0.21428571428571427
955,1,0,15967,-15.137684106826782,-11.009793758392334,0.21428571428571427
956,1,0,15966,-15.137684106826782,-11.009793758392334,0.21428571428571427
957,1,0,15965,-15.137684106826782,-11.009793758392334,0.21428571428571427
958,1,0,15964,-15.137684106826782,-11.009793758392334,0.21428571428571427
959,1,0,15963,-15.137684106826782,-11.009793758392334,0.21428571428571427
960,0,0,15962,-15.137684106826782,-11.009793758392334,0.21428571428571427
961,1,0,15961,-15.137684106826782,-11.009793758392334,0.21428571428571427
962,1,0,15959,-15.137684106826782,-11.009793758392334,0.21428571428571427
963,0,0,15949,-15.137684106826782,-11.009793758392334,0.21428571428571427
964,1,0,15958,-15.137684106826782,-11.009793758392334,0.21428571428571427
965,0,0,15957,-15.137684106826782,-11.009793758392334,0.21428571428571427
966,0,0,15956,-15.137684106826782,-11.009793758392334,0.21428571428571427
967,1,0,15955,-15.137684106826782,-11.009793758392334,0.21428571428571427
968,1,0,15954,-15.137684106826782,-11.009793758392334,0.21428571428571427
969,1,0,15953,-15.137684106826782,-11.009793758392334,0.21428571428571427
970,1,0,15952,-15.137684106826782,-11.009793758392334,0.21428571428571427
971,0,0,15951,-15.137684106826782,-11.009793758392334,0.21428571428571427
972,1,0,15950,-15.137684106826782,-11.009793758392334,0.21428571428571427
973,1,0,15874,-15.137684106826782,-11.009793758392334,0.21428571428571427
974,1,0,15825,-15.137684106826782,-11.009793758392334,0.21428571428571427
975,1,0,15824,-15.137684106826782,-11.009793758392334,0.21428571428571427
976,0,0,15823,-15.137684106826782,-11.009793758392334,0.21428571428571427
977,0,0,15700,-15.137684106826782,-11.009793758392334,0.21428571428571427
978,1,0,15699,-15.137684106826782,-11.009793758392334,0.21428571428571427
979,0,0,15698,-15.137684106826782,-11.009793758392334,0.21428571428571427
980,1,0,15697,-15.137684106826782,-11.009793758392334,0.21428571428571427
981,1,0,15696,-15.137684106826782,-11.009793758392334,0.21428571428571427
982,1,0,15695,-15.137684106826782,-11.009793758392334,0.21428571428571427
983,1,0,15694,-15.137684106826782,-11.009793758392334,0.21428571428571427
984,1,0,15693,-15.137684106826782,-11.009793758392334,0.21428571428571427
985,1,0,15692,-15.137684106826782,-11.009793758392334,0.21428571428571427
986,1,0,15691,-15.137684106826782,-11.009793758392334,0.21428571428571427
987,1,0,15690,-15.137684106826782,-11.009793758392334,0.21428571428571427
988,1,0,15689,-15.137684106826782,-11.009793758392334,0.21428571428571427
989,1,0,15688,-15.137684106826782,-11.009793758392334,0.21428571428571427
990,1,0,15687,-15.137684106826782,-11.009793758392334,0.21428571428571427
991,1,0,15686,-15.137684106826782,-11.009793758392334,0.21428571428571427
992,1,0,15685,-15.137684106826782,-11.009793758392334,0.21428571428571427
993,0,0,15684,-15.137684106826782,-11.009793758392334,0.21428571428571427
994,1,0,15683,-15.137684106826782,-11.009793758392334,0.21428571428571427
995,1,0,15682,-15.137684106826782,-11.009793758392334,0.21428571428571427
996,1,0,15681,-15.137684106826782,-11.009793758392334,0.21428571428571427
997,1,0,15680,-15.137684106826782,-11.009793758392334,0.21428571428571427
998,1,0,15701,-15.137684106826782,-11.009793758392334,0.21428571428571427
999,1,0,15702,-15.137684106826782,-11.009793758392334,0.21428571428571427
1000,0,0,15703,-15.137684106826782,-11.009793758392334,0.21428571428571427
1001,1,0,15715,-15.137684106826782,-11.009793758392334,0.21428571428571427
1002,1,0,15724,-15.137684106826782,-11.009793758392334,0.21428571428571427
1003,1,0,15723,-15.137684106826782,-11.009793758392334,0.21428571428571427
1004,1,0,15722,-15.137684106826782,-11.009793758392334,0.21428571428571427
1005,0,0,15721,-15.137684106826782,-11.009793758392334,0.21428571428571427
1006,1,0,15720,-15.137684106826782,-11.009793758392334,0.21428571428571427
1007,1,0,15719,-15.137684106826782,-11.009793758392334,0.21428571428571427
1008,1,0,15718,-15.137684106826782,-11.009793758392334,0.21428571428571427
1009,1,0,15717,-15.137684106826782,-11.009793758392334,0.21428571428571427
1010,1,0,15716,-15.137684106826782,-11.009793758392334,0.21428571428571427
1011,1,0,15714,-15.137684106826782,-11.009793758392334,0.21428571428571427
1012,1,0,15704,-15.137684106826782,-11.009793758392334,0.21428571428571427
1013,1,0,15713,-15.137684106826782,-11.009793758392334,0.21428571428571427
1014,1,0,15712,-15.137684106826782,-11.009793758392334,0.21428571428571427
1015,1,0,15711,-15.137684106826782,-11.009793758392334,0.21428571428571427
1016,1,0,15710,-15.137684106826782,-11.009793758392334,0.21428571428571427
1017,1,0,15709,-15.137684106826782,-11.009793758392334,0.21428571428571427
1018,1,0,15708,-15.137684106826782,-11.009793758392334,0.21428571428571427
1019,1,0,15707,-15.137684106826782,-11.009793758392334,0.21428571428571427
1020,1,0,15706,-15.137684106826782,-11.009793758392334,0.21428571428571427
1021,1,0,15705,-15.137684106826782,-11.009793758392334,0.21428571428571427
1022,1,0,15679,-15.137684106826782,-11.009793758392334,0.21428571428571427
1023,1,0,15677,-15.137684106826782,-11.009793758392334,0.21428571428571427
1024,1,0,15630,-15.137684106826782,-11.009793758392334,0.21428571428571427
1025,0,0,15676,-15.137684106826782,-11.009793758392334,0.21428571428571427
1026,1,0,15651,-15.137684106826782,-11.009793758392334,0.21428571428571427
1027,1,0,15650,-15.137684106826782,-11.009793758392334,0.21428571428571427
1028,0,0,15649,-15.137684106826782,-11.009793758392334,0.21428571428571427
1029,0,0,15648,-15.137684106826782,-11.009793758392334,0.21428571428571427
1030,1,0,15647,-15.137684106826782,-11.009793758392334,0.21428571428571427
1031,1,0,15646,-15.137684106826782,-11.009793758392334,0.21428571428571427
1032,1,0,15645,-15.137684106826782,-11.009793758392334,0.21428571428571427
1033,1,0,15644,-15.137684106826782,-11.009793758392334,0.21428571428571427
1034,1,0,15643,-15.137684106826782,-11.009793758392334,0.21428571428571427
1035,1,0,15642,-15.137684106826782,-11.009793758392334,0.21428571428571427
1036,1,0,15641,-15.137684106826782,-11.009793758392334,0.21428571428571427
1037,1,0,15640,-15.137684106826782,-11.009793758392334,0.21428571428571427
1038,1,0,15639,-15.137684106826782,-11.009793758392334,0.21428571428571427
1039,1,0,15638,-15.137684106826782,-11.009793758392334,0.21428571428571427
1040,1,0,15637,-15.137684106826782,-11.009793758392334,0.21428571428571427
1041,1,0,15636,-15.137684106826782,-11.009793758392334,0.21428571428571427
1042,1,0,15635,-15.137684106826782,-11.009793758392334,0.21428571428571427
1043,1,0,15634,-15.137684106826782,-11.009793758392334,0.21428571428571427
1044,1,0,15633,-15.137684106826782,-11.009793758392334,0.21428571428571427
1045,1,0,15632,-15.137684106826782,-11.009793758392334,0.21428571428571427
1046,1,0,15631,-15.137684106826782,-11.009793758392334,0.21428571428571427
1047,1,0,15652,-15.137684106826782,-11.009793758392334,0.21428571428571427
1048,1,0,15653,-15.137684106826782,-11.009793758392334,0.21428571428571427
1049,1,0,15654,-15.137684106826782,-11.009793758392334,0.21428571428571427
1050,1,0,15666,-15.137684106826782,-11.009793758392334,0.21428571428571427
1051,1,0,15675,-15.137684106826782,-11.009793758392334,0.21428571428571427
1052,1,0,15674,-15.137684106826782,-11.009793758392334,0.21428571428571427
1053,1,0,15673,-15.137684106826782,-11.009793758392334,0.21428571428571427
1054,1,0,15672,-15.137684106826782,-11.009793758392334,0.21428571428571427
1055,0,0,15671,-15.137684106826782,-11.009793758392334,0.21428571428571427
1056,0,0,15670,-15.137684106826782,-11.009793758392334,0.21428571428571427
1057,1,0,15669,-15.137684106826782,-11.009793758392334,0.21428571428571427
1058,0,0,15668,-15.137684106826782,-11.009793758392334,0.21428571428571427
1059,1,0,15667,-15.137684106826782,-11.009793758392334,0.21428571428571427
1060,1,0,15665,-15.137684106826782,-11.009793758392334,0.21428571428571427
1061,1,0,15655,-15.137684106826782,-11.009793758392334,0.21428571428571427
1062,1,0,15664,-15.137684106826782,-11.009793758392334,0.21428571428571427
1063,1,0,15663,-15.137684106826782,-11.009793758392334,0.21428571428571427
1064,0,0,15662,-15.137684106826782,-11.009793758392334,0.21428571428571427
1065,1,0,15661,-15.137684106826782,-11.009793758392334,0.21428571428571427
1066,1,0,15660,-15.137684106826782,-11.009793758392334,0.21428571428571427
1067,1,0,15659,-15.137684106826782,-11.009793758392334,0.21428571428571427
1068,1,0,15658,-15.137684106826782,-11.009793758392334,0.21428571428571427
1069,1,0,15657,-15.137684106826782,-11.009793758392334,0.21428571428571427
1070,1,0,15656,-15.137684106826782,-11.009793758392334,0.21428571428571427
1071,1,0,15725,-15.137684106826782,-11.009793758392334,0.21428571428571427
1072,1,0,15678,-15.137684106826782,-11.009793758392334,0.21428571428571427
1073,1,0,15726,-15.137684106826782,-11.009793758392334,0.21428571428571427
1074,1,0,15776,-15.137684106826782,-11.009793758392334,0.21428571428571427
1075,1,0,15798,-15.137684106826782,-11.009793758392334,0.21428571428571427
1076,1,0,15797,-15.137684106826782,-11.009793758392334,0.21428571428571427
1077,1,0,15796,-15.137684106826782,-11.009793758392334,0.21428571428571427
1078,1,0,15795,-15.137684106826782,-11.009793758392334,0.21428571428571427
1079,1,0,15794,-15.137684106826782,-11.009793758392334,0.21428571428571427
1080,1,0,15793,-15.137684106826782,-11.009793758392334,0.21428571428571427
1081,1,0,15792,-15.137684106826782,-11.009793758392334,0.21428571428571427
1082,1,0,15791,-15.137684106826782,-11.009793758392334,0.21428571428571427
1083,1,0,15790,-15.137684106826782,-11.009793758392334,0.21428571428571427
1084,1,0,15789,-15.137684106826782,-11.009793758392334,0.21428571428571427
1085,1,0,15788,-15.137684106826782,-11.009793758392334,0.21428571428571427
1086,1,0,15787,-15.137684106826782,-11.009793758392334,0.21428571428571427
1087,1,0,15786,-15.137684106826782,-11.009793758392334,0.21428571428571427
1088,1,0,15785,-15.137684106826782,-11.009793758392334,0.21428571428571427
1089,1,0,15784,-15.137684106826782,-11.009793758392334,0.21428571428571427
1090,1,0,15783,-15.137684106826782,-11.009793758392334,0.21428571428571427
1091,1,0,15782,-15.137684106826782,-11.009793758392334,0.21428571428571427
1092,1,0,15781,-15.137684106826782,-11.009793758392334,0.21428571428571427
1093,1,0,15780,-15.137684106826782,-11.009793758392334,0.21428571428571427
1094,1,0,15779,-15.137684106826782,-11.009793758392334,0.21428571428571427
1095,1,0,15778,-15.137684106826782,-11.009793758392334,0.21428571428571427
1096,1,0,15799,-15.137684106826782,-11.009793758392334,0.21428571428571427
1097,1,0,15800,-15.137684106826782,-11.009793758392334,0.21428571428571427
1098,1,0,15801,-15.137684106826782,-11.009793758392334,0.21428571428571427
1099,1,0,15813,-15.137684106826782,-11.009793758392334,0.21428571428571427
1100,1,0,15822,-15.137684106826782,-11.009793758392334,0.21428571428571427
1101,1,0,15821,-15.137684106826782,-11.009793758392334,0.21428571428571427
1102,1,0,15820,-15.137684106826782,-11.009793758392334,0.21428571428571427
1103,1,0,15819,-15.137684106826782,-11.009793758392334,0.21428571428571427
1104,1,0,15818,-15.137684106826782,-11.009793758392334,0.21428571428571427
1105,1,0,15817,-15.137684106826782,-11.009793758392334,0.21428571428571427
1106,1,0,15816,-15.137684106826782,-11.009793758392334,0.21428571428571427
1107,1,0,15815,-15.137684106826782,-11.009793758392334,0.21428571428571427
1108,1,0,15814,-15.137684106826782,-11.009793758392334,0.21428571428571427
1109,1,0,15812,-15.137684106826782,-11.009793758392334,0.21428571428571427
1110,1,0,15802,-15.137684106826782,-11.009793758392334,0.21428571428571427
1111,0,0,15811,-15.137684106826782,-11.009793758392334,0.21428571428571427
1112,1,0,15810,-15.137684106826782,-11.009793758392334,0.21428571428571427
1113,1,0,15809,-15.137684106826782,-11.009793758392334,0.21428571428571427
1114,1,0,15808,-15.137684106826782,-11.009793758392334,0.21428571428571427
1115,1,0,15807,-15.137684106826782,-11.009793758392334,0.21428571428571427
1116,1,0,15806,-15.137684106826782,-11.009793758392334,0.21428571428571427
1117,1,0,15805,-15.137684106826782,-11.009793758392334,0.21428571428571427
1118,1,0,15804,-15.137684106826782,-11.009793758392334,0.21428571428571427
1119,1,0,15803,-15.137684106826782,-11.009793758392334,0.21428571428571427
1120,1,0,15777,-15.137684106826782,-11.009793758392334,0.21428571428571427
1121,1,0,15775,-15.137684106826782,-11.009793758392334,0.21428571428571427
1122,1,0,15728,-15.137684106826782,-11.009793758392334,0.21428571428571427
1123,1,0,15774,-15.137684106826782,-11.009793758392334,0.21428571428571427
1124,1,0,15749,-15.137684106826782,-11.009793758392334,0.21428571428571427
1125,1,0,15748,-15.137684106826782,-11.009793758392334,0.21428571428571427
1126,1,0,15747,-15.137684106826782,-11.009793758392334,0.21428571428571427
1127,1,0,15746,-15.137684106826782,-11.009793758392334,0.21428571428571427
1128,1,0,15745,-15.137684106826782,-11.009793758392334,0.21428571428571427
1129,1,0,15744,-15.137684106826782,-11.009793758392334,0.21428571428571427
1130,1,0,15743,-15.137684106826782,-11.009793758392334,0.21428571428571427
1131,0,0,15742,-15.137684106826782,-11.009793758392334,0.21428571428571427
1132,1,0,15741,-15.137684106826782,-11.009793758392334,0.21428571428571427
1133,1,0,15740,-15.137684106826782,-11.009793758392334,0.21428571428571427
1134,1,0,15739,-15.137684106826782,-11.009793758392334,0.21428571428571427
1135,1,0,15738,-15.137684106826782,-11.009793758392334,0.21428571428571427
1136,1,0,15737,-15.137684106826782,-11.009793758392334,0.21428571428571427
1137,1,0,15736,-15.137684106826782,-11.009793758392334,0.21428571428571427
1138,1,0,15735,-15.137684106826782,-11.009793758392334,0.21428571428571427
1139,0,0,15734,-15.137684106826782,-11.009793758392334,0.21428571428571427
1140,1,0,15733,-15.137684106826782,-11.009793758392334,0.21428571428571427
1141,1,0,15732,-15.137684106826782,-11.009793758392334,0.21428571428571427
1142,1,0,15731,-15.137684106826782,-11.009793758392334,0.21428571428571427
1143,1,0,15730,-15.137684106826782,-11.009793758392334,0.21428571428571427
1144,1,0,15729,-15.137684106826782,-11.009793758392334,0.21428571428571427
1145,1,0,15750,-15.137684106826782,-11.009793758392334,0.21428571428571427
1146,1,0,15751,-15.137684106826782,-11.009793758392334,0.21428571428571427
1147,1,0,15752,-15.137684106826782,-11.009793758392334,0.21428571428571427
1148,1,0,15764,-15.137684106826782,-11.009793758392334,0.21428571428571427
1149,1,0,15773,-15.137684106826782,-11.009793758392334,0.21428571428571427
1150,1,0,15772,-15.137684106826782,-11.009793758392334,0.21428571428571427
1151,1,0,15771,-15.137684106826782,-11.009793758392334,0.21428571428571427
1152,0,0,15770,-15.137684106826782,-11.009793758392334,0.21428571428571427
1153,1,0,15769,-15.137684106826782,-11.009793758392334,0.21428571428571427
1154,1,0,15768,-15.137684106826782,-11.009793758392334,0.21428571428571427
1155,1,0,15767,-15.137684106826782,-11.009793758392334,0.21428571428571427
1156,1,0,15766,-15.137684106826782,-11.009793758392334,0.21428571428571427
1157,1,0,15765,-15.137684106826782,-11.009793758392334,0.21428571428571427
1158,1,0,15763,-15.137684106826782,-11.009793758392334,0.21428571428571427
1159,1,0,15753,-15.137684106826782,-11.009793758392334,0.21428571428571427
1160,1,0,15762,-15.137684106826782,-11.009793758392334,0.21428571428571427
1161,1,0,15761,-15.137684106826782,-11.009793758392334,0.21428571428571427
1162,0,0,15760,-15.137684106826782,-11.009793758392334,0.21428571428571427
1163,1,0,15759,-15.137684106826782,-11.009793758392334,0.21428571428571427
1164,1,0,15758,-15.137684106826782,-11.009793758392334,0.21428571428571427
1165,0,0,15757,-15.137684106826782,-11.009793758392334,0.21428571428571427
1166,1,0,15756,-15.137684106826782,-11.009793758392334,0.21428571428571427
1167,1,0,15755,-15.137684106826782,-11.009793758392334,0.21428571428571427
1168,1,0,15754,-15.137684106826782,-11.009793758392334,0.21428571428571427
1169,1,0,16018,-15.137684106826782,-11.009793758392334,0.21428571428571427
1170,1,0,16019,-15.137684106826782,-11.009793758392334,0.21428571428571427
1171,1,0,16020,-15.137684106826782,-11.009793758392334,0.21428571428571427
1172,1,0,16215,-15.137684106826782,-11.009793758392334,0.21428571428571427
1173,1,0,16286,-15.137684106826782,-11.009793758392334,0.21428571428571427
1174,0,0,16285,-15.137684106826782,-11.009793758392334,0.21428571428571427
1175,1,0,16284,-15.137684106826782,-11.009793758392334,0.21428571428571427
1176,1,0,16283,-15.137684106826782,-11.009793758392334,0.21428571428571427
1177,1,0,16282,-15.137684106826782,-11.009793758392334,0.21428571428571427
1178,1,0,16281,-15.137684106826782,-11.009793758392334,0.21428571428571427
1179,1,0,16280,-15.137684106826782,-11.009793758392334,0.21428571428571427
1180,1,0,16279,-15.137684106826782,-11.009793758392334,0.21428571428571427
1181,1,0,16278,-15.137684106826782,-11.009793758392334,0.21428571428571427
1182,1,0,16277,-15.137684106826782,-11.009793758392334,0.21428571428571427
1183,1,0,16276,-15.137684106826782,-11.009793758392334,0.21428571428571427
1184,1,0,16275,-15.137684106826782,-11.009793758392334,0.21428571428571427
1185,1,0,16274,-15.137684106826782,-11.009793758392334,0.21428571428571427
1186,1,0,16273,-15.137684106826782,-11.009793758392334,0.21428571428571427
1187,1,0,16272,-15.137684106826782,-11.009793758392334,0.21428571428571427
1188,0,0,16271,-15.137684106826782,-11.009793758392334,0.21428571428571427
1189,1,0,16270,-15.137684106826782,-11.009793758392334,0.21428571428571427
1190,1,0,16269,-15.137684106826782,-11.009793758392334,0.21428571428571427
1191,1,0,16268,-15.137684106826782,-11.009793758392334,0.21428571428571427
1192,1,0,16267,-15.137684106826782,-11.009793758392334,0.21428571428571427
1193,1,0,16266,-15.137684106826782,-11.009793758392334,0.21428571428571427
1194,0,0,16287,-15.137684106826782,-11.009793758392334,0.21428571428571427
1195,1,0,16288,-15.137684106826782,-11.009793758392334,0.21428571428571427
1196,1,0,16289,-15.137684106826782,-11.009793758392334,0.21428571428571427
1197,0,0,16301,-15.137684106826782,-11.009793758392334,0.21428571428571427
1198,1,0,16310,-15.137684106826782,-11.009793758392334,0.21428571428571427
1199,1,0,16309,-15.137684106826782,-11.009793758392334,0.21428571428571427
1200,1,0,16308,-15.137684106826782,-11.009793758392334,0.21428571428571427
1201,1,0,16307,-15.137684106826782,-11.009793758392334,0.21428571428571427
1202,1,0,16306,-15.137684106826782,-11.009793758392334,0.21428571428571427
1203,1,0,16305,-15.137684106826782,-11.009793758392334,0.21428571428571427
1204,1,0,16304,-15.137684106826782,-11.009793758392334,0.21428571428571427
1205,1,0,16303,-15.137684106826782,-11.009793758392334,0.21428571428571427
1206,1,0,16302,-15.137684106826782,-11.009793758392334,0.21428571428571427
1207,1,0,16300,-15.137684106826782,-11.009793758392334,0.21428571428571427
1208,1,0,16290,-15.137684106826782,-11.009793758392334,0.21428571428571427
1209,1,0,16299,-15.137684106826782,-11.009793758392334,0.21428571428571427
1210,0,0,16298,-15.137684106826782,-11.009793758392334,0.21428571428571427
1211,1,0,16297,-15.137684106826782,-11.009793758392334,0.21428571428571427
1212,1,0,16296,-15.137684106826782,-11.009793758392334,0.21428571428571427
1213,1,0,16295,-15.137684106826782,-11.009793758392334,0.21428571428571427
1214,1,0,16294,-15.137684106826782,-11.009793758392334,0.21428571428571427
1215,1,0,16293,-15.137684106826782,-11.009793758392334,0.21428571428571427
1216,1,0,16292,-15.137684106826782,-11.009793758392334,0.21428571428571427
1217,1,0,16291,-15.137684106826782,-11.009793758392334,0.21428571428571427
1218,0,0,16265,-15.137684106826782,-11.009793758392334,0.21428571428571427
1219,1,0,16263,-15.137684106826782,-11.009793758392334,0.21428571428571427
1220,1,0,16216,-15.137684106826782,-11.009793758392334,0.21428571428571427
1221,1,0,16262,-15.137684106826782,-11.009793758392334,0.21428571428571427
1222,1,0,16237,-15.137684106826782,-11.009793758392334,0.21428571428571427
1223,0,0,16236,-15.137684106826782,-11.009793758392334,0.21428571428571427
1224,1,0,16235,-15.137684106826782,-11.009793758392334,0.21428571428571427
1225,1,0,16234,-15.137684106826782,-11.009793758392334,0.21428571428571427
1226,1,0,16233,-15.137684106826782,-11.009793758392334,0.21428571428571427
1227,1,0,16232,-15.137684106826782,-11.009793758392334,0.21428571428571427
1228,1,0,16231,-15.137684106826782,-11.009793758392334,0.21428571428571427
1229,1,0,16230,-15.137684106826782,-11.009793758392334,0.21428571428571427
1230,1,0,16229,-15.137684106826782,-11.009793758392334,0.21428571428571427
1231,0,0,16228,-15.137684106826782,-11.009793758392334,0.21428571428571427
1232,1,0,16227,-15.137684106826782,-11.009793758392334,0.21428571428571427
1233,1,0,16226,-15.137684106826782,-11.009793758392334,0.21428571428571427
1234,1,0,16225,-15.137684106826782,-11.009793758392334,0.21428571428571427
1235,1,0,16224,-15.137684106826782,-11.009793758392334,0.21428571428571427
1236,1,0,16223,-15.137684106826782,-11.009793758392334,0.21428571428571427
1237,1,0,16222,-15.137684106826782,-11.009793758392334,0.21428571428571427
1238,1,0,16221,-15.137684106826782,-11.009793758392334,0.21428571428571427
1239,1,0,16220,-15.137684106826782,-11.009793758392334,0.21428571428571427
1240,1,0,16219,-15.137684106826782,-11.009793758392334,0.21428571428571427
1241,1,0,16218,-15.137684106826782,-11.009793758392334,0.21428571428571427
1242,1,0,16217,-15.137684106826782,-11.009793758392334,0.21428571428571427
1243,1,0,16238,-15.137684106826782,-11.009793758392334,0.21428571428571427
1244,1,0,16239,-15.137684106826782,-11.009793758392334,0.21428571428571427
1245,0,0,16240,-15.137684106826782,-11.009793758392334,0.21428571428571427
1246,1,0,16252,-15.137684106826782,-11.009793758392334,0.21428571428571427
1247,1,0,16261,-15.137684106826782,-11.009793758392334,0.21428571428571427
1248,1,0,16260,-15.137684106826782,-11.009793758392334,0.21428571428571427
1249,0,0,16259,-15.137684106826782,-11.009793758392334,0.21428571428571427
1250,1,0,16258,-15.137684106826782,-11.009793758392334,0.21428571428571427
1251,1,0,16257,-15.137684106826782,-11.009793758392334,0.21428571428571427
1252,1,0,16256,-15.137684106826782,-11.009793758392334,0.21428571428571427
1253,1,0,16255,-15.137684106826782,-11.009793758392334,0.21428571428571427
1254,0,0,16254,-15.137684106826782,-11.009793758392334,0.21428571428571427
1255,1,0,16253,-15.137684106826782,-11.009793758392334,0.21428571428571427
1256,1,0,16251,-15.137684106826782,-11.009793758392334,0.21428571428571427
1257,1,0,16241,-15.137684106826782,-11.009793758392334,0.21428571428571427
1258,1,0,16250,-15.137684106826782,-11.009793758392334,0.21428571428571427
1259,1,0,16249,-15.137684106826782,-11.009793758392334,0.21428571428571427
1260,1,0,16248,-15.137684106826782,-11.009793758392334,0.21428571428571427
1261,1,0,16247,-15.137684106826782,-11.009793758392334,0.21428571428571427
1262,1,0,16246,-15.137684106826782,-11.009793758392334,0.21428571428571427
1263,1,0,16245,-15.137684106826782,-11.009793758392334,0.21428571428571427
1264,1,0,16244,-15.137684106826782,-11.009793758392334,0.21428571428571427
1265,1,0,16243,-15.137684106826782,-11.009793758392334,0.21428571428571427
1266,1,0,16242,-15.137684106826782,-11.009793758392334,0.21428571428571427
1267,1,0,16311,-15.137684106826782,-11.009793758392334,0.21428571428571427
1268,1,0,16312,-15.137684106826782,-11.009793758392334,0.21428571428571427
1269,1,0,16313,-15.137684106826782,-11.009793758392334,0.21428571428571427
1270,1,0,16314,-15.137684106826782,-11.009793758392334,0.21428571428571427
1271,1,0,16383,-15.137684106826782,-11.009793758392334,0.21428571428571427
1272,1,0,16382,-15.137684106826782,-11.009793758392334,0.21428571428571427
1273,1,0,16381,-15.137684106826782,-11.009793758392334,0.21428571428571427
1274,1,0,16380,-15.137684106826782,-11.009793758392334,0.21428571428571427
1275,1,0,16379,-15.137684106826782,-11.009793758392334,0.21428571428571427
1276,1,0,16378,-15.137684106826782,-11.009793758392334,0.21428571428571427
1277,0,0,16377,-15.137684106826782,-11.009793758392334,0.21428571428571427
1278,1,0,16376,-15.137684106826782,-11.009793758392334,0.21428571428571427
1279,1,0,16375,-15.137684106826782,-11.009793758392334,0.21428571428571427
1280,0,0,16373,-15.137684106826782,-11.009793758392334,0.21428571428571427
1281,1,0,16363,-15.137684106826782,-11.009793758392334,0.21428571428571427
1282,1,0,16372,-15.137684106826782,-11.009793758392334,0.21428571428571427
1283,1,0,16371,-15.137684106826782,-11.009793758392334,0.21428571428571427
1284,1,0,16370,-15.137684106826782,-11.009793758392334,0.21428571428571427
1285,1,0,16369,-15.137684106826782,-11.009793758392334,0.21428571428571427
1286,1,0,16368,-15.137684106826782,-11.009793758392334,0.21428571428571427
1287,1,0,16367,-15.137684106826782,-11.009793758392334,0.21428571428571427
1288,1,0,16366,-15.137684106826782,-11.009793758392334,0.21428571428571427
1289,1,0,16365,-15.137684106826782,-11.009793758392334,0.21428571428571427
1290,1,0,16364,-15.137684106826782,-11.009793758392334,0.21428571428571427
1291,1,0,16384,-15.137684106826782,-11.009793758392334,0.21428571428571427
1292,1,0,16374,-15.137684106826782,-11.009793758392334,0.21428571428571427
1293,1,0,16385,-15.137684106826782,-11.009793758392334,0.21428571428571427
1294,0,0,16398,-15.137684106826782,-11.009793758392334,0.21428571428571427
1295,1,0,16407,-15.137684106826782,-11.009793758392334,0.21428571428571427
1296,1,0,16406,-15.137684106826782,-11.009793758392334,0.21428571428571427
1297,0,0,16405,-15.137684106826782,-11.009793758392334,0.21428571428571427
1298,1,0,16404,-15.137684106826782,-11.009793758392334,0.21428571428571427
1299,1,0,16403,-15.137684106826782,-11.009793758392334,0.21428571428571427
1300,0,0,16402,-15.137684106826782,-11.009793758392334,0.21428571428571427
1301,1,0,16401,-15.137684106826782,-11.009793758392334,0.21428571428571427
1302,1,0,16400,-15.137684106826782,-11.009793758392334,0.21428571428571427
1303,1,0,16399,-15.137684106826782,-11.009793758392334,0.21428571428571427
1304,1,0,16397,-15.137684106826782,-11.009793758392334,0.21428571428571427
1305,0,0,16387,-15.137684106826782,-11.009793758392334,0.21428571428571427
1306,1,0,16396,-15.137684106826782,-11.009793758392334,0.21428571428571427
1307,1,0,16395,-15.137684106826782,-11.009793758392334,0.21428571428571427
1308,1,0,16394,-15.137684106826782,-11.009793758392334,0.21428571428571427
1309,1,0,16393,-15.137684106826782,-11.009793758392334,0.21428571428571427
1310,1,0,16392,-15.137684106826782,-11.009793758392334,0.21428571428571427
1311,1,0,16391,-15.137684106826782,-11.009793758392334,0.21428571428571427
1312,0,0,16390,-15.137684106826782,-11.009793758392334,0.21428571428571427
1313,1,0,16389,-15.137684106826782,-11.009793758392334,0.21428571428571427
1314,1,0,16388,-15.137684106826782,-11.009793758392334,0.21428571428571427
1315,0,0,16386,-15.137684106826782,-11.009793758392334,0.21428571428571427
1316,1,0,16362,-15.137684106826782,-11.009793758392334,0.21428571428571427
1317,1,0,16361,-15.137684106826782,-11.009793758392334,0.21428571428571427
1318,1,0,16360,-15.137684106826782,-11.009793758392334,0.21428571428571427
1319,1,0,16335,-15.137684106826782,-11.009793758392334,0.21428571428571427
1320,1,0,16334,-15.137684106826782,-11.009793758392334,0.21428571428571427
1321,1,0,16333,-15.137684106826782,-11.009793758392334,0.21428571428571427
1322,1,0,16332,-15.137684106826782,-11.009793758392334,0.21428571428571427
1323,1,0,16331,-15.137684106826782,-11.009793758392334,0.21428571428571427
1324,1,0,16330,-15.137684106826782,-11.009793758392334,0.21428571428571427
1325,1,0,16329,-15.137684106826782,-11.009793758392334,0.21428571428571427
1326,0,0,16328,-15.137684106826782,-11.009793758392334,0.21428571428571427
1327,1,0,16327,-15.137684106826782,-11.009793758392334,0.21428571428571427
1328,1,0,16326,-15.137684106826782,-11.009793758392334,0.21428571428571427
1329,0,0,16325,-15.137684106826782,-11.009793758392334,0.21428571428571427
1330,1,0,16324,-15.137684106826782,-11.009793758392334,0.21428571428571427
1331,1,0,16323,-15.137684106826782,-11.009793758392334,0.21428571428571427
1332,1,0,16322,-15.137684106826782,-11.009793758392334,0.21428571428571427
1333,1,0,16321,-15.137684106826782,-11.009793758392334,0.21428571428571427
1334,1,0,16320,-15.137684106826782,-11.009793758392334,0.21428571428571427
1335,0,0,16319,-15.137684106826782,-11.009793758392334,0.21428571428571427
1336,0,0,16318,-15.137684106826782,-11.009793758392334,0.21428571428571427
1337,1,0,16317,-15.137684106826782,-11.009793758392334,0.21428571428571427
1338,1,0,16316,-15.137684106826782,-11.009793758392334,0.21428571428571427
1339,0,0,16315,-15.137684106826782,-11.009793758392334,0.21428571428571427
1340,1,0,16336,-15.137684106826782,-11.009793758392334,0.21428571428571427
1341,1,0,16337,-15.137684106826782,-11.009793758392334,0.21428571428571427
1342,1,0,16338,-15.137684106826782,-11.009793758392334,0.21428571428571427
1343,1,0,16350,-15.137684106826782,-11.009793758392334,0.21428571428571427
1344,1,0,16359,-15.137684106826782,-11.009793758392334,0.21428571428571427
1345,1,0,16358,-15.137684106826782,-11.009793758392334,0.21428571428571427
1346,1,0,16357,-15.137684106826782,-11.009793758392334,0.21428571428571427
1347,1,0,16356,-15.137684106826782,-11.009793758392334,0.21428571428571427
1348,1,0,16355,-15.137684106826782,-11.009793758392334,0.21428571428571427
1349,1,0,16354,-15.137684106826782,-11.009793758392334,0.21428571428571427
1350,1,0,16353,-15.137684106826782,-11.009793758392334,0.21428571428571427
1351,1,0,16352,-15.137684106826782,-11.009793758392334,0.21428571428571427
1352,1,0,16351,-15.137684106826782,-11.009793758392334,0.21428571428571427
1353,1,0,16349,-15.137684106826782,-11.009793758392334,0.21428571428571427
1354,1,0,16339,-15.137684106826782,-11.009793758392334,0.21428571428571427
1355,1,0,16348,-15.137684106826782,-11.009793758392334,0.21428571428571427
1356,0,0,16347,-15.137684106826782,-11.009793758392334,0.21428571428571427
1357,1,0,16346,-15.137684106826782,-11.009793758392334,0.21428571428571427
1358,1,0,16345,-15.137684106826782,-11.009793758392334,0.21428571428571427
1359,1,0,16344,-15.137684106826782,-11.009793758392334,0.21428571428571427
1360,1,0,16343,-15.137684106826782,-11.009793758392334,0.21428571428571427
1361,1,0,16342,-15.137684106826782,-11.009793758392334,0.21428571428571427
1362,1,0,16341,-15.137684106826782,-11.009793758392334,0.21428571428571427
1363,1,0,16340,-15.137684106826782,-11.009793758392334,0.21428571428571427
1364,1,0,16264,-15.137684106826782,-11.009793758392334,0.21428571428571427
1365,1,0,16214,-15.137684106826782,-11.009793758392334,0.21428571428571427
1366,1,0,16069,-15.137684106826782,-11.009793758392334,0.21428571428571427
1367,1,0,16213,-15.137684106826782,-11.009793758392334,0.21428571428571427
1368,1,0,16091,-15.137684106826782,-11.009793758392334,0.21428571428571427
1369,0,0,16090,-15.137684106826782,-11.009793758392334,0.21428571428571427
1370,1,0,16089,-15.137684106826782,-11.009793758392334,0.21428571428571427
1371,1,0,16088,-15.137684106826782,-11.009793758392334,0.21428571428571427
1372,1,0,16087,-15.137684106826782,-11.009793758392334,0.21428571428571427
1373,1,0,16086,-15.137684106826782,-11.009793758392334,0.21428571428571427
1374,0,0,16085,-15.137684106826782,-11.009793758392334,0.21428571428571427
1375,1,0,16084,-15.137684106826782,-11.009793758392334,0.21428571428571427
1376,0,0,16083,-15.137684106826782,-11.009793758392334,0.21428571428571427
1377,1,0,16082,-15.137684106826782,-11.009793758392334,0.21428571428571427
1378,1,0,16081,-15.137684106826782,-11.009793758392334,0.21428571428571427
1379,1,0,16080,-15.137684106826782,-11.009793758392334,0.21428571428571427
1380,1,0,16079,-15.137684106826782,-11.009793758392334,0.21428571428571427
1381,1,0,16078,-15.137684106826782,-11.009793758392334,0.21428571428571427
1382,1,0,16077,-15.137684106826782,-11.009793758392334,0.21428571428571427
1383,1,0,16076,-15.137684106826782,-11.009793758392334,0.21428571428571427
1384,1,0,16075,-15.137684106826782,-11.009793758392334,0.21428571428571427
1385,1,0,16074,-15.137684106826782,-11.009793758392334,0.21428571428571427
1386,1,0,16073,-15.137684106826782,-11.009793758392334,0.21428571428571427
1387,1,0,16072,-15.137684106826782,-11.009793758392334,0.21428571428571427
1388,0,0,16071,-15.137684106826782,-11.009793758392334,0.21428571428571427
1389,1,0,16092,-15.137684106826782,-11.009793758392334,0.21428571428571427
1390,1,0,16093,-15.137684106826782,-11.009793758392334,0.21428571428571427
1391,1,0,16094,-15.137684106826782,-11.009793758392334,0.21428571428571427
1392,1,0,16106,-15.137684106826782,-11.009793758392334,0.21428571428571427
1393,1,0,16115,-15.137684106826782,-11.009793758392334,0.21428571428571427
1394,1,0,16114,-15.137684106826782,-11.009793758392334,0.21428571428571427
1395,1,0,16113,-15.137684106826782,-11.009793758392334,0.21428571428571427
1396,0,0,16112,-15.137684106826782,-11.009793758392334,0.21428571428571427
1397,1,0,16111,-15.137684106826782,-11.009793758392334,0.21428571428571427
1398,1,0,16110,-15.137684106826782,-11.009793758392334,0.21428571428571427
1399,0,0,16109,-15.137684106826782,-11.009793758392334,0.21428571428571427
1400,1,0,16108,-15.137684106826782,-11.009793758392334,0.21428571428571427
1401,1,0,16107,-15.137684106826782,-11.009793758392334,0.21428571428571427
1402,1,0,16105,-15.137684106826782,-11.009793758392334,0.21428571428571427
1403,1,0,16095,-15.137684106826782,-11.009793758392334,0.21428571428571427
1404,1,0,16104,-15.137684106826782,-11.009793758392334,0.21428571428571427
1405,1,0,16103,-15.137684106826782,-11.009793758392334,0.21428571428571427
1406,1,0,16102,-15.137684106826782,-11.009793758392334,0.21428571428571427
1407,1,0,16101,-15.137684106826782,-11.009793758392334,0.21428571428571427
1408,0,0,16100,-15.137684106826782,-11.009793758392334,0.21428571428571427
1409,1,0,16099,-15.137684106826782,-11.009793758392334,0.21428571428571427
1410,1,0,16098,-15.137684106826782,-11.009793758392334,0.21428571428571427
1411,1,0,16097,-15.137684106826782,-11.009793758392334,0.21428571428571427
1412,1,0,16096,-15.137684106826782,-11.009793758392334,0.21428571428571427
1413,1,0,16070,-15.137684106826782,-11.009793758392334,0.21428571428571427
1414,1,0,16068,-15.137684106826782,-11.009793758392334,0.21428571428571427
1415,1,0,16021,-15.137684106826782,-11.009793758392334,0.21428571428571427
1416,1,0,16067,-15.137684106826782,-11.009793758392334,0.21428571428571427
1417,1,0,16042,-15.137684106826782,-11.009793758392334,0.21428571428571427
1418,1,0,16041,-15.137684106826782,-11.009793758392334,0.21428571428571427
1419,1,0,16040,-15.137684106826782,-11.009793758392334,0.21428571428571427
1420,1,0,16039,-15.137684106826782,-11.009793758392334,0.21428571428571427
1421,1,0,16038,-15.137684106826782,-11.009793758392334,0.21428571428571427
1422,1,0,16037,-15.137684106826782,-11.009793758392334,0.21428571428571427
1423,1,0,16036,-15.137684106826782,-11.009793758392334,0.21428571428571427
1424,1,0,16035,-15.137684106826782,-11.009793758392334,0.21428571428571427
1425,0,0,16034,-15.137684106826782,-11.009793758392334,0.21428571428571427
1426,1,0,16033,-15.137684106826782,-11.009793758392334,0.21428571428571427
1427,1,0,16032,-15.137684106826782,-11.009793758392334,0.21428571428571427
1428,1,0,16031,-15.137684106826782,-11.009793758392334,0.21428571428571427
1429,1,0,16030,-15.137684106826782,-11.009793758392334,0.21428571428571427
1430,1,0,16029,-15.137684106826782,-11.009793758392334,0.21428571428571427
1431,1,0,16028,-15.137684106826782,-11.009793758392334,0.21428571428571427
1432,1,0,16027,-15.137684106826782,-11.009793758392334,0.21428571428571427
1433,1,0,16026,-15.137684106826782,-11.009793758392334,0.21428571428571427
1434,1,0,16025,-15.137684106826782,-11.009793758392334,0.21428571428571427
1435,1,0,16024,-15.137684106826782,-11.009793758392334,0.21428571428571427
1436,1,0,16023,-15.137684106826782,-11.009793758392334,0.21428571428571427
1437,1,0,16022,-15.137684106826782,-11.009793758392334,0.21428571428571427
1438,1,0,16043,-15.137684106826782,-11.009793758392334,0.21428571428571427
1439,1,0,16044,-15.137684106826782,-11.009793758392334,0.21428571428571427
1440,1,0,16045,-15.137684106826782,-11.009793758392334,0.21428571428571427
1441,1,0,16057,-15.137684106826782,-11.009793758392334,0.21428571428571427
1442,1,0,16066,-15.137684106826782,-11.009793758392334,0.21428571428571427
1443,1,0,16065,-15.137684106826782,-11.009793758392334,0.21428571428571427
1444,1,0,16064,-15.137684106826782,-11.009793758392334,0.21428571428571427
1445,1,0,16063,-15.137684106826782,-11.009793758392334,0.21428571428571427
1446,1,0,16062,-15.137684106826782,-11.009793758392334,0.21428571428571427
1447,1,0,16061,-15.137684106826782,-11.009793758392334,0.21428571428571427
1448,1,0,16060,-15.137684106826782,-11.009793758392334,0.21428571428571427
1449,0,0,16059,-15.137684106826782,-11.009793758392334,0.21428571428571427
1450,1,0,16058,-15.137684106826782,-11.009793758392334,0.21428571428571427
1451,1,0,16056,-15.137684106826782,-11.009793758392334,0.21428571428571427
1452,1,0,16046,-15.137684106826782,-11.009793758392334,0.21428571428571427
1453,1,0,16055,-15.137684106826782,-11.009793758392334,0.21428571428571427
1454,1,0,16054,-15.137684106826782,-11.009793758392334,0.21428571428571427
1455,1,0,16053,-15.137684106826782,-11.009793758392334,0.21428571428571427
1456,1,0,16052,-15.137684106826782,-11.009793758392334,0.21428571428571427
1457,1,0,16051,-15.137684106826782,-11.009793758392334,0.21428571428571427
1458,1,0,16050,-15.137684106826782,-11.009793758392334,0.21428571428571427
1459,1,0,16049,-15.137684106826782,-11.009793758392334,0.21428571428571427
1460,1,0,16048,-15.137684106826782,-11.009793758392334,0.21428571428571427
1461,1,0,16047,-15.137684106826782,-11.009793758392334,0.21428571428571427
1462,0,0,16116,-15.137684106826782,-11.009793758392334,0.21428571428571427
1463,1,0,16117,-15.137684106826782,-11.009793758392334,0.21428571428571427
1464,1,0,16118,-15.137684106826782,-11.009793758392334,0.21428571428571427
1465,1,0,16119,-15.137684106826782,-11.009793758392334,0.21428571428571427
1466,1,0,16188,-15.137684106826782,-11.009793758392334,0.21428571428571427
1467,1,0,16187,-15.137684106826782,-11.009793758392334,0.21428571428571427
1468,1,0,16186,-15.137684106826782,-11.009793758392334,0.21428571428571427
1469,0,0,16185,-15.137684106826782,-11.009793758392334,0.21428571428571427
1470,1,0,16184,-15.137684106826782,-11.009793758392334,0.21428571428571427
1471,1,0,16183,-15.137684106826782,-11.009793758392334,0.21428571428571427
1472,1,0,16182,-15.137684106826782,-11.009793758392334,0.21428571428571427
1473,1,0,16181,-15.137684106826782,-11.009793758392334,0.21428571428571427
1474,1,0,16180,-15.137684106826782,-11.009793758392334,0.21428571428571427
1475,1,0,16178,-15.137684106826782,-11.009793758392334,0.21428571428571427
1476,1,0,16168,-15.137684106826782,-11.009793758392334,0.21428571428571427
1477,1,0,16177,-15.137684106826782,-11.009793758392334,0.21428571428571427
1478,1,0,16176,-15.137684106826782,-11.009793758392334,0.21428571428571427
1479,1,0,16175,-15.137684106826782,-11.009793758392334,0.21428571428571427
1480,1,0,16174,-15.137684106826782,-11.009793758392334,0.21428571428571427
1481,1,0,16173,-15.137684106826782,-11.009793758392334,0.21428571428571427
1482,0,0,16172,-15.137684106826782,-11.009793758392334,0.21428571428571427
1483,1,0,16171,-15.137684106826782,-11.009793758392334,0.21428571428571427
1484,1,0,16170,-15.137684106826782,-11.009793758392334,0.21428571428571427
1485,1,0,16169,-15.137684106826782,-11.009793758392334,0.21428571428571427
1486,1,0,16189,-15.137684106826782,-11.009793758392334,0.21428571428571427
1487,0,0,16179,-15.137684106826782,-11.009793758392334,0.21428571428571427
1488,1,0,16190,-15.137684106826782,-11.009793758392334,0.21428571428571427
1489,1,0,16203,-15.137684106826782,-11.009793758392334,0.21428571428571427
1490,1,0,16212,-15.137684106826782,-11.009793758392334,0.21428571428571427
1491,1,0,16211,-15.137684106826782,-11.009793758392334,0.21428571428571427
1492,1,0,16210,-15.137684106826782,-11.009793758392334,0.21428571428571427
1493,1,0,16209,-15.137684106826782,-11.009793758392334,0.21428571428571427
1494,1,0,16208,-15.137684106826782,-11.009793758392334,0.21428571428571427
1495,0,0,16207,-15.137684106826782,-11.009793758392334,0.21428571428571427
1496,1,0,16206,-15.137684106826782,-11.009793758392334,0.21428571428571427
1497,1,0,16205,-15.137684106826782,-11.009793758392334,0.21428571428571427
1498,1,0,16204,-15.137684106826782,-11.009793758392334,0.21428571428571427
1499,1,0,16202,-15.137684106826782,-11.009793758392334,0.21428571428571427
1500,1,0,16192,-15.137684106826782,-11.009793758392334,0.21428571428571427
1501,0,0,16201,-15.137684106826782,-11.009793758392334,0.21428571428571427
1502,1,0,16200,-15.137684106826782,-11.009793758392334,0.21428571428571427
1503,1,0,16199,-15.137684106826782,-11.009793758392334,0.21428571428571427
1504,0,0,16198,-15.137684106826782,-11.009793758392334,0.21428571428571427
1505,1,0,16197,-15.137684106826782,-11.009793758392334,0.21428571428571427
1506,1,0,16196,-15.137684106826782,-11.009793758392334,0.21428571428571427
1507,1,0,16195,-15.137684106826782,-11.009793758392334,0.21428571428571427
1508,1,0,16194,-15.137684106826782,-11.009793758392334,0.21428571428571427
1509,0,0,16193,-15.137684106826782,-11.009793758392334,0.21428571428571427
1510,1,0,16191,-15.137684106826782,-11.009793758392334,0.21428571428571427
1511,1,0,16167,-15.137684106826782,-11.009793758392334,0.21428571428571427
1512,1,0,16166,-15.137684106826782,-11.009793758392334,0.21428571428571427
1513,1,0,16165,-15.137684106826782,-11.009793758392334,0.21428571428571427
1514,1,0,16140,-15.137684106826782,-11.009793758392334,0.21428571428571427
1515,1,0,16139,-15.137684106826782,-11.009793758392334,0.21428571428571427
1516,1,0,16138,-15.137684106826782,-11.009793758392334,0.21428571428571427
1517,1,0,16137,-15.137684106826782,-11.009793758392334,0.21428571428571427
1518,1,0,16136,-15.137684106826782,-11.009793758392334,0.21428571428571427
1519,1,0,16135,-15.137684106826782,-11.009793758392334,0.21428571428571427
1520,1,0,16134,-15.137684106826782,-11.009793758392334,0.21428571428571427
1521,1,0,16133,-15.137684106826782,-11.009793758392334,0.21428571428571427
1522,0,0,16132,-15.137684106826782,-11.009793758392334,0.21428571428571427
1523,1,0,16131,-15.137684106826782,-11.009793758392334,0.21428571428571427
1524,1,0,16130,-15.137684106826782,-11.009793758392334,0.21428571428571427
1525,1,0,16129,-15.137684106826782,-11.009793758392334,0.21428571428571427
1526,1,0,16128,-15.137684106826782,-11.009793758392334,0.21428571428571427
1527,1,0,16127,-15.137684106826782,-11.009793758392334,0.21428571428571427
1528,1,0,16126,-15.137684106826782,-11.009793758392334,0.21428571428571427
1529,1,0,16125,-15.137684106826782,-11.009793758392334,0.21428571428571427
1530,1,0,16124,-15.137684106826782,-11.009793758392334,0.21428571428571427
1531,1,0,16123,-15.137684106826782,-11.009793758392334,0.21428571428571427
1532,1,0,16122,-15.137684106826782,-11.009793758392334,0.21428571428571427
1533,0,0,16121,-15.137684106826782,-11.009793758392334,0.21428571428571427
1534,1,0,16120,-15.137684106826782,-11.009793758392334,0.21428571428571427
1535,1,0,16141,-15.137684106826782,-11.009793758392334,0.21428571428571427
1536,1,0,16142,-15.137684106826782,-11.009793758392334,0.21428571428571427
1537,1,0,16143,-15.137684106826782,-11.009793758392334,0.21428571428571427
1538,1,0,16155,-15.137684106826782,-11.009793758392334,0.21428571428571427
1539,1,0,16164,-15.137684106826782,-11.009793758392334,0.21428571428571427
1540,1,0,16163,-15.137684106826782,-11.009793758392334,0.21428571428571427
1541,1,0,16162,-15.137684106826782,-11.009793758392334,0.21428571428571427
1542,1,0,16161,-15.137684106826782,-11.009793758392334,0.21428571428571427
1543,1,0,16160,-15.137684106826782,-11.009793758392334,0.21428571428571427
1544,1,0,16159,-15.137684106826782,-11.009793758392334,0.21428571428571427
1545,1,0,16158,-15.137684106826782,-11.009793758392334,0.21428571428571427
1546,1,0,16157,-15.137684106826782,-11.009793758392334,0.21428571428571427
1547,1,0,16156,-15.137684106826782,-11.009793758392334,0.21428571428571427
1548,1,0,16154,-15.137684106826782,-11.009793758392334,0.21428571428571427
1549,1,0,16144,-15.137684106826782,-11.009793758392334,0.21428571428571427
1550,1,0,16153,-15.137684106826782,-11.009793758392334,0.21428571428571427
1551,1,0,16152,-15.137684106826782,-11.009793758392334,0.21428571428571427
1552,1,0,16151,-15.137684106826782,-11.009793758392334,0.21428571428571427
1553,1,0,16150,-15.137684106826782,-11.009793758392334,0.21428571428571427
1554,1,0,16149,-15.137684106826782,-11.009793758392334,0.21428571428571427
1555,1,0,16148,-15.137684106826782,-11.009793758392334,0.21428571428571427
1556,1,0,16147,-15.137684106826782,-11.009793758392334,0.21428571428571427
1557,0,0,10,-15.137684106826782,-11.009793758392334,0.21428571428571427
1558,1,0,16146,-15.137684106826782,-11.009793758392334,0.21428571428571427
1559,1,0,16145,-15.137684106826782,-11.009793758392334,0.21428571428571427
1560,1,0,17189,-15.137684106826782,-11.009793758392334,0.21428571428571427
1561,1,0,16410,-15.137684106826782,-11.009793758392334,0.21428571428571427
1562,1,0,17190,-15.137684106826782,-11.009793758392334,0.21428571428571427
1563,1,0,17972,-15.137684106826782,-11.009793758392334,0.21428571428571427
1564,1,0,18239,-15.137684106826782,-11.009793758392334,0.21428571428571427
1565,1,0,18238,-15.137684106826782,-11.009793758392334,0.21428571428571427
1566,1,0,18237,-15.137684106826782,-11.009793758392334,0.21428571428571427
1567,1,0,18236,-15.137684106826782,-11.009793758392334,0.21428571428571427
1568,1,0,18235,-15.137684106826782,-11.009793758392334,0.21428571428571427
1569,1,0,18234,-15.137684106826782,-11.009793758392334,0.21428571428571427
1570,1,0,18233,-15.137684106826782,-11.009793758392334,0.21428571428571427
1571,1,0,18232,-15.137684106826782,-11.009793758392334,0.21428571428571427
1572,0,0,18231,-15.137684106826782,-11.009793758392334,0.21428571428571427
1573,1,0,18230,-15.137684106826782,-11.009793758392334,0.21428571428571427
1574,1,0,18229,-15.137684106826782,-11.009793758392334,0.21428571428571427
1575,1,0,18228,-15.137684106826782,-11.009793758392334,0.21428571428571427
1576,1,0,18227,-15.137684106826782,-11.009793758392334,0.21428571428571427
1577,1,0,18226,-15.137684106826782,-11.009793758392334,0.21428571428571427
1578,1,0,18225,-15.137684106826782,-11.009793758392334,0.21428571428571427
1579,1,0,18224,-15.137684106826782,-11.009793758392334,0.21428571428571427
1580,1,0,18223,-15.137684106826782,-11.009793758392334,0.21428571428571427
1581,1,0,18222,-15.137684106826782,-11.009793758392334,0.21428571428571427
1582,1,0,18221,-15.137684106826782,-11.009793758392334,0.21428571428571427
1583,1,0,18220,-15.137684106826782,-11.009793758392334,0.21428571428571427
1584,1,0,18219,-15.137684106826782,-11.009793758392334,0.21428571428571427
1585,1,0,18240,-15.137684106826782,-11.009793758392334,0.21428571428571427
1586,0,0,18241,-15.137684106826782,-11.009793758392334,0.21428571428571427
1587,1,0,18242,-15.137684106826782,-11.009793758392334,0.21428571428571427
1588,1,0,18254,-15.137684106826782,-11.009793758392334,0.21428571428571427
1589,1,0,18263,-15.137684106826782,-11.009793758392334,0.21428571428571427
1590,1,0,18262,-15.137684106826782,-11.009793758392334,0.21428571428571427
1591,1,0,18261,-15.137684106826782,-11.009793758392334,0.21428571428571427
1592,1,0,18260,-15.137684106826782,-11.009793758392334,0.21428571428571427
1593,1,0,18259,-15.137684106826782,-11.009793758392334,0.21428571428571427
1594,1,0,18258,-15.137684106826782,-11.009793758392334,0.21428571428571427
1595,1,0,18257,-15.137684106826782,-11.009793758392334,0.21428571428571427
1596,0,0,18256,-15.137684106826782,-11.009793758392334,0.21428571428571427
1597,1,0,18255,-15.137684106826782,-11.009793758392334,0.21428571428571427
1598,1,0,18253,-15.137684106826782,-11.009793758392334,0.21428571428571427
1599,1,0,18243,-15.137684106826782,-11.009793758392334,0.21428571428571427
1600,1,0,18252,-15.137684106826782,-11.009793758392334,0.21428571428571427
1601,1,0,18251,-15.137684106826782,-11.009793758392334,0.21428571428571427
1602,1,0,18250,-15.137684106826782,-11.009793758392334,0.21428571428571427
1603,1,0,18249,-15.137684106826782,-11.009793758392334,0.21428571428571427
1604,1,0,18248,-15.137684106826782,-11.009793758392334,0.21428571428571427
1605,1,0,18247,-15.137684106826782,-11.009793758392334,0.21428571428571427
1606,1,0,18246,-15.137684106826782,-11.009793758392334,0.21428571428571427
1607,1,0,18245,-15.137684106826782,-11.009793758392334,0.21428571428571427
1608,1,0,18244,-15.137684106826782,-11.009793758392334,0.21428571428571427
1609,1,0,18218,-15.137684106826782,-11.009793758392334,0.21428571428571427
1610,1,0,18216,-15.137684106826782,-11.009793758392334,0.21428571428571427
1611,1,0,18169,-15.137684106826782,-11.009793758392334,0.21428571428571427
1612,1,0,18215,-15.137684106826782,-11.009793758392334,0.21428571428571427
1613,1,0,18190,-15.137684106826782,-11.009793758392334,0.21428571428571427
1614,1,0,18189,-15.137684106826782,-11.009793758392334,0.21428571428571427
1615,1,0,18188,-15.137684106826782,-11.009793758392334,0.21428571428571427
1616,1,0,18187,-15.137684106826782,-11.009793758392334,0.21428571428571427
1617,1,0,18186,-15.137684106826782,-11.009793758392334,0.21428571428571427
1618,1,0,18185,-15.137684106826782,-11.009793758392334,0.21428571428571427
1619,1,0,18184,-15.137684106826782,-11.009793758392334,0.21428571428571427
1620,1,0,18183,-15.137684106826782,-11.009793758392334,0.21428571428571427
1621,1,0,18182,-15.137684106826782,-11.009793758392334,0.21428571428571427
1622,1,0,18181,-15.137684106826782,-11.009793758392334,0.21428571428571427
1623,1,0,18180,-15.137684106826782,-11.009793758392334,0.21428571428571427
1624,0,0,18179,-15.137684106826782,-11.009793758392334,0.21428571428571427
1625,1,0,18178,-15.137684106826782,-11.009793758392334,0.21428571428571427
1626,1,0,18177,-15.137684106826782,-11.009793758392334,0.21428571428571427
1627,1,0,18176,-15.137684106826782,-11.009793758392334,0.21428571428571427
1628,1,0,18175,-15.137684106826782,-11.009793758392334,0.21428571428571427
1629,1,0,18174,-15.137684106826782,-11.009793758392334,0.21428571428571427
1630,1,0,18173,-15.137684106826782,-11.009793758392334,0.21428571428571427
1631,1,0,18172,-15.137684106826782,-11.009793758392334,0.21428571428571427
1632,0,0,18171,-15.137684106826782,-11.009793758392334,0.21428571428571427
1633,1,0,18170,-15.137684106826782,-11.009793758392334,0.21428571428571427
1634,1,0,18191,-15.137684106826782,-11.009793758392334,0.21428571428571427
1635,1,0,18192,-15.137684106826782,-11.009793758392334,0.21428571428571427
1636,1,0,18193,-15.137684106826782,-11.009793758392334,0.21428571428571427
1637,1,0,18205,-15.137684106826782,-11.009793758392334,0.21428571428571427
1638,1,0,18214,-15.137684106826782,-11.009793758392334,0.21428571428571427
1639,1,0,18213,-15.137684106826782,-11.009793758392334,0.21428571428571427
1640,0,0,18212,-15.137684106826782,-11.009793758392334,0.21428571428571427
1641,1,0,18211,-15.137684106826782,-11.009793758392334,0.21428571428571427
1642,0,0,18210,-15.137684106826782,-11.009793758392334,0.21428571428571427
1643,0,0,18209,-15.137684106826782,-11.009793758392334,0.21428571428571427
1644,1,0,18208,-15.137684106826782,-11.009793758392334,0.21428571428571427
1645,1,0,18207,-15.137684106826782,-11.009793758392334,0.21428571428571427
1646,1,0,18206,-15.137684106826782,-11.009793758392334,0.21428571428571427
1647,1,0,18204,-15.137684106826782,-11.009793758392334,0.21428571428571427
1648,1,0,18194,-15.137684106826782,-11.009793758392334,0.21428571428571427
1649,1,0,18203,-15.137684106826782,-11.009793758392334,0.21428571428571427
1650,0,0,18202,-15.137684106826782,-11.009793758392334,0.21428571428571427
1651,1,0,18201,-15.137684106826782,-11.009793758392334,0.21428571428571427
1652,1,0,18200,-15.137684106826782,-11.009793758392334,0.21428571428571427
1653,1,0,18199,-15.137684106826782,-11.009793758392334,0.21428571428571427
1654,1,0,18198,-15.137684106826782,-11.009793758392334,0.21428571428571427
1655,0,0,18197,-15.137684106826782,-11.009793758392334,0.21428571428571427
1656,1,0,18196,-15.137684106826782,-11.009793758392334,0.21428571428571427
1657,1,0,18195,-15.137684106826782,-11.009793758392334,0.21428571428571427
1658,1,0,18264,-15.137684106826782,-11.009793758392334,0.21428571428571427
1659,1,0,18265,-15.137684106826782,-11.009793758392334,0.21428571428571427
1660,1,0,18266,-15.137684106826782,-11.009793758392334,0.21428571428571427
1661,1,0,18267,-15.137684106826782,-11.009793758392334,0.21428571428571427
1662,1,0,18336,-15.137684106826782,-11.009793758392334,0.21428571428571427
1663,1,0,18335,-15.137684106826782,-11.009793758392334,0.21428571428571427
1664,1,0,18334,-15.137684106826782,-11.009793758392334,0.21428571428571427
1665,0,0,18333,-15.137684106826782,-11.009793758392334,0.21428571428571427
1666,1,0,18332,-15.137684106826782,-11.009793758392334,0.21428571428571427
1667,1,0,18331,-15.137684106826782,-11.009793758392334,0.21428571428571427
1668,1,0,18330,-15.137684106826782,-11.009793758392334,0.21428571428571427
1669,1,0,18329,-15.137684106826782,-11.009793758392334,0.21428571428571427
1670,1,0,18328,-15.137684106826782,-11.009793758392334,0.21428571428571427
1671,1,0,18326,-15.137684106826782,-11.009793758392334,0.21428571428571427
1672,1,0,18316,-15.137684106826782,-11.009793758392334,0.21428571428571427
1673,1,0,18325,-15.137684106826782,-11.009793758392334,0.21428571428571427
1674,1,0,18324,-15.137684106826782,-11.009793758392334,0.21428571428571427
1675,1,0,18323,-15.137684106826782,-11.009793758392334,0.21428571428571427
1676,1,0,18322,-15.137684106826782,-11.009793758392334,0.21428571428571427
1677,1,0,18321,-15.137684106826782,-11.009793758392334,0.21428571428571427
1678,1,0,18320,-15.137684106826782,-11.009793758392334,0.21428571428571427
1679,1,0,18319,-15.137684106826782,-11.009793758392334,0.21428571428571427
1680,1,0,18318,-15.137684106826782,-11.009793758392334,0.21428571428571427
1681,1,0,18317,-15.137684106826782,-11.009793758392334,0.21428571428571427
1682,1,0,18337,-15.137684106826782,-11.009793758392334,0.21428571428571427
1683,1,0,18327,-15.137684106826782,-11.009793758392334,0.21428571428571427
1684,1,0,18338,-15.137684106826782,-11.009793758392334,0.21428571428571427
1685,1,0,18351,-15.137684106826782,-11.009793758392334,0.21428571428571427
1686,0,0,18360,-15.137684106826782,-11.009793758392334,0.21428571428571427
1687,1,0,18359,-15.137684106826782,-11.009793758392334,0.21428571428571427
1688,1,0,18358,-15.137684106826782,-11.009793758392334,0.21428571428571427
1689,1,0,18357,-15.137684106826782,-11.009793758392334,0.21428571428571427
1690,1,0,18356,-15.137684106826782,-11.009793758392334,0.21428571428571427
1691,1,0,18355,-15.137684106826782,-11.009793758392334,0.21428571428571427
1692,1,0,18354,-15.137684106826782,-11.009793758392334,0.21428571428571427
1693,1,0,18353,-15.137684106826782,-11.009793758392334,0.21428571428571427
1694,1,0,18352,-15.137684106826782,-11.009793758392334,0.21428571428571427
1695,1,0,18350,-15.137684106826782,-11.009793758392334,0.21428571428571427
1696,1,0,18340,-15.137684106826782,-11.009793758392334,0.21428571428571427
1697,1,0,18349,-15.137684106826782,-11.009793758392334,0.21428571428571427
1698,1,0,18348,-15.137684106826782,-11.009793758392334,0.21428571428571427
1699,1,0,18347,-15.137684106826782,-11.009793758392334,0.21428571428571427
1700,1,0,18346,-15.137684106826782,-11.009793758392334,0.21428571428571427
1701,1,0,18345,-15.137684106826782,-11.009793758392334,0.21428571428571427
1702,1,0,18344,-15.137684106826782,-11.009793758392334,0.21428571428571427
1703,1,0,18343,-15.137684106826782,-11.009793758392334,0.21428571428571427
1704,1,0,18342,-15.137684106826782,-11.009793758392334,0.21428571428571427
1705,1,0,18341,-15.137684106826782,-11.009793758392334,0.21428571428571427
1706,1,0,18339,-15.137684106826782,-11.009793758392334,0.21428571428571427
1707,1,0,18315,-15.137684106826782,-11.009793758392334,0.21428571428571427
1708,1,0,18314,-15.137684106826782,-11.009793758392334,0.21428571428571427
1709,1,0,18313,-15.137684106826782,-11.009793758392334,0.21428571428571427
1710,1,0,18288,-15.137684106826782,-11.009793758392334,0.21428571428571427
1711,1,0,18287,-15.137684106826782,-11.009793758392334,0.21428571428571427
1712,0,0,18286,-15.137684106826782,-11.009793758392334,0.21428571428571427
1713,1,0,18285,-15.137684106826782,-11.009793758392334,0.21428571428571427
1714,1,0,18284,-15.137684106826782,-11.009793758392334,0.21428571428571427
1715,1,0,18283,-15.137684106826782,-11.009793758392334,0.21428571428571427
1716,1,0,18282,-15.137684106826782,-11.009793758392334,0.21428571428571427
1717,1,0,18281,-15.137684106826782,-11.009793758392334,0.21428571428571427
1718,1,0,18280,-15.137684106826782,-11.009793758392334,0.21428571428571427
1719,1,0,18279,-15.137684106826782,-11.009793758392334,0.21428571428571427
1720,1,0,18278,-15.137684106826782,-11.009793758392334,0.21428571428571427
1721,1,0,18277,-15.137684106826782,-11.009793758392334,0.21428571428571427
1722,1,0,18276,-15.137684106826782,-11.009793758392334,0.21428571428571427
1723,1,0,18275,-15.137684106826782,-11.009793758392334,0.21428571428571427
1724,1,0,18274,-15.137684106826782,-11.009793758392334,0.21428571428571427
1725,1,0,18273,-15.137684106826782,-11.009793758392334,0.21428571428571427
1726,1,0,18272,-15.137684106826782,-11.009793758392334,0.21428571428571427
1727,1,0,18271,-15.137684106826782,-11.009793758392334,0.21428571428571427
1728,1,0,18270,-15.137684106826782,-11.009793758392334,0.21428571428571427
1729,1,0,18269,-15.137684106826782,-11.009793758392334,0.21428571428571427
1730,1,0,18268,-15.137684106826782,-11.009793758392334,0.21428571428571427
1731,1,0,18289,-15.137684106826782,-11.009793758392334,0.21428571428571427
1732,0,0,18290,-15.137684106826782,-11.009793758392334,0.21428571428571427
1733,1,0,18291,-15.137684106826782,-11.009793758392334,0.21428571428571427
1734,1,0,18303,-15.137684106826782,-11.009793758392334,0.21428571428571427
1735,1,0,18312,-15.137684106826782,-11.009793758392334,0.21428571428571427
1736,1,0,18311,-15.137684106826782,-11.009793758392334,0.21428571428571427
1737,1,0,18310,-15.137684106826782,-11.009793758392334,0.21428571428571427
1738,1,0,18309,-15.137684106826782,-11.009793758392334,0.21428571428571427
1739,1,0,18308,-15.137684106826782,-11.009793758392334,0.21428571428571427
1740,1,0,18307,-15.137684106826782,-11.009793758392334,0.21428571428571427
1741,1,0,18306,-15.137684106826782,-11.009793758392334,0.21428571428571427
1742,1,0,18305,-15.137684106826782,-11.009793758392334,0.21428571428571427
1743,0,0,18304,-15.137684106826782,-11.009793758392334,0.21428571428571427
1744,0,0,18302,-15.137684106826782,-11.009793758392334,0.21428571428571427
1745,1,0,18292,-15.137684106826782,-11.009793758392334,0.21428571428571427
1746,1,0,18301,-15.137684106826782,-11.009793758392334,0.21428571428571427
1747,1,0,18300,-15.137684106826782,-11.009793758392334,0.21428571428571427
1748,1,0,18299,-15.137684106826782,-11.009793758392334,0.21428571428571427
1749,1,0,18298,-15.137684106826782,-11.009793758392334,0.21428571428571427
1750,1,0,18297,-15.137684106826782,-11.009793758392334,0.21428571428571427
1751,1,0,18296,-15.137684106826782,-11.009793758392334,0.21428571428571427
1752,1,0,18295,-15.137684106826782,-11.009793758392334,0.21428571428571427
1753,1,0,18294,-15.137684106826782,-11.009793758392334,0.21428571428571427
1754,1,0,18293,-15.137684106826782,-11.009793758392334,0.21428571428571427
1755,1,0,18217,-15.137684106826782,-11.009793758392334,0.21428571428571427
1756,0,0,18168,-15.137684106826782,-11.009793758392334,0.21428571428571427
1757,1,0,18167,-15.137684106826782,-11.009793758392334,0.21428571428571427
1758,1,0,18166,-15.137684106826782,-11.009793758392334,0.21428571428571427
1759,1,0,18043,-15.137684106826782,-11.009793758392334,0.21428571428571427
1760,1,0,18042,-15.137684106826782,-11.009793758392334,0.21428571428571427
1761,1,0,18041,-15.137684106826782,-11.009793758392334,0.21428571428571427
1762,1,0,18040,-15.137684106826782,-11.009793758392334,0.21428571428571427
1763,1,0,18039,-15.137684106826782,-11.009793758392334,0.21428571428571427
1764,1,0,18038,-15.137684106826782,-11.009793758392334,0.21428571428571427
1765,1,0,18037,-15.137684106826782,-11.009793758392334,0.21428571428571427
1766,1,0,18036,-15.137684106826782,-11.009793758392334,0.21428571428571427
1767,1,0,18035,-15.137684106826782,-11.009793758392334,0.21428571428571427
1768,1,0,18034,-15.137684106826782,-11.009793758392334,0.21428571428571427
1769,1,0,18033,-15.137684106826782,-11.009793758392334,0.21428571428571427
1770,1,0,18032,-15.137684106826782,-11.009793758392334,0.21428571428571427
1771,0,0,18031,-15.137684106826782,-11.009793758392334,0.21428571428571427
1772,1,0,18030,-15.137684106826782,-11.009793758392334,0.21428571428571427
1773,1,0,18029,-15.137684106826782,-11.009793758392334,0.21428571428571427
1774,1,0,18028,-15.137684106826782,-11.009793758392334,0.21428571428571427
1775,1,0,18027,-15.137684106826782,-11.009793758392334,0.21428571428571427
1776,1,0,18026,-15.137684106826782,-11.009793758392334,0.21428571428571427
1777,1,0,18025,-15.137684106826782,-11.009793758392334,0.21428571428571427
1778,1,0,18024,-15.137684106826782,-11.009793758392334,0.21428571428571427
1779,1,0,18023,-15.137684106826782,-11.009793758392334,0.21428571428571427
1780,1,0,18044,-15.137684106826782,-11.009793758392334,0.21428571428571427
1781,1,0,18045,-15.137684106826782,-11.009793758392334,0.21428571428571427
1782,1,0,18046,-15.137684106826782,-11.009793758392334,0.21428571428571427
1783,1,0,18058,-15.137684106826782,-11.009793758392334,0.21428571428571427
1784,1,0,18067,-15.137684106826782,-11.009793758392334,0.21428571428571427
1785,1,0,18066,-15.137684106826782,-11.009793758392334,0.21428571428571427
1786,1,0,18065,-15.137684106826782,-11.009793758392334,0.21428571428571427
1787,1,0,18064,-15.137684106826782,-11.009793758392334,0.21428571428571427
1788,1,0,18063,-15.137684106826782,-11.009793758392334,0.21428571428571427
1789,1,0,18062,-15.137684106826782,-11.009793758392334,0.21428571428571427
1790,1,0,18061,-15.137684106826782,-11.009793758392334,0.21428571428571427
1791,1,0,18060,-15.137684106826782,-11.009793758392334,0.21428571428571427
1792,1,0,18059,-15.137684106826782,-11.009793758392334,0.21428571428571427
1793,1,0,18057,-15.137684106826782,-11.009793758392334,0.21428571428571427
1794,1,0,18047,-15.137684106826782,-11.009793758392334,0.21428571428571427
1795,1,0,18056,-15.137684106826782,-11.009793758392334,0.21428571428571427
1796,1,0,18055,-15.137684106826782,-11.009793758392334,0.21428571428571427
1797,1,0,18054,-15.137684106826782,-11.009793758392334,0.21428571428571427
1798,1,0,18053,-15.137684106826782,-11.009793758392334,0.21428571428571427
1799,1,0,18052,-15.137684106826782,-11.009793758392334,0.21428571428571427
1800,1,0,18051,-15.137684106826782,-11.009793758392334,0.21428571428571427
1801,1,0,18050,-15.137684106826782,-11.009793758392334,0.21428571428571427
1802,1,0,18049,-15.137684106826782,-11.009793758392334,0.21428571428571427
1803,1,0,18048,-15.137684106826782,-11.009793758392334,0.21428571428571427
1804,1,0,18022,-15.137684106826782,-11.009793758392334,0.21428571428571427
1805,1,0,18020,-15.137684106826782,-11.009793758392334,0.21428571428571427
1806,1,0,17973,-15.137684106826782,-11.009793758392334,0.21428571428571427
1807,1,0,18019,-15.137684106826782,-11.009793758392334,0.21428571428571427
1808,1,0,17994,-15.137684106826782,-11.009793758392334,0.21428571428571427
1809,1,0,17993,-15.137684106826782,-11.009793758392334,0.21428571428571427
1810,0,0,17992,-15.137684106826782,-11.009793758392334,0.21428571428571427
1811,1,0,17991,-15.137684106826782,-11.009793758392334,0.21428571428571427
1812,1,0,17990,-15.137684106826782,-11.009793758392334,0.21428571428571427
1813,1,0,17989,-15.137684106826782,-11.009793758392334,0.21428571428571427
1814,0,0,17988,-15.137684106826782,-11.009793758392334,0.21428571428571427
1815,1,0,17987,-15.137684106826782,-11.009793758392334,0.21428571428571427
1816,0,0,17986,-15.137684106826782,-11.009793758392334,0.21428571428571427
1817,1,0,17985,-15.137684106826782,-11.009793758392334,0.21428571428571427
1818,1,0,17984,-15.137684106826782,-11.009793758392334,0.21428571428571427
1819,1,0,17983,-15.137684106826782,-11.009793758392334,0.21428571428571427
1820,1,0,17982,-15.137684106826782,-11.009793758392334,0.21428571428571427
1821,1,0,17981,-15.137684106826782,-11.009793758392334,0.21428571428571427
1822,1,0,17980,-15.137684106826782,-11.009793758392334,0.21428571428571427
1823,1,0,17979,-15.137684106826782,-11.009793758392334,0.21428571428571427
1824,1,0,17978,-15.137684106826782,-11.009793758392334,0.21428571428571427
1825,1,0,17977,-15.137684106826782,-11.009793758392334,0.21428571428571427
1826,1,0,17976,-15.137684106826782,-11.009793758392334,0.21428571428571427
1827,1,0,17975,-15.137684106826782,-11.009793758392334,0.21428571428571427
1828,1,0,17974,-15.137684106826782,-11.009793758392334,0.21428571428571427
1829,1,0,17995,-15.137684106826782,-11.009793758392334,0.21428571428571427
1830,1,0,17996,-15.137684106826782,-11.009793758392334,0.21428571428571427
1831,1,0,17997,-15.137684106826782,-11.009793758392334,0.21428571428571427
1832,1,0,18009,-15.137684106826782,-11.009793758392334,0.21428571428571427
1833,1,0,18018,-15.137684106826782,-11.009793758392334,0.21428571428571427
1834,1,0,18017,-15.137684106826782,-11.009793758392334,0.21428571428571427
1835,1,0,18016,-15.137684106826782,-11.009793758392334,0.21428571428571427
1836,0,0,18015,-15.137684106826782,-11.009793758392334,0.21428571428571427
1837,1,0,18014,-15.137684106826782,-11.009793758392334,0.21428571428571427
1838,1,0,18013,-15.137684106826782,-11.009793758392334,0.21428571428571427
1839,1,0,18012,-15.137684106826782,-11.009793758392334,0.21428571428571427
1840,1,0,18011,-15.137684106826782,-11.009793758392334,0.21428571428571427
1841,1,0,18010,-15.137684106826782,-11.009793758392334,0.21428571428571427
1842,1,0,18008,-15.137684106826782,-11.009793758392334,0.21428571428571427
1843,1,0,17998,-15.137684106826782,-11.009793758392334,0.21428571428571427
1844,1,0,18007,-15.137684106826782,-11.009793758392334,0.21428571428571427
1845,1,0,18006,-15.137684106826782,-11.009793758392334,0.21428571428571427
1846,1,0,18005,-15.137684106826782,-11.009793758392334,0.21428571428571427
1847,1,0,18004,-15.137684106826782,-11.009793758392334,0.21428571428571427
1848,1,0,18003,-15.137684106826782,-11.009793758392334,0.21428571428571427
1849,1,0,18002,-15.137684106826782,-11.009793758392334,0.21428571428571427
1850,1,0,18001,-15.137684106826782,-11.009793758392334,0.21428571428571427
1851,1,0,18000,-15.137684106826782,-11.009793758392334,0.21428571428571427
1852,0,0,17999,-15.137684106826782,-11.009793758392334,0.21428571428571427
1853,1,0,18068,-15.137684106826782,-11.009793758392334,0.21428571428571427
1854,1,0,18021,-15.137684106826782,-11.009793758392334,0.21428571428571427
1855,1,0,18069,-15.137684106826782,-11.009793758392334,0.21428571428571427
1856,0,0,18119,-15.137684106826782,-11.009793758392334,0.21428571428571427
1857,1,0,18141,-15.137684106826782,-11.009793758392334,0.21428571428571427
1858,1,0,18140,-15.137684106826782,-11.009793758392334,0.21428571428571427
1859,1,0,18139,-15.137684106826782,-11.009793758392334,0.21428571428571427
1860,1,0,18138,-15.137684106826782,-11.009793758392334,0.21428571428571427
1861,1,0,18137,-15.137684106826782,-11.009793758392334,0.21428571428571427
1862,1,0,18136,-15.137684106826782,-11.009793758392334,0.21428571428571427
1863,1,0,18135,-15.137684106826782,-11.009793758392334,0.21428571428571427
1864,1,0,18134,-15.137684106826782,-11.009793758392334,0.21428571428571427
1865,1,0,18133,-15.137684106826782,-11.009793758392334,0.21428571428571427
1866,1,0,18132,-15.137684106826782,-11.009793758392334,0.21428571428571427
1867,0,0,18131,-15.137684106826782,-11.009793758392334,0.21428571428571427
1868,1,0,18130,-15.137684106826782,-11.009793758392334,0.21428571428571427
1869,1,0,18129,-15.137684106826782,-11.009793758392334,0.21428571428571427
1870,1,0,18128,-15.137684106826782,-11.009793758392334,0.21428571428571427
1871,1,0,18127,-15.137684106826782,-11.009793758392334,0.21428571428571427
1872,1,0,18126,-15.137684106826782,-11.009793758392334,0.21428571428571427
1873,1,0,18125,-15.137684106826782,-11.009793758392334,0.21428571428571427
1874,1,0,18124,-15.137684106826782,-11.009793758392334,0.21428571428571427
1875,1,0,18123,-15.137684106826782,-11.009793758392334,0.21428571428571427
1876,1,0,18122,-15.137684106826782,-11.009793758392334,0.21428571428571427
1877,1,0,18121,-15.137684106826782,-11.009793758392334,0.21428571428571427
1878,1,0,18142,-15.137684106826782,-11.009793758392334,0.21428571428571427
1879,1,0,18143,-15.137684106826782,-11.009793758392334,0.21428571428571427
1880,1,0,18144,-15.137684106826782,-11.009793758392334,0.21428571428571427
1881,1,0,18156,-15.137684106826782,-11.009793758392334,0.21428571428571427
1882,1,0,18165,-15.137684106826782,-11.009793758392334,0.21428571428571427
1883,1,0,18164,-15.137684106826782,-11.009793758392334,0.21428571428571427
1884,1,0,18163,-15.137684106826782,-11.009793758392334,0.21428571428571427
1885,1,0,18162,-15.137684106826782,-11.009793758392334,0.21428571428571427
1886,1,0,18161,-15.137684106826782,-11.009793758392334,0.21428571428571427
1887,1,0,18160,-15.137684106826782,-11.009793758392334,0.21428571428571427
1888,1,0,18159,-15.137684106826782,-11.009793758392334,0.21428571428571427
1889,1,0,18158,-15.137684106826782,-11.009793758392334,0.21428571428571427
1890,1,0,18157,-15.137684106826782,-11.009793758392334,0.21428571428571427
1891,1,0,18155,-15.137684106826782,-11.009793758392334,0.21428571428571427
1892,1,0,18145,-15.137684106826782,-11.009793758392334,0.21428571428571427
1893,1,0,18154,-15.137684106826782,-11.009793758392334,0.21428571428571427
1894,1,0,18153,-15.137684106826782,-11.009793758392334,0.21428571428571427
1895,1,0,18152,-15.137684106826782,-11.009793758392334,0.21428571428571427
1896,1,0,18151,-15.137684106826782,-11.009793758392334,0.21428571428571427
1897,1,0,18150,-15.137684106826782,-11.009793758392334,0.21428571428571427
1898,1,0,18149,-15.137684106826782,-11.009793758392334,0.21428571428571427
1899,1,0,18148,-15.137684106826782,-11.009793758392334,0.21428571428571427
1900,1,0,18147,-15.137684106826782,-11.009793758392334,0.21428571428571427
1901,1,0,18146,-15.137684106826782,-11.009793758392334,0.21428571428571427
1902,1,0,18120,-15.137684106826782,-11.009793758392334,0.21428571428571427
1903,1,0,18118,-15.137684106826782,-11.009793758392334,0.21428571428571427
1904,1,0,18071,-15.137684106826782,-11.009793758392334,0.21428571428571427
1905,1,0,18117,-15.137684106826782,-11.009793758392334,0.21428571428571427
1906,1,0,18092,-15.137684106826782,-11.009793758392334,0.21428571428571427
1907,1,0,18091,-15.137684106826782,-11.009793758392334,0.21428571428571427
1908,1,0,18090,-15.137684106826782,-11.009793758392334,0.21428571428571427
1909,1,0,18089,-15.137684106826782,-11.009793758392334,0.21428571428571427
1910,1,0,18088,-15.137684106826782,-11.009793758392334,0.21428571428571427
1911,1,0,18087,-15.137684106826782,-11.009793758392334,0.21428571428571427
1912,1,0,18086,-15.137684106826782,-11.009793758392334,0.21428571428571427
1913,1,0,18085,-15.137684106826782,-11.009793758392334,0.21428571428571427
1914,1,0,18084,-15.137684106826782,-11.009793758392334,0.21428571428571427
1915,1,0,18083,-15.137684106826782,-11.009793758392334,0.21428571428571427
1916,1,0,18082,-15.137684106826782,-11.009793758392334,0.21428571428571427
1917,0,0,18081,-15.137684106826782,-11.009793758392334,0.21428571428571427
1918,1,0,18080,-15.137684106826782,-11.009793758392334,0.21428571428571427
1919,1,0,18079,-15.137684106826782,-11.009793758392334,0.21428571428571427
1920,1,0,18078,-15.137684106826782,-11.009793758392334,0.21428571428571427
1921,1,0,18077,-15.137684106826782,-11.009793758392334,0.21428571428571427
1922,0,0,18076,-15.137684106826782,-11.009793758392334,0.21428571428571427
1923,1,0,18075,-15.137684106826782,-11.009793758392334,0.21428571428571427
1924,1,0,18074,-15.137684106826782,-11.009793758392334,0.21428571428571427
1925,1,0,18073,-15.137684106826782,-11.009793758392334,0.21428571428571427
1926,1,0,18072,-15.137684106826782,-11.009793758392334,0.21428571428571427
1927,1,0,18093,-15.137684106826782,-11.009793758392334,0.21428571428571427
1928,1,0,18094,-15.137684106826782,-11.009793758392334,0.21428571428571427
1929,1,0,18095,-15.137684106826782,-11.009793758392334,0.21428571428571427
1930,0,0,18107,-15.137684106826782,-11.009793758392334,0.21428571428571427
1931,1,0,18116,-15.137684106826782,-11.009793758392334,0.21428571428571427
1932,1,0,18115,-15.137684106826782,-11.009793758392334,0.21428571428571427
1933,1,0,18114,-15.137684106826782,-11.009793758392334,0.21428571428571427
1934,1,0,18113,-15.137684106826782,-11.009793758392334,0.21428571428571427
1935,1,0,18112,-15.137684106826782,-11.009793758392334,0.21428571428571427
1936,1,0,18111,-15.137684106826782,-11.009793758392334,0.21428571428571427
1937,1,0,18110,-15.137684106826782,-11.009793758392334,0.21428571428571427
1938,1,0,18109,-15.137684106826782,-11.009793758392334,0.21428571428571427
1939,1,0,18108,-15.137684106826782,-11.009793758392334,0.21428571428571427
1940,1,0,18106,-15.137684106826782,-11.009793758392334,0.21428571428571427
1941,1,0,18096,-15.137684106826782,-11.009793758392334,0.21428571428571427
1942,1,0,18105,-15.137684106826782,-11.009793758392334,0.21428571428571427
1943,0,0,18104,-15.137684106826782,-11.009793758392334,0.21428571428571427
1944,1,0,18103,-15.137684106826782,-11.009793758392334,0.21428571428571427
1945,0,0,18102,-15.137684106826782,-11.009793758392334,0.21428571428571427
1946,1,0,18101,-15.137684106826782,-11.009793758392334,0.21428571428571427
1947,1,0,18100,-15.137684106826782,-11.009793758392334,0.21428571428571427
1948,1,0,18099,-15.137684106826782,-11.009793758392334,0.21428571428571427
1949,1,0,18098,-15.137684106826782,-11.009793758392334,0.21428571428571427
1950,1,0,18097,-15.137684106826782,-11.009793758392334,0.21428571428571427
1951,1,0,18361,-15.137684106826782,-11.009793758392334,0.21428571428571427
1952,1,0,18362,-15.137684106826782,-11.009793758392334,0.21428571428571427
1953,0,0,18363,-15.137684106826782,-11.009793758392334,0.21428571428571427
1954,0,0,18558,-15.137684106826782,-11.009793758392334,0.21428571428571427
1955,0,0,18629,-15.137684106826782,-11.009793758392334,0.21428571428571427
1956,1,0,18628,-15.137684106826782,-11.009793758392334,0.21428571428571427
1957,0,0,18627,-15.137684106826782,-11.009793758392334,0.21428571428571427
1958,1,0,18626,-15.137684106826782,-11.009793758392334,0.21428571428571427
1959,1,0,18625,-15.137684106826782,-11.009793758392334,0.21428571428571427
1960,1,0,18624,-15.137684106826782,-11.009793758392334,0.21428571428571427
1961,1,0,18623,-15.137684106826782,-11.009793758392334,0.21428571428571427
1962,1,0,18622,-15.137684106826782,-11.009793758392334,0.21428571428571427
1963,1,0,18621,-15.137684106826782,-11.009793758392334,0.21428571428571427
1964,0,0,18620,-15.137684106826782,-11.009793758392334,0.21428571428571427
1965,1,0,18619,-15.137684106826782,-11.009793758392334,0.21428571428571427
1966,1,0,18618,-15.137684106826782,-11.009793758392334,0.21428571428571427
1967,1,0,18617,-15.137684106826782,-11.009793758392334,0.21428571428571427
1968,0,0,18616,-15.137684106826782,-11.009793758392334,0.21428571428571427
1969,1,0,18615,-15.137684106826782,-11.009793758392334,0.21428571428571427
1970,1,0,18614,-15.137684106826782,-11.009793758392334,0.21428571428571427
1971,1,0,18613,-15.137684106826782,-11.009793758392334,0.21428571428571427
1972,1,0,18612,-15.137684106826782,-11.009793758392334,0.21428571428571427
1973,1,0,18611,-15.137684106826782,-11.009793758392334,0.21428571428571427
1974,1,0,18610,-15.137684106826782,-11.009793758392334,0.21428571428571427
1975,1,0,18609,-15.137684106826782,-11.009793758392334,0.21428571428571427
1976,1,0,18630,-15.137684106826782,-11.009793758392334,0.21428571428571427
1977,1,0,18631,-15.137684106826782,-11.009793758392334,0.21428571428571427
1978,1,0,18632,-15.137684106826782,-11.009793758392334,0.21428571428571427
1979,1,0,18644,-15.137684106826782,-11.009793758392334,0.21428571428571427
1980,0,0,18653,-15.137684106826782,-11.009793758392334,0.21428571428571427
1981,1,0,18652,-15.137684106826782,-11.009793758392334,0.21428571428571427
1982,1,0,18651,-15.137684106826782,-11.009793758392334,0.21428571428571427
1983,1,0,18650,-15.137684106826782,-11.009793758392334,0.21428571428571427
1984,1,0,18649,-15.137684106826782,-11.009793758392334,0.21428571428571427
1985,1,0,18648,-15.137684106826782,-11.009793758392334,0.21428571428571427
1986,1,0,18647,-15.137684106826782,-11.009793758392334,0.21428571428571427
1987,1,0,18646,-15.137684106826782,-11.009793758392334,0.21428571428571427
1988,1,0,18645,-15.137684106826782,-11.009793758392334,0.21428571428571427
1989,1,0,18643,-15.137684106826782,-11.009793758392334,0.21428571428571427
1990,1,0,18633,-15.137684106826782,-11.009793758392334,0.21428571428571427
1991,1,0,18642,-15.137684106826782,-11.009793758392334,0.21428571428571427
1992,1,0,18641,-15.137684106826782,-11.009793758392334,0.21428571428571427
1993,1,0,18640,-15.137684106826782,-11.009793758392334,0.21428571428571427
1994,1,0,18639,-15.137684106826782,-11.009793758392334,0.21428571428571427
1995,1,0,18638,-15.137684106826782,-11.009793758392334,0.21428571428571427
1996,1,0,18637,-15.137684106826782,-11.009793758392334,0.21428571428571427
1997,1,0,18636,-15.137684106826782,-11.009793758392334,0.21428571428571427
1998,1,0,18635,-15.137684106826782,-11.009793758392334,0.21428571428571427
1999,1,0,18634,-15.137684106826782,-11.009793758392334,0.21428571428571427
2000,1,0,18608,-15.137684106826782,-11.009793758392334,0.21428571428571427
2001,0,0,18606,-15.137684106826782,-11.009793758392334,0.21428571428571427
2002,1,0,18559,-15.137684106826782,-11.009793758392334,0.21428571428571427
2003,1,0,18605,-15.137684106826782,-11.009793758392334,0.21428571428571427
2004,1,0,18580,-15.137684106826782,-11.009793758392334,0.21428571428571427
2005,1,0,18579,-15.137684106826782,-11.009793758392334,0.21428571428571427
2006,1,0,18578,-15.137684106826782,-11.009793758392334,0.21428571428571427
2007,1,0,18577,-15.137684106826782,-11.009793758392334,0.21428571428571427
2008,1,0,18576,-15.137684106826782,-11.009793758392334,0.21428571428571427
2009,1,0,18575,-15.137684106826782,-11.009793758392334,0.21428571428571427
2010,1,0,18574,-15.137684106826782,-11.009793758392334,0.21428571428571427
2011,1,0,18573,-15.137684106826782,-11.009793758392334,0.21428571428571427
2012,1,0,18572,-15.137684106826782,-11.009793758392334,0.21428571428571427
2013,1,0,18571,-15.137684106826782,-11.009793758392334,0.21428571428571427
2014,1,0,18570,-15.137684106826782,-11.009793758392334,0.21428571428571427
2015,1,0,18569,-15.137684106826782,-11.009793758392334,0.21428571428571427
2016,1,0,18568,-15.137684106826782,-11.009793758392334,0.21428571428571427
2017,1,0,18567,-15.137684106826782,-11.009793758392334,0.21428571428571427
2018,1,0,18566,-15.137684106826782,-11.009793758392334,0.21428571428571427
2019,1,0,18565,-15.137684106826782,-11.009793758392334,0.21428571428571427
2020,1,0,18564,-15.137684106826782,-11.009793758392334,0.21428571428571427
2021,0,0,18563,-15.137684106826782,-11.009793758392334,0.21428571428571427
2022,0,0,18562,-15.137684106826782,-11.009793758392334,0.21428571428571427
2023,1,0,18561,-15.137684106826782,-11.009793758392334,0.21428571428571427
2024,1,0,18560,-15.137684106826782,-11.009793758392334,0.21428571428571427
2025,1,0,18581,-15.137684106826782,-11.009793758392334,0.21428571428571427
2026,1,0,18582,-15.137684106826782,-11.009793758392334,0.21428571428571427
2027,1,0,18583,-15.137684106826782,-11.009793758392334,0.21428571428571427
2028,1,0,18595,-15.137684106826782,-11.009793758392334,0.21428571428571427
2029,1,0,18604,-15.137684106826782,-11.009793758392334,0.21428571428571427
2030,1,0,18603,-15.137684106826782,-11.009793758392334,0.21428571428571427
2031,1,0,18602,-15.137684106826782,-11.009793758392334,0.21428571428571427
2032,1,0,18601,-15.137684106826782,-11.009793758392334,0.21428571428571427
2033,1,0,18600,-15.137684106826782,-11.009793758392334,0.21428571428571427
2034,1,0,18599,-15.137684106826782,-11.009793758392334,0.21428571428571427
2035,1,0,18598,-15.137684106826782,-11.009793758392334,0.21428571428571427
2036,1,0,18597,-15.137684106826782,-11.009793758392334,0.21428571428571427
2037,0,0,18596,-15.137684106826782,-11.009793758392334,0.21428571428571427
2038,1,0,18594,-15.137684106826782,-11.009793758392334,0.21428571428571427
2039,0,0,18584,-15.137684106826782,-11.009793758392334,0.21428571428571427
2040,1,0,18593,-15.137684106826782,-11.009793758392334,0.21428571428571427
2041,1,0,18592,-15.137684106826782,-11.009793758392334,0.21428571428571427
2042,0,0,18591,-15.137684106826782,-11.009793758392334,0.21428571428571427
2043,1,0,18590,-15.137684106826782,-11.009793758392334,0.21428571428571427
2044,1,0,18589,-15.137684106826782,-11.009793758392334,0.21428571428571427
2045,1,0,18588,-15.137684106826782,-11.009793758392334,0.21428571428571427
2046,1,0,18587,-15.137684106826782,-11.009793758392334,0.21428571428571427
2047,1,0,18586,-15.137684106826782,-11.009793758392334,0.21428571428571427
2048,1,0,18585,-15.137684106826782,-11.009793758392334,0.21428571428571427
2049,1,0,18654,-15.137684106826782,-11.009793758392334,0.21428571428571427
2050,1,0,18655,-15.137684106826782,-11.009793758392334,0.21428571428571427
2051,1,0,18656,-15.137684106826782,-11.009793758392334,0.21428571428571427
2052,1,0,18657,-15.137684106826782,-11.009793758392334,0.21428571428571427
2053,1,0,18726,-15.137684106826782,-11.009793758392334,0.21428571428571427
2054,1,0,18725,-15.137684106826782,-11.009793758392334,0.21428571428571427
2055,1,0,18724,-15.137684106826782,-11.009793758392334,0.21428571428571427
2056,1,0,18723,-15.137684106826782,-11.009793758392334,0.21428571428571427
2057,1,0,18722,-15.137684106826782,-11.009793758392334,0.21428571428571427
2058,1,0,18721,-15.137684106826782,-11.009793758392334,0.21428571428571427
2059,1,0,18720,-15.137684106826782,-11.009793758392334,0.21428571428571427
2060,1,0,18719,-15.137684106826782,-11.009793758392334,0.21428571428571427
2061,1,0,18718,-15.137684106826782,-11.009793758392334,0.21428571428571427
2062,1,0,18716,-15.137684106826782,-11.009793758392334,0.21428571428571427
2063,1,0,18706,-15.137684106826782,-11.009793758392334,0.21428571428571427
2064,0,0,18715,-15.137684106826782,-11.009793758392334,0.21428571428571427
2065,1,0,18714,-15.137684106826782,-11.009793758392334,0.21428571428571427
2066,1,0,18713,-15.137684106826782,-11.009793758392334,0.21428571428571427
2067,0,0,18712,-15.137684106826782,-11.009793758392334,0.21428571428571427
2068,1,0,18711,-15.137684106826782,-11.009793758392334,0.21428571428571427
2069,1,0,18710,-15.137684106826782,-11.009793758392334,0.21428571428571427
2070,1,0,18709,-15.137684106826782,-11.009793758392334,0.21428571428571427
2071,0,0,18708,-15.137684106826782,-11.009793758392334,0.21428571428571427
2072,1,0,18707,-15.137684106826782,-11.009793758392334,0.21428571428571427
2073,0,0,18727,-15.137684106826782,-11.009793758392334,0.21428571428571427
2074,1,0,18717,-15.137684106826782,-11.009793758392334,0.21428571428571427
2075,1,0,18728,-15.137684106826782,-11.009793758392334,0.21428571428571427
2076,1,0,18741,-15.137684106826782,-11.009793758392334,0.21428571428571427
2077,1,0,18750,-15.137684106826782,-11.009793758392334,0.21428571428571427
2078,1,0,18749,-15.137684106826782,-11.009793758392334,0.21428571428571427
2079,1,0,18748,-15.137684106826782,-11.009793758392334,0.21428571428571427
2080,1,0,18747,-15.137684106826782,-11.009793758392334,0.21428571428571427
2081,1,0,18746,-15.137684106826782,-11.009793758392334,0.21428571428571427
2082,1,0,18745,-15.137684106826782,-11.009793758392334,0.21428571428571427
2083,1,0,18744,-15.137684106826782,-11.009793758392334,0.21428571428571427
2084,1,0,18743,-15.137684106826782,-11.009793758392334,0.21428571428571427
2085,1,0,18742,-15.137684106826782,-11.009793758392334,0.21428571428571427
2086,1,0,18740,-15.137684106826782,-11.009793758392334,0.21428571428571427
2087,1,0,18730,-15.137684106826782,-11.009793758392334,0.21428571428571427
2088,1,0,18739,-15.137684106826782,-11.009793758392334,0.21428571428571427
2089,1,0,18738,-15.137684106826782,-11.009793758392334,0.21428571428571427
2090,1,0,18737,-15.137684106826782,-11.009793758392334,0.21428571428571427
2091,1,0,18736,-15.137684106826782,-11.009793758392334,0.21428571428571427
2092,1,0,18735,-15.137684106826782,-11.009793758392334,0.21428571428571427
2093,1,0,18734,-15.137684106826782,-11.009793758392334,0.21428571428571427
2094,1,0,18733,-15.137684106826782,-11.009793758392334,0.21428571428571427
2095,1,0,18732,-15.137684106826782,-11.009793758392334,0.21428571428571427
2096,1,0,18731,-15.137684106826782,-11.009793758392334,0.21428571428571427
2097,1,0,18729,-15.137684106826782,-11.009793758392334,0.21428571428571427
2098,1,0,18705,-15.137684106826782,-11.009793758392334,0.21428571428571427
2099,1,0,18704,-15.137684106826782,-11.009793758392334,0.21428571428571427
2100,1,0,18703,-15.137684106826782,-11.009793758392334,0.21428571428571427
2101,1,0,18678,-15.137684106826782,-11.009793758392334,0.21428571428571427
2102,1,0,18677,-15.137684106826782,-11.009793758392334,0.21428571428571427
2103,1,0,18676,-15.137684106826782,-11.009793758392334,0.21428571428571427
2104,1,0,18675,-15.137684106826782,-11.009793758392334,0.21428571428571427
2105,1,0,18674,-15.137684106826782,-11.009793758392334,0.21428571428571427
2106,1,0,18673,-15.137684106826782,-11.009793758392334,0.21428571428571427
2107,1,0,18672,-15.137684106826782,-11.009793758392334,0.21428571428571427
2108,1,0,18671,-15.137684106826782,-11.009793758392334,0.21428571428571427
2109,1,0,18670,-15.137684106826782,-11.009793758392334,0.21428571428571427
2110,1,0,18669,-15.137684106826782,-11.009793758392334,0.21428571428571427
2111,1,0,18668,-15.137684106826782,-11.009793758392334,0.21428571428571427
2112,1,0,18667,-15.137684106826782,-11.009793758392334,0.21428571428571427
2113,1,0,18666,-15.137684106826782,-11.009793758392334,0.21428571428571427
2114,1,0,18665,-15.137684106826782,-11.009793758392334,0.21428571428571427
2115,1,0,18664,-15.137684106826782,-11.009793758392334,0.21428571428571427
2116,1,0,18663,-15.137684106826782,-11.009793758392334,0.21428571428571427
2117,1,0,18662,-15.137684106826782,-11.009793758392334,0.21428571428571427
2118,1,0,18661,-15.137684106826782,-11.009793758392334,0.21428571428571427
2119,1,0,18660,-15.137684106826782,-11.009793758392334,0.21428571428571427
2120,1,0,18659,-15.137684106826782,-11.009793758392334,0.21428571428571427
2121,1,0,18658,-15.137684106826782,-11.009793758392334,0.21428571428571427
2122,1,0,18679,-15.137684106826782,-11.009793758392334,0.21428571428571427
2123,1,0,18680,-15.137684106826782,-11.009793758392334,0.21428571428571427
2124,1,0,18681,-15.137684106826782,-11.009793758392334,0.21428571428571427
2125,1,0,18693,-15.137684106826782,-11.009793758392334,0.21428571428571427
2126,1,0,18702,-15.137684106826782,-11.009793758392334,0.21428571428571427
2127,1,0,18701,-15.137684106826782,-11.009793758392334,0.21428571428571427
2128,1,0,18700,-15.137684106826782,-11.009793758392334,0.21428571428571427
2129,1,0,18699,-15.137684106826782,-11.009793758392334,0.21428571428571427
2130,1,0,18698,-15.137684106826782,-11.009793758392334,0.21428571428571427
2131,1,0,18697,-15.137684106826782,-11.009793758392334,0.21428571428571427
2132,1,0,18696,-15.137684106826782,-11.009793758392334,0.21428571428571427
2133,1,0,18695,-15.137684106826782,-11.009793758392334,0.21428571428571427
2134,1,0,18694,-15.137684106826782,-11.009793758392334,0.21428571428571427
2135,1,0,18692,-15.137684106826782,-11.009793758392334,0.21428571428571427
2136,1,0,18682,-15.137684106826782,-11.009793758392334,0.21428571428571427
2137,1,0,18691,-15.137684106826782,-11.009793758392334,0.21428571428571427
2138,1,0,18690,-15.137684106826782,-11.009793758392334,0.21428571428571427
2139,1,0,18689,-15.137684106826782,-11.009793758392334,0.21428571428571427
2140,1,0,18688,-15.137684106826782,-11.009793758392334,0.21428571428571427
2141,1,0,18687,-15.137684106826782,-11.009793758392334,0.21428571428571427
2142,1,0,18686,-15.137684106826782,-11.009793758392334,0.21428571428571427
2143,1,0,18685,-15.137684106826782,-11.009793758392334,0.21428571428571427
2144,1,0,18684,-15.137684106826782,-11.009793758392334,0.21428571428571427
2145,1,0,18683,-15.137684106826782,-11.009793758392334,0.21428571428571427
2146,1,0,18607,-15.137684106826782,-11.009793758392334,0.21428571428571427
2147,1,0,18557,-15.137684106826782,-11.009793758392334,0.21428571428571427
2148,1,0,18412,-15.137684106826782,-11.009793758392334,0.21428571428571427
2149,1,0,18556,-15.137684106826782,-11.009793758392334,0.21428571428571427
2150,1,0,18434,-15.137684106826782,-11.009793758392334,0.21428571428571427
2151,1,0,18433,-15.137684106826782,-11.009793758392334,0.21428571428571427
2152,1,0,18432,-15.137684106826782,-11.009793758392334,0.21428571428571427
2153,1,0,18431,-15.137684106826782,-11.009793758392334,0.21428571428571427
2154,1,0,18430,-15.137684106826782,-11.009793758392334,0.21428571428571427
2155,1,0,18429,-15.137684106826782,-11.009793758392334,0.21428571428571427
2156,1,0,18428,-15.137684106826782,-11.009793758392334,0.21428571428571427
2157,1,0,18427,-15.137684106826782,-11.009793758392334,0.21428571428571427
2158,1,0,18426,-15.137684106826782,-11.009793758392334,0.21428571428571427
2159,1,0,18425,-15.137684106826782,-11.009793758392334,0.21428571428571427
2160,1,0,18424,-15.137684106826782,-11.009793758392334,0.21428571428571427
2161,1,0,18423,-15.137684106826782,-11.009793758392334,0.21428571428571427
2162,0,0,18422,-15.137684106826782,-11.009793758392334,0.21428571428571427
2163,1,0,18421,-15.137684106826782,-11.009793758392334,0.21428571428571427
2164,1,0,18420,-15.137684106826782,-11.009793758392334,0.21428571428571427
2165,1,0,18419,-15.137684106826782,-11.009793758392334,0.21428571428571427
2166,1,0,18418,-15.137684106826782,-11.009793758392334,0.21428571428571427
2167,1,0,18417,-15.137684106826782,-11.009793758392334,0.21428571428571427
2168,1,0,18416,-15.137684106826782,-11.009793758392334,0.21428571428571427
2169,1,0,18415,-15.137684106826782,-11.009793758392334,0.21428571428571427
2170,1,0,18414,-15.137684106826782,-11.009793758392334,0.21428571428571427
2171,1,0,18435,-15.137684106826782,-11.009793758392334,0.21428571428571427
2172,1,0,18436,-15.137684106826782,-11.009793758392334,0.21428571428571427
2173,1,0,18437,-15.137684106826782,-11.009793758392334,0.21428571428571427
2174,0,0,18449,-15.137684106826782,-11.009793758392334,0.21428571428571427
2175,1,0,18458,-15.137684106826782,-11.009793758392334,0.21428571428571427
2176,1,0,18457,-15.137684106826782,-11.009793758392334,0.21428571428571427
2177,1,0,18456,-15.137684106826782,-11.009793758392334,0.21428571428571427
2178,1,0,18455,-15.137684106826782,-11.009793758392334,0.21428571428571427
2179,1,0,18454,-15.137684106826782,-11.009793758392334,0.21428571428571427
2180,1,0,18453,-15.137684106826782,-11.009793758392334,0.21428571428571427
2181,1,0,18452,-15.137684106826782,-11.009793758392334,0.21428571428571427
2182,1,0,18451,-15.137684106826782,-11.009793758392334,0.21428571428571427
2183,1,0,18450,-15.137684106826782,-11.009793758392334,0.21428571428571427
2184,1,0,18448,-15.137684106826782,-11.009793758392334,0.21428571428571427
2185,1,0,18438,-15.137684106826782,-11.009793758392334,0.21428571428571427
2186,1,0,18447,-15.137684106826782,-11.009793758392334,0.21428571428571427
2187,1,0,18446,-15.137684106826782,-11.009793758392334,0.21428571428571427
2188,1,0,18445,-15.137684106826782,-11.009793758392334,0.21428571428571427
2189,0,0,18444,-15.137684106826782,-11.009793758392334,0.21428571428571427
2190,1,0,18443,-15.137684106826782,-11.009793758392334,0.21428571428571427
2191,0,0,18442,-15.137684106826782,-11.009793758392334,0.21428571428571427
2192,1,0,18441,-15.137684106826782,-11.009793758392334,0.21428571428571427
2193,1,0,18440,-15.137684106826782,-11.009793758392334,0.21428571428571427
2194,1,0,18439,-15.137684106826782,-11.009793758392334,0.21428571428571427
2195,0,0,18413,-15.137684106826782,-11.009793758392334,0.21428571428571427
2196,0,0,18411,-15.137684106826782,-11.009793758392334,0.21428571428571427
2197,1,0,18364,-15.137684106826782,-11.009793758392334,0.21428571428571427
2198,1,0,18410,-15.137684106826782,-11.009793758392334,0.21428571428571427
2199,1,0,18385,-15.137684106826782,-11.009793758392334,0.21428571428571427
2200,1,0,18384,-15.137684106826782,-11.009793758392334,0.21428571428571427
2201,1,0,18383,-15.137684106826782,-11.009793758392334,0.21428571428571427
2202,1,0,18382,-15.137684106826782,-11.009793758392334,0.21428571428571427
2203,1,0,18381,-15.137684106826782,-11.009793758392334,0.21428571428571427
2204,1,0,18380,-15.137684106826782,-11.009793758392334,0.21428571428571427
2205,1,0,18379,-15.137684106826782,-11.009793758392334,0.21428571428571427
2206,1,0,18378,-15.137684106826782,-11.009793758392334,0.21428571428571427
2207,1,0,18377,-15.137684106826782,-11.009793758392334,0.21428571428571427
2208,1,0,18376,-15.137684106826782,-11.009793758392334,0.21428571428571427
2209,1,0,18375,-15.137684106826782,-11.009793758392334,0.21428571428571427
2210,1,0,18374,-15.137684106826782,-11.009793758392334,0.21428571428571427
2211,1,0,18373,-15.137684106826782,-11.009793758392334,0.21428571428571427
2212,1,0,18372,-15.137684106826782,-11.009793758392334,0.21428571428571427
2213,1,0,18371,-15.137684106826782,-11.009793758392334,0.21428571428571427
2214,1,0,18370,-15.137684106826782,-11.009793758392334,0.21428571428571427
2215,1,0,18369,-15.137684106826782,-11.009793758392334,0.21428571428571427
2216,1,0,18368,-15.137684106826782,-11.009793758392334,0.21428571428571427
2217,1,0,18367,-15.137684106826782,-11.009793758392334,0.21428571428571427
2218,1,0,18366,-15.137684106826782,-11.009793758392334,0.21428571428571427
2219,1,0,18365,-15.137684106826782,-11.009793758392334,0.21428571428571427
2220,1,0,18386,-15.137684106826782,-11.009793758392334,0.21428571428571427
2221,1,0,18387,-15.137684106826782,-11.009793758392334,0.21428571428571427
2222,1,0,18388,-15.137684106826782,-11.009793758392334,0.21428571428571427
2223,1,0,18400,-15.137684106826782,-11.009793758392334,0.21428571428571427
2224,1,0,18409,-15.137684106826782,-11.009793758392334,0.21428571428571427
2225,1,0,18408,-15.137684106826782,-11.009793758392334,0.21428571428571427
2226,1,0,18407,-15.137684106826782,-11.009793758392334,0.21428571428571427
2227,1,0,18406,-15.137684106826782,-11.009793758392334,0.21428571428571427
2228,1,0,18405,-15.137684106826782,-11.009793758392334,0.21428571428571427
2229,1,0,18404,-15.137684106826782,-11.009793758392334,0.21428571428571427
2230,1,0,18403,-15.137684106826782,-11.009793758392334,0.21428571428571427
2231,1,0,18402,-15.137684106826782,-11.009793758392334,0.21428571428571427
2232,1,0,18401,-15.137684106826782,-11.009793758392334,0.21428571428571427
2233,1,0,18399,-15.137684106826782,-11.009793758392334,0.21428571428571427
2234,1,0,18389,-15.137684106826782,-11.009793758392334,0.21428571428571427
2235,1,0,18398,-15.137684106826782,-11.009793758392334,0.21428571428571427
2236,1,0,18397,-15.137684106826782,-11.009793758392334,0.21428571428571427
2237,1,0,18396,-15.137684106826782,-11.009793758392334,0.21428571428571427
2238,1,0,18395,-15.137684106826782,-11.009793758392334,0.21428571428571427
2239,1,0,18394,-15.137684106826782,-11.009793758392334,0.21428571428571427
2240,1,0,18393,-15.137684106826782,-11.009793758392334,0.21428571428571427
2241,1,0,18392,-15.137684106826782,-11.009793758392334,0.21428571428571427
2242,1,0,18391,-15.137684106826782,-11.009793758392334,0.21428571428571427
2243,1,0,18390,-15.137684106826782,-11.009793758392334,0.21428571428571427
2244,1,0,18459,-15.137684106826782,-11.009793758392334,0.21428571428571427
2245,0,0,18460,-15.137684106826782,-11.009793758392334,0.21428571428571427
2246,1,0,18461,-15.137684106826782,-11.009793758392334,0.21428571428571427
2247,1,0,18462,-15.137684106826782,-11.009793758392334,0.21428571428571427
2248,1,0,18531,-15.137684106826782,-11.009793758392334,0.21428571428571427
2249,1,0,18530,-15.137684106826782,-11.009793758392334,0.21428571428571427
2250,1,0,18529,-15.137684106826782,-11.009793758392334,0.21428571428571427
2251,1,0,18528,-15.137684106826782,-11.009793758392334,0.21428571428571427
2252,1,0,18527,-15.137684106826782,-11.009793758392334,0.21428571428571427
2253,1,0,18526,-15.137684106826782,-11.009793758392334,0.21428571428571427
2254,1,0,18525,-15.137684106826782,-11.009793758392334,0.21428571428571427
2255,1,0,18524,-15.137684106826782,-11.009793758392334,0.21428571428571427
2256,1,0,18523,-15.137684106826782,-11.009793758392334,0.21428571428571427
2257,1,0,18521,-15.137684106826782,-11.009793758392334,0.21428571428571427
2258,1,0,18511,-15.137684106826782,-11.009793758392334,0.21428571428571427
2259,1,0,18520,-15.137684106826782,-11.009793758392334,0.21428571428571427
2260,1,0,18519,-15.137684106826782,-11.009793758392334,0.21428571428571427
2261,1,0,18518,-15.137684106826782,-11.009793758392334,0.21428571428571427
2262,1,0,18517,-15.137684106826782,-11.009793758392334,0.21428571428571427
2263,1,0,18516,-15.137684106826782,-11.009793758392334,0.21428571428571427
2264,1,0,18515,-15.137684106826782,-11.009793758392334,0.21428571428571427
2265,1,0,18514,-15.137684106826782,-11.009793758392334,0.21428571428571427
2266,1,0,18513,-15.137684106826782,-11.009793758392334,0.21428571428571427
2267,1,0,18512,-15.137684106826782,-11.009793758392334,0.21428571428571427
2268,1,0,18532,-15.137684106826782,-11.009793758392334,0.21428571428571427
2269,1,0,18522,-15.137684106826782,-11.009793758392334,0.21428571428571427
2270,1,0,18533,-15.137684106826782,-11.009793758392334,0.21428571428571427
2271,1,0,18546,-15.137684106826782,-11.009793758392334,0.21428571428571427
2272,0,0,18555,-15.137684106826782,-11.009793758392334,0.21428571428571427
2273,1,0,18554,-15.137684106826782,-11.009793758392334,0.21428571428571427
2274,1,0,18553,-15.137684106826782,-11.009793758392334,0.21428571428571427
2275,1,0,18552,-15.137684106826782,-11.009793758392334,0.21428571428571427
2276,1,0,18551,-15.137684106826782,-11.009793758392334,0.21428571428571427
2277,1,0,18550,-15.137684106826782,-11.009793758392334,0.21428571428571427
2278,0,0,18549,-15.137684106826782,-11.009793758392334,0.21428571428571427
2279,0,0,18548,-15.137684106826782,-11.009793758392334,0.21428571428571427
2280,1,0,18547,-15.137684106826782,-11.009793758392334,0.21428571428571427
2281,1,0,18545,-15.137684106826782,-11.009793758392334,0.21428571428571427
2282,1,0,18535,-15.137684106826782,-11.009793758392334,0.21428571428571427
2283,1,0,18544,-15.137684106826782,-11.009793758392334,0.21428571428571427
2284,1,0,18543,-15.137684106826782,-11.009793758392334,0.21428571428571427
2285,1,0,18542,-15.137684106826782,-11.009793758392334,0.21428571428571427
2286,1,0,18541,-15.137684106826782,-11.009793758392334,0.21428571428571427
2287,1,0,18540,-15.137684106826782,-11.009793758392334,0.21428571428571427
2288,1,0,18539,-15.137684106826782,-11.009793758392334,0.21428571428571427
2289,1,0,18538,-15.137684106826782,-11.009793758392334,0.21428571428571427
2290,0,0,18537,-15.137684106826782,-11.009793758392334,0.21428571428571427
2291,1,0,18536,-15.137684106826782,-11.009793758392334,0.21428571428571427
2292,1,0,18534,-15.137684106826782,-11.009793758392334,0.21428571428571427
2293,0,0,18510,-15.137684106826782,-11.009793758392334,0.21428571428571427
2294,1,0,18509,-15.137684106826782,-11.009793758392334,0.21428571428571427
2295,1,0,18508,-15.137684106826782,-11.009793758392334,0.21428571428571427
2296,1,0,18483,-15.137684106826782,-11.009793758392334,0.21428571428571427
2297,1,0,18482,-15.137684106826782,-11.009793758392334,0.21428571428571427
2298,0,0,18481,-15.137684106826782,-11.009793758392334,0.21428571428571427
2299,1,0,18480,-15.137684106826782,-11.009793758392334,0.21428571428571427
2300,1,0,18479,-15.137684106826782,-11.009793758392334,0.21428571428571427
2301,1,0,18478,-15.137684106826782,-11.009793758392334,0.21428571428571427
2302,1,0,18477,-15.137684106826782,-11.009793758392334,0.21428571428571427
2303,1,0,18476,-15.137684106826782,-11.009793758392334,0.21428571428571427
2304,1,0,18475,-15.137684106826782,-11.009793758392334,0.21428571428571427
2305,1,0,18474,-15.137684106826782,-11.009793758392334,0.21428571428571427
2306,1,0,18473,-15.137684106826782,-11.009793758392334,0.21428571428571427
2307,1,0,18472,-15.137684106826782,-11.009793758392334,0.21428571428571427
2308,1,0,18471,-15.137684106826782,-11.009793758392334,0.21428571428571427
2309,1,0,18470,-15.137684106826782,-11.009793758392334,0.21428571428571427
2310,1,0,18469,-15.137684106826782,-11.009793758392334,0.21428571428571427
2311,0,0,18468,-15.137684106826782,-11.009793758392334,0.21428571428571427
2312,0,0,18467,-15.137684106826782,-11.009793758392334,0.21428571428571427
2313,1,0,18466,-15.137684106826782,-11.009793758392334,0.21428571428571427
2314,1,0,18465,-15.137684106826782,-11.009793758392334,0.21428571428571427
2315,1,0,18464,-15.137684106826782,-11.009793758392334,0.21428571428571427
2316,0,0,18463,-15.137684106826782,-11.009793758392334,0.21428571428571427
2317,1,0,18484,-15.137684106826782,-11.009793758392334,0.21428571428571427
2318,0,0,18485,-15.137684106826782,-11.009793758392334,0.21428571428571427
2319,1,0,18486,-15.137684106826782,-11.009793758392334,0.21428571428571427
2320,0,0,18498,-15.137684106826782,-11.009793758392334,0.21428571428571427
2321,1,0,18507,-15.137684106826782,-11.009793758392334,0.21428571428571427
2322,1,0,18506,-15.137684106826782,-11.009793758392334,0.21428571428571427
2323,1,0,18505,-15.137684106826782,-11.009793758392334,0.21428571428571427
2324,1,0,18504,-15.137684106826782,-11.009793758392334,0.21428571428571427
2325,1,0,18503,-15.137684106826782,-11.009793758392334,0.21428571428571427
2326,0,0,18502,-15.137684106826782,-11.009793758392334,0.21428571428571427
2327,1,0,18501,-15.137684106826782,-11.009793758392334,0.21428571428571427
2328,1,0,18500,-15.137684106826782,-11.009793758392334,0.21428571428571427
2329,1,0,18499,-15.137684106826782,-11.009793758392334,0.21428571428571427
2330,1,0,18497,-15.137684106826782,-11.009793758392334,0.21428571428571427
2331,1,0,18487,-15.137684106826782,-11.009793758392334,0.21428571428571427
2332,0,0,18496,-15.137684106826782,-11.009793758392334,0.21428571428571427
2333,1,0,18495,-15.137684106826782,-11.009793758392334,0.21428571428571427
2334,1,0,18494,-15.137684106826782,-11.009793758392334,0.21428571428571427
2335,1,0,18493,-15.137684106826782,-11.009793758392334,0.21428571428571427
2336,1,0,18492,-15.137684106826782,-11.009793758392334,0.21428571428571427
2337,1,0,18491,-15.137684106826782,-11.009793758392334,0.21428571428571427
2338,1,0,18490,-15.137684106826782,-11.009793758392334,0.21428571428571427
2339,1,0,18489,-15.137684106826782,-11.009793758392334,0.21428571428571427
2340,1,0,18488,-15.137684106826782,-11.009793758392334,0.21428571428571427
2341,1,0,18070,-15.137684106826782,-11.009793758392334,0.21428571428571427
2342,1,0,17971,-15.137684106826782,-11.009793758392334,0.21428571428571427
2343,1,0,17289,-15.137684106826782,-11.009793758392334,0.21428571428571427
2344,1,0,17970,-15.137684106826782,-11.009793758392334,0.21428571428571427
2345,1,0,17458,-15.137684106826782,-11.009793758392334,0.21428571428571427
2346,1,0,17457,-15.137684106826782,-11.009793758392334,0.21428571428571427
2347,1,0,17456,-15.137684106826782,-11.009793758392334,0.21428571428571427
2348,1,0,17455,-15.137684106826782,-11.009793758392334,0.21428571428571427
2349,1,0,17454,-15.137684106826782,-11.009793758392334,0.21428571428571427
2350,1,0,17453,-15.137684106826782,-11.009793758392334,0.21428571428571427
2351,1,0,17452,-15.137684106826782,-11.009793758392334,0.21428571428571427
2352,0,0,17451,-15.137684106826782,-11.009793758392334,0.21428571428571427
2353,1,0,17450,-15.137684106826782,-11.009793758392334,0.21428571428571427
2354,1,0,17449,-15.137684106826782,-11.009793758392334,0.21428571428571427
2355,1,0,17448,-15.137684106826782,-11.009793758392334,0.21428571428571427
2356,1,0,17447,-15.137684106826782,-11.009793758392334,0.21428571428571427
2357,1,0,17446,-15.137684106826782,-11.009793758392334,0.21428571428571427
2358,1,0,17445,-15.137684106826782,-11.009793758392334,0.21428571428571427
2359,0,0,17444,-15.137684106826782,-11.009793758392334,0.21428571428571427
2360,1,0,17443,-15.137684106826782,-11.009793758392334,0.21428571428571427
2361,1,0,17442,-15.137684106826782,-11.009793758392334,0.21428571428571427
2362,1,0,17441,-15.137684106826782,-11.009793758392334,0.21428571428571427
2363,1,0,17440,-15.137684106826782,-11.009793758392334,0.21428571428571427
2364,1,0,17439,-15.137684106826782,-11.009793758392334,0.21428571428571427
2365,1,0,17438,-15.137684106826782,-11.009793758392334,0.21428571428571427
2366,1,0,17459,-15.137684106826782,-11.009793758392334,0.21428571428571427
2367,1,0,17460,-15.137684106826782,-11.009793758392334,0.21428571428571427
2368,1,0,17461,-15.137684106826782,-11.009793758392334,0.21428571428571427
2369,1,0,17473,-15.137684106826782,-11.009793758392334,0.21428571428571427
2370,1,0,17482,-15.137684106826782,-11.009793758392334,0.21428571428571427
2371,1,0,17481,-15.137684106826782,-11.009793758392334,0.21428571428571427
2372,1,0,17480,-15.137684106826782,-11.009793758392334,0.21428571428571427
2373,0,0,17479,-15.137684106826782,-11.009793758392334,0.21428571428571427
2374,1,0,17478,-15.137684106826782,-11.009793758392334,0.21428571428571427
2375,1,0,17477,-15.137684106826782,-11.009793758392334,0.21428571428571427
2376,1,0,17476,-15.137684106826782,-11.009793758392334,0.21428571428571427
2377,1,0,17475,-15.137684106826782,-11.009793758392334,0.21428571428571427
2378,1,0,17474,-15.137684106826782,-11.009793758392334,0.21428571428571427
2379,1,0,17472,-15.137684106826782,-11.009793758392334,0.21428571428571427
2380,1,0,17462,-15.137684106826782,-11.009793758392334,0.21428571428571427
2381,1,0,17471,-15.137684106826782,-11.009793758392334,0.21428571428571427
2382,0,0,17470,-15.137684106826782,-11.009793758392334,0.21428571428571427
2383,1,0,17469,-15.137684106826782,-11.009793758392334,0.21428571428571427
2384,1,0,17468,-15.137684106826782,-11.009793758392334,0.21428571428571427
2385,1,0,17467,-15.137684106826782,-11.009793758392334,0.21428571428571427
2386,1,0,17466,-15.137684106826782,-11.009793758392334,0.21428571428571427
2387,1,0,17465,-15.137684106826782,-11.009793758392334,0.21428571428571427
2388,1,0,17464,-15.137684106826782,-11.009793758392334,0.21428571428571427
2389,1,0,17463,-15.137684106826782,-11.009793758392334,0.21428571428571427
2390,1,0,17437,-15.137684106826782,-11.009793758392334,0.21428571428571427
2391,1,0,17435,-15.137684106826782,-11.009793758392334,0.21428571428571427
2392,1,0,17388,-15.137684106826782,-11.009793758392334,0.21428571428571427
2393,1,0,17434,-15.137684106826782,-11.009793758392334,0.21428571428571427
2394,1,0,17409,-15.137684106826782,-11.009793758392334,0.21428571428571427
2395,1,0,17408,-15.137684106826782,-11.009793758392334,0.21428571428571427
2396,1,0,17407,-15.137684106826782,-11.009793758392334,0.21428571428571427
2397,0,0,17406,-15.137684106826782,-11.009793758392334,0.21428571428571427
2398,1,0,17405,-15.137684106826782,-11.009793758392334,0.21428571428571427
2399,1,0,17404,-15.137684106826782,-11.009793758392334,0.21428571428571427
2400,1,0,17403,-15.137684106826782,-11.009793758392334,0.21428571428571427
2401,1,0,17402,-15.137684106826782,-11.009793758392334,0.21428571428571427
2402,1,0,17401,-15.137684106826782,-11.009793758392334,0.21428571428571427
2403,1,0,17400,-15.137684106826782,-11.009793758392334,0.21428571428571427
2404,0,0,17399,-15.137684106826782,-11.009793758392334,0.21428571428571427
2405,1,0,17398,-15.137684106826782,-11.009793758392334,0.21428571428571427
2406,1,0,17397,-15.137684106826782,-11.009793758392334,0.21428571428571427
2407,1,0,17396,-15.137684106826782,-11.009793758392334,0.21428571428571427
2408,0,0,17395,-15.137684106826782,-11.009793758392334,0.21428571428571427
2409,1,0,17394,-15.137684106826782,-11.009793758392334,0.21428571428571427
2410,1,0,17393,-15.137684106826782,-11.009793758392334,0.21428571428571427
2411,1,0,17392,-15.137684106826782,-11.009793758392334,0.21428571428571427
2412,1,0,17391,-15.137684106826782,-11.009793758392334,0.21428571428571427
2413,1,0,17390,-15.137684106826782,-11.009793758392334,0.21428571428571427
2414,1,0,17389,-15.137684106826782,-11.009793758392334,0.21428571428571427
2415,1,0,17410,-15.137684106826782,-11.009793758392334,0.21428571428571427
2416,1,0,17411,-15.137684106826782,-11.009793758392334,0.21428571428571427
2417,0,0,17412,-15.137684106826782,-11.009793758392334,0.21428571428571427
2418,1,0,17424,-15.137684106826782,-11.009793758392334,0.21428571428571427
2419,1,0,17433,-15.137684106826782,-11.009793758392334,0.21428571428571427
2420,1,0,17432,-15.137684106826782,-11.009793758392334,0.21428571428571427
2421,1,0,17431,-15.137684106826782,-11.009793758392334,0.21428571428571427
2422,1,0,17430,-15.137684106826782,-11.009793758392334,0.21428571428571427
2423,1,0,17429,-15.137684106826782,-11.009793758392334,0.21428571428571427
2424,1,0,17428,-15.137684106826782,-11.009793758392334,0.21428571428571427
2425,0,0,17427,-15.137684106826782,-11.009793758392334,0.21428571428571427
2426,1,0,17426,-15.137684106826782,-11.009793758392334,0.21428571428571427
2427,1,0,17425,-15.137684106826782,-11.009793758392334,0.21428571428571427
2428,1,0,17423,-15.137684106826782,-11.009793758392334,0.21428571428571427
2429,0,0,17413,-15.137684106826782,-11.009793758392334,0.21428571428571427
2430,1,0,17422,-15.137684106826782,-11.009793758392334,0.21428571428571427
2431,0,0,17421,-15.137684106826782,-11.009793758392334,0.21428571428571427
2432,1,0,17420,-15.137684106826782,-11.009793758392334,0.21428571428571427
2433,1,0,17419,-15.137684106826782,-11.009793758392334,0.21428571428571427
2434,1,0,17418,-15.137684106826782,-11.009793758392334,0.21428571428571427
2435,1,0,17417,-15.137684106826782,-11.009793758392334,0.21428571428571427
2436,1,0,17416,-15.137684106826782,-11.009793758392334,0.21428571428571427
2437,1,0,17415,-15.137684106826782,-11.009793758392334,0.21428571428571427
2438,1,0,17414,-15.137684106826782,-11.009793758392334,0.21428571428571427
2439,1,0,17483,-15.137684106826782,-11.009793758392334,0.21428571428571427
2440,1,0,17484,-15.137684106826782,-11.009793758392334,0.21428571428571427
2441,1,0,17485,-15.137684106826782,-11.009793758392334,0.21428571428571427
2442,0,0,17486,-15.137684106826782,-11.009793758392334,0.21428571428571427
2443,1,0,17555,-15.137684106826782,-11.009793758392334,0.21428571428571427
2444,1,0,17554,-15.137684106826782,-11.009793758392334,0.21428571428571427
2445,1,0,17553,-15.137684106826782,-11.009793758392334,0.21428571428571427
2446,1,0,17552,-15.137684106826782,-11.009793758392334,0.21428571428571427
2447,1,0,17551,-15.137684106826782,-11.009793758392334,0.21428571428571427
2448,1,0,17550,-15.137684106826782,-11.009793758392334,0.21428571428571427
2449,1,0,17549,-15.137684106826782,-11.009793758392334,0.21428571428571427
2450,1,0,17548,-15.137684106826782,-11.009793758392334,0.21428571428571427
2451,0,0,17547,-15.137684106826782,-11.009793758392334,0.21428571428571427
2452,1,0,17545,-15.137684106826782,-11.009793758392334,0.21428571428571427
2453,1,0,17535,-15.137684106826782,-11.009793758392334,0.21428571428571427
2454,1,0,17544,-15.137684106826782,-11.009793758392334,0.21428571428571427
2455,1,0,17543,-15.137684106826782,-11.009793758392334,0.21428571428571427
2456,1,0,17542,-15.137684106826782,-11.009793758392334,0.21428571428571427
2457,0,0,17541,-15.137684106826782,-11.009793758392334,0.21428571428571427
2458,1,0,17540,-15.137684106826782,-11.009793758392334,0.21428571428571427
2459,1,0,17539,-15.137684106826782,-11.009793758392334,0.21428571428571427
2460,1,0,17538,-15.137684106826782,-11.009793758392334,0.21428571428571427
2461,1,0,17537,-15.137684106826782,-11.009793758392334,0.21428571428571427
2462,0,0,17536,-15.137684106826782,-11.009793758392334,0.21428571428571427
2463,1,0,17556,-15.137684106826782,-11.009793758392334,0.21428571428571427
2464,0,0,17546,-15.137684106826782,-11.009793758392334,0.21428571428571427
2465,1,0,17557,-15.137684106826782,-11.009793758392334,0.21428571428571427
2466,1,0,17570,-15.137684106826782,-11.009793758392334,0.21428571428571427
2467,1,0,17579,-15.137684106826782,-11.009793758392334,0.21428571428571427
2468,1,0,17578,-15.137684106826782,-11.009793758392334,0.21428571428571427
2469,0,0,17577,-15.137684106826782,-11.009793758392334,0.21428571428571427
2470,1,0,17576,-15.137684106826782,-11.009793758392334,0.21428571428571427
2471,1,0,17575,-15.137684106826782,-11.009793758392334,0.21428571428571427
2472,1,0,17574,-15.137684106826782,-11.009793758392334,0.21428571428571427
2473,1,0,17573,-15.137684106826782,-11.009793758392334,0.21428571428571427
2474,1,0,17572,-15.137684106826782,-11.009793758392334,0.21428571428571427
2475,1,0,17571,-15.137684106826782,-11.009793758392334,0.21428571428571427
2476,0,0,17569,-15.137684106826782,-11.009793758392334,0.21428571428571427
2477,1,0,17559,-15.137684106826782,-11.009793758392334,0.21428571428571427
2478,0,0,17568,-15.137684106826782,-11.009793758392334,0.21428571428571427
2479,1,0,17567,-15.137684106826782,-11.009793758392334,0.21428571428571427
2480,1,0,17566,-15.137684106826782,-11.009793758392334,0.21428571428571427
2481,1,0,17565,-15.137684106826782,-11.009793758392334,0.21428571428571427
2482,1,0,17564,-15.137684106826782,-11.009793758392334,0.21428571428571427
2483,1,0,17563,-15.137684106826782,-11.009793758392334,0.21428571428571427
2484,1,0,17562,-15.137684106826782,-11.009793758392334,0.21428571428571427
2485,0,0,17561,-15.137684106826782,-11.009793758392334,0.21428571428571427
2486,1,0,17560,-15.137684106826782,-11.009793758392334,0.21428571428571427
2487,0,0,17558,-15.137684106826782,-11.009793758392334,0.21428571428571427
2488,1,0,17534,-15.137684106826782,-11.009793758392334,0.21428571428571427
2489,1,0,17533,-15.137684106826782,-11.009793758392334,0.21428571428571427
2490,1,0,17532,-15.137684106826782,-11.009793758392334,0.21428571428571427
2491,0,0,17507,-15.137684106826782,-11.009793758392334,0.21428571428571427
2492,1,0,17506,-15.137684106826782,-11.009793758392334,0.21428571428571427
2493,1,0,17505,-15.137684106826782,-11.009793758392334,0.21428571428571427
2494,1,0,17504,-15.137684106826782,-11.009793758392334,0.21428571428571427
2495,1,0,17503,-15.137684106826782,-11.009793758392334,0.21428571428571427
2496,1,0,17502,-15.137684106826782,-11.009793758392334,0.21428571428571427
2497,1,0,17501,-15.137684106826782,-11.009793758392334,0.21428571428571427
2498,0,0,17500,-15.137684106826782,-11.009793758392334,0.21428571428571427
2499,1,0,17499,-15.137684106826782,-11.009793758392334,0.21428571428571427
2500,0,0,17498,-15.137684106826782,-11.009793758392334,0.21428571428571427
2501,1,0,17497,-15.137684106826782,-11.009793758392334,0.21428571428571427
2502,1,0,17496,-15.137684106826782,-11.009793758392334,0.21428571428571427
2503,1,0,17495,-15.137684106826782,-11.009793758392334,0.21428571428571427
2504,1,0,17494,-15.137684106826782,-11.009793758392334,0.21428571428571427
2505,1,0,17493,-15.137684106826782,-11.009793758392334,0.21428571428571427
2506,0,0,17492,-15.137684106826782,-11.009793758392334,0.21428571428571427
2507,0,0,17491,-15.137684106826782,-11.009793758392334,0.21428571428571427
2508,1,0,17490,-15.137684106826782,-11.009793758392334,0.21428571428571427
2509,0,0,17489,-15.137684106826782,-11.009793758392334,0.21428571428571427
2510,1,0,17488,-15.137684106826782,-11.009793758392334,0.21428571428571427
2511,1,0,17487,-15.137684106826782,-11.009793758392334,0.21428571428571427
2512,1,0,17508,-15.137684106826782,-11.009793758392334,0.21428571428571427
2513,1,0,17509,-15.137684106826782,-11.009793758392334,0.21428571428571427
2514,1,0,17510,-15.137684106826782,-11.009793758392334,0.21428571428571427
2515,1,0,17522,-15.137684106826782,-11.009793758392334,0.21428571428571427
2516,1,0,17531,-15.137684106826782,-11.009793758392334,0.21428571428571427
2517,1,0,17530,-15.137684106826782,-11.009793758392334,0.21428571428571427
2518,1,0,17529,-15.137684106826782,-11.009793758392334,0.21428571428571427
2519,1,0,17528,-15.137684106826782,-11.009793758392334,0.21428571428571427
2520,1,0,17527,-15.137684106826782,-11.009793758392334,0.21428571428571427
2521,1,0,17526,-15.137684106826782,-11.009793758392334,0.21428571428571427
2522,1,0,17525,-15.137684106826782,-11.009793758392334,0.21428571428571427
2523,1,0,17524,-15.137684106826782,-11.009793758392334,0.21428571428571427
2524,1,0,17523,-15.137684106826782,-11.009793758392334,0.21428571428571427
2525,1,0,17521,-15.137684106826782,-11.009793758392334,0.21428571428571427
2526,1,0,17511,-15.137684106826782,-11.009793758392334,0.21428571428571427
2527,0,0,17520,-15.137684106826782,-11.009793758392334,0.21428571428571427
2528,1,0,17519,-15.137684106826782,-11.009793758392334,0.21428571428571427
2529,0,0,17518,-15.137684106826782,-11.009793758392334,0.21428571428571427
2530,1,0,17517,-15.137684106826782,-11.009793758392334,0.21428571428571427
2531,1,0,17516,-15.137684106826782,-11.009793758392334,0.21428571428571427
2532,1,0,17515,-15.137684106826782,-11.009793758392334,0.21428571428571427
2533,1,0,17514,-15.137684106826782,-11.009793758392334,0.21428571428571427
2534,1,0,17513,-15.137684106826782,-11.009793758392334,0.21428571428571427
2535,1,0,17512,-15.137684106826782,-11.009793758392334,0.21428571428571427
2536,1,0,17436,-15.137684106826782,-11.009793758392334,0.21428571428571427
2537,1,0,17387,-15.137684106826782,-11.009793758392334,0.21428571428571427
2538,1,0,17386,-15.137684106826782,-11.009793758392334,0.21428571428571427
2539,1,0,17385,-15.137684106826782,-11.009793758392334,0.21428571428571427
2540,0,0,17262,-15.137684106826782,-11.009793758392334,0.21428571428571427
2541,1,0,17261,-15.137684106826782,-11.009793758392334,0.21428571428571427
2542,1,0,17260,-15.137684106826782,-11.009793758392334,0.21428571428571427
2543,1,0,17259,-15.137684106826782,-11.009793758392334,0.21428571428571427
2544,1,0,17258,-15.137684106826782,-11.009793758392334,0.21428571428571427
2545,1,0,17257,-15.137684106826782,-11.009793758392334,0.21428571428571427
2546,1,0,17256,-15.137684106826782,-11.009793758392334,0.21428571428571427
2547,1,0,17255,-15.137684106826782,-11.009793758392334,0.21428571428571427
2548,0,0,17254,-15.137684106826782,-11.009793758392334,0.21428571428571427
2549,1,0,17253,-15.137684106826782,-11.009793758392334,0.21428571428571427
2550,1,0,17252,-15.137684106826782,-11.009793758392334,0.21428571428571427
2551,0,0,17251,-15.137684106826782,-11.009793758392334,0.21428571428571427
2552,1,0,17250,-15.137684106826782,-11.009793758392334,0.21428571428571427
2553,1,0,17249,-15.137684106826782,-11.009793758392334,0.21428571428571427
2554,1,0,17248,-15.137684106826782,-11.009793758392334,0.21428571428571427
2555,1,0,17247,-15.137684106826782,-11.009793758392334,0.21428571428571427
2556,1,0,17246,-15.137684106826782,-11.009793758392334,0.21428571428571427
2557,1,0,17245,-15.137684106826782,-11.009793758392334,0.21428571428571427
2558,1,0,17244,-15.137684106826782,-11.009793758392334,0.21428571428571427
2559,1,0,17243,-15.137684106826782,-11.009793758392334,0.21428571428571427
2560,1,0,17242,-15.137684106826782,-11.009793758392334,0.21428571428571427
2561,1,0,17263,-15.137684106826782,-11.009793758392334,0.21428571428571427
2562,1,0,17264,-15.137684106826782,-11.009793758392334,0.21428571428571427
2563,1,0,17265,-15.137684106826782,-11.009793758392334,0.21428571428571427
2564,1,0,17277,-15.137684106826782,-11.009793758392334,0.21428571428571427
2565,1,0,17286,-15.137684106826782,-11.009793758392334,0.21428571428571427
2566,1,0,17285,-15.137684106826782,-11.009793758392334,0.21428571428571427
2567,1,0,17284,-15.137684106826782,-11.009793758392334,0.21428571428571427
2568,1,0,17283,-15.137684106826782,-11.009793758392334,0.21428571428571427
2569,1,0,17282,-15.137684106826782,-11.009793758392334,0.21428571428571427
2570,1,0,17281,-15.137684106826782,-11.009793758392334,0.21428571428571427
2571,0,0,17280,-15.137684106826782,-11.009793758392334,0.21428571428571427
2572,1,0,17279,-15.137684106826782,-11.009793758392334,0.21428571428571427
2573,1,0,17278,-15.137684106826782,-11.009793758392334,0.21428571428571427
2574,1,0,17276,-15.137684106826782,-11.009793758392334,0.21428571428571427
2575,1,0,17266,-15.137684106826782,-11.009793758392334,0.21428571428571427
2576,1,0,17275,-15.137684106826782,-11.009793758392334,0.21428571428571427
2577,1,0,17274,-15.137684106826782,-11.009793758392334,0.21428571428571427
2578,1,0,17273,-15.137684106826782,-11.009793758392334,0.21428571428571427
2579,1,0,17272,-15.137684106826782,-11.009793758392334,0.21428571428571427
2580,0,0,17271,-15.137684106826782,-11.009793758392334,0.21428571428571427
2581,1,0,17270,-15.137684106826782,-11.009793758392334,0.21428571428571427
2582,1,0,17269,-15.137684106826782,-11.009793758392334,0.21428571428571427
2583,1,0,17268,-15.137684106826782,-11.009793758392334,0.21428571428571427
2584,1,0,17267,-15.137684106826782,-11.009793758392334,0.21428571428571427
2585,1,0,17241,-15.137684106826782,-11.009793758392334,0.21428571428571427
2586,1,0,17239,-15.137684106826782,-11.009793758392334,0.21428571428571427
2587,1,0,17192,-15.137684106826782,-11.009793758392334,0.21428571428571427
2588,1,0,17238,-15.137684106826782,-11.009793758392334,0.21428571428571427
2589,1,0,17213,-15.137684106826782,-11.009793758392334,0.21428571428571427
2590,1,0,17212,-15.137684106826782,-11.009793758392334,0.21428571428571427
2591,1,0,17211,-15.137684106826782,-11.009793758392334,0.21428571428571427
2592,1,0,17210,-15.137684106826782,-11.009793758392334,0.21428571428571427
2593,0,0,17209,-15.137684106826782,-11.009793758392334,0.21428571428571427
2594,1,0,17208,-15.137684106826782,-11.009793758392334,0.21428571428571427
2595,0,0,17207,-15.137684106826782,-11.009793758392334,0.21428571428571427
2596,1,0,17206,-15.137684106826782,-11.009793758392334,0.21428571428571427
2597,1,0,17205,-15.137684106826782,-11.009793758392334,0.21428571428571427
2598,1,0,17204,-15.137684106826782,-11.009793758392334,0.21428571428571427
2599,0,0,17203,-15.137684106826782,-11.009793758392334,0.21428571428571427
2600,1,0,17202,-15.137684106826782,-11.009793758392334,0.21428571428571427
2601,1,0,17201,-15.137684106826782,-11.009793758392334,0.21428571428571427
2602,1,0,17200,-15.137684106826782,-11.009793758392334,0.21428571428571427
2603,0,0,17199,-15.137684106826782,-11.009793758392334,0.21428571428571427
2604,1,0,17198,-15.137684106826782,-11.009793758392334,0.21428571428571427
2605,1,0,17197,-15.137684106826782,-11.009793758392334,0.21428571428571427
2606,1,0,17196,-15.137684106826782,-11.009793758392334,0.21428571428571427
2607,1,0,17195,-15.137684106826782,-11.009793758392334,0.21428571428571427
2608,1,0,17194,-15.137684106826782,-11.009793758392334,0.21428571428571427
2609,1,0,17193,-15.137684106826782,-11.009793758392334,0.21428571428571427
2610,1,0,17214,-15.137684106826782,-11.009793758392334,0.21428571428571427
2611,1,0,17215,-15.137684106826782,-11.009793758392334,0.21428571428571427
2612,1,0,17216,-15.137684106826782,-11.009793758392334,0.21428571428571427
2613,1,0,17228,-15.137684106826782,-11.009793758392334,0.21428571428571427
2614,1,0,17237,-15.137684106826782,-11.009793758392334,0.21428571428571427
2615,0,0,17236,-15.137684106826782,-11.009793758392334,0.21428571428571427
2616,1,0,17235,-15.137684106826782,-11.009793758392334,0.21428571428571427
2617,0,0,17234,-15.137684106826782,-11.009793758392334,0.21428571428571427
2618,1,0,17233,-15.137684106826782,-11.009793758392334,0.21428571428571427
2619,1,0,17232,-15.137684106826782,-11.009793758392334,0.21428571428571427
2620,1,0,17231,-15.137684106826782,-11.009793758392334,0.21428571428571427
2621,1,0,17230,-15.137684106826782,-11.009793758392334,0.21428571428571427
2622,1,0,17229,-15.137684106826782,-11.009793758392334,0.21428571428571427
2623,1,0,17227,-15.137684106826782,-11.009793758392334,0.21428571428571427
2624,1,0,17217,-15.137684106826782,-11.009793758392334,0.21428571428571427
2625,1,0,17226,-15.137684106826782,-11.009793758392334,0.21428571428571427
2626,1,0,17225,-15.137684106826782,-11.009793758392334,0.21428571428571427
2627,1,0,17224,-15.137684106826782,-11.009793758392334,0.21428571428571427
2628,0,0,17223,-15.137684106826782,-11.009793758392334,0.21428571428571427
2629,0,0,17222,-15.137684106826782,-11.009793758392334,0.21428571428571427
2630,1,0,17221,-15.137684106826782,-11.009793758392334,0.21428571428571427
2631,1,0,17220,-15.137684106826782,-11.009793758392334,0.21428571428571427
2632,1,0,17219,-15.137684106826782,-11.009793758392334,0.21428571428571427
2633,1,0,17218,-15.137684106826782,-11.009793758392334,0.21428571428571427
2634,1,0,17287,-15.137684106826782,-11.009793758392334,0.21428571428571427
2635,1,0,17240,-15.137684106826782,-11.009793758392334,0.21428571428571427
2636,1,0,17288,-15.137684106826782,-11.009793758392334,0.21428571428571427
2637,1,0,17338,-15.137684106826782,-11.009793758392334,0.21428571428571427
2638,1,0,17360,-15.137684106826782,-11.009793758392334,0.21428571428571427
2639,0,0,17359,-15.137684106826782,-11.009793758392334,0.21428571428571427
2640,1,0,17358,-15.137684106826782,-11.009793758392334,0.21428571428571427
2641,1,0,17357,-15.137684106826782,-11.009793758392334,0.21428571428571427
2642,1,0,17356,-15.137684106826782,-11.009793758392334,0.21428571428571427
2643,1,0,17355,-15.137684106826782,-11.009793758392334,0.21428571428571427
2644,1,0,17354,-15.137684106826782,-11.009793758392334,0.21428571428571427
2645,1,0,17353,-15.137684106826782,-11.009793758392334,0.21428571428571427
2646,1,0,17352,-15.137684106826782,-11.009793758392334,0.21428571428571427
2647,1,0,17351,-15.137684106826782,-11.009793758392334,0.21428571428571427
2648,1,0,17350,-15.137684106826782,-11.009793758392334,0.21428571428571427
2649,1,0,17349,-15.137684106826782,-11.009793758392334,0.21428571428571427
2650,1,0,17348,-15.137684106826782,-11.009793758392334,0.21428571428571427
2651,1,0,17347,-15.137684106826782,-11.009793758392334,0.21428571428571427
2652,1,0,17346,-15.137684106826782,-11.009793758392334,0.21428571428571427
2653,1,0,17345,-15.137684106826782,-11.009793758392334,0.21428571428571427
2654,1,0,17344,-15.137684106826782,-11.009793758392334,0.21428571428571427
2655,1,0,17343,-15.137684106826782,-11.009793758392334,0.21428571428571427
2656,1,0,17342,-15.137684106826782,-11.009793758392334,0.21428571428571427
2657,1,0,17341,-15.137684106826782,-11.009793758392334,0.21428571428571427
2658,1,0,17340,-15.137684106826782,-11.009793758392334,0.21428571428571427
2659,1,0,17361,-15.137684106826782,-11.009793758392334,0.21428571428571427
2660,1,0,17362,-15.137684106826782,-11.009793758392334,0.21428571428571427
2661,1,0,17363,-15.137684106826782,-11.009793758392334,0.21428571428571427
2662,1,0,17375,-15.137684106826782,-11.009793758392334,0.21428571428571427
2663,1,0,17384,-15.137684106826782,-11.009793758392334,0.21428571428571427
2664,1,0,17383,-15.137684106826782,-11.009793758392334,0.21428571428571427
2665,1,0,17382,-15.137684106826782,-11.009793758392334,0.21428571428571427
2666,1,0,17381,-15.137684106826782,-11.009793758392334,0.21428571428571427
2667,1,0,17380,-15.137684106826782,-11.009793758392334,0.21428571428571427
2668,1,0,17379,-15.137684106826782,-11.009793758392334,0.21428571428571427
2669,1,0,17378,-15.137684106826782,-11.009793758392334,0.21428571428571427
2670,0,0,17377,-15.137684106826782,-11.009793758392334,0.21428571428571427
2671,1,0,17376,-15.137684106826782,-11.009793758392334,0.21428571428571427
2672,1,0,17374,-15.137684106826782,-11.009793758392334,0.21428571428571427
2673,1,0,17364,-15.137684106826782,-11.009793758392334,0.21428571428571427
2674,1,0,17373,-15.137684106826782,-11.009793758392334,0.21428571428571427
2675,1,0,17372,-15.137684106826782,-11.009793758392334,0.21428571428571427
2676,1,0,17371,-15.137684106826782,-11.009793758392334,0.21428571428571427
2677,1,0,17370,-15.137684106826782,-11.009793758392334,0.21428571428571427
2678,1,0,17369,-15.137684106826782,-11.009793758392334,0.21428571428571427
2679,1,0,17368,-15.137684106826782,-11.009793758392334,0.21428571428571427
2680,1,0,17367,-15.137684106826782,-11.009793758392334,0.21428571428571427
2681,0,0,17366,-15.137684106826782,-11.009793758392334,0.21428571428571427
2682,1,0,17365,-15.137684106826782,-11.009793758392334,0.21428571428571427
2683,1,0,17339,-15.137684106826782,-11.009793758392334,0.21428571428571427
2684,0,0,17337,-15.137684106826782,-11.009793758392334,0.21428571428571427
2685,0,0,17290,-15.137684106826782,-11.009793758392334,0.21428571428571427
2686,1,0,17336,-15.137684106826782,-11.009793758392334,0.21428571428571427
2687,1,0,17311,-15.137684106826782,-11.009793758392334,0.21428571428571427
2688,0,0,17310,-15.137684106826782,-11.009793758392334,0.21428571428571427
2689,0,0,17309,-15.137684106826782,-11.009793758392334,0.21428571428571427
2690,1,0,17308,-15.137684106826782,-11.009793758392334,0.21428571428571427
2691,1,0,17307,-15.137684106826782,-11.009793758392334,0.21428571428571427
2692,1,0,17306,-15.137684106826782,-11.009793758392334,0.21428571428571427
2693,1,0,17305,-15.137684106826782,-11.009793758392334,0.21428571428571427
2694,1,0,17304,-15.137684106826782,-11.009793758392334,0.21428571428571427
2695,1,0,17303,-15.137684106826782,-11.009793758392334,0.21428571428571427
2696,1,0,17302,-15.137684106826782,-11.009793758392334,0.21428571428571427
2697,1,0,17301,-15.137684106826782,-11.009793758392334,0.21428571428571427
2698,1,0,17300,-15.137684106826782,-11.009793758392334,0.21428571428571427
2699,1,0,17299,-15.137684106826782,-11.009793758392334,0.21428571428571427
2700,1,0,17298,-15.137684106826782,-11.009793758392334,0.21428571428571427
2701,1,0,17297,-15.137684106826782,-11.009793758392334,0.21428571428571427
2702,1,0,17296,-15.137684106826782,-11.009793758392334,0.21428571428571427
2703,1,0,17295,-15.137684106826782,-11.009793758392334,0.21428571428571427
2704,1,0,17294,-15.137684106826782,-11.009793758392334,0.21428571428571427
2705,1,0,17293,-15.137684106826782,-11.009793758392334,0.21428571428571427
2706,1,0,17292,-15.137684106826782,-11.009793758392334,0.21428571428571427
2707,1,0,17291,-15.137684106826782,-11.009793758392334,0.21428571428571427
2708,1,0,17312,-15.137684106826782,-11.009793758392334,0.21428571428571427
2709,1,0,17313,-15.137684106826782,-11.009793758392334,0.21428571428571427
2710,1,0,17314,-15.137684106826782,-11.009793758392334,0.21428571428571427
2711,1,0,17326,-15.137684106826782,-11.009793758392334,0.21428571428571427
2712,1,0,17335,-15.137684106826782,-11.009793758392334,0.21428571428571427
2713,0,0,17334,-15.137684106826782,-11.009793758392334,0.21428571428571427
2714,1,0,17333,-15.137684106826782,-11.009793758392334,0.21428571428571427
2715,1,0,17332,-15.137684106826782,-11.009793758392334,0.21428571428571427
2716,1,0,17331,-15.137684106826782,-11.009793758392334,0.21428571428571427
2717,0,0,17330,-15.137684106826782,-11.009793758392334,0.21428571428571427
2718,1,0,17329,-15.137684106826782,-11.009793758392334,0.21428571428571427
2719,1,0,17328,-15.137684106826782,-11.009793758392334,0.21428571428571427
2720,1,0,17327,-15.137684106826782,-11.009793758392334,0.21428571428571427
2721,0,0,17325,-15.137684106826782,-11.009793758392334,0.21428571428571427
2722,1,0,17315,-15.137684106826782,-11.009793758392334,0.21428571428571427
2723,1,0,17324,-15.137684106826782,-11.009793758392334,0.21428571428571427
2724,1,0,17323,-15.137684106826782,-11.009793758392334,0.21428571428571427
2725,1,0,17322,-15.137684106826782,-11.009793758392334,0.21428571428571427
2726,1,0,17321,-15.137684106826782,-11.009793758392334,0.21428571428571427
2727,1,0,17320,-15.137684106826782,-11.009793758392334,0.21428571428571427
2728,1,0,17319,-15.137684106826782,-11.009793758392334,0.21428571428571427
2729,1,0,17318,-15.137684106826782,-11.009793758392334,0.21428571428571427
2730,1,0,17317,-15.137684106826782,-11.009793758392334,0.21428571428571427
2731,1,0,17316,-15.137684106826782,-11.009793758392334,0.21428571428571427
2732,1,0,17580,-15.137684106826782,-11.009793758392334,0.21428571428571427
2733,1,0,17581,-15.137684106826782,-11.009793758392334,0.21428571428571427
2734,1,0,17582,-15.137684106826782,-11.009793758392334,0.21428571428571427
2735,1,0,17777,-15.137684106826782,-11.009793758392334,0.21428571428571427
2736,1,0,17848,-15.137684106826782,-11.009793758392334,0.21428571428571427
2737,1,0,17847,-15.137684106826782,-11.009793758392334,0.21428571428571427
2738,1,0,17846,-15.137684106826782,-11.009793758392334,0.21428571428571427
2739,1,0,17845,-15.137684106826782,-11.009793758392334,0.21428571428571427
2740,1,0,17844,-15.137684106826782,-11.009793758392334,0.21428571428571427
2741,1,0,17843,-15.137684106826782,-11.009793758392334,0.21428571428571427
2742,1,0,17842,-15.137684106826782,-11.009793758392334,0.21428571428571427
2743,1,0,17841,-15.137684106826782,-11.009793758392334,0.21428571428571427
2744,1,0,17840,-15.137684106826782,-11.009793758392334,0.21428571428571427
2745,1,0,17839,-15.137684106826782,-11.009793758392334,0.21428571428571427
2746,1,0,17838,-15.137684106826782,-11.009793758392334,0.21428571428571427
2747,1,0,17837,-15.137684106826782,-11.009793758392334,0.21428571428571427
2748,1,0,17836,-15.137684106826782,-11.009793758392334,0.21428571428571427
2749,1,0,17835,-15.137684106826782,-11.009793758392334,0.21428571428571427
2750,1,0,17834,-15.137684106826782,-11.009793758392334,0.21428571428571427
2751,1,0,17833,-15.137684106826782,-11.009793758392334,0.21428571428571427
2752,0,0,17832,-15.137684106826782,-11.009793758392334,0.21428571428571427
2753,1,0,17831,-15.137684106826782,-11.009793758392334,0.21428571428571427
2754,1,0,17830,-15.137684106826782,-11.009793758392334,0.21428571428571427
2755,1,0,17829,-15.137684106826782,-11.009793758392334,0.21428571428571427
2756,1,0,17828,-15.137684106826782,-11.009793758392334,0.21428571428571427
2757,0,0,17849,-15.137684106826782,-11.009793758392334,0.21428571428571427
2758,1,0,17850,-15.137684106826782,-11.009793758392334,0.21428571428571427
2759,1,0,17851,-15.137684106826782,-11.009793758392334,0.21428571428571427
2760,1,0,17863,-15.137684106826782,-11.009793758392334,0.21428571428571427
2761,1,0,17872,-15.137684106826782,-11.009793758392334,0.21428571428571427
2762,1,0,17871,-15.137684106826782,-11.009793758392334,0.21428571428571427
2763,1,0,17870,-15.137684106826782,-11.009793758392334,0.21428571428571427
2764,1,0,17869,-15.137684106826782,-11.009793758392334,0.21428571428571427
2765,1,0,17868,-15.137684106826782,-11.009793758392334,0.21428571428571427
2766,1,0,17867,-15.137684106826782,-11.009793758392334,0.21428571428571427
2767,1,0,17866,-15.137684106826782,-11.009793758392334,0.21428571428571427
2768,1,0,17865,-15.137684106826782,-11.009793758392334,0.21428571428571427
2769,1,0,17864,-15.137684106826782,-11.009793758392334,0.21428571428571427
2770,1,0,17862,-15.137684106826782,-11.009793758392334,0.21428571428571427
2771,1,0,17852,-15.137684106826782,-11.009793758392334,0.21428571428571427
2772,1,0,17861,-15.137684106826782,-11.009793758392334,0.21428571428571427
2773,1,0,17860,-15.137684106826782,-11.009793758392334,0.21428571428571427
2774,1,0,17859,-15.137684106826782,-11.009793758392334,0.21428571428571427
2775,1,0,17858,-15.137684106826782,-11.009793758392334,0.21428571428571427
2776,0,0,17857,-15.137684106826782,-11.009793758392334,0.21428571428571427
2777,1,0,17856,-15.137684106826782,-11.009793758392334,0.21428571428571427
2778,1,0,17855,-15.137684106826782,-11.009793758392334,0.21428571428571427
2779,1,0,17854,-15.137684106826782,-11.009793758392334,0.21428571428571427
2780,1,0,17853,-15.137684106826782,-11.009793758392334,0.21428571428571427
2781,1,0,17827,-15.137684106826782,-11.009793758392334,0.21428571428571427
2782,1,0,17825,-15.137684106826782,-11.009793758392334,0.21428571428571427
2783,1,0,17778,-15.137684106826782,-11.009793758392334,0.21428571428571427
2784,1,0,17824,-15.137684106826782,-11.009793758392334,0.21428571428571427
2785,1,0,17799,-15.137684106826782,-11.009793758392334,0.21428571428571427
2786,1,0,17798,-15.137684106826782,-11.009793758392334,0.21428571428571427
2787,1,0,17797,-15.137684106826782,-11.009793758392334,0.21428571428571427
2788,1,0,17796,-15.137684106826782,-11.009793758392334,0.21428571428571427
2789,1,0,17795,-15.137684106826782,-11.009793758392334,0.21428571428571427
2790,1,0,17794,-15.137684106826782,-11.009793758392334,0.21428571428571427
2791,1,0,17793,-15.137684106826782,-11.009793758392334,0.21428571428571427
2792,1,0,17792,-15.137684106826782,-11.009793758392334,0.21428571428571427
2793,1,0,17791,-15.137684106826782,-11.009793758392334,0.21428571428571427
2794,0,0,17790,-15.137684106826782,-11.009793758392334,0.21428571428571427
2795,1,0,17789,-15.137684106826782,-11.009793758392334,0.21428571428571427
2796,1,0,17788,-15.137684106826782,-11.009793758392334,0.21428571428571427
2797,1,0,17787,-15.137684106826782,-11.009793758392334,0.21428571428571427
2798,1,0,17786,-15.137684106826782,-11.009793758392334,0.21428571428571427
2799,1,0,17785,-15.137684106826782,-11.009793758392334,0.21428571428571427
2800,1,0,17784,-15.137684106826782,-11.009793758392334,0.21428571428571427
2801,1,0,17783,-15.137684106826782,-11.009793758392334,0.21428571428571427
2802,1,0,17782,-15.137684106826782,-11.009793758392334,0.21428571428571427
2803,1,0,17781,-15.137684106826782,-11.009793758392334,0.21428571428571427
2804,1,0,17780,-15.137684106826782,-11.009793758392334,0.21428571428571427
2805,1,0,17779,-15.137684106826782,-11.009793758392334,0.21428571428571427
2806,1,0,17800,-15.137684106826782,-11.009793758392334,0.21428571428571427
2807,1,0,17801,-15.137684106826782,-11.009793758392334,0.21428571428571427
2808,1,0,17802,-15.137684106826782,-11.009793758392334,0.21428571428571427
2809,1,0,17814,-15.137684106826782,-11.009793758392334,0.21428571428571427
2810,1,0,17823,-15.137684106826782,-11.009793758392334,0.21428571428571427
2811,1,0,17822,-15.137684106826782,-11.009793758392334,0.21428571428571427
2812,1,0,17821,-15.137684106826782,-11.009793758392334,0.21428571428571427
2813,1,0,17820,-15.137684106826782,-11.009793758392334,0.21428571428571427
2814,0,0,17819,-15.137684106826782,-11.009793758392334,0.21428571428571427
2815,1,0,17818,-15.137684106826782,-11.009793758392334,0.21428571428571427
2816,1,0,17817,-15.137684106826782,-11.009793758392334,0.21428571428571427
2817,0,0,17816,-15.137684106826782,-11.009793758392334,0.21428571428571427
2818,1,0,17815,-15.137684106826782,-11.009793758392334,0.21428571428571427
2819,1,0,17813,-15.137684106826782,-11.009793758392334,0.21428571428571427
2820,1,0,17803,-15.137684106826782,-11.009793758392334,0.21428571428571427
2821,1,0,17812,-15.137684106826782,-11.009793758392334,0.21428571428571427
2822,1,0,17811,-15.137684106826782,-11.009793758392334,0.21428571428571427
2823,1,0,17810,-15.137684106826782,-11.009793758392334,0.21428571428571427
2824,1,0,17809,-15.137684106826782,-11.009793758392334,0.21428571428571427
2825,1,0,17808,-15.137684106826782,-11.009793758392334,0.21428571428571427
2826,1,0,17807,-15.137684106826782,-11.009793758392334,0.21428571428571427
2827,1,0,17806,-15.137684106826782,-11.009793758392334,0.21428571428571427
2828,1,0,17805,-15.137684106826782,-11.009793758392334,0.21428571428571427
2829,1,0,17804,-15.137684106826782,-11.009793758392334,0.21428571428571427
2830,1,0,17873,-15.137684106826782,-11.009793758392334,0.21428571428571427
2831,1,0,17874,-15.137684106826782,-11.009793758392334,0.21428571428571427
2832,1,0,17875,-15.137684106826782,-11.009793758392334,0.21428571428571427
2833,1,0,17876,-15.137684106826782,-11.009793758392334,0.21428571428571427
2834,1,0,17945,-15.137684106826782,-11.009793758392334,0.21428571428571427
2835,1,0,17944,-15.137684106826782,-11.009793758392334,0.21428571428571427
2836,1,0,17943,-15.137684106826782,-11.009793758392334,0.21428571428571427
2837,0,0,17942,-15.137684106826782,-11.009793758392334,0.21428571428571427
2838,1,0,17941,-15.137684106826782,-11.009793758392334,0.21428571428571427
2839,0,0,17940,-15.137684106826782,-11.009793758392334,0.21428571428571427
2840,0,0,17939,-15.137684106826782,-11.009793758392334,0.21428571428571427
2841,1,0,17938,-15.137684106826782,-11.009793758392334,0.21428571428571427
2842,1,0,17937,-15.137684106826782,-11.009793758392334,0.21428571428571427
2843,0,0,17935,-15.137684106826782,-11.009793758392334,0.21428571428571427
2844,1,0,17925,-15.137684106826782,-11.009793758392334,0.21428571428571427
2845,1,0,17934,-15.137684106826782,-11.009793758392334,0.21428571428571427
2846,1,0,17933,-15.137684106826782,-11.009793758392334,0.21428571428571427
2847,1,0,17932,-15.137684106826782,-11.009793758392334,0.21428571428571427
2848,0,0,17931,-15.137684106826782,-11.009793758392334,0.21428571428571427
2849,1,0,17930,-15.137684106826782,-11.009793758392334,0.21428571428571427
2850,1,0,17929,-15.137684106826782,-11.009793758392334,0.21428571428571427
2851,1,0,17928,-15.137684106826782,-11.009793758392334,0.21428571428571427
2852,1,0,17927,-15.137684106826782,-11.009793758392334,0.21428571428571427
2853,1,0,17926,-15.137684106826782,-11.009793758392334,0.21428571428571427
2854,1,0,17946,-15.137684106826782,-11.009793758392334,0.21428571428571427
2855,1,0,17936,-15.137684106826782,-11.009793758392334,0.21428571428571427
2856,0,0,17947,-15.137684106826782,-11.009793758392334,0.21428571428571427
2857,1,0,17960,-15.137684106826782,-11.009793758392334,0.21428571428571427
2858,1,0,17969,-15.137684106826782,-11.009793758392334,0.21428571428571427
2859,1,0,17968,-15.137684106826782,-11.009793758392334,0.21428571428571427
2860,1,0,17967,-15.137684106826782,-11.009793758392334,0.21428571428571427
2861,1,0,17966,-15.137684106826782,-11.009793758392334,0.21428571428571427
2862,1,0,17965,-15.137684106826782,-11.009793758392334,0.21428571428571427
2863,1,0,17964,-15.137684106826782,-11.009793758392334,0.21428571428571427
2864,1,0,17963,-15.137684106826782,-11.009793758392334,0.21428571428571427
2865,0,0,17962,-15.137684106826782,-11.009793758392334,0.21428571428571427
2866,1,0,17961,-15.137684106826782,-11.009793758392334,0.21428571428571427
2867,1,0,17959,-15.137684106826782,-11.009793758392334,0.21428571428571427
2868,1,0,17949,-15.137684106826782,-11.009793758392334,0.21428571428571427
2869,1,0,17958,-15.137684106826782,-11.009793758392334,0.21428571428571427
2870,1,0,17957,-15.137684106826782,-11.009793758392334,0.21428571428571427
2871,1,0,17956,-15.137684106826782,-11.009793758392334,0.21428571428571427
2872,1,0,17955,-15.137684106826782,-11.009793758392334,0.21428571428571427
2873,1,0,17954,-15.137684106826782,-11.009793758392334,0.21428571428571427
2874,1,0,17953,-15.137684106826782,-11.009793758392334,0.21428571428571427
2875,1,0,17952,-15.137684106826782,-11.009793758392334,0.21428571428571427
2876,1,0,17951,-15.137684106826782,-11.009793758392334,0.21428571428571427
2877,1,0,17950,-15.137684106826782,-11.009793758392334,0.21428571428571427
2878,1,0,17948,-15.137684106826782,-11.009793758392334,0.21428571428571427
2879,1,0,17924,-15.137684106826782,-11.009793758392334,0.21428571428571427
2880,1,0,17923,-15.137684106826782,-11.009793758392334,0.21428571428571427
2881,1,0,17922,-15.137684106826782,-11.009793758392334,0.21428571428571427
2882,1,0,17897,-15.137684106826782,-11.009793758392334,0.21428571428571427
2883,1,0,17896,-15.137684106826782,-11.009793758392334,0.21428571428571427
2884,1,0,17895,-15.137684106826782,-11.009793758392334,0.21428571428571427
2885,1,0,17894,-15.137684106826782,-11.009793758392334,0.21428571428571427
2886,1,0,17893,-15.137684106826782,-11.009793758392334,0.21428571428571427
2887,1,0,17892,-15.137684106826782,-11.009793758392334,0.21428571428571427
2888,1,0,17891,-15.137684106826782,-11.009793758392334,0.21428571428571427
2889,1,0,17890,-15.137684106826782,-11.009793758392334,0.21428571428571427
2890,1,0,17889,-15.137684106826782,-11.009793758392334,0.21428571428571427
2891,1,0,17888,-15.137684106826782,-11.009793758392334,0.21428571428571427
2892,1,0,17887,-15.137684106826782,-11.009793758392334,0.21428571428571427
2893,1,0,17886,-15.137684106826782,-11.009793758392334,0.21428571428571427
2894,0,0,17885,-15.137684106826782,-11.009793758392334,0.21428571428571427
2895,1,0,17884,-15.137684106826782,-11.009793758392334,0.21428571428571427
2896,1,0,17883,-15.137684106826782,-11.009793758392334,0.21428571428571427
2897,0,0,17882,-15.137684106826782,-11.009793758392334,0.21428571428571427
2898,0,0,17881,-15.137684106826782,-11.009793758392334,0.21428571428571427
2899,1,0,17880,-15.137684106826782,-11.009793758392334,0.21428571428571427
2900,0,0,17879,-15.137684106826782,-11.009793758392334,0.21428571428571427
2901,1,0,17878,-15.137684106826782,-11.009793758392334,0.21428571428571427
2902,1,0,17877,-15.137684106826782,-11.009793758392334,0.21428571428571427
2903,1,0,17898,-15.137684106826782,-11.009793758392334,0.21428571428571427
2904,0,0,17899,-15.137684106826782,-11.009793758392334,0.21428571428571427
2905,0,0,17900,-15.137684106826782,-11.009793758392334,0.21428571428571427
2906,1,0,17912,-15.137684106826782,-11.009793758392334,0.21428571428571427
2907,1,0,17921,-15.137684106826782,-11.009793758392334,0.21428571428571427
2908,1,0,17920,-15.137684106826782,-11.009793758392334,0.21428571428571427
2909,0,0,17919,-15.137684106826782,-11.009793758392334,0.21428571428571427
2910,1,0,17918,-15.137684106826782,-11.009793758392334,0.21428571428571427
2911,1,0,17917,-15.137684106826782,-11.009793758392334,0.21428571428571427
2912,1,0,17916,-15.137684106826782,-11.009793758392334,0.21428571428571427
2913,1,0,17915,-15.137684106826782,-11.009793758392334,0.21428571428571427
2914,0,0,17914,-15.137684106826782,-11.009793758392334,0.21428571428571427
2915,1,0,17913,-15.137684106826782,-11.009793758392334,0.21428571428571427
2916,1,0,17911,-15.137684106826782,-11.009793758392334,0.21428571428571427
2917,1,0,17901,-15.137684106826782,-11.009793758392334,0.21428571428571427
2918,0,0,17910,-15.137684106826782,-11.009793758392334,0.21428571428571427
2919,0,0,17909,-15.137684106826782,-11.009793758392334,0.21428571428571427
2920,0,0,17908,-15.137684106826782,-11.009793758392334,0.21428571428571427
2921,1,0,17907,-15.137684106826782,-11.009793758392334,0.21428571428571427
2922,1,0,17906,-15.137684106826782,-11.009793758392334,0.21428571428571427
2923,1,0,17905,-15.137684106826782,-11.009793758392334,0.21428571428571427
2924,0,0,17904,-15.137684106826782,-11.009793758392334,0.21428571428571427
2925,1,0,17903,-15.137684106826782,-11.009793758392334,0.21428571428571427
2926,1,0,17902,-15.137684106826782,-11.009793758392334,0.21428571428571427
2927,1,0,17826,-15.137684106826782,-11.009793758392334,0.21428571428571427
2928,1,0,17776,-15.137684106826782,-11.009793758392334,0.21428571428571427
2929,1,0,17631,-15.137684106826782,-11.009793758392334,0.21428571428571427
2930,1,0,17775,-15.137684106826782,-11.009793758392334,0.21428571428571427
2931,1,0,17653,-15.137684106826782,-11.009793758392334,0.21428571428571427
2932,1,0,17652,-15.137684106826782,-11.009793758392334,0.21428571428571427
2933,1,0,17651,-15.137684106826782,-11.009793758392334,0.21428571428571427
2934,1,0,17650,-15.137684106826782,-11.009793758392334,0.21428571428571427
2935,0,0,17649,-15.137684106826782,-11.009793758392334,0.21428571428571427
2936,1,0,17648,-15.137684106826782,-11.009793758392334,0.21428571428571427
2937,1,0,17647,-15.137684106826782,-11.009793758392334,0.21428571428571427
2938,1,0,17646,-15.137684106826782,-11.009793758392334,0.21428571428571427
2939,1,0,17645,-15.137684106826782,-11.009793758392334,0.21428571428571427
2940,0,0,17644,-15.137684106826782,-11.009793758392334,0.21428571428571427
2941,1,0,17643,-15.137684106826782,-11.009793758392334,0.21428571428571427
2942,0,0,17642,-15.137684106826782,-11.009793758392334,0.21428571428571427
2943,1,0,17641,-15.137684106826782,-11.009793758392334,0.21428571428571427
2944,1,0,17640,-15.137684106826782,-11.009793758392334,0.21428571428571427
2945,1,0,17639,-15.137684106826782,-11.009793758392334,0.21428571428571427
2946,1,0,17638,-15.137684106826782,-11.009793758392334,0.21428571428571427
2947,1,0,17637,-15.137684106826782,-11.009793758392334,0.21428571428571427
2948,1,0,17636,-15.137684106826782,-11.009793758392334,0.21428571428571427
2949,1,0,17635,-15.137684106826782,-11.009793758392334,0.21428571428571427
2950,1,0,17634,-15.137684106826782,-11.009793758392334,0.21428571428571427
2951,0,0,17633,-15.137684106826782,-11.009793758392334,0.21428571428571427
2952,1,0,17654,-15.137684106826782,-11.009793758392334,0.21428571428571427
2953,0,0,17655,-15.137684106826782,-11.009793758392334,0.21428571428571427
2954,1,0,17656,-15.137684106826782,-11.009793758392334,0.21428571428571427
2955,1,0,17668,-15.137684106826782,-11.009793758392334,0.21428571428571427
2956,0,0,17677,-15.137684106826782,-11.009793758392334,0.21428571428571427
2957,1,0,17676,-15.137684106826782,-11.009793758392334,0.21428571428571427
2958,1,0,17675,-15.137684106826782,-11.009793758392334,0.21428571428571427
2959,1,0,17674,-15.137684106826782,-11.009793758392334,0.21428571428571427
2960,1,0,17673,-15.137684106826782,-11.009793758392334,0.21428571428571427
2961,1,0,17672,-15.137684106826782,-11.009793758392334,0.21428571428571427
2962,1,0,17671,-15.137684106826782,-11.009793758392334,0.21428571428571427
2963,1,0,17670,-15.137684106826782,-11.009793758392334,0.21428571428571427
2964,1,0,17669,-15.137684106826782,-11.009793758392334,0.21428571428571427
2965,0,0,17667,-15.137684106826782,-11.009793758392334,0.21428571428571427
2966,1,0,17657,-15.137684106826782,-11.009793758392334,0.21428571428571427
2967,1,0,17666,-15.137684106826782,-11.009793758392334,0.21428571428571427
2968,1,0,17665,-15.137684106826782,-11.009793758392334,0.21428571428571427
2969,1,0,17664,-15.137684106826782,-11.009793758392334,0.21428571428571427
2970,1,0,17663,-15.137684106826782,-11.009793758392334,0.21428571428571427
2971,1,0,17662,-15.137684106826782,-11.009793758392334,0.21428571428571427
2972,1,0,17661,-15.137684106826782,-11.009793758392334,0.21428571428571427
2973,1,0,17660,-15.137684106826782,-11.009793758392334,0.21428571428571427
2974,1,0,17659,-15.137684106826782,-11.009793758392334,0.21428571428571427
2975,1,0,17658,-15.137684106826782,-11.009793758392334,0.21428571428571427
2976,1,0,17632,-15.137684106826782,-11.009793758392334,0.21428571428571427
2977,1,0,17630,-15.137684106826782,-11.009793758392334,0.21428571428571427
2978,1,0,17583,-15.137684106826782,-11.009793758392334,0.21428571428571427
2979,0,0,17629,-15.137684106826782,-11.009793758392334,0.21428571428571427
2980,1,0,17604,-15.137684106826782,-11.009793758392334,0.21428571428571427
2981,1,0,17603,-15.137684106826782,-11.009793758392334,0.21428571428571427
2982,1,0,17602,-15.137684106826782,-11.009793758392334,0.21428571428571427
2983,1,0,17601,-15.137684106826782,-11.009793758392334,0.21428571428571427
2984,1,0,17600,-15.137684106826782,-11.009793758392334,0.21428571428571427
2985,0,0,17599,-15.137684106826782,-11.009793758392334,0.21428571428571427
2986,1,0,17598,-15.137684106826782,-11.009793758392334,0.21428571428571427
2987,1,0,17597,-15.137684106826782,-11.009793758392334,0.21428571428571427
2988,1,0,17596,-15.137684106826782,-11.009793758392334,0.21428571428571427
2989,1,0,17595,-15.137684106826782,-11.009793758392334,0.21428571428571427
2990,1,0,17594,-15.137684106826782,-11.009793758392334,0.21428571428571427
2991,0,0,17593,-15.137684106826782,-11.009793758392334,0.21428571428571427
2992,1,0,17592,-15.137684106826782,-11.009793758392334,0.21428571428571427
2993,1,0,17591,-15.137684106826782,-11.009793758392334,0.21428571428571427
2994,1,0,17590,-15.137684106826782,-11.009793758392334,0.21428571428571427
2995,1,0,17589,-15.137684106826782,-11.009793758392334,0.21428571428571427
2996,0,0,17588,-15.137684106826782,-11.009793758392334,0.21428571428571427
2997,1,0,17587,-15.137684106826782,-11.009793758392334,0.21428571428571427
2998,1,0,17586,-15.137684106826782,-11.009793758392334,0.21428571428571427
2999,0,0,17585,-15.137684106826782,-11.009793758392334,0.21428571428571427
3000,1,0,17584,-15.137684106826782,-11.009793758392334,0.21428571428571427
3001,1,0,17605,-15.137684106826782,-11.009793758392334,0.21428571428571427
3002,1,0,17606,-15.137684106826782,-11.009793758392334,0.21428571428571427
3003,1,0,17607,-15.137684106826782,-11.009793758392334,0.21428571428571427
3004,0,0,17619,-15.137684106826782,-11.009793758392334,0.21428571428571427
3005,1,0,17628,-15.137684106826782,-11.009793758392334,0.21428571428571427
3006,1,0,17627,-15.137684106826782,-11.009793758392334,0.21428571428571427
3007,1,0,17626,-15.137684106826782,-11.009793758392334,0.21428571428571427
3008,0,0,17625,-15.137684106826782,-11.009793758392334,0.21428571428571427
3009,1,0,17624,-15.137684106826782,-11.009793758392334,0.21428571428571427
3010,1,0,17623,-15.137684106826782,-11.009793758392334,0.21428571428571427
3011,1,0,17622,-15.137684106826782,-11.009793758392334,0.21428571428571427
3012,1,0,17621,-15.137684106826782,-11.009793758392334,0.21428571428571427
3013,1,0,17620,-15.137684106826782,-11.009793758392334,0.21428571428571427
3014,1,0,17618,-15.137684106826782,-11.009793758392334,0.21428571428571427
3015,1,0,17608,-15.137684106826782,-11.009793758392334,0.21428571428571427
3016,1,0,17617,-15.137684106826782,-11.009793758392334,0.21428571428571427
3017,1,0,17616,-15.137684106826782,-11.009793758392334,0.21428571428571427
3018,1,0,17615,-15.137684106826782,-11.009793758392334,0.21428571428571427
3019,0,0,17614,-15.137684106826782,-11.009793758392334,0.21428571428571427
3020,0,0,17613,-15.137684106826782,-11.009793758392334,0.21428571428571427
3021,1,0,17612,-15.137684106826782,-11.009793758392334,0.21428571428571427
3022,1,0,17611,-15.137684106826782,-11.009793758392334,0.21428571428571427
3023,1,0,17610,-15.137684106826782,-11.009793758392334,0.21428571428571427
3024,1,0,17609,-15.137684106826782,-11.009793758392334,0.21428571428571427
3025,1,0,17678,-15.137684106826782,-11.009793758392334,0.21428571428571427
3026,0,0,17679,-15.137684106826782,-11.009793758392334,0.21428571428571427
3027,1,0,17680,-15.137684106826782,-11.009793758392334,0.21428571428571427
3028,1,0,17681,-15.137684106826782,-11.009793758392334,0.21428571428571427
3029,1,0,17750,-15.137684106826782,-11.009793758392334,0.21428571428571427
3030,1,0,17749,-15.137684106826782,-11.009793758392334,0.21428571428571427
3031,1,0,17748,-15.137684106826782,-11.009793758392334,0.21428571428571427
3032,1,0,17747,-15.137684106826782,-11.009793758392334,0.21428571428571427
3033,1,0,17746,-15.137684106826782,-11.009793758392334,0.21428571428571427
3034,1,0,17745,-15.137684106826782,-11.009793758392334,0.21428571428571427
3035,1,0,17744,-15.137684106826782,-11.009793758392334,0.21428571428571427
3036,1,0,17743,-15.137684106826782,-11.009793758392334,0.21428571428571427
3037,1,0,17742,-15.137684106826782,-11.009793758392334,0.21428571428571427
3038,0,0,17740,-15.137684106826782,-11.009793758392334,0.21428571428571427
3039,1,0,17730,-15.137684106826782,-11.009793758392334,0.21428571428571427
3040,0,0,17739,-15.137684106826782,-11.009793758392334,0.21428571428571427
3041,1,0,17738,-15.137684106826782,-11.009793758392334,0.21428571428571427
3042,1,0,17737,-15.137684106826782,-11.009793758392334,0.21428571428571427
3043,1,0,17736,-15.137684106826782,-11.009793758392334,0.21428571428571427
3044,1,0,17735,-15.137684106826782,-11.009793758392334,0.21428571428571427
3045,0,0,17734,-15.137684106826782,-11.009793758392334,0.21428571428571427
3046,1,0,17733,-15.137684106826782,-11.009793758392334,0.21428571428571427
3047,0,0,17732,-15.137684106826782,-11.009793758392334,0.21428571428571427
3048,1,0,17731,-15.137684106826782,-11.009793758392334,0.21428571428571427
3049,1,0,17751,-15.137684106826782,-11.009793758392334,0.21428571428571427
3050,1,0,17741,-15.137684106826782,-11.009793758392334,0.21428571428571427
3051,1,0,17752,-15.137684106826782,-11.009793758392334,0.21428571428571427
3052,1,0,17765,-15.137684106826782,-11.009793758392334,0.21428571428571427
3053,1,0,17774,-15.137684106826782,-11.009793758392334,0.21428571428571427
3054,1,0,17773,-15.137684106826782,-11.009793758392334,0.21428571428571427
3055,1,0,17772,-15.137684106826782,-11.009793758392334,0.21428571428571427
3056,1,0,17771,-15.137684106826782,-11.009793758392334,0.21428571428571427
3057,1,0,17770,-15.137684106826782,-11.009793758392334,0.21428571428571427
3058,1,0,17769,-15.137684106826782,-11.009793758392334,0.21428571428571427
3059,1,0,17768,-15.137684106826782,-11.009793758392334,0.21428571428571427
3060,1,0,17767,-15.137684106826782,-11.009793758392334,0.21428571428571427
3061,1,0,17766,-15.137684106826782,-11.009793758392334,0.21428571428571427
3062,1,0,17764,-15.137684106826782,-11.009793758392334,0.21428571428571427
3063,1,0,17754,-15.137684106826782,-11.009793758392334,0.21428571428571427
3064,1,0,17763,-15.137684106826782,-11.009793758392334,0.21428571428571427
3065,1,0,17762,-15.137684106826782,-11.009793758392334,0.21428571428571427
3066,1,0,17761,-15.137684106826782,-11.009793758392334,0.21428571428571427
3067,1,0,17760,-15.137684106826782,-11.009793758392334,0.21428571428571427
3068,1,0,17759,-15.137684106826782,-11.009793758392334,0.21428571428571427
3069,1,0,17758,-15.137684106826782,-11.009793758392334,0.21428571428571427
3070,1,0,17757,-15.137684106826782,-11.009793758392334,0.21428571428571427
3071,1,0,17756,-15.137684106826782,-11.009793758392334,0.21428571428571427
3072,1,0,17755,-15.137684106826782,-11.009793758392334,0.21428571428571427
3073,1,0,17753,-15.137684106826782,-11.009793758392334,0.21428571428571427
3074,1,0,17729,-15.137684106826782,-11.009793758392334,0.21428571428571427
3075,1,0,17728,-15.137684106826782,-11.009793758392334,0.21428571428571427
3076,1,0,17727,-15.137684106826782,-11.009793758392334,0.21428571428571427
3077,1,0,17702,-15.137684106826782,-11.009793758392334,0.21428571428571427
3078,1,0,17701,-15.137684106826782,-11.009793758392334,0.21428571428571427
3079,1,0,17700,-15.137684106826782,-11.009793758392334,0.21428571428571427
3080,0,0,17699,-15.137684106826782,-11.009793758392334,0.21428571428571427
3081,0,0,17698,-15.137684106826782,-11.009793758392334,0.21428571428571427
3082,1,0,17697,-15.137684106826782,-11.009793758392334,0.21428571428571427
3083,1,0,17696,-15.137684106826782,-11.009793758392334,0.21428571428571427
3084,0,0,17695,-15.137684106826782,-11.009793758392334,0.21428571428571427
3085,1,0,17694,-15.137684106826782,-11.009793758392334,0.21428571428571427
3086,1,0,17693,-15.137684106826782,-11.009793758392334,0.21428571428571427
3087,0,0,17692,-15.137684106826782,-11.009793758392334,0.21428571428571427
3088,1,0,17691,-15.137684106826782,-11.009793758392334,0.21428571428571427
3089,1,0,17690,-15.137684106826782,-11.009793758392334,0.21428571428571427
3090,1,0,17689,-15.137684106826782,-11.009793758392334,0.21428571428571427
3091,1,0,17688,-15.137684106826782,-11.009793758392334,0.21428571428571427
3092,1,0,17687,-15.137684106826782,-11.009793758392334,0.21428571428571427
3093,1,0,17686,-15.137684106826782,-11.009793758392334,0.21428571428571427
3094,1,0,17685,-15.137684106826782,-11.009793758392334,0.21428571428571427
3095,1,0,17684,-15.137684106826782,-11.009793758392334,0.21428571428571427
3096,1,0,17683,-15.137684106826782,-11.009793758392334,0.21428571428571427
3097,1,0,17682,-15.137684106826782,-11.009793758392334,0.21428571428571427
3098,1,0,17703,-15.137684106826782,-11.009793758392334,0.21428571428571427
3099,1,0,17704,-15.137684106826782,-11.009793758392334,0.21428571428571427
3100,1,0,17705,-15.137684106826782,-11.009793758392334,0.21428571428571427
3101,1,0,17717,-15.137684106826782,-11.009793758392334,0.21428571428571427
3102,1,0,17726,-15.137684106826782,-11.009793758392334,0.21428571428571427
3103,1,0,17725,-15.137684106826782,-11.009793758392334,0.21428571428571427
3104,1,0,17724,-15.137684106826782,-11.009793758392334,0.21428571428571427
3105,1,0,17723,-15.137684106826782,-11.009793758392334,0.21428571428571427
3106,1,0,17722,-15.137684106826782,-11.009793758392334,0.21428571428571427
3107,1,0,17721,-15.137684106826782,-11.009793758392334,0.21428571428571427
3108,1,0,17720,-15.137684106826782,-11.009793758392334,0.21428571428571427
3109,1,0,17719,-15.137684106826782,-11.009793758392334,0.21428571428571427
3110,1,0,17718,-15.137684106826782,-11.009793758392334,0.21428571428571427
3111,1,0,17716,-15.137684106826782,-11.009793758392334,0.21428571428571427
3112,1,0,17706,-15.137684106826782,-11.009793758392334,0.21428571428571427
3113,1,0,17715,-15.137684106826782,-11.009793758392334,0.21428571428571427
3114,1,0,17714,-15.137684106826782,-11.009793758392334,0.21428571428571427
3115,1,0,17713,-15.137684106826782,-11.009793758392334,0.21428571428571427
3116,0,0,17712,-15.137684106826782,-11.009793758392334,0.21428571428571427
3117,1,0,17711,-15.137684106826782,-11.009793758392334,0.21428571428571427
3118,1,0,17710,-15.137684106826782,-11.009793758392334,0.21428571428571427
3119,1,0,17709,-15.137684106826782,-11.009793758392334,0.21428571428571427
3120,1,0,17708,-15.137684106826782,-11.009793758392334,0.21428571428571427
3121,1,0,17707,-15.137684106826782,-11.009793758392334,0.21428571428571427
3122,1,0,17191,-15.137684106826782,-11.009793758392334,0.21428571428571427
3123,0,0,15628,-15.137684106826782,-11.009793758392334,0.21428571428571427
3124,1,0,14067,-15.137684106826782,-11.009793758392334,0.21428571428571427
3125,1,0,15627,-15.137684106826782,-11.009793758392334,0.21428571428571427
3126,1,0,13553,-15.137684106826782,-11.009793758392334,0.21428571428571427
3127,1,0,13552,-15.137684106826782,-11.009793758392334,0.21428571428571427
3128,1,0,13551,-15.137684106826782,-11.009793758392334,0.21428571428571427
3129,1,0,13550,-15.137684106826782,-11.009793758392334,0.21428571428571427
3130,1,0,13549,-15.137684106826782,-11.009793758392334,0.21428571428571427
3131,1,0,13548,-15.137684106826782,-11.009793758392334,0.21428571428571427
3132,0,0,13547,-15.137684106826782,-11.009793758392334,0.21428571428571427
3133,1,0,13546,-15.137684106826782,-11.009793758392334,0.21428571428571427
3134,1,0,13545,-15.137684106826782,-11.009793758392334,0.21428571428571427
3135,1,0,13544,-15.137684106826782,-11.009793758392334,0.21428571428571427
3136,1,0,13543,-15.137684106826782,-11.009793758392334,0.21428571428571427
3137,1,0,13542,-15.137684106826782,-11.009793758392334,0.21428571428571427
3138,1,0,13541,-15.137684106826782,-11.009793758392334,0.21428571428571427
3139,1,0,13540,-15.137684106826782,-11.009793758392334,0.21428571428571427
3140,1,0,13539,-15.137684106826782,-11.009793758392334,0.21428571428571427
3141,1,0,13538,-15.137684106826782,-11.009793758392334,0.21428571428571427
3142,1,0,13537,-15.137684106826782,-11.009793758392334,0.21428571428571427
3143,1,0,13536,-15.137684106826782,-11.009793758392334,0.21428571428571427
3144,1,0,13535,-15.137684106826782,-11.009793758392334,0.21428571428571427
3145,1,0,13534,-15.137684106826782,-11.009793758392334,0.21428571428571427
3146,1,0,13533,-15.137684106826782,-11.009793758392334,0.21428571428571427
3147,1,0,13554,-15.137684106826782,-11.009793758392334,0.21428571428571427
3148,1,0,13555,-15.137684106826782,-11.009793758392334,0.21428571428571427
3149,1,0,13556,-15.137684106826782,-11.009793758392334,0.21428571428571427
3150,1,0,13568,-15.137684106826782,-11.009793758392334,0.21428571428571427
3151,1,0,13577,-15.137684106826782,-11.009793758392334,0.21428571428571427
3152,1,0,13576,-15.137684106826782,-11.009793758392334,0.21428571428571427
3153,1,0,13575,-15.137684106826782,-11.009793758392334,0.21428571428571427
3154,1,0,13574,-15.137684106826782,-11.009793758392334,0.21428571428571427
3155,1,0,13573,-15.137684106826782,-11.009793758392334,0.21428571428571427
3156,1,0,13572,-15.137684106826782,-11.009793758392334,0.21428571428571427
3157,1,0,13571,-15.137684106826782,-11.009793758392334,0.21428571428571427
3158,1,0,13570,-15.137684106826782,-11.009793758392334,0.21428571428571427
3159,1,0,13569,-15.137684106826782,-11.009793758392334,0.21428571428571427
3160,1,0,13567,-15.137684106826782,-11.009793758392334,0.21428571428571427
3161,1,0,13557,-15.137684106826782,-11.009793758392334,0.21428571428571427
3162,1,0,13566,-15.137684106826782,-11.009793758392334,0.21428571428571427
3163,1,0,13565,-15.137684106826782,-11.009793758392334,0.21428571428571427
3164,0,0,13564,-15.137684106826782,-11.009793758392334,0.21428571428571427
3165,1,0,13563,-15.137684106826782,-11.009793758392334,0.21428571428571427
3166,1,0,13562,-15.137684106826782,-11.009793758392334,0.21428571428571427
3167,0,0,13561,-15.137684106826782,-11.009793758392334,0.21428571428571427
3168,1,0,13560,-15.137684106826782,-11.009793758392334,0.21428571428571427
3169,1,0,13559,-15.137684106826782,-11.009793758392334,0.21428571428571427
3170,1,0,13558,-15.137684106826782,-11.009793758392334,0.21428571428571427
3171,1,0,13532,-15.137684106826782,-11.009793758392334,0.21428571428571427
3172,1,0,13530,-15.137684106826782,-11.009793758392334,0.21428571428571427
3173,1,0,13483,-15.137684106826782,-11.009793758392334,0.21428571428571427
3174,1,0,13529,-15.137684106826782,-11.009793758392334,0.21428571428571427
3175,1,0,13504,-15.137684106826782,-11.009793758392334,0.21428571428571427
3176,0,0,13503,-15.137684106826782,-11.009793758392334,0.21428571428571427
3177,1,0,13502,-15.137684106826782,-11.009793758392334,0.21428571428571427
3178,1,0,13501,-15.137684106826782,-11.009793758392334,0.21428571428571427
3179,1,0,13500,-15.137684106826782,-11.009793758392334,0.21428571428571427
3180,1,0,13499,-15.137684106826782,-11.009793758392334,0.21428571428571427
3181,1,0,13498,-15.137684106826782,-11.009793758392334,0.21428571428571427
3182,1,0,13497,-15.137684106826782,-11.009793758392334,0.21428571428571427
3183,1,0,13496,-15.137684106826782,-11.009793758392334,0.21428571428571427
3184,1,0,13495,-15.137684106826782,-11.009793758392334,0.21428571428571427
3185,1,0,13494,-15.137684106826782,-11.009793758392334,0.21428571428571427
3186,1,0,13493,-15.137684106826782,-11.009793758392334,0.21428571428571427
3187,0,0,13492,-15.137684106826782,-11.009793758392334,0.21428571428571427
3188,0,0,13491,-15.137684106826782,-11.009793758392334,0.21428571428571427
3189,1,0,13490,-15.137684106826782,-11.009793758392334,0.21428571428571427
3190,1,0,13489,-15.137684106826782,-11.009793758392334,0.21428571428571427
3191,1,0,13488,-15.137684106826782,-11.009793758392334,0.21428571428571427
3192,1,0,13487,-15.137684106826782,-11.009793758392334,0.21428571428571427
3193,1,0,13486,-15.137684106826782,-11.009793758392334,0.21428571428571427
3194,1,0,13485,-15.137684106826782,-11.009793758392334,0.21428571428571427
3195,1,0,13484,-15.137684106826782,-11.009793758392334,0.21428571428571427
3196,1,0,13505,-15.137684106826782,-11.009793758392334,0.21428571428571427
3197,1,0,13506,-15.137684106826782,-11.009793758392334,0.21428571428571427
3198,0,0,13507,-15.137684106826782,-11.009793758392334,0.21428571428571427
3199,1,0,13519,-15.137684106826782,-11.009793758392334,0.21428571428571427
3200,1,0,13528,-15.137684106826782,-11.009793758392334,0.21428571428571427
3201,1,0,13527,-15.137684106826782,-11.009793758392334,0.21428571428571427
3202,1,0,13526,-15.137684106826782,-11.009793758392334,0.21428571428571427
3203,1,0,13525,-15.137684106826782,-11.009793758392334,0.21428571428571427
3204,1,0,13524,-15.137684106826782,-11.009793758392334,0.21428571428571427
3205,1,0,13523,-15.137684106826782,-11.009793758392334,0.21428571428571427
3206,1,0,13522,-15.137684106826782,-11.009793758392334,0.21428571428571427
3207,1,0,13521,-15.137684106826782,-11.009793758392334,0.21428571428571427
3208,1,0,13520,-15.137684106826782,-11.009793758392334,0.21428571428571427
3209,0,0,13518,-15.137684106826782,-11.009793758392334,0.21428571428571427
3210,1,0,13508,-15.137684106826782,-11.009793758392334,0.21428571428571427
3211,1,0,13517,-15.137684106826782,-11.009793758392334,0.21428571428571427
3212,1,0,13516,-15.137684106826782,-11.009793758392334,0.21428571428571427
3213,1,0,13515,-15.137684106826782,-11.009793758392334,0.21428571428571427
3214,1,0,13514,-15.137684106826782,-11.009793758392334,0.21428571428571427
3215,1,0,13513,-15.137684106826782,-11.009793758392334,0.21428571428571427
3216,1,0,13512,-15.137684106826782,-11.009793758392334,0.21428571428571427
3217,1,0,13511,-15.137684106826782,-11.009793758392334,0.21428571428571427
3218,1,0,13510,-15.137684106826782,-11.009793758392334,0.21428571428571427
3219,1,0,13509,-15.137684106826782,-11.009793758392334,0.21428571428571427
3220,1,0,13578,-15.137684106826782,-11.009793758392334,0.21428571428571427
3221,1,0,13579,-15.137684106826782,-11.009793758392334,0.21428571428571427
3222,1,0,13580,-15.137684106826782,-11.009793758392334,0.21428571428571427
3223,1,0,13581,-15.137684106826782,-11.009793758392334,0.21428571428571427
3224,1,0,13650,-15.137684106826782,-11.009793758392334,0.21428571428571427
3225,1,0,13649,-15.137684106826782,-11.009793758392334,0.21428571428571427
3226,1,0,13648,-15.137684106826782,-11.009793758392334,0.21428571428571427
3227,1,0,13647,-15.137684106826782,-11.009793758392334,0.21428571428571427
3228,1,0,13646,-15.137684106826782,-11.009793758392334,0.21428571428571427
3229,0,0,13645,-15.137684106826782,-11.009793758392334,0.21428571428571427
3230,1,0,13644,-15.137684106826782,-11.009793758392334,0.21428571428571427
3231,1,0,13643,-15.137684106826782,-11.009793758392334,0.21428571428571427
3232,0,0,13642,-15.137684106826782,-11.009793758392334,0.21428571428571427
3233,1,0,13640,-15.137684106826782,-11.009793758392334,0.21428571428571427
3234,1,0,13630,-15.137684106826782,-11.009793758392334,0.21428571428571427
3235,1,0,13639,-15.137684106826782,-11.009793758392334,0.21428571428571427
3236,1,0,13638,-15.137684106826782,-11.009793758392334,0.21428571428571427
3237,1,0,13637,-15.137684106826782,-11.009793758392334,0.21428571428571427
3238,1,0,13636,-15.137684106826782,-11.009793758392334,0.21428571428571427
3239,1,0,13635,-15.137684106826782,-11.009793758392334,0.21428571428571427
3240,0,0,13634,-15.137684106826782,-11.009793758392334,0.21428571428571427
3241,1,0,13633,-15.137684106826782,-11.009793758392334,0.21428571428571427
3242,1,0,13632,-15.137684106826782,-11.009793758392334,0.21428571428571427
3243,1,0,13631,-15.137684106826782,-11.009793758392334,0.21428571428571427
3244,1,0,13651,-15.137684106826782,-11.009793758392334,0.21428571428571427
3245,1,0,13641,-15.137684106826782,-11.009793758392334,0.21428571428571427
3246,1,0,13652,-15.137684106826782,-11.009793758392334,0.21428571428571427
3247,1,0,13665,-15.137684106826782,-11.009793758392334,0.21428571428571427
3248,1,0,13674,-15.137684106826782,-11.009793758392334,0.21428571428571427
3249,1,0,13673,-15.137684106826782,-11.009793758392334,0.21428571428571427
3250,1,0,13672,-15.137684106826782,-11.009793758392334,0.21428571428571427
3251,1,0,13671,-15.137684106826782,-11.009793758392334,0.21428571428571427
3252,1,0,13670,-15.137684106826782,-11.009793758392334,0.21428571428571427
3253,1,0,13669,-15.137684106826782,-11.009793758392334,0.21428571428571427
3254,1,0,13668,-15.137684106826782,-11.009793758392334,0.21428571428571427
3255,0,0,13667,-15.137684106826782,-11.009793758392334,0.21428571428571427
3256,1,0,13666,-15.137684106826782,-11.009793758392334,0.21428571428571427
3257,1,0,13664,-15.137684106826782,-11.009793758392334,0.21428571428571427
3258,0,0,13654,-15.137684106826782,-11.009793758392334,0.21428571428571427
3259,1,0,13663,-15.137684106826782,-11.009793758392334,0.21428571428571427
3260,1,0,13662,-15.137684106826782,-11.009793758392334,0.21428571428571427
3261,1,0,13661,-15.137684106826782,-11.009793758392334,0.21428571428571427
3262,0,0,13660,-15.137684106826782,-11.009793758392334,0.21428571428571427
3263,1,0,13659,-15.137684106826782,-11.009793758392334,0.21428571428571427
3264,1,0,13658,-15.137684106826782,-11.009793758392334,0.21428571428571427
3265,1,0,13657,-15.137684106826782,-11.009793758392334,0.21428571428571427
3266,1,0,13656,-15.137684106826782,-11.009793758392334,0.21428571428571427
3267,1,0,13655,-15.137684106826782,-11.009793758392334,0.21428571428571427
3268,1,0,13653,-15.137684106826782,-11.009793758392334,0.21428571428571427
3269,1,0,13629,-15.137684106826782,-11.009793758392334,0.21428571428571427
3270,1,0,13628,-15.137684106826782,-11.009793758392334,0.21428571428571427
3271,1,0,13627,-15.137684106826782,-11.009793758392334,0.21428571428571427
3272,1,0,13602,-15.137684106826782,-11.009793758392334,0.21428571428571427
3273,1,0,13601,-15.137684106826782,-11.009793758392334,0.21428571428571427
3274,1,0,13600,-15.137684106826782,-11.009793758392334,0.21428571428571427
3275,1,0,13599,-15.137684106826782,-11.009793758392334,0.21428571428571427
3276,1,0,13598,-15.137684106826782,-11.009793758392334,0.21428571428571427
3277,0,0,13597,-15.137684106826782,-11.009793758392334,0.21428571428571427
3278,1,0,13596,-15.137684106826782,-11.009793758392334,0.21428571428571427
3279,1,0,13595,-15.137684106826782,-11.009793758392334,0.21428571428571427
3280,1,0,13594,-15.137684106826782,-11.009793758392334,0.21428571428571427
3281,0,0,13593,-15.137684106826782,-11.009793758392334,0.21428571428571427
3282,1,0,13592,-15.137684106826782,-11.009793758392334,0.21428571428571427
3283,1,0,13591,-15.137684106826782,-11.009793758392334,0.21428571428571427
3284,0,0,13590,-15.137684106826782,-11.009793758392334,0.21428571428571427
3285,1,0,13589,-15.137684106826782,-11.009793758392334,0.21428571428571427
3286,1,0,13588,-15.137684106826782,-11.009793758392334,0.21428571428571427
3287,1,0,13587,-15.137684106826782,-11.009793758392334,0.21428571428571427
3288,1,0,13586,-15.137684106826782,-11.009793758392334,0.21428571428571427
3289,1,0,13585,-15.137684106826782,-11.009793758392334,0.21428571428571427
3290,1,0,13584,-15.137684106826782,-11.009793758392334,0.21428571428571427
3291,1,0,13583,-15.137684106826782,-11.009793758392334,0.21428571428571427
3292,1,0,13582,-15.137684106826782,-11.009793758392334,0.21428571428571427
3293,1,0,13603,-15.137684106826782,-11.009793758392334,0.21428571428571427
3294,0,0,13604,-15.137684106826782,-11.009793758392334,0.21428571428571427
3295,1,0,13605,-15.137684106826782,-11.009793758392334,0.21428571428571427
3296,1,0,13617,-15.137684106826782,-11.009793758392334,0.21428571428571427
3297,0,0,13626,-15.137684106826782,-11.009793758392334,0.21428571428571427
3298,1,0,13625,-15.137684106826782,-11.009793758392334,0.21428571428571427
3299,1,0,13624,-15.137684106826782,-11.009793758392334,0.21428571428571427
3300,1,0,13623,-15.137684106826782,-11.009793758392334,0.21428571428571427
3301,1,0,13622,-15.137684106826782,-11.009793758392334,0.21428571428571427
3302,1,0,13621,-15.137684106826782,-11.009793758392334,0.21428571428571427
3303,1,0,13620,-15.137684106826782,-11.009793758392334,0.21428571428571427
3304,1,0,13619,-15.137684106826782,-11.009793758392334,0.21428571428571427
3305,1,0,13618,-15.137684106826782,-11.009793758392334,0.21428571428571427
3306,1,0,13616,-15.137684106826782,-11.009793758392334,0.21428571428571427
3307,1,0,13606,-15.137684106826782,-11.009793758392334,0.21428571428571427
3308,1,0,13615,-15.137684106826782,-11.009793758392334,0.21428571428571427
3309,1,0,13614,-15.137684106826782,-11.009793758392334,0.21428571428571427
3310,1,0,13613,-15.137684106826782,-11.009793758392334,0.21428571428571427
3311,1,0,13612,-15.137684106826782,-11.009793758392334,0.21428571428571427
3312,1,0,13611,-15.137684106826782,-11.009793758392334,0.21428571428571427
3313,0,0,13610,-15.137684106826782,-11.009793758392334,0.21428571428571427
3314,1,0,13609,-15.137684106826782,-11.009793758392334,0.21428571428571427
3315,1,0,13608,-15.137684106826782,-11.009793758392334,0.21428571428571427
3316,1,0,13607,-15.137684106826782,-11.009793758392334,0.21428571428571427
3317,1,0,13531,-15.137684106826782,-11.009793758392334,0.21428571428571427
3318,1,0,13482,-15.137684106826782,-11.009793758392334,0.21428571428571427
3319,1,0,13481,-15.137684106826782,-11.009793758392334,0.21428571428571427
3320,1,0,13480,-15.137684106826782,-11.009793758392334,0.21428571428571427
3321,1,0,13357,-15.137684106826782,-11.009793758392334,0.21428571428571427
3322,0,0,13356,-15.137684106826782,-11.009793758392334,0.21428571428571427
3323,0,0,13355,-15.137684106826782,-11.009793758392334,0.21428571428571427
3324,1,0,13354,-15.137684106826782,-11.009793758392334,0.21428571428571427
3325,0,0,13353,-15.137684106826782,-11.009793758392334,0.21428571428571427
3326,1,0,13352,-15.137684106826782,-11.009793758392334,0.21428571428571427
3327,0,0,13351,-15.137684106826782,-11.009793758392334,0.21428571428571427
3328,1,0,13350,-15.137684106826782,-11.009793758392334,0.21428571428571427
3329,1,0,13349,-15.137684106826782,-11.009793758392334,0.21428571428571427
3330,1,0,13348,-15.137684106826782,-11.009793758392334,0.21428571428571427
3331,1,0,13347,-15.137684106826782,-11.009793758392334,0.21428571428571427
3332,1,0,13346,-15.137684106826782,-11.009793758392334,0.21428571428571427
3333,0,0,13345,-15.137684106826782,-11.009793758392334,0.21428571428571427
3334,1,0,13344,-15.137684106826782,-11.009793758392334,0.21428571428571427
3335,1,0,13343,-15.137684106826782,-11.009793758392334,0.21428571428571427
3336,1,0,13342,-15.137684106826782,-11.009793758392334,0.21428571428571427
3337,1,0,13341,-15.137684106826782,-11.009793758392334,0.21428571428571427
3338,1,0,13340,-15.137684106826782,-11.009793758392334,0.21428571428571427
3339,1,0,13339,-15.137684106826782,-11.009793758392334,0.21428571428571427
3340,1,0,13338,-15.137684106826782,-11.009793758392334,0.21428571428571427
3341,1,0,13337,-15.137684106826782,-11.009793758392334,0.21428571428571427
3342,0,0,13358,-15.137684106826782,-11.009793758392334,0.21428571428571427
3343,1,0,13359,-15.137684106826782,-11.009793758392334,0.21428571428571427
3344,1,0,13360,-15.137684106826782,-11.009793758392334,0.21428571428571427
3345,1,0,13372,-15.137684106826782,-11.009793758392334,0.21428571428571427
3346,1,0,13381,-15.137684106826782,-11.009793758392334,0.21428571428571427
3347,1,0,13380,-15.137684106826782,-11.009793758392334,0.21428571428571427
3348,1,0,13379,-15.137684106826782,-11.009793758392334,0.21428571428571427
3349,1,0,13378,-15.137684106826782,-11.009793758392334,0.21428571428571427
3350,1,0,13377,-15.137684106826782,-11.009793758392334,0.21428571428571427
3351,0,0,13376,-15.137684106826782,-11.009793758392334,0.21428571428571427
3352,1,0,13375,-15.137684106826782,-11.009793758392334,0.21428571428571427
3353,1,0,13374,-15.137684106826782,-11.009793758392334,0.21428571428571427
3354,1,0,13373,-15.137684106826782,-11.009793758392334,0.21428571428571427
3355,1,0,13371,-15.137684106826782,-11.009793758392334,0.21428571428571427
3356,1,0,13361,-15.137684106826782,-11.009793758392334,0.21428571428571427
3357,1,0,13370,-15.137684106826782,-11.009793758392334,0.21428571428571427
3358,1,0,13369,-15.137684106826782,-11.009793758392334,0.21428571428571427
3359,1,0,13368,-15.137684106826782,-11.009793758392334,0.21428571428571427
3360,0,0,13367,-15.137684106826782,-11.009793758392334,0.21428571428571427
3361,1,0,13366,-15.137684106826782,-11.009793758392334,0.21428571428571427
3362,1,0,13365,-15.137684106826782,-11.009793758392334,0.21428571428571427
3363,1,0,13364,-15.137684106826782,-11.009793758392334,0.21428571428571427
3364,1,0,13363,-15.137684106826782,-11.009793758392334,0.21428571428571427
3365,1,0,13362,-15.137684106826782,-11.009793758392334,0.21428571428571427
3366,1,0,13336,-15.137684106826782,-11.009793758392334,0.21428571428571427
3367,1,0,13334,-15.137684106826782,-11.009793758392334,0.21428571428571427
3368,1,0,13287,-15.137684106826782,-11.009793758392334,0.21428571428571427
3369,1,0,13333,-15.137684106826782,-11.009793758392334,0.21428571428571427
3370,0,0,13308,-15.137684106826782,-11.009793758392334,0.21428571428571427
3371,1,0,13307,-15.137684106826782,-11.009793758392334,0.21428571428571427
3372,1,0,13306,-15.137684106826782,-11.009793758392334,0.21428571428571427
3373,1,0,13305,-15.137684106826782,-11.009793758392334,0.21428571428571427
3374,1,0,13304,-15.137684106826782,-11.009793758392334,0.21428571428571427
3375,1,0,13303,-15.137684106826782,-11.009793758392334,0.21428571428571427
3376,1,0,13302,-15.137684106826782,-11.009793758392334,0.21428571428571427
3377,1,0,13301,-15.137684106826782,-11.009793758392334,0.21428571428571427
3378,1,0,13300,-15.137684106826782,-11.009793758392334,0.21428571428571427
3379,1,0,13299,-15.137684106826782,-11.009793758392334,0.21428571428571427
3380,1,0,13298,-15.137684106826782,-11.009793758392334,0.21428571428571427
3381,1,0,13297,-15.137684106826782,-11.009793758392334,0.21428571428571427
3382,1,0,13296,-15.137684106826782,-11.009793758392334,0.21428571428571427
3383,1,0,13295,-15.137684106826782,-11.009793758392334,0.21428571428571427
3384,1,0,13294,-15.137684106826782,-11.009793758392334,0.21428571428571427
3385,1,0,13293,-15.137684106826782,-11.009793758392334,0.21428571428571427
3386,1,0,13292,-15.137684106826782,-11.009793758392334,0.21428571428571427
3387,1,0,13291,-15.137684106826782,-11.009793758392334,0.21428571428571427
3388,1,0,13290,-15.137684106826782,-11.009793758392334,0.21428571428571427
3389,1,0,13289,-15.137684106826782,-11.009793758392334,0.21428571428571427
3390,1,0,13288,-15.137684106826782,-11.009793758392334,0.21428571428571427
3391,1,0,13309,-15.137684106826782,-11.009793758392334,0.21428571428571427
3392,1,0,13310,-15.137684106826782,-11.009793758392334,0.21428571428571427
3393,1,0,13311,-15.137684106826782,-11.009793758392334,0.21428571428571427
3394,1,0,13323,-15.137684106826782,-11.009793758392334,0.21428571428571427
3395,1,0,13332,-15.137684106826782,-11.009793758392334,0.21428571428571427
3396,1,0,13331,-15.137684106826782,-11.009793758392334,0.21428571428571427
3397,1,0,13330,-15.137684106826782,-11.009793758392334,0.21428571428571427
3398,1,0,13329,-15.137684106826782,-11.009793758392334,0.21428571428571427
3399,1,0,13328,-15.137684106826782,-11.009793758392334,0.21428571428571427
3400,1,0,13327,-15.137684106826782,-11.009793758392334,0.21428571428571427
3401,1,0,13326,-15.137684106826782,-11.009793758392334,0.21428571428571427
3402,1,0,13325,-15.137684106826782,-11.009793758392334,0.21428571428571427
3403,1,0,13324,-15.137684106826782,-11.009793758392334,0.21428571428571427
3404,1,0,13322,-15.137684106826782,-11.009793758392334,0.21428571428571427
3405,1,0,13312,-15.137684106826782,-11.009793758392334,0.21428571428571427
3406,1,0,13321,-15.137684106826782,-11.009793758392334,0.21428571428571427
3407,1,0,13320,-15.137684106826782,-11.009793758392334,0.21428571428571427
3408,1,0,13319,-15.137684106826782,-11.009793758392334,0.21428571428571427
3409,1,0,13318,-15.137684106826782,-11.009793758392334,0.21428571428571427
3410,1,0,13317,-15.137684106826782,-11.009793758392334,0.21428571428571427
3411,1,0,13316,-15.137684106826782,-11.009793758392334,0.21428571428571427
3412,1,0,13315,-15.137684106826782,-11.009793758392334,0.21428571428571427
3413,1,0,13314,-15.137684106826782,-11.009793758392334,0.21428571428571427
3414,1,0,13313,-15.137684106826782,-11.009793758392334,0.21428571428571427
3415,1,0,13382,-15.137684106826782,-11.009793758392334,0.21428571428571427
3416,0,0,13335,-15.137684106826782,-11.009793758392334,0.21428571428571427
3417,1,0,13383,-15.137684106826782,-11.009793758392334,0.21428571428571427
3418,1,0,13433,-15.137684106826782,-11.009793758392334,0.21428571428571427
3419,1,0,13455,-15.137684106826782,-11.009793758392334,0.21428571428571427
3420,1,0,13454,-15.137684106826782,-11.009793758392334,0.21428571428571427
3421,1,0,13453,-15.137684106826782,-11.009793758392334,0.21428571428571427
3422,1,0,13452,-15.137684106826782,-11.009793758392334,0.21428571428571427
3423,1,0,13451,-15.137684106826782,-11.009793758392334,0.21428571428571427
3424,1,0,13450,-15.137684106826782,-11.009793758392334,0.21428571428571427
3425,1,0,13449,-15.137684106826782,-11.009793758392334,0.21428571428571427
3426,1,0,13448,-15.137684106826782,-11.009793758392334,0.21428571428571427
3427,1,0,13447,-15.137684106826782,-11.009793758392334,0.21428571428571427
3428,1,0,13446,-15.137684106826782,-11.009793758392334,0.21428571428571427
3429,0,0,13445,-15.137684106826782,-11.009793758392334,0.21428571428571427
3430,1,0,13444,-15.137684106826782,-11.009793758392334,0.21428571428571427
3431,1,0,13443,-15.137684106826782,-11.009793758392334,0.21428571428571427
3432,1,0,13442,-15.137684106826782,-11.009793758392334,0.21428571428571427
3433,1,0,13441,-15.137684106826782,-11.009793758392334,0.21428571428571427
3434,1,0,13440,-15.137684106826782,-11.009793758392334,0.21428571428571427
3435,1,0,13439,-15.137684106826782,-11.009793758392334,0.21428571428571427
3436,1,0,13438,-15.137684106826782,-11.009793758392334,0.21428571428571427
3437,1,0,13437,-15.137684106826782,-11.009793758392334,0.21428571428571427
3438,1,0,13436,-15.137684106826782,-11.009793758392334,0.21428571428571427
3439,1,0,13435,-15.137684106826782,-11.009793758392334,0.21428571428571427
3440,1,0,13456,-15.137684106826782,-11.009793758392334,0.21428571428571427
3441,1,0,13457,-15.137684106826782,-11.009793758392334,0.21428571428571427
3442,1,0,13458,-15.137684106826782,-11.009793758392334,0.21428571428571427
3443,1,0,13470,-15.137684106826782,-11.009793758392334,0.21428571428571427
3444,1,0,13479,-15.137684106826782,-11.009793758392334,0.21428571428571427
3445,1,0,13478,-15.137684106826782,-11.009793758392334,0.21428571428571427
3446,1,0,13477,-15.137684106826782,-11.009793758392334,0.21428571428571427
3447,1,0,13476,-15.137684106826782,-11.009793758392334,0.21428571428571427
3448,1,0,13475,-15.137684106826782,-11.009793758392334,0.21428571428571427
3449,1,0,13474,-15.137684106826782,-11.009793758392334,0.21428571428571427
3450,1,0,13473,-15.137684106826782,-11.009793758392334,0.21428571428571427
3451,1,0,13472,-15.137684106826782,-11.009793758392334,0.21428571428571427
3452,1,0,13471,-15.137684106826782,-11.009793758392334,0.21428571428571427
3453,0,0,13469,-15.137684106826782,-11.009793758392334,0.21428571428571427
3454,1,0,13459,-15.137684106826782,-11.009793758392334,0.21428571428571427
3455,1,0,13468,-15.137684106826782,-11.009793758392334,0.21428571428571427
3456,1,0,13467,-15.137684106826782,-11.009793758392334,0.21428571428571427
3457,0,0,13466,-15.137684106826782,-11.009793758392334,0.21428571428571427
3458,1,0,13465,-15.137684106826782,-11.009793758392334,0.21428571428571427
3459,1,0,13464,-15.137684106826782,-11.009793758392334,0.21428571428571427
3460,1,0,13463,-15.137684106826782,-11.009793758392334,0.21428571428571427
3461,1,0,13462,-15.137684106826782,-11.009793758392334,0.21428571428571427
3462,1,0,13461,-15.137684106826782,-11.009793758392334,0.21428571428571427
3463,1,0,13460,-15.137684106826782,-11.009793758392334,0.21428571428571427
3464,1,0,13434,-15.137684106826782,-11.009793758392334,0.21428571428571427
3465,1,0,13432,-15.137684106826782,-11.009793758392334,0.21428571428571427
3466,0,0,13385,-15.137684106826782,-11.009793758392334,0.21428571428571427
3467,1,0,13431,-15.137684106826782,-11.009793758392334,0.21428571428571427
3468,0,0,13406,-15.137684106826782,-11.009793758392334,0.21428571428571427
3469,1,0,13405,-15.137684106826782,-11.009793758392334,0.21428571428571427
3470,1,0,13404,-15.137684106826782,-11.009793758392334,0.21428571428571427
3471,1,0,13403,-15.137684106826782,-11.009793758392334,0.21428571428571427
3472,1,0,13402,-15.137684106826782,-11.009793758392334,0.21428571428571427
3473,1,0,13401,-15.137684106826782,-11.009793758392334,0.21428571428571427
3474,1,0,13400,-15.137684106826782,-11.009793758392334,0.21428571428571427
3475,1,0,13399,-15.137684106826782,-11.009793758392334,0.21428571428571427
3476,1,0,13398,-15.137684106826782,-11.009793758392334,0.21428571428571427
3477,1,0,13397,-15.137684106826782,-11.009793758392334,0.21428571428571427
3478,1,0,13396,-15.137684106826782,-11.009793758392334,0.21428571428571427
3479,1,0,13395,-15.137684106826782,-11.009793758392334,0.21428571428571427
3480,1,0,13394,-15.137684106826782,-11.009793758392334,0.21428571428571427
3481,0,0,13393,-15.137684106826782,-11.009793758392334,0.21428571428571427
3482,1,0,13392,-15.137684106826782,-11.009793758392334,0.21428571428571427
3483,1,0,13391,-15.137684106826782,-11.009793758392334,0.21428571428571427
3484,1,0,13390,-15.137684106826782,-11.009793758392334,0.21428571428571427
3485,1,0,13389,-15.137684106826782,-11.009793758392334,0.21428571428571427
3486,1,0,13388,-15.137684106826782,-11.009793758392334,0.21428571428571427
3487,1,0,13387,-15.137684106826782,-11.009793758392334,0.21428571428571427
3488,0,0,13386,-15.137684106826782,-11.009793758392334,0.21428571428571427
3489,0,0,13407,-15.137684106826782,-11.009793758392334,0.21428571428571427
3490,1,0,13408,-15.137684106826782,-11.009793758392334,0.21428571428571427
3491,0,0,13409,-15.137684106826782,-11.009793758392334,0.21428571428571427
3492,1,0,13421,-15.137684106826782,-11.009793758392334,0.21428571428571427
3493,1,0,13430,-15.137684106826782,-11.009793758392334,0.21428571428571427
3494,1,0,13429,-15.137684106826782,-11.009793758392334,0.21428571428571427
3495,1,0,13428,-15.137684106826782,-11.009793758392334,0.21428571428571427
3496,0,0,13427,-15.137684106826782,-11.009793758392334,0.21428571428571427
3497,1,0,13426,-15.137684106826782,-11.009793758392334,0.21428571428571427
3498,1,0,13425,-15.137684106826782,-11.009793758392334,0.21428571428571427
3499,0,0,13424,-15.137684106826782,-11.009793758392334,0.21428571428571427
3500,1,0,13423,-15.137684106826782,-11.009793758392334,0.21428571428571427
3501,1,0,13422,-15.137684106826782,-11.009793758392334,0.21428571428571427
3502,1,0,13420,-15.137684106826782,-11.009793758392334,0.21428571428571427
3503,1,0,13410,-15.137684106826782,-11.009793758392334,0.21428571428571427
3504,1,0,13419,-15.137684106826782,-11.009793758392334,0.21428571428571427
3505,1,0,13418,-15.137684106826782,-11.009793758392334,0.21428571428571427
3506,1,0,13417,-15.137684106826782,-11.009793758392334,0.21428571428571427
3507,1,0,13416,-15.137684106826782,-11.009793758392334,0.21428571428571427
3508,1,0,13415,-15.137684106826782,-11.009793758392334,0.21428571428571427
3509,0,0,13414,-15.137684106826782,-11.009793758392334,0.21428571428571427
3510,1,0,13413,-15.137684106826782,-11.009793758392334,0.21428571428571427
3511,1,0,13412,-15.137684106826782,-11.009793758392334,0.21428571428571427
3512,1,0,13411,-15.137684106826782,-11.009793758392334,0.21428571428571427
3513,1,0,13675,-15.137684106826782,-11.009793758392334,0.21428571428571427
3514,1,0,13676,-15.137684106826782,-11.009793758392334,0.21428571428571427
3515,1,0,13677,-15.137684106826782,-11.009793758392334,0.21428571428571427
3516,1,0,13872,-15.137684106826782,-11.009793758392334,0.21428571428571427
3517,1,0,13943,-15.137684106826782,-11.009793758392334,0.21428571428571427
3518,1,0,13942,-15.137684106826782,-11.009793758392334,0.21428571428571427
3519,1,0,13941,-15.137684106826782,-11.009793758392334,0.21428571428571427
3520,1,0,13940,-15.137684106826782,-11.009793758392334,0.21428571428571427
3521,1,0,13939,-15.137684106826782,-11.009793758392334,0.21428571428571427
3522,1,0,13938,-15.137684106826782,-11.009793758392334,0.21428571428571427
3523,1,0,13937,-15.137684106826782,-11.009793758392334,0.21428571428571427
3524,1,0,13936,-15.137684106826782,-11.009793758392334,0.21428571428571427
3525,1,0,13935,-15.137684106826782,-11.009793758392334,0.21428571428571427
3526,1,0,13934,-15.137684106826782,-11.009793758392334,0.21428571428571427
3527,1,0,13933,-15.137684106826782,-11.009793758392334,0.21428571428571427
3528,1,0,13932,-15.137684106826782,-11.009793758392334,0.21428571428571427
3529,1,0,13931,-15.137684106826782,-11.009793758392334,0.21428571428571427
3530,1,0,13930,-15.137684106826782,-11.009793758392334,0.21428571428571427
3531,0,0,13929,-15.137684106826782,-11.009793758392334,0.21428571428571427
3532,0,0,13928,-15.137684106826782,-11.009793758392334,0.21428571428571427
3533,1,0,13927,-15.137684106826782,-11.009793758392334,0.21428571428571427
3534,0,0,13926,-15.137684106826782,-11.009793758392334,0.21428571428571427
3535,1,0,13925,-15.137684106826782,-11.009793758392334,0.21428571428571427
3536,1,0,13924,-15.137684106826782,-11.009793758392334,0.21428571428571427
3537,1,0,13923,-15.137684106826782,-11.009793758392334,0.21428571428571427
3538,1,0,13944,-15.137684106826782,-11.009793758392334,0.21428571428571427
3539,1,0,13945,-15.137684106826782,-11.009793758392334,0.21428571428571427
3540,0,0,13946,-15.137684106826782,-11.009793758392334,0.21428571428571427
3541,1,0,13958,-15.137684106826782,-11.009793758392334,0.21428571428571427
3542,1,0,13967,-15.137684106826782,-11.009793758392334,0.21428571428571427
3543,1,0,13966,-15.137684106826782,-11.009793758392334,0.21428571428571427
3544,1,0,13965,-15.137684106826782,-11.009793758392334,0.21428571428571427
3545,0,0,13964,-15.137684106826782,-11.009793758392334,0.21428571428571427
3546,1,0,13963,-15.137684106826782,-11.009793758392334,0.21428571428571427
3547,1,0,13962,-15.137684106826782,-11.009793758392334,0.21428571428571427
3548,1,0,13961,-15.137684106826782,-11.009793758392334,0.21428571428571427
3549,1,0,13960,-15.137684106826782,-11.009793758392334,0.21428571428571427
3550,1,0,13959,-15.137684106826782,-11.009793758392334,0.21428571428571427
3551,1,0,13957,-15.137684106826782,-11.009793758392334,0.21428571428571427
3552,1,0,13947,-15.137684106826782,-11.009793758392334,0.21428571428571427
3553,0,0,13956,-15.137684106826782,-11.009793758392334,0.21428571428571427
3554,0,0,13955,-15.137684106826782,-11.009793758392334,0.21428571428571427
3555,1,0,13954,-15.137684106826782,-11.009793758392334,0.21428571428571427
3556,1,0,13953,-15.137684106826782,-11.009793758392334,0.21428571428571427
3557,1,0,13952,-15.137684106826782,-11.009793758392334,0.21428571428571427
3558,1,0,13951,-15.137684106826782,-11.009793758392334,0.21428571428571427
3559,1,0,13950,-15.137684106826782,-11.009793758392334,0.21428571428571427
3560,1,0,13949,-15.137684106826782,-11.009793758392334,0.21428571428571427
3561,1,0,13948,-15.137684106826782,-11.009793758392334,0.21428571428571427
3562,1,0,13922,-15.137684106826782,-11.009793758392334,0.21428571428571427
3563,1,0,13920,-15.137684106826782,-11.009793758392334,0.21428571428571427
3564,1,0,13873,-15.137684106826782,-11.009793758392334,0.21428571428571427
3565,1,0,13919,-15.137684106826782,-11.009793758392334,0.21428571428571427
3566,1,0,13894,-15.137684106826782,-11.009793758392334,0.21428571428571427
3567,1,0,13893,-15.137684106826782,-11.009793758392334,0.21428571428571427
3568,1,0,13892,-15.137684106826782,-11.009793758392334,0.21428571428571427
3569,1,0,13891,-15.137684106826782,-11.009793758392334,0.21428571428571427
3570,1,0,13890,-15.137684106826782,-11.009793758392334,0.21428571428571427
3571,1,0,13889,-15.137684106826782,-11.009793758392334,0.21428571428571427
3572,1,0,13888,-15.137684106826782,-11.009793758392334,0.21428571428571427
3573,1,0,13887,-15.137684106826782,-11.009793758392334,0.21428571428571427
3574,1,0,13886,-15.137684106826782,-11.009793758392334,0.21428571428571427
3575,1,0,13885,-15.137684106826782,-11.009793758392334,0.21428571428571427
3576,1,0,13884,-15.137684106826782,-11.009793758392334,0.21428571428571427
3577,1,0,13883,-15.137684106826782,-11.009793758392334,0.21428571428571427
3578,1,0,13882,-15.137684106826782,-11.009793758392334,0.21428571428571427
3579,1,0,13881,-15.137684106826782,-11.009793758392334,0.21428571428571427
3580,1,0,13880,-15.137684106826782,-11.009793758392334,0.21428571428571427
3581,1,0,13879,-15.137684106826782,-11.009793758392334,0.21428571428571427
3582,1,0,13878,-15.137684106826782,-11.009793758392334,0.21428571428571427
3583,1,0,13877,-15.137684106826782,-11.009793758392334,0.21428571428571427
3584,1,0,13876,-15.137684106826782,-11.009793758392334,0.21428571428571427
3585,0,0,13875,-15.137684106826782,-11.009793758392334,0.21428571428571427
3586,1,0,13874,-15.137684106826782,-11.009793758392334,0.21428571428571427
3587,1,0,13895,-15.137684106826782,-11.009793758392334,0.21428571428571427
3588,1,0,13896,-15.137684106826782,-11.009793758392334,0.21428571428571427
3589,1,0,13897,-15.137684106826782,-11.009793758392334,0.21428571428571427
3590,1,0,13909,-15.137684106826782,-11.009793758392334,0.21428571428571427
3591,1,0,13918,-15.137684106826782,-11.009793758392334,0.21428571428571427
3592,1,0,13917,-15.137684106826782,-11.009793758392334,0.21428571428571427
3593,1,0,13916,-15.137684106826782,-11.009793758392334,0.21428571428571427
3594,1,0,13915,-15.137684106826782,-11.009793758392334,0.21428571428571427
3595,1,0,13914,-15.137684106826782,-11.009793758392334,0.21428571428571427
3596,1,0,13913,-15.137684106826782,-11.009793758392334,0.21428571428571427
3597,1,0,13912,-15.137684106826782,-11.009793758392334,0.21428571428571427
3598,1,0,13911,-15.137684106826782,-11.009793758392334,0.21428571428571427
3599,1,0,13910,-15.137684106826782,-11.009793758392334,0.21428571428571427
3600,1,0,13908,-15.137684106826782,-11.009793758392334,0.21428571428571427
3601,1,0,13898,-15.137684106826782,-11.009793758392334,0.21428571428571427
3602,1,0,13907,-15.137684106826782,-11.009793758392334,0.21428571428571427
3603,1,0,13906,-15.137684106826782,-11.009793758392334,0.21428571428571427
3604,1,0,13905,-15.137684106826782,-11.009793758392334,0.21428571428571427
3605,1,0,13904,-15.137684106826782,-11.009793758392334,0.21428571428571427
3606,0,0,13903,-15.137684106826782,-11.009793758392334,0.21428571428571427
3607,1,0,13902,-15.137684106826782,-11.009793758392334,0.21428571428571427
3608,1,0,13901,-15.137684106826782,-11.009793758392334,0.21428571428571427
3609,0,0,13900,-15.137684106826782,-11.009793758392334,0.21428571428571427
3610,1,0,13899,-15.137684106826782,-11.009793758392334,0.21428571428571427
3611,1,0,13968,-15.137684106826782,-11.009793758392334,0.21428571428571427
3612,1,0,13969,-15.137684106826782,-11.009793758392334,0.21428571428571427
3613,0,0,13970,-15.137684106826782,-11.009793758392334,0.21428571428571427
3614,1,0,13971,-15.137684106826782,-11.009793758392334,0.21428571428571427
3615,1,0,14040,-15.137684106826782,-11.009793758392334,0.21428571428571427
3616,1,0,14039,-15.137684106826782,-11.009793758392334,0.21428571428571427
3617,1,0,14038,-15.137684106826782,-11.009793758392334,0.21428571428571427
3618,1,0,14037,-15.137684106826782,-11.009793758392334,0.21428571428571427
3619,1,0,14036,-15.137684106826782,-11.009793758392334,0.21428571428571427
3620,1,0,14035,-15.137684106826782,-11.009793758392334,0.21428571428571427
3621,1,0,14034,-15.137684106826782,-11.009793758392334,0.21428571428571427
3622,1,0,14033,-15.137684106826782,-11.009793758392334,0.21428571428571427
3623,1,0,14032,-15.137684106826782,-11.009793758392334,0.21428571428571427
3624,1,0,14030,-15.137684106826782,-11.009793758392334,0.21428571428571427
3625,0,0,14020,-15.137684106826782,-11.009793758392334,0.21428571428571427
3626,0,0,14029,-15.137684106826782,-11.009793758392334,0.21428571428571427
3627,1,0,14028,-15.137684106826782,-11.009793758392334,0.21428571428571427
3628,1,0,14027,-15.137684106826782,-11.009793758392334,0.21428571428571427
3629,1,0,14026,-15.137684106826782,-11.009793758392334,0.21428571428571427
3630,1,0,14025,-15.137684106826782,-11.009793758392334,0.21428571428571427
3631,1,0,14024,-15.137684106826782,-11.009793758392334,0.21428571428571427
3632,1,0,14023,-15.137684106826782,-11.009793758392334,0.21428571428571427
3633,1,0,14022,-15.137684106826782,-11.009793758392334,0.21428571428571427
3634,1,0,14021,-15.137684106826782,-11.009793758392334,0.21428571428571427
3635,1,0,14041,-15.137684106826782,-11.009793758392334,0.21428571428571427
3636,1,0,14031,-15.137684106826782,-11.009793758392334,0.21428571428571427
3637,1,0,14042,-15.137684106826782,-11.009793758392334,0.21428571428571427
3638,1,0,14055,-15.137684106826782,-11.009793758392334,0.21428571428571427
3639,0,0,14064,-15.137684106826782,-11.009793758392334,0.21428571428571427
3640,1,0,14063,-15.137684106826782,-11.009793758392334,0.21428571428571427
3641,1,0,14062,-15.137684106826782,-11.009793758392334,0.21428571428571427
3642,1,0,14061,-15.137684106826782,-11.009793758392334,0.21428571428571427
3643,1,0,14060,-15.137684106826782,-11.009793758392334,0.21428571428571427
3644,1,0,14059,-15.137684106826782,-11.009793758392334,0.21428571428571427
3645,1,0,14058,-15.137684106826782,-11.009793758392334,0.21428571428571427
3646,1,0,14057,-15.137684106826782,-11.009793758392334,0.21428571428571427
3647,1,0,14056,-15.137684106826782,-11.009793758392334,0.21428571428571427
3648,1,0,14054,-15.137684106826782,-11.009793758392334,0.21428571428571427
3649,1,0,14044,-15.137684106826782,-11.009793758392334,0.21428571428571427
3650,1,0,14053,-15.137684106826782,-11.009793758392334,0.21428571428571427
3651,1,0,14052,-15.137684106826782,-11.009793758392334,0.21428571428571427
3652,1,0,14051,-15.137684106826782,-11.009793758392334,0.21428571428571427
3653,1,0,14050,-15.137684106826782,-11.009793758392334,0.21428571428571427
3654,1,0,14049,-15.137684106826782,-11.009793758392334,0.21428571428571427
3655,1,0,14048,-15.137684106826782,-11.009793758392334,0.21428571428571427
3656,1,0,14047,-15.137684106826782,-11.009793758392334,0.21428571428571427
3657,1,0,14046,-15.137684106826782,-11.009793758392334,0.21428571428571427
3658,0,0,14045,-15.137684106826782,-11.009793758392334,0.21428571428571427
3659,1,0,14043,-15.137684106826782,-11.009793758392334,0.21428571428571427
3660,1,0,14019,-15.137684106826782,-11.009793758392334,0.21428571428571427
3661,1,0,14018,-15.137684106826782,-11.009793758392334,0.21428571428571427
3662,1,0,14017,-15.137684106826782,-11.009793758392334,0.21428571428571427
3663,1,0,13992,-15.137684106826782,-11.009793758392334,0.21428571428571427
3664,1,0,13991,-15.137684106826782,-11.009793758392334,0.21428571428571427
3665,1,0,13990,-15.137684106826782,-11.009793758392334,0.21428571428571427
3666,1,0,13989,-15.137684106826782,-11.009793758392334,0.21428571428571427
3667,1,0,13988,-15.137684106826782,-11.009793758392334,0.21428571428571427
3668,1,0,13987,-15.137684106826782,-11.009793758392334,0.21428571428571427
3669,0,0,13986,-15.137684106826782,-11.009793758392334,0.21428571428571427
3670,1,0,13985,-15.137684106826782,-11.009793758392334,0.21428571428571427
3671,0,0,13984,-15.137684106826782,-11.009793758392334,0.21428571428571427
3672,1,0,13983,-15.137684106826782,-11.009793758392334,0.21428571428571427
3673,0,0,13982,-15.137684106826782,-11.009793758392334,0.21428571428571427
3674,1,0,13981,-15.137684106826782,-11.009793758392334,0.21428571428571427
3675,1,0,13980,-15.137684106826782,-11.009793758392334,0.21428571428571427
3676,1,0,13979,-15.137684106826782,-11.009793758392334,0.21428571428571427
3677,1,0,13978,-15.137684106826782,-11.009793758392334,0.21428571428571427
3678,1,0,13977,-15.137684106826782,-11.009793758392334,0.21428571428571427
3679,1,0,13976,-15.137684106826782,-11.009793758392334,0.21428571428571427
3680,1,0,13975,-15.137684106826782,-11.009793758392334,0.21428571428571427
3681,0,0,13974,-15.137684106826782,-11.009793758392334,0.21428571428571427
3682,1,0,13973,-15.137684106826782,-11.009793758392334,0.21428571428571427
3683,1,0,13972,-15.137684106826782,-11.009793758392334,0.21428571428571427
3684,1,0,13993,-15.137684106826782,-11.009793758392334,0.21428571428571427
3685,1,0,13994,-15.137684106826782,-11.009793758392334,0.21428571428571427
3686,1,0,13995,-15.137684106826782,-11.009793758392334,0.21428571428571427
3687,1,0,14007,-15.137684106826782,-11.009793758392334,0.21428571428571427
3688,1,0,14016,-15.137684106826782,-11.009793758392334,0.21428571428571427
3689,1,0,14015,-15.137684106826782,-11.009793758392334,0.21428571428571427
3690,1,0,14014,-15.137684106826782,-11.009793758392334,0.21428571428571427
3691,1,0,14013,-15.137684106826782,-11.009793758392334,0.21428571428571427
3692,1,0,14012,-15.137684106826782,-11.009793758392334,0.21428571428571427
3693,1,0,14011,-15.137684106826782,-11.009793758392334,0.21428571428571427
3694,1,0,14010,-15.137684106826782,-11.009793758392334,0.21428571428571427
3695,1,0,14009,-15.137684106826782,-11.009793758392334,0.21428571428571427
3696,1,0,14008,-15.137684106826782,-11.009793758392334,0.21428571428571427
3697,1,0,14006,-15.137684106826782,-11.009793758392334,0.21428571428571427
3698,1,0,13996,-15.137684106826782,-11.009793758392334,0.21428571428571427
3699,1,0,14005,-15.137684106826782,-11.009793758392334,0.21428571428571427
3700,0,0,14004,-15.137684106826782,-11.009793758392334,0.21428571428571427
3701,1,0,14003,-15.137684106826782,-11.009793758392334,0.21428571428571427
3702,1,0,14002,-15.137684106826782,-11.009793758392334,0.21428571428571427
3703,1,0,14001,-15.137684106826782,-11.009793758392334,0.21428571428571427
3704,1,0,14000,-15.137684106826782,-11.009793758392334,0.21428571428571427
3705,1,0,13999,-15.137684106826782,-11.009793758392334,0.21428571428571427
3706,0,0,13998,-15.137684106826782,-11.009793758392334,0.21428571428571427
3707,1,0,13997,-15.137684106826782,-11.009793758392334,0.21428571428571427
3708,1,0,13921,-15.137684106826782,-11.009793758392334,0.21428571428571427
3709,1,0,13871,-15.137684106826782,-11.009793758392334,0.21428571428571427
3710,1,0,13726,-15.137684106826782,-11.009793758392334,0.21428571428571427
3711,1,0,13870,-15.137684106826782,-11.009793758392334,0.21428571428571427
3712,1,0,13748,-15.137684106826782,-11.009793758392334,0.21428571428571427
3713,1,0,13747,-15.137684106826782,-11.009793758392334,0.21428571428571427
3714,1,0,13746,-15.137684106826782,-11.009793758392334,0.21428571428571427
3715,1,0,13745,-15.137684106826782,-11.009793758392334,0.21428571428571427
3716,1,0,13744,-15.137684106826782,-11.009793758392334,0.21428571428571427
3717,1,0,13743,-15.137684106826782,-11.009793758392334,0.21428571428571427
3718,1,0,13742,-15.137684106826782,-11.009793758392334,0.21428571428571427
3719,1,0,13741,-15.137684106826782,-11.009793758392334,0.21428571428571427
3720,0,0,13740,-15.137684106826782,-11.009793758392334,0.21428571428571427
3721,1,0,13739,-15.137684106826782,-11.009793758392334,0.21428571428571427
3722,1,0,13738,-15.137684106826782,-11.009793758392334,0.21428571428571427
3723,1,0,13737,-15.137684106826782,-11.009793758392334,0.21428571428571427
3724,1,0,13736,-15.137684106826782,-11.009793758392334,0.21428571428571427
3725,1,0,13735,-15.137684106826782,-11.009793758392334,0.21428571428571427
3726,1,0,13734,-15.137684106826782,-11.009793758392334,0.21428571428571427
3727,1,0,13733,-15.137684106826782,-11.009793758392334,0.21428571428571427
3728,1,0,13732,-15.137684106826782,-11.009793758392334,0.21428571428571427
3729,1,0,13731,-15.137684106826782,-11.009793758392334,0.21428571428571427
3730,0,0,13730,-15.137684106826782,-11.009793758392334,0.21428571428571427
3731,0,0,13729,-15.137684106826782,-11.009793758392334,0.21428571428571427
3732,1,0,13728,-15.137684106826782,-11.009793758392334,0.21428571428571427
3733,1,0,13749,-15.137684106826782,-11.009793758392334,0.21428571428571427
3734,1,0,13750,-15.137684106826782,-11.009793758392334,0.21428571428571427
3735,1,0,13751,-15.137684106826782,-11.009793758392334,0.21428571428571427
3736,1,0,13763,-15.137684106826782,-11.009793758392334,0.21428571428571427
3737,1,0,13772,-15.137684106826782,-11.009793758392334,0.21428571428571427
3738,1,0,13771,-15.137684106826782,-11.009793758392334,0.21428571428571427
3739,1,0,13770,-15.137684106826782,-11.009793758392334,0.21428571428571427
3740,1,0,13769,-15.137684106826782,-11.009793758392334,0.21428571428571427
3741,0,0,13768,-15.137684106826782,-11.009793758392334,0.21428571428571427
3742,1,0,13767,-15.137684106826782,-11.009793758392334,0.21428571428571427
3743,1,0,13766,-15.137684106826782,-11.009793758392334,0.21428571428571427
3744,1,0,13765,-15.137684106826782,-11.009793758392334,0.21428571428571427
3745,0,0,13764,-15.137684106826782,-11.009793758392334,0.21428571428571427
3746,1,0,13762,-15.137684106826782,-11.009793758392334,0.21428571428571427
3747,1,0,13752,-15.137684106826782,-11.009793758392334,0.21428571428571427
3748,1,0,13761,-15.137684106826782,-11.009793758392334,0.21428571428571427
3749,1,0,13760,-15.137684106826782,-11.009793758392334,0.21428571428571427
3750,1,0,13759,-15.137684106826782,-11.009793758392334,0.21428571428571427
3751,1,0,13758,-15.137684106826782,-11.009793758392334,0.21428571428571427
3752,1,0,13757,-15.137684106826782,-11.009793758392334,0.21428571428571427
3753,1,0,13756,-15.137684106826782,-11.009793758392334,0.21428571428571427
3754,1,0,13755,-15.137684106826782,-11.009793758392334,0.21428571428571427
3755,1,0,13754,-15.137684106826782,-11.009793758392334,0.21428571428571427
3756,1,0,13753,-15.137684106826782,-11.009793758392334,0.21428571428571427
3757,1,0,13727,-15.137684106826782,-11.009793758392334,0.21428571428571427
3758,1,0,13725,-15.137684106826782,-11.009793758392334,0.21428571428571427
3759,1,0,13678,-15.137684106826782,-11.009793758392334,0.21428571428571427
3760,1,0,13724,-15.137684106826782,-11.009793758392334,0.21428571428571427
3761,1,0,13699,-15.137684106826782,-11.009793758392334,0.21428571428571427
3762,1,0,13698,-15.137684106826782,-11.009793758392334,0.21428571428571427
3763,1,0,13697,-15.137684106826782,-11.009793758392334,0.21428571428571427
3764,1,0,13696,-15.137684106826782,-11.009793758392334,0.21428571428571427
3765,1,0,13695,-15.137684106826782,-11.009793758392334,0.21428571428571427
3766,1,0,13694,-15.137684106826782,-11.009793758392334,0.21428571428571427
3767,1,0,13693,-15.137684106826782,-11.009793758392334,0.21428571428571427
3768,1,0,13692,-15.137684106826782,-11.009793758392334,0.21428571428571427
3769,1,0,13691,-15.137684106826782,-11.009793758392334,0.21428571428571427
3770,1,0,13690,-15.137684106826782,-11.009793758392334,0.21428571428571427
3771,1,0,13689,-15.137684106826782,-11.009793758392334,0.21428571428571427
3772,1,0,13688,-15.137684106826782,-11.009793758392334,0.21428571428571427
3773,1,0,13687,-15.137684106826782,-11.009793758392334,0.21428571428571427
3774,0,0,13686,-15.137684106826782,-11.009793758392334,0.21428571428571427
3775,1,0,13685,-15.137684106826782,-11.009793758392334,0.21428571428571427
3776,1,0,13684,-15.137684106826782,-11.009793758392334,0.21428571428571427
3777,1,0,13683,-15.137684106826782,-11.009793758392334,0.21428571428571427
3778,1,0,13682,-15.137684106826782,-11.009793758392334,0.21428571428571427
3779,1,0,13681,-15.137684106826782,-11.009793758392334,0.21428571428571427
3780,1,0,13680,-15.137684106826782,-11.009793758392334,0.21428571428571427
3781,1,0,13679,-15.137684106826782,-11.009793758392334,0.21428571428571427
3782,1,0,13700,-15.137684106826782,-11.009793758392334,0.21428571428571427
3783,1,0,13701,-15.137684106826782,-11.009793758392334,0.21428571428571427
3784,1,0,13702,-15.137684106826782,-11.009793758392334,0.21428571428571427
3785,1,0,13714,-15.137684106826782,-11.009793758392334,0.21428571428571427
3786,1,0,13723,-15.137684106826782,-11.009793758392334,0.21428571428571427
3787,0,0,13722,-15.137684106826782,-11.009793758392334,0.21428571428571427
3788,1,0,13721,-15.137684106826782,-11.009793758392334,0.21428571428571427
3789,1,0,13720,-15.137684106826782,-11.009793758392334,0.21428571428571427
3790,1,0,13719,-15.137684106826782,-11.009793758392334,0.21428571428571427
3791,1,0,13718,-15.137684106826782,-11.009793758392334,0.21428571428571427
3792,1,0,13717,-15.137684106826782,-11.009793758392334,0.21428571428571427
3793,1,0,13716,-15.137684106826782,-11.009793758392334,0.21428571428571427
3794,1,0,13715,-15.137684106826782,-11.009793758392334,0.21428571428571427
3795,1,0,13713,-15.137684106826782,-11.009793758392334,0.21428571428571427
3796,1,0,13703,-15.137684106826782,-11.009793758392334,0.21428571428571427
3797,1,0,13712,-15.137684106826782,-11.009793758392334,0.21428571428571427
3798,1,0,13711,-15.137684106826782,-11.009793758392334,0.21428571428571427
3799,0,0,13710,-15.137684106826782,-11.009793758392334,0.21428571428571427
3800,0,0,13709,-15.137684106826782,-11.009793758392334,0.21428571428571427
3801,1,0,13708,-15.137684106826782,-11.009793758392334,0.21428571428571427
3802,1,0,13707,-15.137684106826782,-11.009793758392334,0.21428571428571427
3803,1,0,13706,-15.137684106826782,-11.009793758392334,0.21428571428571427
3804,0,0,13705,-15.137684106826782,-11.009793758392334,0.21428571428571427
3805,0,0,13704,-15.137684106826782,-11.009793758392334,0.21428571428571427
3806,1,0,13773,-15.137684106826782,-11.009793758392334,0.21428571428571427
3807,1,0,13774,-15.137684106826782,-11.009793758392334,0.21428571428571427
3808,1,0,13775,-15.137684106826782,-11.009793758392334,0.21428571428571427
3809,0,0,13776,-15.137684106826782,-11.009793758392334,0.21428571428571427
3810,1,0,13845,-15.137684106826782,-11.009793758392334,0.21428571428571427
3811,0,0,13844,-15.137684106826782,-11.009793758392334,0.21428571428571427
3812,1,0,13843,-15.137684106826782,-11.009793758392334,0.21428571428571427
3813,1,0,13842,-15.137684106826782,-11.009793758392334,0.21428571428571427
3814,1,0,13841,-15.137684106826782,-11.009793758392334,0.21428571428571427
3815,1,0,13840,-15.137684106826782,-11.009793758392334,0.21428571428571427
3816,0,0,13839,-15.137684106826782,-11.009793758392334,0.21428571428571427
3817,1,0,13838,-15.137684106826782,-11.009793758392334,0.21428571428571427
3818,1,0,13837,-15.137684106826782,-11.009793758392334,0.21428571428571427
3819,1,0,13835,-15.137684106826782,-11.009793758392334,0.21428571428571427
3820,1,0,13825,-15.137684106826782,-11.009793758392334,0.21428571428571427
3821,1,0,13834,-15.137684106826782,-11.009793758392334,0.21428571428571427
3822,1,0,13833,-15.137684106826782,-11.009793758392334,0.21428571428571427
3823,1,0,13832,-15.137684106826782,-11.009793758392334,0.21428571428571427
3824,1,0,13831,-15.137684106826782,-11.009793758392334,0.21428571428571427
3825,1,0,13830,-15.137684106826782,-11.009793758392334,0.21428571428571427
3826,1,0,13829,-15.137684106826782,-11.009793758392334,0.21428571428571427
3827,1,0,13828,-15.137684106826782,-11.009793758392334,0.21428571428571427
3828,1,0,13827,-15.137684106826782,-11.009793758392334,0.21428571428571427
3829,0,0,13826,-15.137684106826782,-11.009793758392334,0.21428571428571427
3830,0,0,13846,-15.137684106826782,-11.009793758392334,0.21428571428571427
3831,1,0,13836,-15.137684106826782,-11.009793758392334,0.21428571428571427
3832,1,0,13847,-15.137684106826782,-11.009793758392334,0.21428571428571427
3833,1,0,13860,-15.137684106826782,-11.009793758392334,0.21428571428571427
3834,1,0,13869,-15.137684106826782,-11.009793758392334,0.21428571428571427
3835,1,0,13868,-15.137684106826782,-11.009793758392334,0.21428571428571427
3836,1,0,13867,-15.137684106826782,-11.009793758392334,0.21428571428571427
3837,1,0,13866,-15.137684106826782,-11.009793758392334,0.21428571428571427
3838,1,0,13865,-15.137684106826782,-11.009793758392334,0.21428571428571427
3839,1,0,13864,-15.137684106826782,-11.009793758392334,0.21428571428571427
3840,1,0,13863,-15.137684106826782,-11.009793758392334,0.21428571428571427
3841,1,0,13862,-15.137684106826782,-11.009793758392334,0.21428571428571427
3842,0,0,13861,-15.137684106826782,-11.009793758392334,0.21428571428571427
3843,1,0,13859,-15.137684106826782,-11.009793758392334,0.21428571428571427
3844,1,0,13849,-15.137684106826782,-11.009793758392334,0.21428571428571427
3845,1,0,13858,-15.137684106826782,-11.009793758392334,0.21428571428571427
3846,1,0,13857,-15.137684106826782,-11.009793758392334,0.21428571428571427
3847,1,0,13856,-15.137684106826782,-11.009793758392334,0.21428571428571427
3848,1,0,13855,-15.137684106826782,-11.009793758392334,0.21428571428571427
3849,1,0,13854,-15.137684106826782,-11.009793758392334,0.21428571428571427
3850,1,0,13853,-15.137684106826782,-11.009793758392334,0.21428571428571427
3851,1,0,13852,-15.137684106826782,-11.009793758392334,0.21428571428571427
3852,1,0,13851,-15.137684106826782,-11.009793758392334,0.21428571428571427
3853,1,0,13850,-15.137684106826782,-11.009793758392334,0.21428571428571427
3854,1,0,13848,-15.137684106826782,-11.009793758392334,0.21428571428571427
3855,1,0,13824,-15.137684106826782,-11.009793758392334,0.21428571428571427
3856,1,0,13823,-15.137684106826782,-11.009793758392334,0.21428571428571427
3857,1,0,13822,-15.137684106826782,-11.009793758392334,0.21428571428571427
3858,1,0,13797,-15.137684106826782,-11.009793758392334,0.21428571428571427
3859,1,0,13796,-15.137684106826782,-11.009793758392334,0.21428571428571427
3860,1,0,13795,-15.137684106826782,-11.009793758392334,0.21428571428571427
3861,0,0,13794,-15.137684106826782,-11.009793758392334,0.21428571428571427
3862,1,0,13793,-15.137684106826782,-11.009793758392334,0.21428571428571427
3863,1,0,13792,-15.137684106826782,-11.009793758392334,0.21428571428571427
3864,0,0,13791,-15.137684106826782,-11.009793758392334,0.21428571428571427
3865,1,0,13790,-15.137684106826782,-11.009793758392334,0.21428571428571427
3866,1,0,13789,-15.137684106826782,-11.009793758392334,0.21428571428571427
3867,1,0,13788,-15.137684106826782,-11.009793758392334,0.21428571428571427
3868,1,0,13787,-15.137684106826782,-11.009793758392334,0.21428571428571427
3869,1,0,13786,-15.137684106826782,-11.009793758392334,0.21428571428571427
3870,1,0,13785,-15.137684106826782,-11.009793758392334,0.21428571428571427
3871,0,0,13784,-15.137684106826782,-11.009793758392334,0.21428571428571427
3872,1,0,13783,-15.137684106826782,-11.009793758392334,0.21428571428571427
3873,1,0,13782,-15.137684106826782,-11.009793758392334,0.21428571428571427
3874,1,0,13781,-15.137684106826782,-11.009793758392334,0.21428571428571427
3875,1,0,13780,-15.137684106826782,-11.009793758392334,0.21428571428571427
3876,1,0,13779,-15.137684106826782,-11.009793758392334,0.21428571428571427
3877,1,0,13778,-15.137684106826782,-11.009793758392334,0.21428571428571427
3878,1,0,13777,-15.137684106826782,-11.009793758392334,0.21428571428571427
3879,1,0,13798,-15.137684106826782,-11.009793758392334,0.21428571428571427
3880,0,0,13799,-15.137684106826782,-11.009793758392334,0.21428571428571427
3881,1,0,13800,-15.137684106826782,-11.009793758392334,0.21428571428571427
3882,1,0,13812,-15.137684106826782,-11.009793758392334,0.21428571428571427
3883,1,0,13821,-15.137684106826782,-11.009793758392334,0.21428571428571427
3884,1,0,13820,-15.137684106826782,-11.009793758392334,0.21428571428571427
3885,1,0,13819,-15.137684106826782,-11.009793758392334,0.21428571428571427
3886,1,0,13818,-15.137684106826782,-11.009793758392334,0.21428571428571427
3887,1,0,13817,-15.137684106826782,-11.009793758392334,0.21428571428571427
3888,1,0,13816,-15.137684106826782,-11.009793758392334,0.21428571428571427
3889,1,0,13815,-15.137684106826782,-11.009793758392334,0.21428571428571427
3890,1,0,13814,-15.137684106826782,-11.009793758392334,0.21428571428571427
3891,1,0,13813,-15.137684106826782,-11.009793758392334,0.21428571428571427
3892,1,0,13811,-15.137684106826782,-11.009793758392334,0.21428571428571427
3893,1,0,13801,-15.137684106826782,-11.009793758392334,0.21428571428571427
3894,1,0,13810,-15.137684106826782,-11.009793758392334,0.21428571428571427
3895,1,0,13809,-15.137684106826782,-11.009793758392334,0.21428571428571427
3896,1,0,13808,-15.137684106826782,-11.009793758392334,0.21428571428571427
3897,1,0,13807,-15.137684106826782,-11.009793758392334,0.21428571428571427
3898,0,0,13806,-15.137684106826782,-11.009793758392334,0.21428571428571427
3899,1,0,13805,-15.137684106826782,-11.009793758392334,0.21428571428571427
3900,1,0,13804,-15.137684106826782,-11.009793758392334,0.21428571428571427
3901,1,0,13803,-15.137684106826782,-11.009793758392334,0.21428571428571427
3902,1,0,13802,-15.137684106826782,-11.009793758392334,0.21428571428571427
3903,1,0,13384,-15.137684106826782,-11.009793758392334,0.21428571428571427
3904,1,0,13285,-15.137684106826782,-11.009793758392334,0.21428571428571427
3905,1,0,12603,-15.137684106826782,-11.009793758392334,0.21428571428571427
3906,1,0,13284,-15.137684106826782,-11.009793758392334,0.21428571428571427
3907,1,0,12772,-15.137684106826782,-11.009793758392334,0.21428571428571427
3908,1,0,12771,-15.137684106826782,-11.009793758392334,0.21428571428571427
3909,1,0,12770,-15.137684106826782,-11.009793758392334,0.21428571428571427
3910,1,0,12769,-15.137684106826782,-11.009793758392334,0.21428571428571427
3911,1,0,12768,-15.137684106826782,-11.009793758392334,0.21428571428571427
3912,1,0,12767,-15.137684106826782,-11.009793758392334,0.21428571428571427
3913,1,0,12766,-15.137684106826782,-11.009793758392334,0.21428571428571427
3914,1,0,12765,-15.137684106826782,-11.009793758392334,0.21428571428571427
3915,1,0,12764,-15.137684106826782,-11.009793758392334,0.21428571428571427
3916,1,0,12763,-15.137684106826782,-11.009793758392334,0.21428571428571427
3917,1,0,12762,-15.137684106826782,-11.009793758392334,0.21428571428571427
3918,0,0,12761,-15.137684106826782,-11.009793758392334,0.21428571428571427
3919,1,0,12760,-15.137684106826782,-11.009793758392334,0.21428571428571427
3920,1,0,12759,-15.137684106826782,-11.009793758392334,0.21428571428571427
3921,1,0,12758,-15.137684106826782,-11.009793758392334,0.21428571428571427
3922,1,0,12757,-15.137684106826782,-11.009793758392334,0.21428571428571427
3923,1,0,12756,-15.137684106826782,-11.009793758392334,0.21428571428571427
3924,1,0,12755,-15.137684106826782,-11.009793758392334,0.21428571428571427
3925,1,0,12754,-15.137684106826782,-11.009793758392334,0.21428571428571427
3926,1,0,12753,-15.137684106826782,-11.009793758392334,0.21428571428571427
3927,1,0,12752,-15.137684106826782,-11.009793758392334,0.21428571428571427
3928,1,0,12773,-15.137684106826782,-11.009793758392334,0.21428571428571427
3929,1,0,12774,-15.137684106826782,-11.009793758392334,0.21428571428571427
3930,1,0,12775,-15.137684106826782,-11.009793758392334,0.21428571428571427
3931,1,0,12787,-15.137684106826782,-11.009793758392334,0.21428571428571427
3932,1,0,12796,-15.137684106826782,-11.009793758392334,0.21428571428571427
3933,1,0,12795,-15.137684106826782,-11.009793758392334,0.21428571428571427
3934,1,0,12794,-15.137684106826782,-11.009793758392334,0.21428571428571427
3935,1,0,12793,-15.137684106826782,-11.009793758392334,0.21428571428571427
3936,1,0,12792,-15.137684106826782,-11.009793758392334,0.21428571428571427
3937,1,0,12791,-15.137684106826782,-11.009793758392334,0.21428571428571427
3938,0,0,12790,-15.137684106826782,-11.009793758392334,0.21428571428571427
3939,1,0,12789,-15.137684106826782,-11.009793758392334,0.21428571428571427
3940,1,0,12788,-15.137684106826782,-11.009793758392334,0.21428571428571427
3941,1,0,12786,-15.137684106826782,-11.009793758392334,0.21428571428571427
3942,1,0,12776,-15.137684106826782,-11.009793758392334,0.21428571428571427
3943,1,0,12785,-15.137684106826782,-11.009793758392334,0.21428571428571427
3944,1,0,12784,-15.137684106826782,-11.009793758392334,0.21428571428571427
3945,1,0,12783,-15.137684106826782,-11.009793758392334,0.21428571428571427
3946,1,0,12782,-15.137684106826782,-11.009793758392334,0.21428571428571427
3947,1,0,12781,-15.137684106826782,-11.009793758392334,0.21428571428571427
3948,1,0,12780,-15.137684106826782,-11.009793758392334,0.21428571428571427
3949,1,0,12779,-15.137684106826782,-11.009793758392334,0.21428571428571427
3950,1,0,12778,-15.137684106826782,-11.009793758392334,0.21428571428571427
3951,1,0,12777,-15.137684106826782,-11.009793758392334,0.21428571428571427
3952,1,0,12751,-15.137684106826782,-11.009793758392334,0.21428571428571427
3953,0,0,12749,-15.137684106826782,-11.009793758392334,0.21428571428571427
3954,1,0,12702,-15.137684106826782,-11.009793758392334,0.21428571428571427
3955,1,0,12748,-15.137684106826782,-11.009793758392334,0.21428571428571427
3956,1,0,12723,-15.137684106826782,-11.009793758392334,0.21428571428571427
3957,1,0,12722,-15.137684106826782,-11.009793758392334,0.21428571428571427
3958,1,0,12721,-15.137684106826782,-11.009793758392334,0.21428571428571427
3959,1,0,12720,-15.137684106826782,-11.009793758392334,0.21428571428571427
3960,1,0,12719,-15.137684106826782,-11.009793758392334,0.21428571428571427
3961,0,0,12718,-15.137684106826782,-11.009793758392334,0.21428571428571427
3962,1,0,12717,-15.137684106826782,-11.009793758392334,0.21428571428571427
3963,1,0,12716,-15.137684106826782,-11.009793758392334,0.21428571428571427
3964,1,0,12715,-15.137684106826782,-11.009793758392334,0.21428571428571427
3965,1,0,12714,-15.137684106826782,-11.009793758392334,0.21428571428571427
3966,1,0,12713,-15.137684106826782,-11.009793758392334,0.21428571428571427
3967,1,0,12712,-15.137684106826782,-11.009793758392334,0.21428571428571427
3968,1,0,12711,-15.137684106826782,-11.009793758392334,0.21428571428571427
3969,1,0,12710,-15.137684106826782,-11.009793758392334,0.21428571428571427
3970,1,0,12709,-15.137684106826782,-11.009793758392334,0.21428571428571427
3971,1,0,12708,-15.137684106826782,-11.009793758392334,0.21428571428571427
3972,1,0,12707,-15.137684106826782,-11.009793758392334,0.21428571428571427
3973,1,0,12706,-15.137684106826782,-11.009793758392334,0.21428571428571427
3974,0,0,12705,-15.137684106826782,-11.009793758392334,0.21428571428571427
3975,1,0,12704,-15.137684106826782,-11.009793758392334,0.21428571428571427
3976,1,0,12703,-15.137684106826782,-11.009793758392334,0.21428571428571427
3977,1,0,12724,-15.137684106826782,-11.009793758392334,0.21428571428571427
3978,1,0,12725,-15.137684106826782,-11.009793758392334,0.21428571428571427
3979,1,0,12726,-15.137684106826782,-11.009793758392334,0.21428571428571427
3980,1,0,12738,-15.137684106826782,-11.009793758392334,0.21428571428571427
3981,1,0,12747,-15.137684106826782,-11.009793758392334,0.21428571428571427
3982,1,0,12746,-15.137684106826782,-11.009793758392334,0.21428571428571427
3983,1,0,12745,-15.137684106826782,-11.009793758392334,0.21428571428571427
3984,0,0,12744,-15.137684106826782,-11.009793758392334,0.21428571428571427
3985,1,0,12743,-15.137684106826782,-11.009793758392334,0.21428571428571427
3986,1,0,12742,-15.137684106826782,-11.009793758392334,0.21428571428571427
3987,0,0,12741,-15.137684106826782,-11.009793758392334,0.21428571428571427
3988,1,0,12740,-15.137684106826782,-11.009793758392334,0.21428571428571427
3989,1,0,12739,-15.137684106826782,-11.009793758392334,0.21428571428571427
3990,1,0,12737,-15.137684106826782,-11.009793758392334,0.21428571428571427
3991,1,0,12727,-15.137684106826782,-11.009793758392334,0.21428571428571427
3992,1,0,12736,-15.137684106826782,-11.009793758392334,0.21428571428571427
3993,1,0,12735,-15.137684106826782,-11.009793758392334,0.21428571428571427
3994,1,0,12734,-15.137684106826782,-11.009793758392334,0.21428571428571427
3995,1,0,12733,-15.137684106826782,-11.009793758392334,0.21428571428571427
3996,1,0,12732,-15.137684106826782,-11.009793758392334,0.21428571428571427
3997,1,0,12731,-15.137684106826782,-11.009793758392334,0.21428571428571427
3998,1,0,12730,-15.137684106826782,-11.009793758392334,0.21428571428571427
3999,0,0,12729,-15.137684106826782,-11.009793758392334,0.21428571428571427
4000,1,0,12728,-15.137684106826782,-11.009793758392334,0.21428571428571427
4001,1,0,12797,-15.137684106826782,-11.009793758392334,0.21428571428571427
4002,1,0,12798,-15.137684106826782,-11.009793758392334,0.21428571428571427
4003,1,0,12799,-15.137684106826782,-11.009793758392334,0.21428571428571427
4004,1,0,12800,-15.137684106826782,-11.009793758392334,0.21428571428571427
4005,1,0,12869,-15.137684106826782,-11.009793758392334,0.21428571428571427
4006,1,0,12868,-15.137684106826782,-11.009793758392334,0.21428571428571427
4007,1,0,12867,-15.137684106826782,-11.009793758392334,0.21428571428571427
4008,1,0,12866,-15.137684106826782,-11.009793758392334,0.21428571428571427
4009,1,0,12865,-15.137684106826782,-11.009793758392334,0.21428571428571427
4010,1,0,12864,-15.137684106826782,-11.009793758392334,0.21428571428571427
4011,1,0,12863,-15.137684106826782,-11.009793758392334,0.21428571428571427
4012,0,0,12862,-15.137684106826782,-11.009793758392334,0.21428571428571427
4013,1,0,12861,-15.137684106826782,-11.009793758392334,0.21428571428571427
4014,1,0,12859,-15.137684106826782,-11.009793758392334,0.21428571428571427
4015,1,0,12849,-15.137684106826782,-11.009793758392334,0.21428571428571427
4016,1,0,12858,-15.137684106826782,-11.009793758392334,0.21428571428571427
4017,1,0,12857,-15.137684106826782,-11.009793758392334,0.21428571428571427
4018,1,0,12856,-15.137684106826782,-11.009793758392334,0.21428571428571427
4019,0,0,12855,-15.137684106826782,-11.009793758392334,0.21428571428571427
4020,1,0,12854,-15.137684106826782,-11.009793758392334,0.21428571428571427
4021,0,0,12853,-15.137684106826782,-11.009793758392334,0.21428571428571427
4022,1,0,12852,-15.137684106826782,-11.009793758392334,0.21428571428571427
4023,1,0,12851,-15.137684106826782,-11.009793758392334,0.21428571428571427
4024,1,0,12850,-15.137684106826782,-11.009793758392334,0.21428571428571427
4025,0,0,12870,-15.137684106826782,-11.009793758392334,0.21428571428571427
4026,1,0,12860,-15.137684106826782,-11.009793758392334,0.21428571428571427
4027,1,0,12871,-15.137684106826782,-11.009793758392334,0.21428571428571427
4028,0,0,12884,-15.137684106826782,-11.009793758392334,0.21428571428571427
4029,1,0,12893,-15.137684106826782,-11.009793758392334,0.21428571428571427
4030,1,0,12892,-15.137684106826782,-11.009793758392334,0.21428571428571427
4031,1,0,12891,-15.137684106826782,-11.009793758392334,0.21428571428571427
4032,1,0,12890,-15.137684106826782,-11.009793758392334,0.21428571428571427
4033,1,0,12889,-15.137684106826782,-11.009793758392334,0.21428571428571427
4034,1,0,12888,-15.137684106826782,-11.009793758392334,0.21428571428571427
4035,1,0,12887,-15.137684106826782,-11.009793758392334,0.21428571428571427
4036,1,0,12886,-15.137684106826782,-11.009793758392334,0.21428571428571427
4037,0,0,12885,-15.137684106826782,-11.009793758392334,0.21428571428571427
4038,1,0,12883,-15.137684106826782,-11.009793758392334,0.21428571428571427
4039,1,0,12873,-15.137684106826782,-11.009793758392334,0.21428571428571427
4040,0,0,12882,-15.137684106826782,-11.009793758392334,0.21428571428571427
4041,0,0,12881,-15.137684106826782,-11.009793758392334,0.21428571428571427
4042,1,0,12880,-15.137684106826782,-11.009793758392334,0.21428571428571427
4043,1,0,12879,-15.137684106826782,-11.009793758392334,0.21428571428571427
4044,1,0,12878,-15.137684106826782,-11.009793758392334,0.21428571428571427
4045,1,0,12877,-15.137684106826782,-11.009793758392334,0.21428571428571427
4046,1,0,12876,-15.137684106826782,-11.009793758392334,0.21428571428571427
4047,1,0,12875,-15.137684106826782,-11.009793758392334,0.21428571428571427
4048,1,0,12874,-15.137684106826782,-11.009793758392334,0.21428571428571427
4049,1,0,12872,-15.137684106826782,-11.009793758392334,0.21428571428571427
4050,1,0,12848,-15.137684106826782,-11.009793758392334,0.21428571428571427
4051,1,0,12847,-15.137684106826782,-11.009793758392334,0.21428571428571427
4052,1,0,12846,-15.137684106826782,-11.009793758392334,0.21428571428571427
4053,1,0,12821,-15.137684106826782,-11.009793758392334,0.21428571428571427
4054,1,0,12820,-15.137684106826782,-11.009793758392334,0.21428571428571427
4055,1,0,12819,-15.137684106826782,-11.009793758392334,0.21428571428571427
4056,0,0,12818,-15.137684106826782,-11.009793758392334,0.21428571428571427
4057,1,0,12817,-15.137684106826782,-11.009793758392334,0.21428571428571427
4058,1,0,12816,-15.137684106826782,-11.009793758392334,0.21428571428571427
4059,1,0,12815,-15.137684106826782,-11.009793758392334,0.21428571428571427
4060,1,0,12814,-15.137684106826782,-11.009793758392334,0.21428571428571427
4061,1,0,12813,-15.137684106826782,-11.009793758392334,0.21428571428571427
4062,1,0,12812,-15.137684106826782,-11.009793758392334,0.21428571428571427
4063,1,0,12811,-15.137684106826782,-11.009793758392334,0.21428571428571427
4064,1,0,12810,-15.137684106826782,-11.009793758392334,0.21428571428571427
4065,1,0,12809,-15.137684106826782,-11.009793758392334,0.21428571428571427
4066,1,0,12808,-15.137684106826782,-11.009793758392334,0.21428571428571427
4067,0,0,12807,-15.137684106826782,-11.009793758392334,0.21428571428571427
4068,1,0,12806,-15.137684106826782,-11.009793758392334,0.21428571428571427
4069,1,0,12805,-15.137684106826782,-11.009793758392334,0.21428571428571427
4070,1,0,12804,-15.137684106826782,-11.009793758392334,0.21428571428571427
4071,0,0,12803,-15.137684106826782,-11.009793758392334,0.21428571428571427
4072,1,0,12802,-15.137684106826782,-11.009793758392334,0.21428571428571427
4073,1,0,12801,-15.137684106826782,-11.009793758392334,0.21428571428571427
4074,1,0,12822,-15.137684106826782,-11.009793758392334,0.21428571428571427
4075,1,0,12823,-15.137684106826782,-11.009793758392334,0.21428571428571427
4076,1,0,12824,-15.137684106826782,-11.009793758392334,0.21428571428571427
4077,1,0,12836,-15.137684106826782,-11.009793758392334,0.21428571428571427
4078,1,0,12845,-15.137684106826782,-11.009793758392334,0.21428571428571427
4079,1,0,12844,-15.137684106826782,-11.009793758392334,0.21428571428571427
4080,1,0,12843,-15.137684106826782,-11.009793758392334,0.21428571428571427
4081,1,0,12842,-15.137684106826782,-11.009793758392334,0.21428571428571427
4082,0,0,12841,-15.137684106826782,-11.009793758392334,0.21428571428571427
4083,1,0,12840,-15.137684106826782,-11.009793758392334,0.21428571428571427
4084,0,0,12839,-15.137684106826782,-11.009793758392334,0.21428571428571427
4085,1,0,12838,-15.137684106826782,-11.009793758392334,0.21428571428571427
4086,1,0,12837,-15.137684106826782,-11.009793758392334,0.21428571428571427
4087,1,0,12835,-15.137684106826782,-11.009793758392334,0.21428571428571427
4088,1,0,12825,-15.137684106826782,-11.009793758392334,0.21428571428571427
4089,1,0,12834,-15.137684106826782,-11.009793758392334,0.21428571428571427
4090,1,0,12833,-15.137684106826782,-11.009793758392334,0.21428571428571427
4091,1,0,12832,-15.137684106826782,-11.009793758392334,0.21428571428571427
4092,0,0,12831,-15.137684106826782,-11.009793758392334,0.21428571428571427
4093,1,0,12830,-15.137684106826782,-11.009793758392334,0.21428571428571427
4094,1,0,12829,-15.137684106826782,-11.009793758392334,0.21428571428571427
4095,1,0,12828,-15.137684106826782,-11.009793758392334,0.21428571428571427
4096,1,0,12827,-15.137684106826782,-11.009793758392334,0.21428571428571427
4097,1,0,12826,-15.137684106826782,-11.009793758392334,0.21428571428571427
4098,1,0,12750,-15.137684106826782,-11.009793758392334,0.21428571428571427
4099,1,0,12701,-15.137684106826782,-11.009793758392334,0.21428571428571427
4100,1,0,12700,-15.137684106826782,-11.009793758392334,0.21428571428571427
4101,1,0,12699,-15.137684106826782,-11.009793758392334,0.21428571428571427
4102,1,0,12576,-15.137684106826782,-11.009793758392334,0.21428571428571427
4103,1,0,12575,-15.137684106826782,-11.009793758392334,0.21428571428571427
4104,0,0,12574,-15.137684106826782,-11.009793758392334,0.21428571428571427
4105,1,0,12573,-15.137684106826782,-11.009793758392334,0.21428571428571427
4106,0,0,12572,-15.137684106826782,-11.009793758392334,0.21428571428571427
4107,1,0,12571,-15.137684106826782,-11.009793758392334,0.21428571428571427
4108,1,0,12570,-15.137684106826782,-11.009793758392334,0.21428571428571427
4109,0,0,12569,-15.137684106826782,-11.009793758392334,0.21428571428571427
4110,1,0,12568,-15.137684106826782,-11.009793758392334,0.21428571428571427
4111,1,0,12567,-15.137684106826782,-11.009793758392334,0.21428571428571427
4112,1,0,12566,-15.137684106826782,-11.009793758392334,0.21428571428571427
4113,1,0,12565,-15.137684106826782,-11.009793758392334,0.21428571428571427
4114,1,0,12564,-15.137684106826782,-11.009793758392334,0.21428571428571427
4115,1,0,12563,-15.137684106826782,-11.009793758392334,0.21428571428571427
4116,1,0,12562,-15.137684106826782,-11.009793758392334,0.21428571428571427
4117,1,0,12561,-15.137684106826782,-11.009793758392334,0.21428571428571427
4118,1,0,12560,-15.137684106826782,-11.009793758392334,0.21428571428571427
4119,1,0,12559,-15.137684106826782,-11.009793758392334,0.21428571428571427
4120,1,0,12558,-15.137684106826782,-11.009793758392334,0.21428571428571427
4121,1,0,12557,-15.137684106826782,-11.009793758392334,0.21428571428571427
4122,1,0,12556,-15.137684106826782,-11.009793758392334,0.21428571428571427
4123,1,0,12577,-15.137684106826782,-11.009793758392334,0.21428571428571427
4124,1,0,12578,-15.137684106826782,-11.009793758392334,0.21428571428571427
4125,1,0,12579,-15.137684106826782,-11.009793758392334,0.21428571428571427
4126,1,0,12591,-15.137684106826782,-11.009793758392334,0.21428571428571427
4127,0,0,12600,-15.137684106826782,-11.009793758392334,0.21428571428571427
4128,1,0,12599,-15.137684106826782,-11.009793758392334,0.21428571428571427
4129,1,0,12598,-15.137684106826782,-11.009793758392334,0.21428571428571427
4130,1,0,12597,-15.137684106826782,-11.009793758392334,0.21428571428571427
4131,1,0,12596,-15.137684106826782,-11.009793758392334,0.21428571428571427
4132,1,0,12595,-15.137684106826782,-11.009793758392334,0.21428571428571427
4133,1,0,12594,-15.137684106826782,-11.009793758392334,0.21428571428571427
4134,1,0,12593,-15.137684106826782,-11.009793758392334,0.21428571428571427
4135,1,0,12592,-15.137684106826782,-11.009793758392334,0.21428571428571427
4136,1,0,12590,-15.137684106826782,-11.009793758392334,0.21428571428571427
4137,1,0,12580,-15.137684106826782,-11.009793758392334,0.21428571428571427
4138,0,0,12589,-15.137684106826782,-11.009793758392334,0.21428571428571427
4139,1,0,12588,-15.137684106826782,-11.009793758392334,0.21428571428571427
4140,0,0,12587,-15.137684106826782,-11.009793758392334,0.21428571428571427
4141,1,0,12586,-15.137684106826782,-11.009793758392334,0.21428571428571427
4142,0,0,12585,-15.137684106826782,-11.009793758392334,0.21428571428571427
4143,0,0,12584,-15.137684106826782,-11.009793758392334,0.21428571428571427
4144,1,0,12583,-15.137684106826782,-11.009793758392334,0.21428571428571427
4145,1,0,12582,-15.137684106826782,-11.009793758392334,0.21428571428571427
4146,1,0,12581,-15.137684106826782,-11.009793758392334,0.21428571428571427
4147,1,0,12555,-15.137684106826782,-11.009793758392334,0.21428571428571427
4148,0,0,12553,-15.137684106826782,-11.009793758392334,0.21428571428571427
4149,1,0,12506,-15.137684106826782,-11.009793758392334,0.21428571428571427
4150,1,0,12552,-15.137684106826782,-11.009793758392334,0.21428571428571427
4151,1,0,12527,-15.137684106826782,-11.009793758392334,0.21428571428571427
4152,0,0,12526,-15.137684106826782,-11.009793758392334,0.21428571428571427
4153,0,0,12525,-15.137684106826782,-11.009793758392334,0.21428571428571427
4154,1,0,12524,-15.137684106826782,-11.009793758392334,0.21428571428571427
4155,1,0,12523,-15.137684106826782,-11.009793758392334,0.21428571428571427
4156,1,0,12522,-15.137684106826782,-11.009793758392334,0.21428571428571427
4157,1,0,12521,-15.137684106826782,-11.009793758392334,0.21428571428571427
4158,1,0,12520,-15.137684106826782,-11.009793758392334,0.21428571428571427
4159,0,0,12519,-15.137684106826782,-11.009793758392334,0.21428571428571427
4160,0,0,12518,-15.137684106826782,-11.009793758392334,0.21428571428571427
4161,1,0,12517,-15.137684106826782,-11.009793758392334,0.21428571428571427
4162,1,0,12516,-15.137684106826782,-11.009793758392334,0.21428571428571427
4163,1,0,12515,-15.137684106826782,-11.009793758392334,0.21428571428571427
4164,1,0,12514,-15.137684106826782,-11.009793758392334,0.21428571428571427
4165,1,0,12513,-15.137684106826782,-11.009793758392334,0.21428571428571427
4166,0,0,12512,-15.137684106826782,-11.009793758392334,0.21428571428571427
4167,1,0,12511,-15.137684106826782,-11.009793758392334,0.21428571428571427
4168,1,0,12510,-15.137684106826782,-11.009793758392334,0.21428571428571427
4169,1,0,12509,-15.137684106826782,-11.009793758392334,0.21428571428571427
4170,1,0,12508,-15.137684106826782,-11.009793758392334,0.21428571428571427
4171,1,0,12507,-15.137684106826782,-11.009793758392334,0.21428571428571427
4172,1,0,12528,-15.137684106826782,-11.009793758392334,0.21428571428571427
4173,1,0,12529,-15.137684106826782,-11.009793758392334,0.21428571428571427
4174,1,0,12530,-15.137684106826782,-11.009793758392334,0.21428571428571427
4175,1,0,12542,-15.137684106826782,-11.009793758392334,0.21428571428571427
4176,1,0,12551,-15.137684106826782,-11.009793758392334,0.21428571428571427
4177,1,0,12550,-15.137684106826782,-11.009793758392334,0.21428571428571427
4178,1,0,12549,-15.137684106826782,-11.009793758392334,0.21428571428571427
4179,1,0,12548,-15.137684106826782,-11.009793758392334,0.21428571428571427
4180,1,0,12547,-15.137684106826782,-11.009793758392334,0.21428571428571427
4181,1,0,12546,-15.137684106826782,-11.009793758392334,0.21428571428571427
4182,1,0,12545,-15.137684106826782,-11.009793758392334,0.21428571428571427
4183,1,0,12544,-15.137684106826782,-11.009793758392334,0.21428571428571427
4184,0,0,12543,-15.137684106826782,-11.009793758392334,0.21428571428571427
4185,1,0,12541,-15.137684106826782,-11.009793758392334,0.21428571428571427
4186,1,0,12531,-15.137684106826782,-11.009793758392334,0.21428571428571427
4187,0,0,12540,-15.137684106826782,-11.009793758392334,0.21428571428571427
4188,1,0,12539,-15.137684106826782,-11.009793758392334,0.21428571428571427
4189,1,0,12538,-15.137684106826782,-11.009793758392334,0.21428571428571427
4190,1,0,12537,-15.137684106826782,-11.009793758392334,0.21428571428571427
4191,1,0,12536,-15.137684106826782,-11.009793758392334,0.21428571428571427
4192,0,0,12535,-15.137684106826782,-11.009793758392334,0.21428571428571427
4193,1,0,12534,-15.137684106826782,-11.009793758392334,0.21428571428571427
4194,1,0,12533,-15.137684106826782,-11.009793758392334,0.21428571428571427
4195,1,0,12532,-15.137684106826782,-11.009793758392334,0.21428571428571427
4196,1,0,12601,-15.137684106826782,-11.009793758392334,0.21428571428571427
4197,1,0,12554,-15.137684106826782,-11.009793758392334,0.21428571428571427
4198,1,0,12602,-15.137684106826782,-11.009793758392334,0.21428571428571427
4199,1,0,12652,-15.137684106826782,-11.009793758392334,0.21428571428571427
4200,1,0,12674,-15.137684106826782,-11.009793758392334,0.21428571428571427
4201,1,0,12673,-15.137684106826782,-11.009793758392334,0.21428571428571427
4202,1,0,12672,-15.137684106826782,-11.009793758392334,0.21428571428571427
4203,1,0,12671,-15.137684106826782,-11.009793758392334,0.21428571428571427
4204,1,0,12670,-15.137684106826782,-11.009793758392334,0.21428571428571427
4205,1,0,12669,-15.137684106826782,-11.009793758392334,0.21428571428571427
4206,1,0,12668,-15.137684106826782,-11.009793758392334,0.21428571428571427
4207,1,0,12667,-15.137684106826782,-11.009793758392334,0.21428571428571427
4208,1,0,12666,-15.137684106826782,-11.009793758392334,0.21428571428571427
4209,1,0,12665,-15.137684106826782,-11.009793758392334,0.21428571428571427
4210,1,0,12664,-15.137684106826782,-11.009793758392334,0.21428571428571427
4211,1,0,12663,-15.137684106826782,-11.009793758392334,0.21428571428571427
4212,1,0,12662,-15.137684106826782,-11.009793758392334,0.21428571428571427
4213,1,0,12661,-15.137684106826782,-11.009793758392334,0.21428571428571427
4214,1,0,12660,-15.137684106826782,-11.009793758392334,0.21428571428571427
4215,1,0,12659,-15.137684106826782,-11.009793758392334,0.21428571428571427
4216,1,0,12658,-15.137684106826782,-11.009793758392334,0.21428571428571427
4217,0,0,12657,-15.137684106826782,-11.009793758392334,0.21428571428571427
4218,1,0,12656,-15.137684106826782,-11.009793758392334,0.21428571428571427
4219,1,0,12655,-15.137684106826782,-11.009793758392334,0.21428571428571427
4220,1,0,12654,-15.137684106826782,-11.009793758392334,0.21428571428571427
4221,1,0,12675,-15.137684106826782,-11.009793758392334,0.21428571428571427
4222,1,0,12676,-15.137684106826782,-11.009793758392334,0.21428571428571427
4223,1,0,12677,-15.137684106826782,-11.009793758392334,0.21428571428571427
4224,0,0,12689,-15.137684106826782,-11.009793758392334,0.21428571428571427
4225,1,0,12698,-15.137684106826782,-11.009793758392334,0.21428571428571427
4226,1,0,12697,-15.137684106826782,-11.009793758392334,0.21428571428571427
4227,1,0,12696,-15.137684106826782,-11.009793758392334,0.21428571428571427
4228,1,0,12695,-15.137684106826782,-11.009793758392334,0.21428571428571427
4229,1,0,12694,-15.137684106826782,-11.009793758392334,0.21428571428571427
4230,1,0,12693,-15.137684106826782,-11.009793758392334,0.21428571428571427
4231,0,0,12692,-15.137684106826782,-11.009793758392334,0.21428571428571427
4232,1,0,12691,-15.137684106826782,-11.009793758392334,0.21428571428571427
4233,0,0,12690,-15.137684106826782,-11.009793758392334,0.21428571428571427
4234,1,0,12688,-15.137684106826782,-11.009793758392334,0.21428571428571427
4235,1,0,12678,-15.137684106826782,-11.009793758392334,0.21428571428571427
4236,1,0,12687,-15.137684106826782,-11.009793758392334,0.21428571428571427
4237,0,0,12686,-15.137684106826782,-11.009793758392334,0.21428571428571427
4238,1,0,12685,-15.137684106826782,-11.009793758392334,0.21428571428571427
4239,1,0,12684,-15.137684106826782,-11.009793758392334,0.21428571428571427
4240,1,0,12683,-15.137684106826782,-11.009793758392334,0.21428571428571427
4241,1,0,12682,-15.137684106826782,-11.009793758392334,0.21428571428571427
4242,1,0,12681,-15.137684106826782,-11.009793758392334,0.21428571428571427
4243,1,0,12680,-15.137684106826782,-11.009793758392334,0.21428571428571427
4244,1,0,12679,-15.137684106826782,-11.009793758392334,0.21428571428571427
4245,1,0,12653,-15.137684106826782,-11.009793758392334,0.21428571428571427
4246,1,0,12651,-15.137684106826782,-11.009793758392334,0.21428571428571427
4247,1,0,12604,-15.137684106826782,-11.009793758392334,0.21428571428571427
4248,1,0,12650,-15.137684106826782,-11.009793758392334,0.21428571428571427
4249,1,0,12625,-15.137684106826782,-11.009793758392334,0.21428571428571427
4250,1,0,12624,-15.137684106826782,-11.009793758392334,0.21428571428571427
4251,0,0,12623,-15.137684106826782,-11.009793758392334,0.21428571428571427
4252,1,0,12622,-15.137684106826782,-11.009793758392334,0.21428571428571427
4253,1,0,12621,-15.137684106826782,-11.009793758392334,0.21428571428571427
4254,1,0,12620,-15.137684106826782,-11.009793758392334,0.21428571428571427
4255,1,0,12619,-15.137684106826782,-11.009793758392334,0.21428571428571427
4256,1,0,12618,-15.137684106826782,-11.009793758392334,0.21428571428571427
4257,1,0,12617,-15.137684106826782,-11.009793758392334,0.21428571428571427
4258,1,0,12616,-15.137684106826782,-11.009793758392334,0.21428571428571427
4259,1,0,12615,-15.137684106826782,-11.009793758392334,0.21428571428571427
4260,1,0,12614,-15.137684106826782,-11.009793758392334,0.21428571428571427
4261,1,0,12613,-15.137684106826782,-11.009793758392334,0.21428571428571427
4262,1,0,12612,-15.137684106826782,-11.009793758392334,0.21428571428571427
4263,1,0,12611,-15.137684106826782,-11.009793758392334,0.21428571428571427
4264,1,0,12610,-15.137684106826782,-11.009793758392334,0.21428571428571427
4265,1,0,12609,-15.137684106826782,-11.009793758392334,0.21428571428571427
4266,1,0,12608,-15.137684106826782,-11.009793758392334,0.21428571428571427
4267,1,0,12607,-15.137684106826782,-11.009793758392334,0.21428571428571427
4268,1,0,12606,-15.137684106826782,-11.009793758392334,0.21428571428571427
4269,1,0,12605,-15.137684106826782,-11.009793758392334,0.21428571428571427
4270,1,0,12626,-15.137684106826782,-11.009793758392334,0.21428571428571427
4271,1,0,12627,-15.137684106826782,-11.009793758392334,0.21428571428571427
4272,0,0,12628,-15.137684106826782,-11.009793758392334,0.21428571428571427
4273,1,0,12640,-15.137684106826782,-11.009793758392334,0.21428571428571427
4274,1,0,12649,-15.137684106826782,-11.009793758392334,0.21428571428571427
4275,1,0,12648,-15.137684106826782,-11.009793758392334,0.21428571428571427
4276,1,0,12647,-15.137684106826782,-11.009793758392334,0.21428571428571427
4277,1,0,12646,-15.137684106826782,-11.009793758392334,0.21428571428571427
4278,1,0,12645,-15.137684106826782,-11.009793758392334,0.21428571428571427
4279,1,0,12644,-15.137684106826782,-11.009793758392334,0.21428571428571427
4280,0,0,12643,-15.137684106826782,-11.009793758392334,0.21428571428571427
4281,1,0,12642,-15.137684106826782,-11.009793758392334,0.21428571428571427
4282,1,0,12641,-15.137684106826782,-11.009793758392334,0.21428571428571427
4283,1,0,12639,-15.137684106826782,-11.009793758392334,0.21428571428571427
4284,1,0,12629,-15.137684106826782,-11.009793758392334,0.21428571428571427
4285,1,0,12638,-15.137684106826782,-11.009793758392334,0.21428571428571427
4286,1,0,12637,-15.137684106826782,-11.009793758392334,0.21428571428571427
4287,1,0,12636,-15.137684106826782,-11.009793758392334,0.21428571428571427
4288,1,0,12635,-15.137684106826782,-11.009793758392334,0.21428571428571427
4289,1,0,12634,-15.137684106826782,-11.009793758392334,0.21428571428571427
4290,1,0,12633,-15.137684106826782,-11.009793758392334,0.21428571428571427
4291,1,0,12632,-15.137684106826782,-11.009793758392334,0.21428571428571427
4292,1,0,12631,-15.137684106826782,-11.009793758392334,0.21428571428571427
4293,1,0,12630,-15.137684106826782,-11.009793758392334,0.21428571428571427
4294,1,0,12894,-15.137684106826782,-11.009793758392334,0.21428571428571427
4295,1,0,12895,-15.137684106826782,-11.009793758392334,0.21428571428571427
4296,1,0,12896,-15.137684106826782,-11.009793758392334,0.21428571428571427
4297,1,0,13091,-15.137684106826782,-11.009793758392334,0.21428571428571427
4298,1,0,13162,-15.137684106826782,-11.009793758392334,0.21428571428571427
4299,0,0,13161,-15.137684106826782,-11.009793758392334,0.21428571428571427
4300,0,0,13160,-15.137684106826782,-11.009793758392334,0.21428571428571427
4301,1,0,13159,-15.137684106826782,-11.009793758392334,0.21428571428571427
4302,1,0,13158,-15.137684106826782,-11.009793758392334,0.21428571428571427
4303,1,0,13157,-15.137684106826782,-11.009793758392334,0.21428571428571427
4304,1,0,13156,-15.137684106826782,-11.009793758392334,0.21428571428571427
4305,1,0,13155,-15.137684106826782,-11.009793758392334,0.21428571428571427
4306,1,0,13154,-15.137684106826782,-11.009793758392334,0.21428571428571427
4307,1,0,13153,-15.137684106826782,-11.009793758392334,0.21428571428571427
4308,1,0,13152,-15.137684106826782,-11.009793758392334,0.21428571428571427
4309,1,0,13151,-15.137684106826782,-11.009793758392334,0.21428571428571427
4310,1,0,13150,-15.137684106826782,-11.009793758392334,0.21428571428571427
4311,1,0,13149,-15.137684106826782,-11.009793758392334,0.21428571428571427
4312,1,0,13148,-15.137684106826782,-11.009793758392334,0.21428571428571427
4313,1,0,13147,-15.137684106826782,-11.009793758392334,0.21428571428571427
4314,1,0,13146,-15.137684106826782,-11.009793758392334,0.21428571428571427
4315,1,0,13145,-15.137684106826782,-11.009793758392334,0.21428571428571427
4316,1,0,13144,-15.137684106826782,-11.009793758392334,0.21428571428571427
4317,0,0,13143,-15.137684106826782,-11.009793758392334,0.21428571428571427
4318,1,0,13142,-15.137684106826782,-11.009793758392334,0.21428571428571427
4319,1,0,13163,-15.137684106826782,-11.009793758392334,0.21428571428571427
4320,1,0,13164,-15.137684106826782,-11.009793758392334,0.21428571428571427
4321,1,0,13165,-15.137684106826782,-11.009793758392334,0.21428571428571427
4322,1,0,13177,-15.137684106826782,-11.009793758392334,0.21428571428571427
4323,1,0,13186,-15.137684106826782,-11.009793758392334,0.21428571428571427
4324,1,0,13185,-15.137684106826782,-11.009793758392334,0.21428571428571427
4325,1,0,13184,-15.137684106826782,-11.009793758392334,0.21428571428571427
4326,1,0,13183,-15.137684106826782,-11.009793758392334,0.21428571428571427
4327,1,0,13182,-15.137684106826782,-11.009793758392334,0.21428571428571427
4328,1,0,13181,-15.137684106826782,-11.009793758392334,0.21428571428571427
4329,1,0,13180,-15.137684106826782,-11.009793758392334,0.21428571428571427
4330,1,0,13179,-15.137684106826782,-11.009793758392334,0.21428571428571427
4331,1,0,13178,-15.137684106826782,-11.009793758392334,0.21428571428571427
4332,1,0,13176,-15.137684106826782,-11.009793758392334,0.21428571428571427
4333,0,0,13166,-15.137684106826782,-11.009793758392334,0.21428571428571427
4334,1,0,13175,-15.137684106826782,-11.009793758392334,0.21428571428571427
4335,1,0,13174,-15.137684106826782,-11.009793758392334,0.21428571428571427
4336,1,0,13173,-15.137684106826782,-11.009793758392334,0.21428571428571427
4337,1,0,13172,-15.137684106826782,-11.009793758392334,0.21428571428571427
4338,1,0,13171,-15.137684106826782,-11.009793758392334,0.21428571428571427
4339,1,0,13170,-15.137684106826782,-11.009793758392334,0.21428571428571427
4340,1,0,13169,-15.137684106826782,-11.009793758392334,0.21428571428571427
4341,1,0,13168,-15.137684106826782,-11.009793758392334,0.21428571428571427
4342,1,0,13167,-15.137684106826782,-11.009793758392334,0.21428571428571427
4343,1,0,13141,-15.137684106826782,-11.009793758392334,0.21428571428571427
4344,1,0,13139,-15.137684106826782,-11.009793758392334,0.21428571428571427
4345,1,0,13092,-15.137684106826782,-11.009793758392334,0.21428571428571427
4346,1,0,13138,-15.137684106826782,-11.009793758392334,0.21428571428571427
4347,1,0,13113,-15.137684106826782,-11.009793758392334,0.21428571428571427
4348,1,0,13112,-15.137684106826782,-11.009793758392334,0.21428571428571427
4349,1,0,13111,-15.137684106826782,-11.009793758392334,0.21428571428571427
4350,1,0,13110,-15.137684106826782,-11.009793758392334,0.21428571428571427
4351,1,0,13109,-15.137684106826782,-11.009793758392334,0.21428571428571427
4352,1,0,13108,-15.137684106826782,-11.009793758392334,0.21428571428571427
4353,1,0,13107,-15.137684106826782,-11.009793758392334,0.21428571428571427
4354,1,0,13106,-15.137684106826782,-11.009793758392334,0.21428571428571427
4355,1,0,13105,-15.137684106826782,-11.009793758392334,0.21428571428571427
4356,1,0,13104,-15.137684106826782,-11.009793758392334,0.21428571428571427
4357,1,0,13103,-15.137684106826782,-11.009793758392334,0.21428571428571427
4358,1,0,13102,-15.137684106826782,-11.009793758392334,0.21428571428571427
4359,1,0,13101,-15.137684106826782,-11.009793758392334,0.21428571428571427
4360,1,0,13100,-15.137684106826782,-11.009793758392334,0.21428571428571427
4361,1,0,13099,-15.137684106826782,-11.009793758392334,0.21428571428571427
4362,1,0,13098,-15.137684106826782,-11.009793758392334,0.21428571428571427
4363,1,0,13097,-15.137684106826782,-11.009793758392334,0.21428571428571427
4364,1,0,13096,-15.137684106826782,-11.009793758392334,0.21428571428571427
4365,1,0,13095,-15.137684106826782,-11.009793758392334,0.21428571428571427
4366,1,0,13094,-15.137684106826782,-11.009793758392334,0.21428571428571427
4367,1,0,13093,-15.137684106826782,-11.009793758392334,0.21428571428571427
4368,1,0,13114,-15.137684106826782,-11.009793758392334,0.21428571428571427
4369,1,0,13115,-15.137684106826782,-11.009793758392334,0.21428571428571427
4370,1,0,13116,-15.137684106826782,-11.009793758392334,0.21428571428571427
4371,1,0,13128,-15.137684106826782,-11.009793758392334,0.21428571428571427
4372,1,0,13137,-15.137684106826782,-11.009793758392334,0.21428571428571427
4373,1,0,13136,-15.137684106826782,-11.009793758392334,0.21428571428571427
4374,1,0,13135,-15.137684106826782,-11.009793758392334,0.21428571428571427
4375,1,0,13134,-15.137684106826782,-11.009793758392334,0.21428571428571427
4376,1,0,13133,-15.137684106826782,-11.009793758392334,0.21428571428571427
4377,1,0,13132,-15.137684106826782,-11.009793758392334,0.21428571428571427
4378,0,0,13131,-15.137684106826782,-11.009793758392334,0.21428571428571427
4379,1,0,13130,-15.137684106826782,-11.009793758392334,0.21428571428571427
4380,1,0,13129,-15.137684106826782,-11.009793758392334,0.21428571428571427
4381,1,0,13127,-15.137684106826782,-11.009793758392334,0.21428571428571427
4382,1,0,13117,-15.137684106826782,-11.009793758392334,0.21428571428571427
4383,1,0,13126,-15.137684106826782,-11.009793758392334,0.21428571428571427
4384,1,0,13125,-15.137684106826782,-11.009793758392334,0.21428571428571427
4385,1,0,13124,-15.137684106826782,-11.009793758392334,0.21428571428571427
4386,1,0,13123,-15.137684106826782,-11.009793758392334,0.21428571428571427
4387,1,0,13122,-15.137684106826782,-11.009793758392334,0.21428571428571427
4388,1,0,13121,-15.137684106826782,-11.009793758392334,0.21428571428571427
4389,0,0,13120,-15.137684106826782,-11.009793758392334,0.21428571428571427
4390,1,0,13119,-15.137684106826782,-11.009793758392334,0.21428571428571427
4391,1,0,13118,-15.137684106826782,-11.009793758392334,0.21428571428571427
4392,1,0,13187,-15.137684106826782,-11.009793758392334,0.21428571428571427
4393,1,0,13188,-15.137684106826782,-11.009793758392334,0.21428571428571427
4394,1,0,13189,-15.137684106826782,-11.009793758392334,0.21428571428571427
4395,1,0,13190,-15.137684106826782,-11.009793758392334,0.21428571428571427
4396,1,0,13259,-15.137684106826782,-11.009793758392334,0.21428571428571427
4397,1,0,13258,-15.137684106826782,-11.009793758392334,0.21428571428571427
4398,1,0,13257,-15.137684106826782,-11.009793758392334,0.21428571428571427
4399,1,0,13256,-15.137684106826782,-11.009793758392334,0.21428571428571427
4400,1,0,13255,-15.137684106826782,-11.009793758392334,0.21428571428571427
4401,1,0,13254,-15.137684106826782,-11.009793758392334,0.21428571428571427
4402,1,0,13253,-15.137684106826782,-11.009793758392334,0.21428571428571427
4403,1,0,13252,-15.137684106826782,-11.009793758392334,0.21428571428571427
4404,0,0,13251,-15.137684106826782,-11.009793758392334,0.21428571428571427
4405,0,0,13249,-15.137684106826782,-11.009793758392334,0.21428571428571427
4406,1,0,13239,-15.137684106826782,-11.009793758392334,0.21428571428571427
4407,1,0,13248,-15.137684106826782,-11.009793758392334,0.21428571428571427
4408,1,0,13247,-15.137684106826782,-11.009793758392334,0.21428571428571427
4409,1,0,13246,-15.137684106826782,-11.009793758392334,0.21428571428571427
4410,1,0,13245,-15.137684106826782,-11.009793758392334,0.21428571428571427
4411,1,0,13244,-15.137684106826782,-11.009793758392334,0.21428571428571427
4412,1,0,13243,-15.137684106826782,-11.009793758392334,0.21428571428571427
4413,1,0,13242,-15.137684106826782,-11.009793758392334,0.21428571428571427
4414,1,0,13241,-15.137684106826782,-11.009793758392334,0.21428571428571427
4415,1,0,13240,-15.137684106826782,-11.009793758392334,0.21428571428571427
4416,1,0,13260,-15.137684106826782,-11.009793758392334,0.21428571428571427
4417,1,0,13250,-15.137684106826782,-11.009793758392334,0.21428571428571427
4418,1,0,13261,-15.137684106826782,-11.009793758392334,0.21428571428571427
4419,1,0,13274,-15.137684106826782,-11.009793758392334,0.21428571428571427
4420,0,0,13283,-15.137684106826782,-11.009793758392334,0.21428571428571427
4421,1,0,13282,-15.137684106826782,-11.009793758392334,0.21428571428571427
4422,0,0,13281,-15.137684106826782,-11.009793758392334,0.21428571428571427
4423,1,0,13280,-15.137684106826782,-11.009793758392334,0.21428571428571427
4424,1,0,13279,-15.137684106826782,-11.009793758392334,0.21428571428571427
4425,1,0,13278,-15.137684106826782,-11.009793758392334,0.21428571428571427
4426,1,0,13277,-15.137684106826782,-11.009793758392334,0.21428571428571427
4427,1,0,13276,-15.137684106826782,-11.009793758392334,0.21428571428571427
4428,1,0,13275,-15.137684106826782,-11.009793758392334,0.21428571428571427
4429,0,0,13273,-15.137684106826782,-11.009793758392334,0.21428571428571427
4430,1,0,13263,-15.137684106826782,-11.009793758392334,0.21428571428571427
4431,1,0,13272,-15.137684106826782,-11.009793758392334,0.21428571428571427
4432,1,0,13271,-15.137684106826782,-11.009793758392334,0.21428571428571427
4433,0,0,13270,-15.137684106826782,-11.009793758392334,0.21428571428571427
4434,1,0,13269,-15.137684106826782,-11.009793758392334,0.21428571428571427
4435,1,0,13268,-15.137684106826782,-11.009793758392334,0.21428571428571427
4436,1,0,13267,-15.137684106826782,-11.009793758392334,0.21428571428571427
4437,1,0,13266,-15.137684106826782,-11.009793758392334,0.21428571428571427
4438,1,0,13265,-15.137684106826782,-11.009793758392334,0.21428571428571427
4439,1,0,13264,-15.137684106826782,-11.009793758392334,0.21428571428571427
4440,1,0,13262,-15.137684106826782,-11.009793758392334,0.21428571428571427
4441,1,0,13238,-15.137684106826782,-11.009793758392334,0.21428571428571427
4442,1,0,13237,-15.137684106826782,-11.009793758392334,0.21428571428571427
4443,1,0,13236,-15.137684106826782,-11.009793758392334,0.21428571428571427
4444,1,0,13211,-15.137684106826782,-11.009793758392334,0.21428571428571427
4445,1,0,13210,-15.137684106826782,-11.009793758392334,0.21428571428571427
4446,1,0,13209,-15.137684106826782,-11.009793758392334,0.21428571428571427
4447,1,0,13208,-15.137684106826782,-11.009793758392334,0.21428571428571427
4448,1,0,13207,-15.137684106826782,-11.009793758392334,0.21428571428571427
4449,1,0,13206,-15.137684106826782,-11.009793758392334,0.21428571428571427
4450,1,0,13205,-15.137684106826782,-11.009793758392334,0.21428571428571427
4451,0,0,13204,-15.137684106826782,-11.009793758392334,0.21428571428571427
4452,1,0,13203,-15.137684106826782,-11.009793758392334,0.21428571428571427
4453,1,0,13202,-15.137684106826782,-11.009793758392334,0.21428571428571427
4454,1,0,13201,-15.137684106826782,-11.009793758392334,0.21428571428571427
4455,1,0,13200,-15.137684106826782,-11.009793758392334,0.21428571428571427
4456,1,0,13199,-15.137684106826782,-11.009793758392334,0.21428571428571427
4457,1,0,13198,-15.137684106826782,-11.009793758392334,0.21428571428571427
4458,1,0,13197,-15.137684106826782,-11.009793758392334,0.21428571428571427
4459,1,0,13196,-15.137684106826782,-11.009793758392334,0.21428571428571427
4460,0,0,13195,-15.137684106826782,-11.009793758392334,0.21428571428571427
4461,1,0,13194,-15.137684106826782,-11.009793758392334,0.21428571428571427
4462,0,0,13193,-15.137684106826782,-11.009793758392334,0.21428571428571427
4463,1,0,13192,-15.137684106826782,-11.009793758392334,0.21428571428571427
4464,1,0,13191,-15.137684106826782,-11.009793758392334,0.21428571428571427
4465,0,0,13212,-15.137684106826782,-11.009793758392334,0.21428571428571427
4466,1,0,13213,-15.137684106826782,-11.009793758392334,0.21428571428571427
4467,1,0,13214,-15.137684106826782,-11.009793758392334,0.21428571428571427
4468,1,0,13226,-15.137684106826782,-11.009793758392334,0.21428571428571427
4469,1,0,13235,-15.137684106826782,-11.009793758392334,0.21428571428571427
4470,1,0,13234,-15.137684106826782,-11.009793758392334,0.21428571428571427
4471,1,0,13233,-15.137684106826782,-11.009793758392334,0.21428571428571427
4472,1,0,13232,-15.137684106826782,-11.009793758392334,0.21428571428571427
4473,1,0,13231,-15.137684106826782,-11.009793758392334,0.21428571428571427
4474,1,0,13230,-15.137684106826782,-11.009793758392334,0.21428571428571427
4475,1,0,13229,-15.137684106826782,-11.009793758392334,0.21428571428571427
4476,1,0,13228,-15.137684106826782,-11.009793758392334,0.21428571428571427
4477,1,0,13227,-15.137684106826782,-11.009793758392334,0.21428571428571427
4478,1,0,13225,-15.137684106826782,-11.009793758392334,0.21428571428571427
4479,1,0,13215,-15.137684106826782,-11.009793758392334,0.21428571428571427
4480,1,0,13224,-15.137684106826782,-11.009793758392334,0.21428571428571427
4481,0,0,13223,-15.137684106826782,-11.009793758392334,0.21428571428571427
4482,1,0,13222,-15.137684106826782,-11.009793758392334,0.21428571428571427
4483,1,0,13221,-15.137684106826782,-11.009793758392334,0.21428571428571427
4484,1,0,13220,-15.137684106826782,-11.009793758392334,0.21428571428571427
4485,1,0,13219,-15.137684106826782,-11.009793758392334,0.21428571428571427
4486,1,0,13218,-15.137684106826782,-11.009793758392334,0.21428571428571427
4487,1,0,13217,-15.137684106826782,-11.009793758392334,0.21428571428571427
4488,1,0,13216,-15.137684106826782,-11.009793758392334,0.21428571428571427
4489,1,0,13140,-15.137684106826782,-11.009793758392334,0.21428571428571427
4490,1,0,13090,-15.137684106826782,-11.009793758392334,0.21428571428571427
4491,1,0,12945,-15.137684106826782,-11.009793758392334,0.21428571428571427
4492,1,0,13089,-15.137684106826782,-11.009793758392334,0.21428571428571427
4493,1,0,12967,-15.137684106826782,-11.009793758392334,0.21428571428571427
4494,1,0,12966,-15.137684106826782,-11.009793758392334,0.21428571428571427
4495,1,0,12965,-15.137684106826782,-11.009793758392334,0.21428571428571427
4496,0,0,12964,-15.137684106826782,-11.009793758392334,0.21428571428571427
4497,1,0,12963,-15.137684106826782,-11.009793758392334,0.21428571428571427
4498,1,0,12962,-15.137684106826782,-11.009793758392334,0.21428571428571427
4499,1,0,12961,-15.137684106826782,-11.009793758392334,0.21428571428571427
4500,1,0,12960,-15.137684106826782,-11.009793758392334,0.21428571428571427
4501,0,0,12959,-15.137684106826782,-11.009793758392334,0.21428571428571427
4502,1,0,12958,-15.137684106826782,-11.009793758392334,0.21428571428571427
4503,1,0,12957,-15.137684106826782,-11.009793758392334,0.21428571428571427
4504,1,0,12956,-15.137684106826782,-11.009793758392334,0.21428571428571427
4505,0,0,12955,-15.137684106826782,-11.009793758392334,0.21428571428571427
4506,1,0,12954,-15.137684106826782,-11.009793758392334,0.21428571428571427
4507,1,0,12953,-15.137684106826782,-11.009793758392334,0.21428571428571427
4508,1,0,12952,-15.137684106826782,-11.009793758392334,0.21428571428571427
4509,1,0,12951,-15.137684106826782,-11.009793758392334,0.21428571428571427
4510,1,0,12950,-15.137684106826782,-11.009793758392334,0.21428571428571427
4511,1,0,12949,-15.137684106826782,-11.009793758392334,0.21428571428571427
4512,1,0,12948,-15.137684106826782,-11.009793758392334,0.21428571428571427
4513,1,0,12947,-15.137684106826782,-11.009793758392334,0.21428571428571427
4514,1,0,12968,-15.137684106826782,-11.009793758392334,0.21428571428571427
4515,1,0,12969,-15.137684106826782,-11.009793758392334,0.21428571428571427
4516,1,0,12970,-15.137684106826782,-11.009793758392334,0.21428571428571427
4517,1,0,12982,-15.137684106826782,-11.009793758392334,0.21428571428571427
4518,1,0,12991,-15.137684106826782,-11.009793758392334,0.21428571428571427
4519,1,0,12990,-15.137684106826782,-11.009793758392334,0.21428571428571427
4520,1,0,12989,-15.137684106826782,-11.009793758392334,0.21428571428571427
4521,1,0,12988,-15.137684106826782,-11.009793758392334,0.21428571428571427
4522,1,0,12987,-15.137684106826782,-11.009793758392334,0.21428571428571427
4523,1,0,12986,-15.137684106826782,-11.009793758392334,0.21428571428571427
4524,1,0,12985,-15.137684106826782,-11.009793758392334,0.21428571428571427
4525,1,0,12984,-15.137684106826782,-11.009793758392334,0.21428571428571427
4526,0,0,12983,-15.137684106826782,-11.009793758392334,0.21428571428571427
4527,1,0,12981,-15.137684106826782,-11.009793758392334,0.21428571428571427
4528,1,0,12971,-15.137684106826782,-11.009793758392334,0.21428571428571427
4529,1,0,12980,-15.137684106826782,-11.009793758392334,0.21428571428571427
4530,1,0,12979,-15.137684106826782,-11.009793758392334,0.21428571428571427
4531,1,0,12978,-15.137684106826782,-11.009793758392334,0.21428571428571427
4532,1,0,12977,-15.137684106826782,-11.009793758392334,0.21428571428571427
4533,1,0,12976,-15.137684106826782,-11.009793758392334,0.21428571428571427
4534,1,0,12975,-15.137684106826782,-11.009793758392334,0.21428571428571427
4535,1,0,12974,-15.137684106826782,-11.009793758392334,0.21428571428571427
4536,1,0,12973,-15.137684106826782,-11.009793758392334,0.21428571428571427
4537,1,0,12972,-15.137684106826782,-11.009793758392334,0.21428571428571427
4538,1,0,12946,-15.137684106826782,-11.009793758392334,0.21428571428571427
4539,0,0,12944,-15.137684106826782,-11.009793758392334,0.21428571428571427
4540,1,0,12897,-15.137684106826782,-11.009793758392334,0.21428571428571427
4541,1,0,12943,-15.137684106826782,-11.009793758392334,0.21428571428571427
4542,0,0,12918,-15.137684106826782,-11.009793758392334,0.21428571428571427
4543,1,0,12917,-15.137684106826782,-11.009793758392334,0.21428571428571427
4544,1,0,12916,-15.137684106826782,-11.009793758392334,0.21428571428571427
4545,1,0,12915,-15.137684106826782,-11.009793758392334,0.21428571428571427
4546,1,0,12914,-15.137684106826782,-11.009793758392334,0.21428571428571427
4547,1,0,12913,-15.137684106826782,-11.009793758392334,0.21428571428571427
4548,1,0,12912,-15.137684106826782,-11.009793758392334,0.21428571428571427
4549,1,0,12911,-15.137684106826782,-11.009793758392334,0.21428571428571427
4550,1,0,12910,-15.137684106826782,-11.009793758392334,0.21428571428571427
4551,1,0,12909,-15.137684106826782,-11.009793758392334,0.21428571428571427
4552,1,0,12908,-15.137684106826782,-11.009793758392334,0.21428571428571427
4553,1,0,12907,-15.137684106826782,-11.009793758392334,0.21428571428571427
4554,1,0,12906,-15.137684106826782,-11.009793758392334,0.21428571428571427
4555,1,0,12905,-15.137684106826782,-11.009793758392334,0.21428571428571427
4556,1,0,12904,-15.137684106826782,-11.009793758392334,0.21428571428571427
4557,1,0,12903,-15.137684106826782,-11.009793758392334,0.21428571428571427
4558,1,0,12902,-15.137684106826782,-11.009793758392334,0.21428571428571427
4559,1,0,12901,-15.137684106826782,-11.009793758392334,0.21428571428571427
4560,1,0,12900,-15.137684106826782,-11.009793758392334,0.21428571428571427
4561,1,0,12899,-15.137684106826782,-11.009793758392334,0.21428571428571427
4562,1,0,12898,-15.137684106826782,-11.009793758392334,0.21428571428571427
4563,1,0,12919,-15.137684106826782,-11.009793758392334,0.21428571428571427
4564,1,0,12920,-15.137684106826782,-11.009793758392334,0.21428571428571427
4565,1,0,12921,-15.137684106826782,-11.009793758392334,0.21428571428571427
4566,1,0,12933,-15.137684106826782,-11.009793758392334,0.21428571428571427
4567,1,0,12942,-15.137684106826782,-11.009793758392334,0.21428571428571427
4568,1,0,12941,-15.137684106826782,-11.009793758392334,0.21428571428571427
4569,0,0,12940,-15.137684106826782,-11.009793758392334,0.21428571428571427
4570,1,0,12939,-15.137684106826782,-11.009793758392334,0.21428571428571427
4571,1,0,12938,-15.137684106826782,-11.009793758392334,0.21428571428571427
4572,1,0,12937,-15.137684106826782,-11.009793758392334,0.21428571428571427
4573,1,0,12936,-15.137684106826782,-11.009793758392334,0.21428571428571427
4574,1,0,12935,-15.137684106826782,-11.009793758392334,0.21428571428571427
4575,1,0,12934,-15.137684106826782,-11.009793758392334,0.21428571428571427
4576,1,0,12932,-15.137684106826782,-11.009793758392334,0.21428571428571427
4577,1,0,12922,-15.137684106826782,-11.009793758392334,0.21428571428571427
4578,1,0,12931,-15.137684106826782,-11.009793758392334,0.21428571428571427
4579,1,0,12930,-15.137684106826782,-11.009793758392334,0.21428571428571427
4580,1,0,12929,-15.137684106826782,-11.009793758392334,0.21428571428571427
4581,1,0,12928,-15.137684106826782,-11.009793758392334,0.21428571428571427
4582,1,0,12927,-15.137684106826782,-11.009793758392334,0.21428571428571427
4583,1,0,12926,-15.137684106826782,-11.009793758392334,0.21428571428571427
4584,1,0,12925,-15.137684106826782,-11.009793758392334,0.21428571428571427
4585,1,0,12924,-15.137684106826782,-11.009793758392334,0.21428571428571427
4586,1,0,12923,-15.137684106826782,-11.009793758392334,0.21428571428571427
4587,1,0,12992,-15.137684106826782,-11.009793758392334,0.21428571428571427
4588,1,0,12993,-15.137684106826782,-11.009793758392334,0.21428571428571427
4589,1,0,12994,-15.137684106826782,-11.009793758392334,0.21428571428571427
4590,1,0,12995,-15.137684106826782,-11.009793758392334,0.21428571428571427
4591,1,0,13064,-15.137684106826782,-11.009793758392334,0.21428571428571427
4592,1,0,13063,-15.137684106826782,-11.009793758392334,0.21428571428571427
4593,1,0,13062,-15.137684106826782,-11.009793758392334,0.21428571428571427
4594,1,0,13061,-15.137684106826782,-11.009793758392334,0.21428571428571427
4595,1,0,13060,-15.137684106826782,-11.009793758392334,0.21428571428571427
4596,1,0,13059,-15.137684106826782,-11.009793758392334,0.21428571428571427
4597,0,0,13058,-15.137684106826782,-11.009793758392334,0.21428571428571427
4598,1,0,13057,-15.137684106826782,-11.009793758392334,0.21428571428571427
4599,0,0,13056,-15.137684106826782,-11.009793758392334,0.21428571428571427
4600,1,0,13054,-15.137684106826782,-11.009793758392334,0.21428571428571427
4601,1,0,13044,-15.137684106826782,-11.009793758392334,0.21428571428571427
4602,1,0,13053,-15.137684106826782,-11.009793758392334,0.21428571428571427
4603,1,0,13052,-15.137684106826782,-11.009793758392334,0.21428571428571427
4604,1,0,13051,-15.137684106826782,-11.009793758392334,0.21428571428571427
4605,1,0,13050,-15.137684106826782,-11.009793758392334,0.21428571428571427
4606,1,0,13049,-15.137684106826782,-11.009793758392334,0.21428571428571427
4607,1,0,13048,-15.137684106826782,-11.009793758392334,0.21428571428571427
4608,0,0,13047,-15.137684106826782,-11.009793758392334,0.21428571428571427
4609,1,0,13046,-15.137684106826782,-11.009793758392334,0.21428571428571427
4610,1,0,13045,-15.137684106826782,-11.009793758392334,0.21428571428571427
4611,1,0,13065,-15.137684106826782,-11.009793758392334,0.21428571428571427
4612,1,0,13055,-15.137684106826782,-11.009793758392334,0.21428571428571427
4613,1,0,13066,-15.137684106826782,-11.009793758392334,0.21428571428571427
4614,1,0,13079,-15.137684106826782,-11.009793758392334,0.21428571428571427
4615,1,0,13088,-15.137684106826782,-11.009793758392334,0.21428571428571427
4616,1,0,13087,-15.137684106826782,-11.009793758392334,0.21428571428571427
4617,1,0,13086,-15.137684106826782,-11.009793758392334,0.21428571428571427
4618,1,0,13085,-15.137684106826782,-11.009793758392334,0.21428571428571427
4619,1,0,13084,-15.137684106826782,-11.009793758392334,0.21428571428571427
4620,1,0,13083,-15.137684106826782,-11.009793758392334,0.21428571428571427
4621,1,0,13082,-15.137684106826782,-11.009793758392334,0.21428571428571427
4622,1,0,13081,-15.137684106826782,-11.009793758392334,0.21428571428571427
4623,1,0,13080,-15.137684106826782,-11.009793758392334,0.21428571428571427
4624,1,0,13078,-15.137684106826782,-11.009793758392334,0.21428571428571427
4625,1,0,13068,-15.137684106826782,-11.009793758392334,0.21428571428571427
4626,1,0,13077,-15.137684106826782,-11.009793758392334,0.21428571428571427
4627,1,0,13076,-15.137684106826782,-11.009793758392334,0.21428571428571427
4628,1,0,13075,-15.137684106826782,-11.009793758392334,0.21428571428571427
4629,1,0,13074,-15.137684106826782,-11.009793758392334,0.21428571428571427
4630,1,0,13073,-15.137684106826782,-11.009793758392334,0.21428571428571427
4631,1,0,13072,-15.137684106826782,-11.009793758392334,0.21428571428571427
4632,1,0,13071,-15.137684106826782,-11.009793758392334,0.21428571428571427
4633,1,0,13070,-15.137684106826782,-11.009793758392334,0.21428571428571427
4634,1,0,13069,-15.137684106826782,-11.009793758392334,0.21428571428571427
4635,1,0,13067,-15.137684106826782,-11.009793758392334,0.21428571428571427
4636,1,0,13043,-15.137684106826782,-11.009793758392334,0.21428571428571427
4637,1,0,13042,-15.137684106826782,-11.009793758392334,0.21428571428571427
4638,1,0,13041,-15.137684106826782,-11.009793758392334,0.21428571428571427
4639,1,0,13016,-15.137684106826782,-11.009793758392334,0.21428571428571427
4640,1,0,13015,-15.137684106826782,-11.009793758392334,0.21428571428571427
4641,1,0,13014,-15.137684106826782,-11.009793758392334,0.21428571428571427
4642,1,0,13013,-15.137684106826782,-11.009793758392334,0.21428571428571427
4643,1,0,13012,-15.137684106826782,-11.009793758392334,0.21428571428571427
4644,1,0,13011,-15.137684106826782,-11.009793758392334,0.21428571428571427
4645,1,0,13010,-15.137684106826782,-11.009793758392334,0.21428571428571427
4646,0,0,13009,-15.137684106826782,-11.009793758392334,0.21428571428571427
4647,1,0,13008,-15.137684106826782,-11.009793758392334,0.21428571428571427
4648,1,0,13007,-15.137684106826782,-11.009793758392334,0.21428571428571427
4649,0,0,13006,-15.137684106826782,-11.009793758392334,0.21428571428571427
4650,1,0,13005,-15.137684106826782,-11.009793758392334,0.21428571428571427
4651,1,0,13004,-15.137684106826782,-11.009793758392334,0.21428571428571427
4652,1,0,13003,-15.137684106826782,-11.009793758392334,0.21428571428571427
4653,1,0,13002,-15.137684106826782,-11.009793758392334,0.21428571428571427
4654,1,0,13001,-15.137684106826782,-11.009793758392334,0.21428571428571427
4655,1,0,13000,-15.137684106826782,-11.009793758392334,0.21428571428571427
4656,1,0,12999,-15.137684106826782,-11.009793758392334,0.21428571428571427
4657,1,0,12998,-15.137684106826782,-11.009793758392334,0.21428571428571427
4658,0,0,12997,-15.137684106826782,-11.009793758392334,0.21428571428571427
4659,1,0,12996,-15.137684106826782,-11.009793758392334,0.21428571428571427
4660,1,0,13017,-15.137684106826782,-11.009793758392334,0.21428571428571427
4661,1,0,13018,-15.137684106826782,-11.009793758392334,0.21428571428571427
4662,1,0,13019,-15.137684106826782,-11.009793758392334,0.21428571428571427
4663,1,0,13031,-15.137684106826782,-11.009793758392334,0.21428571428571427
4664,1,0,13040,-15.137684106826782,-11.009793758392334,0.21428571428571427
4665,0,0,13039,-15.137684106826782,-11.009793758392334,0.21428571428571427
4666,1,0,13038,-15.137684106826782,-11.009793758392334,0.21428571428571427
4667,1,0,13037,-15.137684106826782,-11.009793758392334,0.21428571428571427
4668,0,0,13036,-15.137684106826782,-11.009793758392334,0.21428571428571427
4669,1,0,13035,-15.137684106826782,-11.009793758392334,0.21428571428571427
4670,1,0,13034,-15.137684106826782,-11.009793758392334,0.21428571428571427
4671,1,0,13033,-15.137684106826782,-11.009793758392334,0.21428571428571427
4672,0,0,13032,-15.137684106826782,-11.009793758392334,0.21428571428571427
4673,1,0,13030,-15.137684106826782,-11.009793758392334,0.21428571428571427
4674,0,0,13020,-15.137684106826782,-11.009793758392334,0.21428571428571427
4675,1,0,13029,-15.137684106826782,-11.009793758392334,0.21428571428571427
4676,1,0,13028,-15.137684106826782,-11.009793758392334,0.21428571428571427
4677,1,0,13027,-15.137684106826782,-11.009793758392334,0.21428571428571427
4678,1,0,13026,-15.137684106826782,-11.009793758392334,0.21428571428571427
4679,1,0,13025,-15.137684106826782,-11.009793758392334,0.21428571428571427
4680,1,0,13024,-15.137684106826782,-11.009793758392334,0.21428571428571427
4681,1,0,13023,-15.137684106826782,-11.009793758392334,0.21428571428571427
4682,1,0,13022,-15.137684106826782,-11.009793758392334,0.21428571428571427
4683,1,0,13021,-15.137684106826782,-11.009793758392334,0.21428571428571427
4684,1,0,14065,-15.137684106826782,-11.009793758392334,0.21428571428571427
4685,0,0,13286,-15.137684106826782,-11.009793758392334,0.21428571428571427
4686,1,0,14066,-15.137684106826782,-11.009793758392334,0.21428571428571427
4687,1,0,14848,-15.137684106826782,-11.009793758392334,0.21428571428571427
4688,1,0,15115,-15.137684106826782,-11.009793758392334,0.21428571428571427
4689,1,0,15114,-15.137684106826782,-11.009793758392334,0.21428571428571427
4690,1,0,15113,-15.137684106826782,-11.009793758392334,0.21428571428571427
4691,1,0,15112,-15.137684106826782,-11.009793758392334,0.21428571428571427
4692,0,0,15111,-15.137684106826782,-11.009793758392334,0.21428571428571427
4693,0,0,15110,-15.137684106826782,-11.009793758392334,0.21428571428571427
4694,0,0,15109,-15.137684106826782,-11.009793758392334,0.21428571428571427
4695,1,0,15108,-15.137684106826782,-11.009793758392334,0.21428571428571427
4696,1,0,15107,-15.137684106826782,-11.009793758392334,0.21428571428571427
4697,1,0,15106,-15.137684106826782,-11.009793758392334,0.21428571428571427
4698,1,0,15105,-15.137684106826782,-11.009793758392334,0.21428571428571427
4699,1,0,15104,-15.137684106826782,-11.009793758392334,0.21428571428571427
4700,1,0,15103,-15.137684106826782,-11.009793758392334,0.21428571428571427
4701,1,0,15102,-15.137684106826782,-11.009793758392334,0.21428571428571427
4702,1,0,15101,-15.137684106826782,-11.009793758392334,0.21428571428571427
4703,1,0,15100,-15.137684106826782,-11.009793758392334,0.21428571428571427
4704,1,0,15099,-15.137684106826782,-11.009793758392334,0.21428571428571427
4705,0,0,15098,-15.137684106826782,-11.009793758392334,0.21428571428571427
4706,1,0,15097,-15.137684106826782,-11.009793758392334,0.21428571428571427
4707,1,0,15096,-15.137684106826782,-11.009793758392334,0.21428571428571427
4708,1,0,15095,-15.137684106826782,-11.009793758392334,0.21428571428571427
4709,1,0,15116,-15.137684106826782,-11.009793758392334,0.21428571428571427
4710,1,0,15117,-15.137684106826782,-11.009793758392334,0.21428571428571427
4711,0,0,15118,-15.137684106826782,-11.009793758392334,0.21428571428571427
4712,1,0,15130,-15.137684106826782,-11.009793758392334,0.21428571428571427
4713,1,0,15139,-15.137684106826782,-11.009793758392334,0.21428571428571427
4714,1,0,15138,-15.137684106826782,-11.009793758392334,0.21428571428571427
4715,1,0,15137,-15.137684106826782,-11.009793758392334,0.21428571428571427
4716,1,0,15136,-15.137684106826782,-11.009793758392334,0.21428571428571427
4717,1,0,15135,-15.137684106826782,-11.009793758392334,0.21428571428571427
4718,1,0,15134,-15.137684106826782,-11.009793758392334,0.21428571428571427
4719,1,0,15133,-15.137684106826782,-11.009793758392334,0.21428571428571427
4720,1,0,15132,-15.137684106826782,-11.009793758392334,0.21428571428571427
4721,1,0,15131,-15.137684106826782,-11.009793758392334,0.21428571428571427
4722,1,0,15129,-15.137684106826782,-11.009793758392334,0.21428571428571427
4723,1,0,15119,-15.137684106826782,-11.009793758392334,0.21428571428571427
4724,1,0,15128,-15.137684106826782,-11.009793758392334,0.21428571428571427
4725,1,0,15127,-15.137684106826782,-11.009793758392334,0.21428571428571427
4726,1,0,15126,-15.137684106826782,-11.009793758392334,0.21428571428571427
4727,0,0,15125,-15.137684106826782,-11.009793758392334,0.21428571428571427
4728,1,0,15124,-15.137684106826782,-11.009793758392334,0.21428571428571427
4729,1,0,15123,-15.137684106826782,-11.009793758392334,0.21428571428571427
4730,1,0,15122,-15.137684106826782,-11.009793758392334,0.21428571428571427
4731,1,0,15121,-15.137684106826782,-11.009793758392334,0.21428571428571427
4732,1,0,15120,-15.137684106826782,-11.009793758392334,0.21428571428571427
4733,1,0,15094,-15.137684106826782,-11.009793758392334,0.21428571428571427
4734,1,0,15092,-15.137684106826782,-11.009793758392334,0.21428571428571427
4735,1,0,15045,-15.137684106826782,-11.009793758392334,0.21428571428571427
4736,1,0,15091,-15.137684106826782,-11.009793758392334,0.21428571428571427
4737,1,0,15066,-15.137684106826782,-11.009793758392334,0.21428571428571427
4738,1,0,15065,-15.137684106826782,-11.009793758392334,0.21428571428571427
4739,1,0,15064,-15.137684106826782,-11.009793758392334,0.21428571428571427
4740,1,0,15063,-15.137684106826782,-11.009793758392334,0.21428571428571427
4741,1,0,15062,-15.137684106826782,-11.009793758392334,0.21428571428571427
4742,0,0,15061,-15.137684106826782,-11.009793758392334,0.21428571428571427
4743,1,0,15060,-15.137684106826782,-11.009793758392334,0.21428571428571427
4744,1,0,15059,-15.137684106826782,-11.009793758392334,0.21428571428571427
4745,1,0,15058,-15.137684106826782,-11.009793758392334,0.21428571428571427
4746,0,0,15057,-15.137684106826782,-11.009793758392334,0.21428571428571427
4747,1,0,15056,-15.137684106826782,-11.009793758392334,0.21428571428571427
4748,1,0,15055,-15.137684106826782,-11.009793758392334,0.21428571428571427
4749,1,0,15054,-15.137684106826782,-11.009793758392334,0.21428571428571427
4750,1,0,15053,-15.137684106826782,-11.009793758392334,0.21428571428571427
4751,1,0,15052,-15.137684106826782,-11.009793758392334,0.21428571428571427
4752,1,0,15051,-15.137684106826782,-11.009793758392334,0.21428571428571427
4753,1,0,15050,-15.137684106826782,-11.009793758392334,0.21428571428571427
4754,1,0,15049,-15.137684106826782,-11.009793758392334,0.21428571428571427
4755,1,0,15048,-15.137684106826782,-11.009793758392334,0.21428571428571427
4756,1,0,15047,-15.137684106826782,-11.009793758392334,0.21428571428571427
4757,1,0,15046,-15.137684106826782,-11.009793758392334,0.21428571428571427
4758,1,0,15067,-15.137684106826782,-11.009793758392334,0.21428571428571427
4759,1,0,15068,-15.137684106826782,-11.009793758392334,0.21428571428571427
4760,1,0,15069,-15.137684106826782,-11.009793758392334,0.21428571428571427
4761,1,0,15081,-15.137684106826782,-11.009793758392334,0.21428571428571427
4762,1,0,15090,-15.137684106826782,-11.009793758392334,0.21428571428571427
4763,1,0,15089,-15.137684106826782,-11.009793758392334,0.21428571428571427
4764,0,0,15088,-15.137684106826782,-11.009793758392334,0.21428571428571427
4765,1,0,15087,-15.137684106826782,-11.009793758392334,0.21428571428571427
4766,1,0,15086,-15.137684106826782,-11.009793758392334,0.21428571428571427
4767,1,0,15085,-15.137684106826782,-11.009793758392334,0.21428571428571427
4768,1,0,15084,-15.137684106826782,-11.009793758392334,0.21428571428571427
4769,1,0,15083,-15.137684106826782,-11.009793758392334,0.21428571428571427
4770,1,0,15082,-15.137684106826782,-11.009793758392334,0.21428571428571427
4771,1,0,15080,-15.137684106826782,-11.009793758392334,0.21428571428571427
4772,1,0,15070,-15.137684106826782,-11.009793758392334,0.21428571428571427
4773,1,0,15079,-15.137684106826782,-11.009793758392334,0.21428571428571427
4774,1,0,15078,-15.137684106826782,-11.009793758392334,0.21428571428571427
4775,1,0,15077,-15.137684106826782,-11.009793758392334,0.21428571428571427
4776,1,0,15076,-15.137684106826782,-11.009793758392334,0.21428571428571427
4777,1,0,15075,-15.137684106826782,-11.009793758392334,0.21428571428571427
4778,1,0,15074,-15.137684106826782,-11.009793758392334,0.21428571428571427
4779,1,0,15073,-15.137684106826782,-11.009793758392334,0.21428571428571427
4780,1,0,15072,-15.137684106826782,-11.009793758392334,0.21428571428571427
4781,1,0,15071,-15.137684106826782,-11.009793758392334,0.21428571428571427
4782,1,0,15140,-15.137684106826782,-11.009793758392334,0.21428571428571427
4783,1,0,15141,-15.137684106826782,-11.009793758392334,0.21428571428571427
4784,0,0,15142,-15.137684106826782,-11.009793758392334,0.21428571428571427
4785,1,0,15143,-15.137684106826782,-11.009793758392334,0.21428571428571427
4786,1,0,15212,-15.137684106826782,-11.009793758392334,0.21428571428571427
4787,1,0,15211,-15.137684106826782,-11.009793758392334,0.21428571428571427
4788,1,0,15210,-15.137684106826782,-11.009793758392334,0.21428571428571427
4789,0,0,15209,-15.137684106826782,-11.009793758392334,0.21428571428571427
4790,1,0,15208,-15.137684106826782,-11.009793758392334,0.21428571428571427
4791,1,0,15207,-15.137684106826782,-11.009793758392334,0.21428571428571427
4792,1,0,15206,-15.137684106826782,-11.009793758392334,0.21428571428571427
4793,1,0,15205,-15.137684106826782,-11.009793758392334,0.21428571428571427
4794,1,0,15204,-15.137684106826782,-11.009793758392334,0.21428571428571427
4795,1,0,15202,-15.137684106826782,-11.009793758392334,0.21428571428571427
4796,1,0,15192,-15.137684106826782,-11.009793758392334,0.21428571428571427
4797,1,0,15201,-15.137684106826782,-11.009793758392334,0.21428571428571427
4798,1,0,15200,-15.137684106826782,-11.009793758392334,0.21428571428571427
4799,1,0,15199,-15.137684106826782,-11.009793758392334,0.21428571428571427
4800,1,0,15198,-15.137684106826782,-11.009793758392334,0.21428571428571427
4801,1,0,15197,-15.137684106826782,-11.009793758392334,0.21428571428571427
4802,1,0,15196,-15.137684106826782,-11.009793758392334,0.21428571428571427
4803,0,0,15195,-15.137684106826782,-11.009793758392334,0.21428571428571427
4804,1,0,15194,-15.137684106826782,-11.009793758392334,0.21428571428571427
4805,1,0,15193,-15.137684106826782,-11.009793758392334,0.21428571428571427
4806,1,0,15213,-15.137684106826782,-11.009793758392334,0.21428571428571427
4807,1,0,15203,-15.137684106826782,-11.009793758392334,0.21428571428571427
4808,1,0,15214,-15.137684106826782,-11.009793758392334,0.21428571428571427
4809,1,0,15227,-15.137684106826782,-11.009793758392334,0.21428571428571427
4810,1,0,15236,-15.137684106826782,-11.009793758392334,0.21428571428571427
4811,1,0,15235,-15.137684106826782,-11.009793758392334,0.21428571428571427
4812,1,0,15234,-15.137684106826782,-11.009793758392334,0.21428571428571427
4813,1,0,15233,-15.137684106826782,-11.009793758392334,0.21428571428571427
4814,1,0,15232,-15.137684106826782,-11.009793758392334,0.21428571428571427
4815,1,0,15231,-15.137684106826782,-11.009793758392334,0.21428571428571427
4816,1,0,15230,-15.137684106826782,-11.009793758392334,0.21428571428571427
4817,0,0,15229,-15.137684106826782,-11.009793758392334,0.21428571428571427
4818,1,0,15228,-15.137684106826782,-11.009793758392334,0.21428571428571427
4819,1,0,15226,-15.137684106826782,-11.009793758392334,0.21428571428571427
4820,1,0,15216,-15.137684106826782,-11.009793758392334,0.21428571428571427
4821,1,0,15225,-15.137684106826782,-11.009793758392334,0.21428571428571427
4822,1,0,15224,-15.137684106826782,-11.009793758392334,0.21428571428571427
4823,0,0,15223,-15.137684106826782,-11.009793758392334,0.21428571428571427
4824,1,0,15222,-15.137684106826782,-11.009793758392334,0.21428571428571427
4825,1,0,15221,-15.137684106826782,-11.009793758392334,0.21428571428571427
4826,1,0,15220,-15.137684106826782,-11.009793758392334,0.21428571428571427
4827,1,0,15219,-15.137684106826782,-11.009793758392334,0.21428571428571427
4828,0,0,15218,-15.137684106826782,-11.009793758392334,0.21428571428571427
4829,0,0,15217,-15.137684106826782,-11.009793758392334,0.21428571428571427
4830,1,0,15215,-15.137684106826782,-11.009793758392334,0.21428571428571427
4831,1,0,15191,-15.137684106826782,-11.009793758392334,0.21428571428571427
4832,1,0,15190,-15.137684106826782,-11.009793758392334,0.21428571428571427
4833,1,0,15189,-15.137684106826782,-11.009793758392334,0.21428571428571427
4834,1,0,15164,-15.137684106826782,-11.009793758392334,0.21428571428571427
4835,1,0,15163,-15.137684106826782,-11.009793758392334,0.21428571428571427
4836,0,0,15162,-15.137684106826782,-11.009793758392334,0.21428571428571427
4837,1,0,15161,-15.137684106826782,-11.009793758392334,0.21428571428571427
4838,1,0,15160,-15.137684106826782,-11.009793758392334,0.21428571428571427
4839,1,0,15159,-15.137684106826782,-11.009793758392334,0.21428571428571427
4840,1,0,15158,-15.137684106826782,-11.009793758392334,0.21428571428571427
4841,1,0,15157,-15.137684106826782,-11.009793758392334,0.21428571428571427
4842,0,0,15156,-15.137684106826782,-11.009793758392334,0.21428571428571427
4843,1,0,15155,-15.137684106826782,-11.009793758392334,0.21428571428571427
4844,1,0,15154,-15.137684106826782,-11.009793758392334,0.21428571428571427
4845,0,0,15153,-15.137684106826782,-11.009793758392334,0.21428571428571427
4846,0,0,15152,-15.137684106826782,-11.009793758392334,0.21428571428571427
4847,1,0,15151,-15.137684106826782,-11.009793758392334,0.21428571428571427
4848,1,0,15150,-15.137684106826782,-11.009793758392334,0.21428571428571427
4849,1,0,15149,-15.137684106826782,-11.009793758392334,0.21428571428571427
4850,0,0,15148,-15.137684106826782,-11.009793758392334,0.21428571428571427
4851,1,0,15147,-15.137684106826782,-11.009793758392334,0.21428571428571427
4852,0,0,15146,-15.137684106826782,-11.009793758392334,0.21428571428571427
4853,1,0,15145,-15.137684106826782,-11.009793758392334,0.21428571428571427
4854,1,0,15144,-15.137684106826782,-11.009793758392334,0.21428571428571427
4855,1,0,15165,-15.137684106826782,-11.009793758392334,0.21428571428571427
4856,1,0,15166,-15.137684106826782,-11.009793758392334,0.21428571428571427
4857,1,0,15167,-15.137684106826782,-11.009793758392334,0.21428571428571427
4858,1,0,15179,-15.137684106826782,-11.009793758392334,0.21428571428571427
4859,0,0,15188,-15.137684106826782,-11.009793758392334,0.21428571428571427
4860,1,0,15187,-15.137684106826782,-11.009793758392334,0.21428571428571427
4861,1,0,15186,-15.137684106826782,-11.009793758392334,0.21428571428571427
4862,1,0,15185,-15.137684106826782,-11.009793758392334,0.21428571428571427
4863,1,0,15184,-15.137684106826782,-11.009793758392334,0.21428571428571427
4864,1,0,15183,-15.137684106826782,-11.009793758392334,0.21428571428571427
4865,1,0,15182,-15.137684106826782,-11.009793758392334,0.21428571428571427
4866,1,0,15181,-15.137684106826782,-11.009793758392334,0.21428571428571427
4867,1,0,15180,-15.137684106826782,-11.009793758392334,0.21428571428571427
4868,1,0,15178,-15.137684106826782,-11.009793758392334,0.21428571428571427
4869,1,0,15168,-15.137684106826782,-11.009793758392334,0.21428571428571427
4870,1,0,15177,-15.137684106826782,-11.009793758392334,0.21428571428571427
4871,1,0,15176,-15.137684106826782,-11.009793758392334,0.21428571428571427
4872,1,0,15175,-15.137684106826782,-11.009793758392334,0.21428571428571427
4873,1,0,15174,-15.137684106826782,-11.009793758392334,0.21428571428571427
4874,0,0,15173,-15.137684106826782,-11.009793758392334,0.21428571428571427
4875,1,0,15172,-15.137684106826782,-11.009793758392334,0.21428571428571427
4876,1,0,15171,-15.137684106826782,-11.009793758392334,0.21428571428571427
4877,1,0,15170,-15.137684106826782,-11.009793758392334,0.21428571428571427
4878,0,0,15169,-15.137684106826782,-11.009793758392334,0.21428571428571427
4879,1,0,15093,-15.137684106826782,-11.009793758392334,0.21428571428571427
4880,0,0,15044,-15.137684106826782,-11.009793758392334,0.21428571428571427
4881,1,0,15043,-15.137684106826782,-11.009793758392334,0.21428571428571427
4882,1,0,15042,-15.137684106826782,-11.009793758392334,0.21428571428571427
4883,1,0,14919,-15.137684106826782,-11.009793758392334,0.21428571428571427
4884,1,0,14918,-15.137684106826782,-11.009793758392334,0.21428571428571427
4885,1,0,14917,-15.137684106826782,-11.009793758392334,0.21428571428571427
4886,0,0,14916,-15.137684106826782,-11.009793758392334,0.21428571428571427
4887,1,0,14915,-15.137684106826782,-11.009793758392334,0.21428571428571427
4888,1,0,14914,-15.137684106826782,-11.009793758392334,0.21428571428571427
4889,1,0,14913,-15.137684106826782,-11.009793758392334,0.21428571428571427
4890,1,0,14912,-15.137684106826782,-11.009793758392334,0.21428571428571427
4891,1,0,14911,-15.137684106826782,-11.009793758392334,0.21428571428571427
4892,1,0,14910,-15.137684106826782,-11.009793758392334,0.21428571428571427
4893,0,0,14909,-15.137684106826782,-11.009793758392334,0.21428571428571427
4894,1,0,14908,-15.137684106826782,-11.009793758392334,0.21428571428571427
4895,1,0,14907,-15.137684106826782,-11.009793758392334,0.21428571428571427
4896,0,0,14906,-15.137684106826782,-11.009793758392334,0.21428571428571427
4897,1,0,14905,-15.137684106826782,-11.009793758392334,0.21428571428571427
4898,1,0,14904,-15.137684106826782,-11.009793758392334,0.21428571428571427
4899,1,0,14903,-15.137684106826782,-11.009793758392334,0.21428571428571427
4900,1,0,14902,-15.137684106826782,-11.009793758392334,0.21428571428571427
4901,1,0,14901,-15.137684106826782,-11.009793758392334,0.21428571428571427
4902,1,0,14900,-15.137684106826782,-11.009793758392334,0.21428571428571427
4903,1,0,14899,-15.137684106826782,-11.009793758392334,0.21428571428571427
4904,1,0,14920,-15.137684106826782,-11.009793758392334,0.21428571428571427
4905,1,0,14921,-15.137684106826782,-11.009793758392334,0.21428571428571427
4906,1,0,14922,-15.137684106826782,-11.009793758392334,0.21428571428571427
4907,0,0,14934,-15.137684106826782,-11.009793758392334,0.21428571428571427
4908,1,0,14943,-15.137684106826782,-11.009793758392334,0.21428571428571427
4909,1,0,14942,-15.137684106826782,-11.009793758392334,0.21428571428571427
4910,1,0,14941,-15.137684106826782,-11.009793758392334,0.21428571428571427
4911,1,0,14940,-15.137684106826782,-11.009793758392334,0.21428571428571427
4912,1,0,14939,-15.137684106826782,-11.009793758392334,0.21428571428571427
4913,1,0,14938,-15.137684106826782,-11.009793758392334,0.21428571428571427
4914,1,0,14937,-15.137684106826782,-11.009793758392334,0.21428571428571427
4915,1,0,14936,-15.137684106826782,-11.009793758392334,0.21428571428571427
4916,0,0,14935,-15.137684106826782,-11.009793758392334,0.21428571428571427
4917,1,0,14933,-15.137684106826782,-11.009793758392334,0.21428571428571427
4918,1,0,14923,-15.137684106826782,-11.009793758392334,0.21428571428571427
4919,1,0,14932,-15.137684106826782,-11.009793758392334,0.21428571428571427
4920,0,0,14931,-15.137684106826782,-11.009793758392334,0.21428571428571427
4921,1,0,14930,-15.137684106826782,-11.009793758392334,0.21428571428571427
4922,0,0,14929,-15.137684106826782,-11.009793758392334,0.21428571428571427
4923,1,0,14928,-15.137684106826782,-11.009793758392334,0.21428571428571427
4924,0,0,14927,-15.137684106826782,-11.009793758392334,0.21428571428571427
4925,1,0,14926,-15.137684106826782,-11.009793758392334,0.21428571428571427
4926,1,0,14925,-15.137684106826782,-11.009793758392334,0.21428571428571427
4927,1,0,14924,-15.137684106826782,-11.009793758392334,0.21428571428571427
4928,1,0,14898,-15.137684106826782,-11.009793758392334,0.21428571428571427
4929,1,0,14896,-15.137684106826782,-11.009793758392334,0.21428571428571427
4930,1,0,14849,-15.137684106826782,-11.009793758392334,0.21428571428571427
4931,1,0,14895,-15.137684106826782,-11.009793758392334,0.21428571428571427
4932,1,0,14870,-15.137684106826782,-11.009793758392334,0.21428571428571427
4933,1,0,14869,-15.137684106826782,-11.009793758392334,0.21428571428571427
4934,0,0,14868,-15.137684106826782,-11.009793758392334,0.21428571428571427
4935,1,0,14867,-15.137684106826782,-11.009793758392334,0.21428571428571427
4936,1,0,14866,-15.137684106826782,-11.009793758392334,0.21428571428571427
4937,1,0,14865,-15.137684106826782,-11.009793758392334,0.21428571428571427
4938,1,0,14864,-15.137684106826782,-11.009793758392334,0.21428571428571427
4939,1,0,14863,-15.137684106826782,-11.009793758392334,0.21428571428571427
4940,1,0,14862,-15.137684106826782,-11.009793758392334,0.21428571428571427
4941,1,0,14861,-15.137684106826782,-11.009793758392334,0.21428571428571427
4942,1,0,14860,-15.137684106826782,-11.009793758392334,0.21428571428571427
4943,1,0,14859,-15.137684106826782,-11.009793758392334,0.21428571428571427
4944,1,0,14858,-15.137684106826782,-11.009793758392334,0.21428571428571427
4945,1,0,14857,-15.137684106826782,-11.009793758392334,0.21428571428571427
4946,1,0,14856,-15.137684106826782,-11.009793758392334,0.21428571428571427
4947,1,0,14855,-15.137684106826782,-11.009793758392334,0.21428571428571427
4948,1,0,14854,-15.137684106826782,-11.009793758392334,0.21428571428571427
4949,1,0,14853,-15.137684106826782,-11.009793758392334,0.21428571428571427
4950,1,0,14852,-15.137684106826782,-11.009793758392334,0.21428571428571427
4951,1,0,14851,-15.137684106826782,-11.009793758392334,0.21428571428571427
4952,1,0,14850,-15.137684106826782,-11.009793758392334,0.21428571428571427
4953,1,0,14871,-15.137684106826782,-11.009793758392334,0.21428571428571427
4954,1,0,14872,-15.137684106826782,-11.009793758392334,0.21428571428571427
4955,1,0,14873,-15.137684106826782,-11.009793758392334,0.21428571428571427
4956,0,0,14885,-15.137684106826782,-11.009793758392334,0.21428571428571427
4957,1,0,14894,-15.137684106826782,-11.009793758392334,0.21428571428571427
4958,1,0,14893,-15.137684106826782,-11.009793758392334,0.21428571428571427
4959,1,0,14892,-15.137684106826782,-11.009793758392334,0.21428571428571427
4960,1,0,14891,-15.137684106826782,-11.009793758392334,0.21428571428571427
4961,1,0,14890,-15.137684106826782,-11.009793758392334,0.21428571428571427
4962,1,0,14889,-15.137684106826782,-11.009793758392334,0.21428571428571427
4963,1,0,14888,-15.137684106826782,-11.009793758392334,0.21428571428571427
4964,1,0,14887,-15.137684106826782,-11.009793758392334,0.21428571428571427
4965,1,0,14886,-15.137684106826782,-11.009793758392334,0.21428571428571427
4966,1,0,14884,-15.137684106826782,-11.009793758392334,0.21428571428571427
4967,1,0,14874,-15.137684106826782,-11.009793758392334,0.21428571428571427
4968,1,0,14883,-15.137684106826782,-11.009793758392334,0.21428571428571427
4969,1,0,14882,-15.137684106826782,-11.009793758392334,0.21428571428571427
4970,1,0,14881,-15.137684106826782,-11.009793758392334,0.21428571428571427
4971,1,0,14880,-15.137684106826782,-11.009793758392334,0.21428571428571427
4972,1,0,14879,-15.137684106826782,-11.009793758392334,0.21428571428571427
4973,1,0,14878,-15.137684106826782,-11.009793758392334,0.21428571428571427
4974,1,0,14877,-15.137684106826782,-11.009793758392334,0.21428571428571427
4975,1,0,14876,-15.137684106826782,-11.009793758392334,0.21428571428571427
4976,1,0,14875,-15.137684106826782,-11.009793758392334,0.21428571428571427
4977,1,0,14944,-15.137684106826782,-11.009793758392334,0.21428571428571427
4978,1,0,14897,-15.137684106826782,-11.009793758392334,0.21428571428571427
4979,0,0,14945,-15.137684106826782,-11.009793758392334,0.21428571428571427
4980,1,0,14995,-15.137684106826782,-11.009793758392334,0.21428571428571427
4981,1,0,15017,-15.137684106826782,-11.009793758392334,0.21428571428571427
4982,1,0,15016,-15.137684106826782,-11.009793758392334,0.21428571428571427
4983,1,0,15015,-15.137684106826782,-11.009793758392334,0.21428571428571427
4984,1,0,15014,-15.137684106826782,-11.009793758392334,0.21428571428571427
4985,1,0,15013,-15.137684106826782,-11.009793758392334,0.21428571428571427
4986,1,0,15012,-15.137684106826782,-11.009793758392334,0.21428571428571427
4987,1,0,15011,-15.137684106826782,-11.009793758392334,0.21428571428571427
4988,1,0,15010,-15.137684106826782,-11.009793758392334,0.21428571428571427
4989,1,0,15009,-15.137684106826782,-11.009793758392334,0.21428571428571427
4990,1,0,15008,-15.137684106826782,-11.009793758392334,0.21428571428571427
4991,1,0,15007,-15.137684106826782,-11.009793758392334,0.21428571428571427
4992,1,0,15006,-15.137684106826782,-11.009793758392334,0.21428571428571427
4993,1,0,15005,-15.137684106826782,-11.009793758392334,0.21428571428571427
4994,1,0,15004,-15.137684106826782,-11.009793758392334,0.21428571428571427
4995,0,0,15003,-15.137684106826782,-11.009793758392334,0.21428571428571427
4996,1,0,15002,-15.137684106826782,-11.009793758392334,0.21428571428571427
4997,1,0,15001,-15.137684106826782,-11.009793758392334,0.21428571428571427
4998,1,0,15000,-15.137684106826782,-11.009793758392334,0.21428571428571427
4999,1,0,14999,-15.137684106826782,-11.009793758392334,0.21428571428571427
5000,1,0,14998,-15.137684106826782,-11.009793758392334,0.21428571428571427
5001,1,0,14997,-15.137684106826782,-11.009793758392334,0.21428571428571427
5002,1,0,15018,-15.137684106826782,-11.009793758392334,0.21428571428571427
5003,1,0,15019,-15.137684106826782,-11.009793758392334,0.21428571428571427
5004,1,0,15020,-15.137684106826782,-11.009793758392334,0.21428571428571427
5005,1,0,15032,-15.137684106826782,-11.009793758392334,0.21428571428571427
5006,0,0,15041,-15.137684106826782,-11.009793758392334,0.21428571428571427
5007,1,0,15040,-15.137684106826782,-11.009793758392334,0.21428571428571427
5008,1,0,15039,-15.137684106826782,-11.009793758392334,0.21428571428571427
5009,0,0,15038,-15.137684106826782,-11.009793758392334,0.21428571428571427
5010,1,0,15037,-15.137684106826782,-11.009793758392334,0.21428571428571427
5011,1,0,15036,-15.137684106826782,-11.009793758392334,0.21428571428571427
5012,0,0,15035,-15.137684106826782,-11.009793758392334,0.21428571428571427
5013,1,0,15034,-15.137684106826782,-11.009793758392334,0.21428571428571427
5014,1,0,15033,-15.137684106826782,-11.009793758392334,0.21428571428571427
5015,1,0,15031,-15.137684106826782,-11.009793758392334,0.21428571428571427
5016,1,0,15021,-15.137684106826782,-11.009793758392334,0.21428571428571427
5017,1,0,15030,-15.137684106826782,-11.009793758392334,0.21428571428571427
5018,1,0,15029,-15.137684106826782,-11.009793758392334,0.21428571428571427
5019,1,0,15028,-15.137684106826782,-11.009793758392334,0.21428571428571427
5020,1,0,15027,-15.137684106826782,-11.009793758392334,0.21428571428571427
5021,1,0,15026,-15.137684106826782,-11.009793758392334,0.21428571428571427
5022,1,0,15025,-15.137684106826782,-11.009793758392334,0.21428571428571427
5023,1,0,15024,-15.137684106826782,-11.009793758392334,0.21428571428571427
5024,1,0,15023,-15.137684106826782,-11.009793758392334,0.21428571428571427
5025,1,0,15022,-15.137684106826782,-11.009793758392334,0.21428571428571427
5026,1,0,14996,-15.137684106826782,-11.009793758392334,0.21428571428571427
5027,1,0,14994,-15.137684106826782,-11.009793758392334,0.21428571428571427
5028,1,0,14947,-15.137684106826782,-11.009793758392334,0.21428571428571427
5029,1,0,14993,-15.137684106826782,-11.009793758392334,0.21428571428571427
5030,0,0,14968,-15.137684106826782,-11.009793758392334,0.21428571428571427
5031,1,0,14967,-15.137684106826782,-11.009793758392334,0.21428571428571427
5032,0,0,14966,-15.137684106826782,-11.009793758392334,0.21428571428571427
5033,1,0,14965,-15.137684106826782,-11.009793758392334,0.21428571428571427
5034,1,0,14964,-15.137684106826782,-11.009793758392334,0.21428571428571427
5035,1,0,14963,-15.137684106826782,-11.009793758392334,0.21428571428571427
5036,1,0,14962,-15.137684106826782,-11.009793758392334,0.21428571428571427
5037,1,0,14961,-15.137684106826782,-11.009793758392334,0.21428571428571427
5038,1,0,14960,-15.137684106826782,-11.009793758392334,0.21428571428571427
5039,1,0,14959,-15.137684106826782,-11.009793758392334,0.21428571428571427
5040,1,0,14958,-15.137684106826782,-11.009793758392334,0.21428571428571427
5041,1,0,14957,-15.137684106826782,-11.009793758392334,0.21428571428571427
5042,1,0,14956,-15.137684106826782,-11.009793758392334,0.21428571428571427
5043,1,0,14955,-15.137684106826782,-11.009793758392334,0.21428571428571427
5044,1,0,14954,-15.137684106826782,-11.009793758392334,0.21428571428571427
5045,1,0,14953,-15.137684106826782,-11.009793758392334,0.21428571428571427
5046,1,0,14952,-15.137684106826782,-11.009793758392334,0.21428571428571427
5047,1,0,14951,-15.137684106826782,-11.009793758392334,0.21428571428571427
5048,1,0,14950,-15.137684106826782,-11.009793758392334,0.21428571428571427
5049,1,0,14949,-15.137684106826782,-11.009793758392334,0.21428571428571427
5050,1,0,14948,-15.137684106826782,-11.009793758392334,0.21428571428571427
5051,1,0,14969,-15.137684106826782,-11.009793758392334,0.21428571428571427
5052,0,0,14970,-15.137684106826782,-11.009793758392334,0.21428571428571427
5053,1,0,14971,-15.137684106826782,-11.009793758392334,0.21428571428571427
5054,1,0,14983,-15.137684106826782,-11.009793758392334,0.21428571428571427
5055,1,0,14992,-15.137684106826782,-11.009793758392334,0.21428571428571427
5056,0,0,14991,-15.137684106826782,-11.009793758392334,0.21428571428571427
5057,1,0,14990,-15.137684106826782,-11.009793758392334,0.21428571428571427
5058,1,0,14989,-15.137684106826782,-11.009793758392334,0.21428571428571427
5059,1,0,14988,-15.137684106826782,-11.009793758392334,0.21428571428571427
5060,1,0,14987,-15.137684106826782,-11.009793758392334,0.21428571428571427
5061,1,0,14986,-15.137684106826782,-11.009793758392334,0.21428571428571427
5062,1,0,14985,-15.137684106826782,-11.009793758392334,0.21428571428571427
5063,1,0,14984,-15.137684106826782,-11.009793758392334,0.21428571428571427
5064,1,0,14982,-15.137684106826782,-11.009793758392334,0.21428571428571427
5065,0,0,14972,-15.137684106826782,-11.009793758392334,0.21428571428571427
5066,0,0,14981,-15.137684106826782,-11.009793758392334,0.21428571428571427
5067,1,0,14980,-15.137684106826782,-11.009793758392334,0.21428571428571427
5068,1,0,14979,-15.137684106826782,-11.009793758392334,0.21428571428571427
5069,0,0,14978,-15.137684106826782,-11.009793758392334,0.21428571428571427
5070,1,0,14977,-15.137684106826782,-11.009793758392334,0.21428571428571427
5071,1,0,14976,-15.137684106826782,-11.009793758392334,0.21428571428571427
5072,1,0,14975,-15.137684106826782,-11.009793758392334,0.21428571428571427
5073,1,0,14974,-15.137684106826782,-11.009793758392334,0.21428571428571427
5074,1,0,14973,-15.137684106826782,-11.009793758392334,0.21428571428571427
5075,1,0,15237,-15.137684106826782,-11.009793758392334,0.21428571428571427
5076,1,0,15238,-15.137684106826782,-11.009793758392334,0.21428571428571427
5077,0,0,15239,-15.137684106826782,-11.009793758392334,0.21428571428571427
5078,1,0,15434,-15.137684106826782,-11.009793758392334,0.21428571428571427
5079,1,0,15505,-15.137684106826782,-11.009793758392334,0.21428571428571427
5080,1,0,15504,-15.137684106826782,-11.009793758392334,0.21428571428571427
5081,1,0,15503,-15.137684106826782,-11.009793758392334,0.21428571428571427
5082,1,0,15502,-15.137684106826782,-11.009793758392334,0.21428571428571427
5083,1,0,15501,-15.137684106826782,-11.009793758392334,0.21428571428571427
5084,1,0,15500,-15.137684106826782,-11.009793758392334,0.21428571428571427
5085,1,0,15499,-15.137684106826782,-11.009793758392334,0.21428571428571427
5086,1,0,15498,-15.137684106826782,-11.009793758392334,0.21428571428571427
5087,1,0,15497,-15.137684106826782,-11.009793758392334,0.21428571428571427
5088,1,0,15496,-15.137684106826782,-11.009793758392334,0.21428571428571427
5089,1,0,15495,-15.137684106826782,-11.009793758392334,0.21428571428571427
5090,1,0,15494,-15.137684106826782,-11.009793758392334,0.21428571428571427
5091,1,0,15493,-15.137684106826782,-11.009793758392334,0.21428571428571427
5092,1,0,15492,-15.137684106826782,-11.009793758392334,0.21428571428571427
5093,1,0,15491,-15.137684106826782,-11.009793758392334,0.21428571428571427
5094,1,0,15490,-15.137684106826782,-11.009793758392334,0.21428571428571427
5095,1,0,15489,-15.137684106826782,-11.009793758392334,0.21428571428571427
5096,1,0,15488,-15.137684106826782,-11.009793758392334,0.21428571428571427
5097,0,0,15487,-15.137684106826782,-11.009793758392334,0.21428571428571427
5098,1,0,15486,-15.137684106826782,-11.009793758392334,0.21428571428571427
5099,1,0,15485,-15.137684106826782,-11.009793758392334,0.21428571428571427
5100,0,0,15506,-15.137684106826782,-11.009793758392334,0.21428571428571427
5101,1,0,15507,-15.137684106826782,-11.009793758392334,0.21428571428571427
5102,1,0,15508,-15.137684106826782,-11.009793758392334,0.21428571428571427
5103,1,0,15520,-15.137684106826782,-11.009793758392334,0.21428571428571427
5104,1,0,15529,-15.137684106826782,-11.009793758392334,0.21428571428571427
5105,1,0,15528,-15.137684106826782,-11.009793758392334,0.21428571428571427
5106,1,0,15527,-15.137684106826782,-11.009793758392334,0.21428571428571427
5107,1,0,15526,-15.137684106826782,-11.009793758392334,0.21428571428571427
5108,0,0,15525,-15.137684106826782,-11.009793758392334,0.21428571428571427
5109,1,0,15524,-15.137684106826782,-11.009793758392334,0.21428571428571427
5110,1,0,15523,-15.137684106826782,-11.009793758392334,0.21428571428571427
5111,1,0,15522,-15.137684106826782,-11.009793758392334,0.21428571428571427
5112,1,0,15521,-15.137684106826782,-11.009793758392334,0.21428571428571427
5113,1,0,15519,-15.137684106826782,-11.009793758392334,0.21428571428571427
5114,1,0,15509,-15.137684106826782,-11.009793758392334,0.21428571428571427
5115,1,0,15518,-15.137684106826782,-11.009793758392334,0.21428571428571427
5116,1,0,15517,-15.137684106826782,-11.009793758392334,0.21428571428571427
5117,1,0,15516,-15.137684106826782,-11.009793758392334,0.21428571428571427
5118,1,0,15515,-15.137684106826782,-11.009793758392334,0.21428571428571427
5119,1,0,15514,-15.137684106826782,-11.009793758392334,0.21428571428571427
5120,1,0,15513,-15.137684106826782,-11.009793758392334,0.21428571428571427
5121,1,0,15512,-15.137684106826782,-11.009793758392334,0.21428571428571427
5122,1,0,15511,-15.137684106826782,-11.009793758392334,0.21428571428571427
5123,0,0,15510,-15.137684106826782,-11.009793758392334,0.21428571428571427
5124,1,0,15484,-15.137684106826782,-11.009793758392334,0.21428571428571427
5125,0,0,15482,-15.137684106826782,-11.009793758392334,0.21428571428571427
5126,1,0,15435,-15.137684106826782,-11.009793758392334,0.21428571428571427
5127,1,0,15481,-15.137684106826782,-11.009793758392334,0.21428571428571427
5128,1,0,15456,-15.137684106826782,-11.009793758392334,0.21428571428571427
5129,1,0,15455,-15.137684106826782,-11.009793758392334,0.21428571428571427
5130,1,0,15454,-15.137684106826782,-11.009793758392334,0.21428571428571427
5131,1,0,15453,-15.137684106826782,-11.009793758392334,0.21428571428571427
5132,1,0,15452,-15.137684106826782,-11.009793758392334,0.21428571428571427
5133,0,0,15451,-15.137684106826782,-11.009793758392334,0.21428571428571427
5134,1,0,15450,-15.137684106826782,-11.009793758392334,0.21428571428571427
5135,1,0,15449,-15.137684106826782,-11.009793758392334,0.21428571428571427
5136,1,0,15448,-15.137684106826782,-11.009793758392334,0.21428571428571427
5137,1,0,15447,-15.137684106826782,-11.009793758392334,0.21428571428571427
5138,1,0,15446,-15.137684106826782,-11.009793758392334,0.21428571428571427
5139,1,0,15445,-15.137684106826782,-11.009793758392334,0.21428571428571427
5140,1,0,15444,-15.137684106826782,-11.009793758392334,0.21428571428571427
5141,1,0,15443,-15.137684106826782,-11.009793758392334,0.21428571428571427
5142,1,0,15442,-15.137684106826782,-11.009793758392334,0.21428571428571427
5143,1,0,15441,-15.137684106826782,-11.009793758392334,0.21428571428571427
5144,0,0,15440,-15.137684106826782,-11.009793758392334,0.21428571428571427
5145,1,0,15439,-15.137684106826782,-11.009793758392334,0.21428571428571427
5146,1,0,15438,-15.137684106826782,-11.009793758392334,0.21428571428571427
5147,1,0,15437,-15.137684106826782,-11.009793758392334,0.21428571428571427
5148,0,0,15436,-15.137684106826782,-11.009793758392334,0.21428571428571427
5149,1,0,15457,-15.137684106826782,-11.009793758392334,0.21428571428571427
5150,1,0,15458,-15.137684106826782,-11.009793758392334,0.21428571428571427
5151,1,0,15459,-15.137684106826782,-11.009793758392334,0.21428571428571427
5152,1,0,15471,-15.137684106826782,-11.009793758392334,0.21428571428571427
5153,1,0,15480,-15.137684106826782,-11.009793758392334,0.21428571428571427
5154,1,0,15479,-15.137684106826782,-11.009793758392334,0.21428571428571427
5155,0,0,15478,-15.137684106826782,-11.009793758392334,0.21428571428571427
5156,1,0,15477,-15.137684106826782,-11.009793758392334,0.21428571428571427
5157,1,0,15476,-15.137684106826782,-11.009793758392334,0.21428571428571427
5158,1,0,15475,-15.137684106826782,-11.009793758392334,0.21428571428571427
5159,1,0,15474,-15.137684106826782,-11.009793758392334,0.21428571428571427
5160,1,0,15473,-15.137684106826782,-11.009793758392334,0.21428571428571427
5161,0,0,15472,-15.137684106826782,-11.009793758392334,0.21428571428571427
5162,1,0,15470,-15.137684106826782,-11.009793758392334,0.21428571428571427
5163,1,0,15460,-15.137684106826782,-11.009793758392334,0.21428571428571427
5164,1,0,15469,-15.137684106826782,-11.009793758392334,0.21428571428571427
5165,1,0,15468,-15.137684106826782,-11.009793758392334,0.21428571428571427
5166,1,0,15467,-15.137684106826782,-11.009793758392334,0.21428571428571427
5167,0,0,15466,-15.137684106826782,-11.009793758392334,0.21428571428571427
5168,0,0,15465,-15.137684106826782,-11.009793758392334,0.21428571428571427
5169,1,0,15464,-15.137684106826782,-11.009793758392334,0.21428571428571427
5170,1,0,15463,-15.137684106826782,-11.009793758392334,0.21428571428571427
5171,1,0,15462,-15.137684106826782,-11.009793758392334,0.21428571428571427
5172,1,0,15461,-15.137684106826782,-11.009793758392334,0.21428571428571427
5173,1,0,15530,-15.137684106826782,-11.009793758392334,0.21428571428571427
5174,1,0,15531,-15.137684106826782,-11.009793758392334,0.21428571428571427
5175,1,0,15532,-15.137684106826782,-11.009793758392334,0.21428571428571427
5176,1,0,15533,-15.137684106826782,-11.009793758392334,0.21428571428571427
5177,1,0,15602,-15.137684106826782,-11.009793758392334,0.21428571428571427
5178,1,0,15601,-15.137684106826782,-11.009793758392334,0.21428571428571427
5179,1,0,15600,-15.137684106826782,-11.009793758392334,0.21428571428571427
5180,1,0,15599,-15.137684106826782,-11.009793758392334,0.21428571428571427
5181,1,0,15598,-15.137684106826782,-11.009793758392334,0.21428571428571427
5182,1,0,15597,-15.137684106826782,-11.009793758392334,0.21428571428571427
5183,1,0,15596,-15.137684106826782,-11.009793758392334,0.21428571428571427
5184,0,0,15595,-15.137684106826782,-11.009793758392334,0.21428571428571427
5185,1,0,15594,-15.137684106826782,-11.009793758392334,0.21428571428571427
5186,0,0,15592,-15.137684106826782,-11.009793758392334,0.21428571428571427
5187,1,0,15582,-15.137684106826782,-11.009793758392334,0.21428571428571427
5188,1,0,15591,-15.137684106826782,-11.009793758392334,0.21428571428571427
5189,1,0,15590,-15.137684106826782,-11.009793758392334,0.21428571428571427
5190,1,0,15589,-15.137684106826782,-11.009793758392334,0.21428571428571427
5191,1,0,15588,-15.137684106826782,-11.009793758392334,0.21428571428571427
5192,1,0,15587,-15.137684106826782,-11.009793758392334,0.21428571428571427
5193,1,0,15586,-15.137684106826782,-11.009793758392334,0.21428571428571427
5194,1,0,15585,-15.137684106826782,-11.009793758392334,0.21428571428571427
5195,1,0,15584,-15.137684106826782,-11.009793758392334,0.21428571428571427
5196,1,0,15583,-15.137684106826782,-11.009793758392334,0.21428571428571427
5197,1,0,15603,-15.137684106826782,-11.009793758392334,0.21428571428571427
5198,1,0,15593,-15.137684106826782,-11.009793758392334,0.21428571428571427
5199,1,0,15604,-15.137684106826782,-11.009793758392334,0.21428571428571427
5200,1,0,15617,-15.137684106826782,-11.009793758392334,0.21428571428571427
5201,1,0,15626,-15.137684106826782,-11.009793758392334,0.21428571428571427
5202,1,0,15625,-15.137684106826782,-11.009793758392334,0.21428571428571427
5203,1,0,15624,-15.137684106826782,-11.009793758392334,0.21428571428571427
5204,0,0,15623,-15.137684106826782,-11.009793758392334,0.21428571428571427
5205,1,0,15622,-15.137684106826782,-11.009793758392334,0.21428571428571427
5206,1,0,15621,-15.137684106826782,-11.009793758392334,0.21428571428571427
5207,1,0,15620,-15.137684106826782,-11.009793758392334,0.21428571428571427
5208,1,0,15619,-15.137684106826782,-11.009793758392334,0.21428571428571427
5209,1,0,15618,-15.137684106826782,-11.009793758392334,0.21428571428571427
5210,0,0,15616,-15.137684106826782,-11.009793758392334,0.21428571428571427
5211,1,0,15606,-15.137684106826782,-11.009793758392334,0.21428571428571427
5212,0,0,15615,-15.137684106826782,-11.009793758392334,0.21428571428571427
5213,1,0,15614,-15.137684106826782,-11.009793758392334,0.21428571428571427
5214,1,0,15613,-15.137684106826782,-11.009793758392334,0.21428571428571427
5215,1,0,15612,-15.137684106826782,-11.009793758392334,0.21428571428571427
5216,1,0,15611,-15.137684106826782,-11.009793758392334,0.21428571428571427
5217,1,0,15610,-15.137684106826782,-11.009793758392334,0.21428571428571427
5218,1,0,15609,-15.137684106826782,-11.009793758392334,0.21428571428571427
5219,1,0,15608,-15.137684106826782,-11.009793758392334,0.21428571428571427
5220,1,0,15607,-15.137684106826782,-11.009793758392334,0.21428571428571427
5221,1,0,15605,-15.137684106826782,-11.009793758392334,0.21428571428571427
5222,1,0,15581,-15.137684106826782,-11.009793758392334,0.21428571428571427
5223,1,0,15580,-15.137684106826782,-11.009793758392334,0.21428571428571427
5224,1,0,15579,-15.137684106826782,-11.009793758392334,0.21428571428571427
5225,1,0,15554,-15.137684106826782,-11.009793758392334,0.21428571428571427
5226,1,0,15553,-15.137684106826782,-11.009793758392334,0.21428571428571427
5227,1,0,15552,-15.137684106826782,-11.009793758392334,0.21428571428571427
5228,1,0,15551,-15.137684106826782,-11.009793758392334,0.21428571428571427
5229,1,0,15550,-15.137684106826782,-11.009793758392334,0.21428571428571427
5230,1,0,15549,-15.137684106826782,-11.009793758392334,0.21428571428571427
5231,1,0,15548,-15.137684106826782,-11.009793758392334,0.21428571428571427
5232,1,0,15547,-15.137684106826782,-11.009793758392334,0.21428571428571427
5233,1,0,15546,-15.137684106826782,-11.009793758392334,0.21428571428571427
5234,1,0,15545,-15.137684106826782,-11.009793758392334,0.21428571428571427
5235,1,0,15544,-15.137684106826782,-11.009793758392334,0.21428571428571427
5236,1,0,15543,-15.137684106826782,-11.009793758392334,0.21428571428571427
5237,1,0,15542,-15.137684106826782,-11.009793758392334,0.21428571428571427
5238,1,0,15541,-15.137684106826782,-11.009793758392334,0.21428571428571427
5239,1,0,15540,-15.137684106826782,-11.009793758392334,0.21428571428571427
5240,1,0,15539,-15.137684106826782,-11.009793758392334,0.21428571428571427
5241,1,0,15538,-15.137684106826782,-11.009793758392334,0.21428571428571427
5242,1,0,15537,-15.137684106826782,-11.009793758392334,0.21428571428571427
5243,1,0,15536,-15.137684106826782,-11.009793758392334,0.21428571428571427
5244,1,0,15535,-15.137684106826782,-11.009793758392334,0.21428571428571427
5245,1,0,15534,-15.137684106826782,-11.009793758392334,0.21428571428571427
5246,1,0,15555,-15.137684106826782,-11.009793758392334,0.21428571428571427
5247,1,0,15556,-15.137684106826782,-11.009793758392334,0.21428571428571427
5248,0,0,15557,-15.137684106826782,-11.009793758392334,0.21428571428571427
5249,0,0,15569,-15.137684106826782,-11.009793758392334,0.21428571428571427
5250,1,0,15578,-15.137684106826782,-11.009793758392334,0.21428571428571427
5251,1,0,15577,-15.137684106826782,-11.009793758392334,0.21428571428571427
5252,1,0,15576,-15.137684106826782,-11.009793758392334,0.21428571428571427
5253,1,0,15575,-15.137684106826782,-11.009793758392334,0.21428571428571427
5254,1,0,15574,-15.137684106826782,-11.009793758392334,0.21428571428571427
5255,0,0,15573,-15.137684106826782,-11.009793758392334,0.21428571428571427
5256,1,0,15572,-15.137684106826782,-11.009793758392334,0.21428571428571427
5257,1,0,15571,-15.137684106826782,-11.009793758392334,0.21428571428571427
5258,1,0,15570,-15.137684106826782,-11.009793758392334,0.21428571428571427
5259,1,0,15568,-15.137684106826782,-11.009793758392334,0.21428571428571427
5260,1,0,15558,-15.137684106826782,-11.009793758392334,0.21428571428571427
5261,1,0,15567,-15.137684106826782,-11.009793758392334,0.21428571428571427
5262,1,0,15566,-15.137684106826782,-11.009793758392334,0.21428571428571427
5263,1,0,15565,-15.137684106826782,-11.009793758392334,0.21428571428571427
5264,1,0,15564,-15.137684106826782,-11.009793758392334,0.21428571428571427
5265,1,0,15563,-15.137684106826782,-11.009793758392334,0.21428571428571427
5266,1,0,15562,-15.137684106826782,-11.009793758392334,0.21428571428571427
5267,1,0,15561,-15.137684106826782,-11.009793758392334,0.21428571428571427
5268,1,0,15560,-15.137684106826782,-11.009793758392334,0.21428571428571427
5269,1,0,15559,-15.137684106826782,-11.009793758392334,0.21428571428571427
5270,1,0,15483,-15.137684106826782,-11.009793758392334,0.21428571428571427
5271,1,0,15433,-15.137684106826782,-11.009793758392334,0.21428571428571427
5272,1,0,15288,-15.137684106826782,-11.009793758392334,0.21428571428571427
5273,1,0,15432,-15.137684106826782,-11.009793758392334,0.21428571428571427
5274,1,0,15310,-15.137684106826782,-11.009793758392334,0.21428571428571427
5275,1,0,15309,-15.137684106826782,-11.009793758392334,0.21428571428571427
5276,1,0,15308,-15.137684106826782,-11.009793758392334,0.21428571428571427
5277,1,0,15307,-15.137684106826782,-11.009793758392334,0.21428571428571427
5278,1,0,15306,-15.137684106826782,-11.009793758392334,0.21428571428571427
5279,1,0,15305,-15.137684106826782,-11.009793758392334,0.21428571428571427
5280,1,0,15304,-15.137684106826782,-11.009793758392334,0.21428571428571427
5281,1,0,15303,-15.137684106826782,-11.009793758392334,0.21428571428571427
5282,1,0,15302,-15.137684106826782,-11.009793758392334,0.21428571428571427
5283,1,0,15301,-15.137684106826782,-11.009793758392334,0.21428571428571427
5284,0,0,15300,-15.137684106826782,-11.009793758392334,0.21428571428571427
5285,1,0,15299,-15.137684106826782,-11.009793758392334,0.21428571428571427
5286,1,0,15298,-15.137684106826782,-11.009793758392334,0.21428571428571427
5287,1,0,15297,-15.137684106826782,-11.009793758392334,0.21428571428571427
5288,1,0,15296,-15.137684106826782,-11.009793758392334,0.21428571428571427
5289,1,0,15295,-15.137684106826782,-11.009793758392334,0.21428571428571427
5290,1,0,15294,-15.137684106826782,-11.009793758392334,0.21428571428571427
5291,1,0,15293,-15.137684106826782,-11.009793758392334,0.21428571428571427
5292,1,0,15292,-15.137684106826782,-11.009793758392334,0.21428571428571427
5293,1,0,15291,-15.137684106826782,-11.009793758392334,0.21428571428571427
5294,1,0,15290,-15.137684106826782,-11.009793758392334,0.21428571428571427
5295,1,0,15311,-15.137684106826782,-11.009793758392334,0.21428571428571427
5296,1,0,15312,-15.137684106826782,-11.009793758392334,0.21428571428571427
5297,0,0,15313,-15.137684106826782,-11.009793758392334,0.21428571428571427
5298,1,0,15325,-15.137684106826782,-11.009793758392334,0.21428571428571427
5299,1,0,15334,-15.137684106826782,-11.009793758392334,0.21428571428571427
5300,1,0,15333,-15.137684106826782,-11.009793758392334,0.21428571428571427
5301,1,0,15332,-15.137684106826782,-11.009793758392334,0.21428571428571427
5302,1,0,15331,-15.137684106826782,-11.009793758392334,0.21428571428571427
5303,1,0,15330,-15.137684106826782,-11.009793758392334,0.21428571428571427
5304,1,0,15329,-15.137684106826782,-11.009793758392334,0.21428571428571427
5305,1,0,15328,-15.137684106826782,-11.009793758392334,0.21428571428571427
5306,1,0,15327,-15.137684106826782,-11.009793758392334,0.21428571428571427
5307,1,0,15326,-15.137684106826782,-11.009793758392334,0.21428571428571427
5308,1,0,15324,-15.137684106826782,-11.009793758392334,0.21428571428571427
5309,1,0,15314,-15.137684106826782,-11.009793758392334,0.21428571428571427
5310,1,0,15323,-15.137684106826782,-11.009793758392334,0.21428571428571427
5311,1,0,15322,-15.137684106826782,-11.009793758392334,0.21428571428571427
5312,1,0,15321,-15.137684106826782,-11.009793758392334,0.21428571428571427
5313,1,0,15320,-15.137684106826782,-11.009793758392334,0.21428571428571427
5314,1,0,15319,-15.137684106826782,-11.009793758392334,0.21428571428571427
5315,1,0,15318,-15.137684106826782,-11.009793758392334,0.21428571428571427
5316,0,0,15317,-15.137684106826782,-11.009793758392334,0.21428571428571427
5317,1,0,15316,-15.137684106826782,-11.009793758392334,0.21428571428571427
5318,1,0,15315,-15.137684106826782,-11.009793758392334,0.21428571428571427
5319,1,0,15289,-15.137684106826782,-11.009793758392334,0.21428571428571427
5320,1,0,15287,-15.137684106826782,-11.009793758392334,0.21428571428571427
5321,1,0,15240,-15.137684106826782,-11.009793758392334,0.21428571428571427
5322,1,0,15286,-15.137684106826782,-11.009793758392334,0.21428571428571427
5323,1,0,15261,-15.137684106826782,-11.009793758392334,0.21428571428571427
5324,1,0,15260,-15.137684106826782,-11.009793758392334,0.21428571428571427
5325,1,0,15259,-15.137684106826782,-11.009793758392334,0.21428571428571427
5326,1,0,15258,-15.137684106826782,-11.009793758392334,0.21428571428571427
5327,0,0,15257,-15.137684106826782,-11.009793758392334,0.21428571428571427
5328,1,0,15256,-15.137684106826782,-11.009793758392334,0.21428571428571427
5329,1,0,15255,-15.137684106826782,-11.009793758392334,0.21428571428571427
5330,1,0,15254,-15.137684106826782,-11.009793758392334,0.21428571428571427
5331,1,0,15253,-15.137684106826782,-11.009793758392334,0.21428571428571427
5332,1,0,15252,-15.137684106826782,-11.009793758392334,0.21428571428571427
5333,1,0,15251,-15.137684106826782,-11.009793758392334,0.21428571428571427
5334,0,0,15250,-15.137684106826782,-11.009793758392334,0.21428571428571427
5335,1,0,15249,-15.137684106826782,-11.009793758392334,0.21428571428571427
5336,0,0,15248,-15.137684106826782,-11.009793758392334,0.21428571428571427
5337,1,0,15247,-15.137684106826782,-11.009793758392334,0.21428571428571427
5338,0,0,15246,-15.137684106826782,-11.009793758392334,0.21428571428571427
5339,1,0,15245,-15.137684106826782,-11.009793758392334,0.21428571428571427
5340,1,0,15244,-15.137684106826782,-11.009793758392334,0.21428571428571427
5341,1,0,15243,-15.137684106826782,-11.009793758392334,0.21428571428571427
5342,1,0,15242,-15.137684106826782,-11.009793758392334,0.21428571428571427
5343,1,0,15241,-15.137684106826782,-11.009793758392334,0.21428571428571427
5344,1,0,15262,-15.137684106826782,-11.009793758392334,0.21428571428571427
5345,1,0,15263,-15.137684106826782,-11.009793758392334,0.21428571428571427
5346,1,0,15264,-15.137684106826782,-11.009793758392334,0.21428571428571427
5347,1,0,15276,-15.137684106826782,-11.009793758392334,0.21428571428571427
5348,1,0,15285,-15.137684106826782,-11.009793758392334,0.21428571428571427
5349,1,0,15284,-15.137684106826782,-11.009793758392334,0.21428571428571427
5350,1,0,15283,-15.137684106826782,-11.009793758392334,0.21428571428571427
5351,1,0,15282,-15.137684106826782,-11.009793758392334,0.21428571428571427
5352,1,0,15281,-15.137684106826782,-11.009793758392334,0.21428571428571427
5353,1,0,15280,-15.137684106826782,-11.009793758392334,0.21428571428571427
5354,1,0,15279,-15.137684106826782,-11.009793758392334,0.21428571428571427
5355,1,0,15278,-15.137684106826782,-11.009793758392334,0.21428571428571427
5356,1,0,15277,-15.137684106826782,-11.009793758392334,0.21428571428571427
5357,1,0,15275,-15.137684106826782,-11.009793758392334,0.21428571428571427
5358,1,0,15265,-15.137684106826782,-11.009793758392334,0.21428571428571427
5359,1,0,15274,-15.137684106826782,-11.009793758392334,0.21428571428571427
5360,1,0,15273,-15.137684106826782,-11.009793758392334,0.21428571428571427
5361,1,0,15272,-15.137684106826782,-11.009793758392334,0.21428571428571427
5362,1,0,15271,-15.137684106826782,-11.009793758392334,0.21428571428571427
5363,1,0,15270,-15.137684106826782,-11.009793758392334,0.21428571428571427
5364,1,0,15269,-15.137684106826782,-11.009793758392334,0.21428571428571427
5365,1,0,15268,-15.137684106826782,-11.009793758392334,0.21428571428571427
5366,1,0,15267,-15.137684106826782,-11.009793758392334,0.21428571428571427
5367,1,0,15266,-15.137684106826782,-11.009793758392334,0.21428571428571427
5368,1,0,15335,-15.137684106826782,-11.009793758392334,0.21428571428571427
5369,1,0,15336,-15.137684106826782,-11.009793758392334,0.21428571428571427
5370,1,0,15337,-15.137684106826782,-11.009793758392334,0.21428571428571427
5371,1,0,15338,-15.137684106826782,-11.009793758392334,0.21428571428571427
5372,1,0,15407,-15.137684106826782,-11.009793758392334,0.21428571428571427
5373,1,0,15406,-15.137684106826782,-11.009793758392334,0.21428571428571427
5374,1,0,15405,-15.137684106826782,-11.009793758392334,0.21428571428571427
5375,1,0,15404,-15.137684106826782,-11.009793758392334,0.21428571428571427
5376,1,0,15403,-15.137684106826782,-11.009793758392334,0.21428571428571427
5377,1,0,15402,-15.137684106826782,-11.009793758392334,0.21428571428571427
5378,1,0,15401,-15.137684106826782,-11.009793758392334,0.21428571428571427
5379,1,0,15400,-15.137684106826782,-11.009793758392334,0.21428571428571427
5380,1,0,15399,-15.137684106826782,-11.009793758392334,0.21428571428571427
5381,0,0,15397,-15.137684106826782,-11.009793758392334,0.21428571428571427
5382,1,0,15387,-15.137684106826782,-11.009793758392334,0.21428571428571427
5383,1,0,15396,-15.137684106826782,-11.009793758392334,0.21428571428571427
5384,1,0,15395,-15.137684106826782,-11.009793758392334,0.21428571428571427
5385,1,0,15394,-15.137684106826782,-11.009793758392334,0.21428571428571427
5386,1,0,15393,-15.137684106826782,-11.009793758392334,0.21428571428571427
5387,1,0,15392,-15.137684106826782,-11.009793758392334,0.21428571428571427
5388,1,0,15391,-15.137684106826782,-11.009793758392334,0.21428571428571427
5389,1,0,15390,-15.137684106826782,-11.009793758392334,0.21428571428571427
5390,1,0,15389,-15.137684106826782,-11.009793758392334,0.21428571428571427
5391,1,0,15388,-15.137684106826782,-11.009793758392334,0.21428571428571427
5392,1,0,15408,-15.137684106826782,-11.009793758392334,0.21428571428571427
5393,1,0,15398,-15.137684106826782,-11.009793758392334,0.21428571428571427
5394,1,0,15409,-15.137684106826782,-11.009793758392334,0.21428571428571427
5395,1,0,15422,-15.137684106826782,-11.009793758392334,0.21428571428571427
5396,1,0,15431,-15.137684106826782,-11.009793758392334,0.21428571428571427
5397,0,0,15430,-15.137684106826782,-11.009793758392334,0.21428571428571427
5398,1,0,15429,-15.137684106826782,-11.009793758392334,0.21428571428571427
5399,1,0,15428,-15.137684106826782,-11.009793758392334,0.21428571428571427
5400,1,0,15427,-15.137684106826782,-11.009793758392334,0.21428571428571427
5401,1,0,15426,-15.137684106826782,-11.009793758392334,0.21428571428571427
5402,1,0,15425,-15.137684106826782,-11.009793758392334,0.21428571428571427
5403,1,0,15424,-15.137684106826782,-11.009793758392334,0.21428571428571427
5404,1,0,15423,-15.137684106826782,-11.009793758392334,0.21428571428571427
5405,1,0,15421,-15.137684106826782,-11.009793758392334,0.21428571428571427
5406,1,0,15411,-15.137684106826782,-11.009793758392334,0.21428571428571427
5407,1,0,15420,-15.137684106826782,-11.009793758392334,0.21428571428571427
5408,1,0,15419,-15.137684106826782,-11.009793758392334,0.21428571428571427
5409,1,0,15418,-15.137684106826782,-11.009793758392334,0.21428571428571427
5410,1,0,15417,-15.137684106826782,-11.009793758392334,0.21428571428571427
5411,1,0,15416,-15.137684106826782,-11.009793758392334,0.21428571428571427
5412,1,0,15415,-15.137684106826782,-11.009793758392334,0.21428571428571427
5413,1,0,15414,-15.137684106826782,-11.009793758392334,0.21428571428571427
5414,1,0,15413,-15.137684106826782,-11.009793758392334,0.21428571428571427
5415,1,0,15412,-15.137684106826782,-11.009793758392334,0.21428571428571427
5416,1,0,15410,-15.137684106826782,-11.009793758392334,0.21428571428571427
5417,1,0,15386,-15.137684106826782,-11.009793758392334,0.21428571428571427
5418,1,0,15385,-15.137684106826782,-11.009793758392334,0.21428571428571427
5419,1,0,15384,-15.137684106826782,-11.009793758392334,0.21428571428571427
5420,1,0,15359,-15.137684106826782,-11.009793758392334,0.21428571428571427
5421,1,0,15358,-15.137684106826782,-11.009793758392334,0.21428571428571427
5422,1,0,15357,-15.137684106826782,-11.009793758392334,0.21428571428571427
5423,1,0,15356,-15.137684106826782,-11.009793758392334,0.21428571428571427
5424,0,0,15355,-15.137684106826782,-11.009793758392334,0.21428571428571427
5425,1,0,15354,-15.137684106826782,-11.009793758392334,0.21428571428571427
5426,1,0,15353,-15.137684106826782,-11.009793758392334,0.21428571428571427
5427,1,0,15352,-15.137684106826782,-11.009793758392334,0.21428571428571427
5428,1,0,15351,-15.137684106826782,-11.009793758392334,0.21428571428571427
5429,0,0,15350,-15.137684106826782,-11.009793758392334,0.21428571428571427
5430,1,0,15349,-15.137684106826782,-11.009793758392334,0.21428571428571427
5431,1,0,15348,-15.137684106826782,-11.009793758392334,0.21428571428571427
5432,1,0,15347,-15.137684106826782,-11.009793758392334,0.21428571428571427
5433,1,0,15346,-15.137684106826782,-11.009793758392334,0.21428571428571427
5434,1,0,15345,-15.137684106826782,-11.009793758392334,0.21428571428571427
5435,1,0,15344,-15.137684106826782,-11.009793758392334,0.21428571428571427
5436,1,0,15343,-15.137684106826782,-11.009793758392334,0.21428571428571427
5437,1,0,15342,-15.137684106826782,-11.009793758392334,0.21428571428571427
5438,1,0,15341,-15.137684106826782,-11.009793758392334,0.21428571428571427
5439,1,0,15340,-15.137684106826782,-11.009793758392334,0.21428571428571427
5440,1,0,15339,-15.137684106826782,-11.009793758392334,0.21428571428571427
5441,0,0,15360,-15.137684106826782,-11.009793758392334,0.21428571428571427
5442,0,0,15361,-15.137684106826782,-11.009793758392334,0.21428571428571427
5443,1,0,15362,-15.137684106826782,-11.009793758392334,0.21428571428571427
5444,1,0,15374,-15.137684106826782,-11.009793758392334,0.21428571428571427
5445,1,0,15383,-15.137684106826782,-11.009793758392334,0.21428571428571427
5446,1,0,15382,-15.137684106826782,-11.009793758392334,0.21428571428571427
5447,1,0,15381,-15.137684106826782,-11.009793758392334,0.21428571428571427
5448,1,0,15380,-15.137684106826782,-11.009793758392334,0.21428571428571427
5449,1,0,15379,-15.137684106826782,-11.009793758392334,0.21428571428571427
5450,1,0,15378,-15.137684106826782,-11.009793758392334,0.21428571428571427
5451,1,0,15377,-15.137684106826782,-11.009793758392334,0.21428571428571427
5452,1,0,15376,-15.137684106826782,-11.009793758392334,0.21428571428571427
5453,1,0,15375,-15.137684106826782,-11.009793758392334,0.21428571428571427
5454,1,0,15373,-15.137684106826782,-11.009793758392334,0.21428571428571427
5455,1,0,15363,-15.137684106826782,-11.009793758392334,0.21428571428571427
5456,1,0,15372,-15.137684106826782,-11.009793758392334,0.21428571428571427
5457,1,0,15371,-15.137684106826782,-11.009793758392334,0.21428571428571427
5458,1,0,15370,-15.137684106826782,-11.009793758392334,0.21428571428571427
5459,1,0,15369,-15.137684106826782,-11.009793758392334,0.21428571428571427
5460,1,0,15368,-15.137684106826782,-11.009793758392334,0.21428571428571427
5461,1,0,15367,-15.137684106826782,-11.009793758392334,0.21428571428571427
5462,1,0,15366,-15.137684106826782,-11.009793758392334,0.21428571428571427
5463,1,0,15365,-15.137684106826782,-11.009793758392334,0.21428571428571427
5464,0,0,15364,-15.137684106826782,-11.009793758392334,0.21428571428571427
5465,1,0,14946,-15.137684106826782,-11.009793758392334,0.21428571428571427
5466,1,0,14847,-15.137684106826782,-11.009793758392334,0.21428571428571427
5467,1,0,14165,-15.137684106826782,-11.009793758392334,0.21428571428571427
5468,1,0,14846,-15.137684106826782,-11.009793758392334,0.21428571428571427
5469,1,0,14334,-15.137684106826782,-11.009793758392334,0.21428571428571427
5470,0,0,14333,-15.137684106826782,-11.009793758392334,0.21428571428571427
5471,0,0,14332,-15.137684106826782,-11.009793758392334,0.21428571428571427
5472,1,3,11,-15.137684106826782,-11.009793758392334,0.21428571428571427
5473,1,0,14331,-15.137684106826782,-11.009793758392334,0.21428571428571427
5474,0,0,14330,-15.137684106826782,-11.009793758392334,0.21428571428571427
5475,1,0,14329,-15.137684106826782,-11.009793758392334,0.21428571428571427
5476,0,0,14328,-15.137684106826782,-11.009793758392334,0.21428571428571427
5477,1,0,14327,-15.137684106826782,-11.009793758392334,0.21428571428571427
5478,1,0,14326,-15.137684106826782,-11.009793758392334,0.21428571428571427
5479,1,0,14325,-15.137684106826782,-11.009793758392334,0.21428571428571427
5480,1,0,14324,-15.137684106826782,-11.009793758392334,0.21428571428571427
5481,1,0,14323,-15.137684106826782,-11.009793758392334,0.21428571428571427
5482,1,0,14322,-15.137684106826782,-11.009793758392334,0.21428571428571427
5483,1,0,14321,-15.137684106826782,-11.009793758392334,0.21428571428571427
5484,1,0,14320,-15.137684106826782,-11.009793758392334,0.21428571428571427
5485,1,0,14319,-15.137684106826782,-11.009793758392334,0.21428571428571427
5486,1,0,14318,-15.137684106826782,-11.009793758392334,0.21428571428571427
5487,1,0,14317,-15.137684106826782,-11.009793758392334,0.21428571428571427
5488,0,0,14316,-15.137684106826782,-11.009793758392334,0.21428571428571427
5489,1,0,14315,-15.137684106826782,-11.009793758392334,0.21428571428571427
5490,1,0,14314,-15.137684106826782,-11.009793758392334,0.21428571428571427
5491,1,0,14335,-15.137684106826782,-11.009793758392334,0.21428571428571427
5492,1,0,14336,-15.137684106826782,-11.009793758392334,0.21428571428571427
5493,1,0,14337,-15.137684106826782,-11.009793758392334,0.21428571428571427
5494,1,0,14349,-15.137684106826782,-11.009793758392334,0.21428571428571427
5495,1,0,14358,-15.137684106826782,-11.009793758392334,0.21428571428571427
5496,1,0,14357,-15.137684106826782,-11.009793758392334,0.21428571428571427
5497,0,0,14356,-15.137684106826782,-11.009793758392334,0.21428571428571427
5498,1,0,14355,-15.137684106826782,-11.009793758392334,0.21428571428571427
5499,1,0,14354,-15.137684106826782,-11.009793758392334,0.21428571428571427
5500,1,0,14353,-15.137684106826782,-11.009793758392334,0.21428571428571427
5501,1,0,14352,-15.137684106826782,-11.009793758392334,0.21428571428571427
5502,1,0,14351,-15.137684106826782,-11.009793758392334,0.21428571428571427
5503,1,0,14350,-15.137684106826782,-11.009793758392334,0.21428571428571427
5504,0,0,14348,-15.137684106826782,-11.009793758392334,0.21428571428571427
5505,1,0,14338,-15.137684106826782,-11.009793758392334,0.21428571428571427
5506,1,0,14347,-15.137684106826782,-11.009793758392334,0.21428571428571427
5507,1,0,14346,-15.137684106826782,-11.009793758392334,0.21428571428571427
5508,1,0,14345,-15.137684106826782,-11.009793758392334,0.21428571428571427
5509,1,0,14344,-15.137684106826782,-11.009793758392334,0.21428571428571427
5510,0,0,14343,-15.137684106826782,-11.009793758392334,0.21428571428571427
5511,0,0,14342,-15.137684106826782,-11.009793758392334,0.21428571428571427
5512,0,0,14341,-15.137684106826782,-11.009793758392334,0.21428571428571427
5513,1,0,14340,-15.137684106826782,-11.009793758392334,0.21428571428571427
5514,1,0,14339,-15.137684106826782,-11.009793758392334,0.21428571428571427
5515,1,0,14313,-15.137684106826782,-11.009793758392334,0.21428571428571427
5516,1,0,14311,-15.137684106826782,-11.009793758392334,0.21428571428571427
5517,1,0,14264,-15.137684106826782,-11.009793758392334,0.21428571428571427
5518,1,0,14310,-15.137684106826782,-11.009793758392334,0.21428571428571427
5519,1,0,14285,-15.137684106826782,-11.009793758392334,0.21428571428571427
5520,0,0,14284,-15.137684106826782,-11.009793758392334,0.21428571428571427
5521,0,0,14283,-15.137684106826782,-11.009793758392334,0.21428571428571427
5522,0,0,14282,-15.137684106826782,-11.009793758392334,0.21428571428571427
5523,1,0,14281,-15.137684106826782,-11.009793758392334,0.21428571428571427
5524,1,0,14280,-15.137684106826782,-11.009793758392334,0.21428571428571427
5525,0,0,14279,-15.137684106826782,-11.009793758392334,0.21428571428571427
5526,1,0,14278,-15.137684106826782,-11.009793758392334,0.21428571428571427
5527,1,0,14277,-15.137684106826782,-11.009793758392334,0.21428571428571427
5528,1,0,14276,-15.137684106826782,-11.009793758392334,0.21428571428571427
5529,1,0,14275,-15.137684106826782,-11.009793758392334,0.21428571428571427
5530,1,0,14274,-15.137684106826782,-11.009793758392334,0.21428571428571427
5531,1,0,14273,-15.137684106826782,-11.009793758392334,0.21428571428571427
5532,1,0,14272,-15.137684106826782,-11.009793758392334,0.21428571428571427
5533,0,0,14271,-15.137684106826782,-11.009793758392334,0.21428571428571427
5534,1,0,14270,-15.137684106826782,-11.009793758392334,0.21428571428571427
5535,1,0,14269,-15.137684106826782,-11.009793758392334,0.21428571428571427
5536,1,0,14268,-15.137684106826782,-11.009793758392334,0.21428571428571427
5537,1,0,14267,-15.137684106826782,-11.009793758392334,0.21428571428571427
5538,1,0,14266,-15.137684106826782,-11.009793758392334,0.21428571428571427
5539,1,0,14265,-15.137684106826782,-11.009793758392334,0.21428571428571427
5540,1,0,14286,-15.137684106826782,-11.009793758392334,0.21428571428571427
5541,1,0,14287,-15.137684106826782,-11.009793758392334,0.21428571428571427
5542,1,0,14288,-15.137684106826782,-11.009793758392334,0.21428571428571427
5543,1,0,14300,-15.137684106826782,-11.009793758392334,0.21428571428571427
5544,1,0,14309,-15.137684106826782,-11.009793758392334,0.21428571428571427
5545,1,0,14308,-15.137684106826782,-11.009793758392334,0.21428571428571427
5546,0,0,14307,-15.137684106826782,-11.009793758392334,0.21428571428571427
5547,1,0,14306,-15.137684106826782,-11.009793758392334,0.21428571428571427
5548,1,0,14305,-15.137684106826782,-11.009793758392334,0.21428571428571427
5549,1,0,14304,-15.137684106826782,-11.009793758392334,0.21428571428571427
5550,1,0,14303,-15.137684106826782,-11.009793758392334,0.21428571428571427
5551,1,0,14302,-15.137684106826782,-11.009793758392334,0.21428571428571427
5552,1,0,14301,-15.137684106826782,-11.009793758392334,0.21428571428571427
5553,1,0,14299,-15.137684106826782,-11.009793758392334,0.21428571428571427
5554,1,0,14289,-15.137684106826782,-11.009793758392334,0.21428571428571427
5555,1,0,14298,-15.137684106826782,-11.009793758392334,0.21428571428571427
5556,1,0,14297,-15.137684106826782,-11.009793758392334,0.21428571428571427
5557,1,0,14296,-15.137684106826782,-11.009793758392334,0.21428571428571427
5558,1,0,14295,-15.137684106826782,-11.009793758392334,0.21428571428571427
5559,1,0,14294,-15.137684106826782,-11.009793758392334,0.21428571428571427
5560,1,0,14293,-15.137684106826782,-11.009793758392334,0.21428571428571427
5561,1,0,14292,-15.137684106826782,-11.009793758392334,0.21428571428571427
5562,1,0,14291,-15.137684106826782,-11.009793758392334,0.21428571428571427
5563,1,0,14290,-15.137684106826782,-11.009793758392334,0.21428571428571427
5564,1,0,14359,-15.137684106826782,-11.009793758392334,0.21428571428571427
5565,1,0,14360,-15.137684106826782,-11.009793758392334,0.21428571428571427
5566,0,0,14361,-15.137684106826782,-11.009793758392334,0.21428571428571427
5567,1,0,14362,-15.137684106826782,-11.009793758392334,0.21428571428571427
5568,0,0,14431,-15.137684106826782,-11.009793758392334,0.21428571428571427
5569,0,0,14430,-15.137684106826782,-11.009793758392334,0.21428571428571427
5570,1,0,14429,-15.137684106826782,-11.009793758392334,0.21428571428571427
5571,1,0,14428,-15.137684106826782,-11.009793758392334,0.21428571428571427
5572,1,0,14427,-15.137684106826782,-11.009793758392334,0.21428571428571427
5573,1,0,14426,-15.137684106826782,-11.009793758392334,0.21428571428571427
5574,1,0,14425,-15.137684106826782,-11.009793758392334,0.21428571428571427
5575,1,0,14424,-15.137684106826782,-11.009793758392334,0.21428571428571427
5576,0,0,14423,-15.137684106826782,-11.009793758392334,0.21428571428571427
5577,1,0,14421,-15.137684106826782,-11.009793758392334,0.21428571428571427
5578,1,0,14411,-15.137684106826782,-11.009793758392334,0.21428571428571427
5579,1,0,14420,-15.137684106826782,-11.009793758392334,0.21428571428571427
5580,1,0,14419,-15.137684106826782,-11.009793758392334,0.21428571428571427
5581,1,0,14418,-15.137684106826782,-11.009793758392334,0.21428571428571427
5582,1,0,14417,-15.137684106826782,-11.009793758392334,0.21428571428571427
5583,1,0,14416,-15.137684106826782,-11.009793758392334,0.21428571428571427
5584,1,0,14415,-15.137684106826782,-11.009793758392334,0.21428571428571427
5585,1,0,14414,-15.137684106826782,-11.009793758392334,0.21428571428571427
5586,1,0,14413,-15.137684106826782,-11.009793758392334,0.21428571428571427
5587,1,0,14412,-15.137684106826782,-11.009793758392334,0.21428571428571427
5588,1,0,14432,-15.137684106826782,-11.009793758392334,0.21428571428571427
5589,0,0,14422,-15.137684106826782,-11.009793758392334,0.21428571428571427
5590,1,0,14433,-15.137684106826782,-11.009793758392334,0.21428571428571427
5591,1,0,14446,-15.137684106826782,-11.009793758392334,0.21428571428571427
5592,0,0,14455,-15.137684106826782,-11.009793758392334,0.21428571428571427
5593,1,0,14454,-15.137684106826782,-11.009793758392334,0.21428571428571427
5594,0,0,14453,-15.137684106826782,-11.009793758392334,0.21428571428571427
5595,1,0,14452,-15.137684106826782,-11.009793758392334,0.21428571428571427
5596,0,0,14451,-15.137684106826782,-11.009793758392334,0.21428571428571427
5597,0,0,14450,-15.137684106826782,-11.009793758392334,0.21428571428571427
5598,1,0,14449,-15.137684106826782,-11.009793758392334,0.21428571428571427
5599,1,0,14448,-15.137684106826782,-11.009793758392334,0.21428571428571427
5600,1,0,14447,-15.137684106826782,-11.009793758392334,0.21428571428571427
5601,0,0,14445,-15.137684106826782,-11.009793758392334,0.21428571428571427
5602,1,0,14435,-15.137684106826782,-11.009793758392334,0.21428571428571427
5603,1,0,14444,-15.137684106826782,-11.009793758392334,0.21428571428571427
5604,1,0,14443,-15.137684106826782,-11.009793758392334,0.21428571428571427
5605,0,0,14442,-15.137684106826782,-11.009793758392334,0.21428571428571427
5606,1,0,14441,-15.137684106826782,-11.009793758392334,0.21428571428571427
5607,1,0,14440,-15.137684106826782,-11.009793758392334,0.21428571428571427
5608,1,0,14439,-15.137684106826782,-11.009793758392334,0.21428571428571427
5609,1,0,14438,-15.137684106826782,-11.009793758392334,0.21428571428571427
5610,0,0,14437,-15.137684106826782,-11.009793758392334,0.21428571428571427
5611,1,0,14436,-15.137684106826782,-11.009793758392334,0.21428571428571427
5612,1,0,14434,-15.137684106826782,-11.009793758392334,0.21428571428571427
5613,1,0,14410,-15.137684106826782,-11.009793758392334,0.21428571428571427
5614,1,0,14409,-15.137684106826782,-11.009793758392334,0.21428571428571427
5615,1,0,14408,-15.137684106826782,-11.009793758392334,0.21428571428571427
5616,1,0,14383,-15.137684106826782,-11.009793758392334,0.21428571428571427
5617,1,0,14382,-15.137684106826782,-11.009793758392334,0.21428571428571427
5618,1,0,14381,-15.137684106826782,-11.009793758392334,0.21428571428571427
5619,1,0,14380,-15.137684106826782,-11.009793758392334,0.21428571428571427
5620,1,0,14379,-15.137684106826782,-11.009793758392334,0.21428571428571427
5621,1,0,14378,-15.137684106826782,-11.009793758392334,0.21428571428571427
5622,1,0,14377,-15.137684106826782,-11.009793758392334,0.21428571428571427
5623,1,0,14376,-15.137684106826782,-11.009793758392334,0.21428571428571427
5624,1,0,14375,-15.137684106826782,-11.009793758392334,0.21428571428571427
5625,1,0,14374,-15.137684106826782,-11.009793758392334,0.21428571428571427
5626,1,0,14373,-15.137684106826782,-11.009793758392334,0.21428571428571427
5627,1,0,14372,-15.137684106826782,-11.009793758392334,0.21428571428571427
5628,1,0,14371,-15.137684106826782,-11.009793758392334,0.21428571428571427
5629,1,0,14370,-15.137684106826782,-11.009793758392334,0.21428571428571427
5630,1,0,14369,-15.137684106826782,-11.009793758392334,0.21428571428571427
5631,1,0,14368,-15.137684106826782,-11.009793758392334,0.21428571428571427
5632,1,0,14367,-15.137684106826782,-11.009793758392334,0.21428571428571427
5633,1,0,14366,-15.137684106826782,-11.009793758392334,0.21428571428571427
5634,0,0,14365,-15.137684106826782,-11.009793758392334,0.21428571428571427
5635,1,0,14364,-15.137684106826782,-11.009793758392334,0.21428571428571427
5636,1,0,14363,-15.137684106826782,-11.009793758392334,0.21428571428571427
5637,1,0,14384,-15.137684106826782,-11.009793758392334,0.21428571428571427
5638,1,0,14385,-15.137684106826782,-11.009793758392334,0.21428571428571427
5639,1,0,14386,-15.137684106826782,-11.009793758392334,0.21428571428571427
5640,1,0,14398,-15.137684106826782,-11.009793758392334,0.21428571428571427
5641,1,0,14407,-15.137684106826782,-11.009793758392334,0.21428571428571427
5642,1,0,14406,-15.137684106826782,-11.009793758392334,0.21428571428571427
5643,1,0,14405,-15.137684106826782,-11.009793758392334,0.21428571428571427
5644,1,0,14404,-15.137684106826782,-11.009793758392334,0.21428571428571427
5645,1,0,14403,-15.137684106826782,-11.009793758392334,0.21428571428571427
5646,1,0,14402,-15.137684106826782,-11.009793758392334,0.21428571428571427
5647,1,0,14401,-15.137684106826782,-11.009793758392334,0.21428571428571427
5648,0,0,14400,-15.137684106826782,-11.009793758392334,0.21428571428571427
5649,1,0,14399,-15.137684106826782,-11.009793758392334,0.21428571428571427
5650,1,0,14397,-15.137684106826782,-11.009793758392334,0.21428571428571427
5651,1,0,14387,-15.137684106826782,-11.009793758392334,0.21428571428571427
5652,1,0,14396,-15.137684106826782,-11.009793758392334,0.21428571428571427
5653,1,0,14395,-15.137684106826782,-11.009793758392334,0.21428571428571427
5654,1,0,14394,-15.137684106826782,-11.009793758392334,0.21428571428571427
5655,0,0,14393,-15.137684106826782,-11.009793758392334,0.21428571428571427
5656,1,0,14392,-15.137684106826782,-11.009793758392334,0.21428571428571427
5657,0,0,14391,-15.137684106826782,-11.009793758392334,0.21428571428571427
5658,1,0,14390,-15.137684106826782,-11.009793758392334,0.21428571428571427
5659,1,0,14389,-15.137684106826782,-11.009793758392334,0.21428571428571427
5660,1,0,14388,-15.137684106826782,-11.009793758392334,0.21428571428571427
5661,0,0,14312,-15.137684106826782,-11.009793758392334,0.21428571428571427
5662,1,0,14263,-15.137684106826782,-11.009793758392334,0.21428571428571427
5663,1,0,14262,-15.137684106826782,-11.009793758392334,0.21428571428571427
5664,1,0,14261,-15.137684106826782,-11.009793758392334,0.21428571428571427
5665,1,0,14138,-15.137684106826782,-11.009793758392334,0.21428571428571427
5666,1,0,14137,-15.137684106826782,-11.009793758392334,0.21428571428571427
5667,1,0,14136,-15.137684106826782,-11.009793758392334,0.21428571428571427
5668,1,0,14135,-15.137684106826782,-11.009793758392334,0.21428571428571427
5669,1,0,14134,-15.137684106826782,-11.009793758392334,0.21428571428571427
5670,1,0,14133,-15.137684106826782,-11.009793758392334,0.21428571428571427
5671,1,0,14132,-15.137684106826782,-11.009793758392334,0.21428571428571427
5672,1,0,14131,-15.137684106826782,-11.009793758392334,0.21428571428571427
5673,1,0,14130,-15.137684106826782,-11.009793758392334,0.21428571428571427
5674,0,0,14129,-15.137684106826782,-11.009793758392334,0.21428571428571427
5675,1,0,14128,-15.137684106826782,-11.009793758392334,0.21428571428571427
5676,1,0,14127,-15.137684106826782,-11.009793758392334,0.21428571428571427
5677,1,0,14126,-15.137684106826782,-11.009793758392334,0.21428571428571427
5678,1,0,14125,-15.137684106826782,-11.009793758392334,0.21428571428571427
5679,1,0,14124,-15.137684106826782,-11.009793758392334,0.21428571428571427
5680,1,0,14123,-15.137684106826782,-11.009793758392334,0.21428571428571427
5681,1,0,14122,-15.137684106826782,-11.009793758392334,0.21428571428571427
5682,1,0,14121,-15.137684106826782,-11.009793758392334,0.21428571428571427
5683,0,0,14120,-15.137684106826782,-11.009793758392334,0.21428571428571427
5684,1,0,14119,-15.137684106826782,-11.009793758392334,0.21428571428571427
5685,0,0,14118,-15.137684106826782,-11.009793758392334,0.21428571428571427
5686,1,0,14139,-15.137684106826782,-11.009793758392334,0.21428571428571427
5687,1,0,14140,-15.137684106826782,-11.009793758392334,0.21428571428571427
5688,1,0,14141,-15.137684106826782,-11.009793758392334,0.21428571428571427
5689,1,0,14153,-15.137684106826782,-11.009793758392334,0.21428571428571427
5690,1,0,14162,-15.137684106826782,-11.009793758392334,0.21428571428571427
5691,1,0,14161,-15.137684106826782,-11.009793758392334,0.21428571428571427
5692,1,0,14160,-15.137684106826782,-11.009793758392334,0.21428571428571427
5693,1,0,14159,-15.137684106826782,-11.009793758392334,0.21428571428571427
5694,1,0,14158,-15.137684106826782,-11.009793758392334,0.21428571428571427
5695,0,0,14157,-15.137684106826782,-11.009793758392334,0.21428571428571427
5696,1,0,14156,-15.137684106826782,-11.009793758392334,0.21428571428571427
5697,1,0,14155,-15.137684106826782,-11.009793758392334,0.21428571428571427
5698,1,0,14154,-15.137684106826782,-11.009793758392334,0.21428571428571427
5699,1,0,14152,-15.137684106826782,-11.009793758392334,0.21428571428571427
5700,1,0,14142,-15.137684106826782,-11.009793758392334,0.21428571428571427
5701,0,0,14151,-15.137684106826782,-11.009793758392334,0.21428571428571427
5702,1,0,14150,-15.137684106826782,-11.009793758392334,0.21428571428571427
5703,1,0,14149,-15.137684106826782,-11.009793758392334,0.21428571428571427
5704,1,0,14148,-15.137684106826782,-11.009793758392334,0.21428571428571427
5705,1,0,14147,-15.137684106826782,-11.009793758392334,0.21428571428571427
5706,1,0,14146,-15.137684106826782,-11.009793758392334,0.21428571428571427
5707,1,0,14145,-15.137684106826782,-11.009793758392334,0.21428571428571427
5708,1,0,14144,-15.137684106826782,-11.009793758392334,0.21428571428571427
5709,1,0,14143,-15.137684106826782,-11.009793758392334,0.21428571428571427
5710,1,0,14117,-15.137684106826782,-11.009793758392334,0.21428571428571427
5711,1,0,14115,-15.137684106826782,-11.009793758392334,0.21428571428571427
5712,1,0,14068,-15.137684106826782,-11.009793758392334,0.21428571428571427
5713,1,0,14114,-15.137684106826782,-11.009793758392334,0.21428571428571427
5714,1,0,14089,-15.137684106826782,-11.009793758392334,0.21428571428571427
5715,1,0,14088,-15.137684106826782,-11.009793758392334,0.21428571428571427
5716,1,0,14087,-15.137684106826782,-11.009793758392334,0.21428571428571427
5717,1,0,14086,-15.137684106826782,-11.009793758392334,0.21428571428571427
5718,0,0,14085,-15.137684106826782,-11.009793758392334,0.21428571428571427
5719,0,0,14084,-15.137684106826782,-11.009793758392334,0.21428571428571427
5720,1,0,14083,-15.137684106826782,-11.009793758392334,0.21428571428571427
5721,0,0,14082,-15.137684106826782,-11.009793758392334,0.21428571428571427
5722,1,0,14081,-15.137684106826782,-11.009793758392334,0.21428571428571427
5723,1,0,14080,-15.137684106826782,-11.009793758392334,0.21428571428571427
5724,1,0,14079,-15.137684106826782,-11.009793758392334,0.21428571428571427
5725,1,0,14078,-15.137684106826782,-11.009793758392334,0.21428571428571427
5726,1,0,14077,-15.137684106826782,-11.009793758392334,0.21428571428571427
5727,1,0,14076,-15.137684106826782,-11.009793758392334,0.21428571428571427
5728,1,0,14075,-15.137684106826782,-11.009793758392334,0.21428571428571427
5729,1,0,14074,-15.137684106826782,-11.009793758392334,0.21428571428571427
5730,1,0,14073,-15.137684106826782,-11.009793758392334,0.21428571428571427
5731,1,0,14072,-15.137684106826782,-11.009793758392334,0.21428571428571427
5732,1,0,14071,-15.137684106826782,-11.009793758392334,0.21428571428571427
5733,1,0,14070,-15.137684106826782,-11.009793758392334,0.21428571428571427
5734,1,0,14069,-15.137684106826782,-11.009793758392334,0.21428571428571427
5735,1,0,14090,-15.137684106826782,-11.009793758392334,0.21428571428571427
5736,1,0,14091,-15.137684106826782,-11.009793758392334,0.21428571428571427
5737,1,0,14092,-15.137684106826782,-11.009793758392334,0.21428571428571427
5738,1,0,14104,-15.137684106826782,-11.009793758392334,0.21428571428571427
5739,1,0,14113,-15.137684106826782,-11.009793758392334,0.21428571428571427
5740,0,0,14112,-15.137684106826782,-11.009793758392334,0.21428571428571427
5741,1,0,14111,-15.137684106826782,-11.009793758392334,0.21428571428571427
5742,1,0,14110,-15.137684106826782,-11.009793758392334,0.21428571428571427
5743,1,0,14109,-15.137684106826782,-11.009793758392334,0.21428571428571427
5744,1,0,14108,-15.137684106826782,-11.009793758392334,0.21428571428571427
5745,1,0,14107,-15.137684106826782,-11.009793758392334,0.21428571428571427
5746,0,0,14106,-15.137684106826782,-11.009793758392334,0.21428571428571427
5747,1,0,14105,-15.137684106826782,-11.009793758392334,0.21428571428571427
5748,1,0,14103,-15.137684106826782,-11.009793758392334,0.21428571428571427
5749,1,0,14093,-15.137684106826782,-11.009793758392334,0.21428571428571427
5750,1,0,14102,-15.137684106826782,-11.009793758392334,0.21428571428571427
5751,1,0,14101,-15.137684106826782,-11.009793758392334,0.21428571428571427
5752,1,0,14100,-15.137684106826782,-11.009793758392334,0.21428571428571427
5753,1,0,14099,-15.137684106826782,-11.009793758392334,0.21428571428571427
5754,1,0,14098,-15.137684106826782,-11.009793758392334,0.21428571428571427
5755,1,0,14097,-15.137684106826782,-11.009793758392334,0.21428571428571427
5756,1,0,14096,-15.137684106826782,-11.009793758392334,0.21428571428571427
5757,1,0,14095,-15.137684106826782,-11.009793758392334,0.21428571428571427
5758,1,0,14094,-15.137684106826782,-11.009793758392334,0.21428571428571427
5759,1,0,14163,-15.137684106826782,-11.009793758392334,0.21428571428571427
5760,1,0,14116,-15.137684106826782,-11.009793758392334,0.21428571428571427
5761,1,0,14164,-15.137684106826782,-11.009793758392334,0.21428571428571427
5762,1,0,14214,-15.137684106826782,-11.009793758392334,0.21428571428571427
5763,1,0,14236,-15.137684106826782,-11.009793758392334,0.21428571428571427
5764,1,0,14235,-15.137684106826782,-11.009793758392334,0.21428571428571427
5765,1,0,14234,-15.137684106826782,-11.009793758392334,0.21428571428571427
5766,1,0,14233,-15.137684106826782,-11.009793758392334,0.21428571428571427
5767,1,0,14232,-15.137684106826782,-11.009793758392334,0.21428571428571427
5768,1,0,14231,-15.137684106826782,-11.009793758392334,0.21428571428571427
5769,1,0,14230,-15.137684106826782,-11.009793758392334,0.21428571428571427
5770,1,0,14229,-15.137684106826782,-11.009793758392334,0.21428571428571427
5771,1,0,14228,-15.137684106826782,-11.009793758392334,0.21428571428571427
5772,1,0,14227,-15.137684106826782,-11.009793758392334,0.21428571428571427
5773,1,0,14226,-15.137684106826782,-11.009793758392334,0.21428571428571427
5774,1,0,14225,-15.137684106826782,-11.009793758392334,0.21428571428571427
5775,1,0,14224,-15.137684106826782,-11.009793758392334,0.21428571428571427
5776,1,0,14223,-15.137684106826782,-11.009793758392334,0.21428571428571427
5777,1,0,14222,-15.137684106826782,-11.009793758392334,0.21428571428571427
5778,1,0,14221,-15.137684106826782,-11.009793758392334,0.21428571428571427
5779,1,0,14220,-15.137684106826782,-11.009793758392334,0.21428571428571427
5780,1,0,14219,-15.137684106826782,-11.009793758392334,0.21428571428571427
5781,1,0,14218,-15.137684106826782,-11.009793758392334,0.21428571428571427
5782,1,0,14217,-15.137684106826782,-11.009793758392334,0.21428571428571427
5783,1,0,14216,-15.137684106826782,-11.009793758392334,0.21428571428571427
5784,1,0,14237,-15.137684106826782,-11.009793758392334,0.21428571428571427
5785,1,0,14238,-15.137684106826782,-11.009793758392334,0.21428571428571427
5786,1,0,14239,-15.137684106826782,-11.009793758392334,0.21428571428571427
5787,1,0,14251,-15.137684106826782,-11.009793758392334,0.21428571428571427
5788,1,0,14260,-15.137684106826782,-11.009793758392334,0.21428571428571427
5789,1,0,14259,-15.137684106826782,-11.009793758392334,0.21428571428571427
5790,1,0,14258,-15.137684106826782,-11.009793758392334,0.21428571428571427
5791,1,0,14257,-15.137684106826782,-11.009793758392334,0.21428571428571427
5792,1,0,14256,-15.137684106826782,-11.009793758392334,0.21428571428571427
5793,1,0,14255,-15.137684106826782,-11.009793758392334,0.21428571428571427
5794,1,0,14254,-15.137684106826782,-11.009793758392334,0.21428571428571427
5795,0,0,14253,-15.137684106826782,-11.009793758392334,0.21428571428571427
5796,1,0,14252,-15.137684106826782,-11.009793758392334,0.21428571428571427
5797,1,0,14250,-15.137684106826782,-11.009793758392334,0.21428571428571427
5798,1,0,14240,-15.137684106826782,-11.009793758392334,0.21428571428571427
5799,1,0,14249,-15.137684106826782,-11.009793758392334,0.21428571428571427
5800,1,0,14248,-15.137684106826782,-11.009793758392334,0.21428571428571427
5801,1,0,14247,-15.137684106826782,-11.009793758392334,0.21428571428571427
5802,1,0,14246,-15.137684106826782,-11.009793758392334,0.21428571428571427
5803,1,0,14245,-15.137684106826782,-11.009793758392334,0.21428571428571427
5804,0,0,14244,-15.137684106826782,-11.009793758392334,0.21428571428571427
5805,1,0,14243,-15.137684106826782,-11.009793758392334,0.21428571428571427
5806,0,0,14242,-15.137684106826782,-11.009793758392334,0.21428571428571427
5807,1,0,14241,-15.137684106826782,-11.009793758392334,0.21428571428571427
5808,1,0,14215,-15.137684106826782,-11.009793758392334,0.21428571428571427
5809,1,0,14213,-15.137684106826782,-11.009793758392334,0.21428571428571427
5810,1,0,14166,-15.137684106826782,-11.009793758392334,0.21428571428571427
5811,1,0,14212,-15.137684106826782,-11.009793758392334,0.21428571428571427
5812,1,0,14187,-15.137684106826782,-11.009793758392334,0.21428571428571427
5813,1,0,14186,-15.137684106826782,-11.009793758392334,0.21428571428571427
5814,1,0,14185,-15.137684106826782,-11.009793758392334,0.21428571428571427
5815,1,0,14184,-15.137684106826782,-11.009793758392334,0.21428571428571427
5816,1,0,14183,-15.137684106826782,-11.009793758392334,0.21428571428571427
5817,1,0,14182,-15.137684106826782,-11.009793758392334,0.21428571428571427
5818,1,0,14181,-15.137684106826782,-11.009793758392334,0.21428571428571427
5819,1,0,14180,-15.137684106826782,-11.009793758392334,0.21428571428571427
5820,0,0,14179,-15.137684106826782,-11.009793758392334,0.21428571428571427
5821,1,0,14178,-15.137684106826782,-11.009793758392334,0.21428571428571427
5822,1,0,14177,-15.137684106826782,-11.009793758392334,0.21428571428571427
5823,1,0,14176,-15.137684106826782,-11.009793758392334,0.21428571428571427
5824,1,0,14175,-15.137684106826782,-11.009793758392334,0.21428571428571427
5825,1,0,14174,-15.137684106826782,-11.009793758392334,0.21428571428571427
5826,0,0,14173,-15.137684106826782,-11.009793758392334,0.21428571428571427
5827,1,0,14172,-15.137684106826782,-11.009793758392334,0.21428571428571427
5828,1,0,14171,-15.137684106826782,-11.009793758392334,0.21428571428571427
5829,1,0,14170,-15.137684106826782,-11.009793758392334,0.21428571428571427
5830,1,0,14169,-15.137684106826782,-11.009793758392334,0.21428571428571427
5831,1,0,14168,-15.137684106826782,-11.009793758392334,0.21428571428571427
5832,1,0,14167,-15.137684106826782,-11.009793758392334,0.21428571428571427
5833,1,0,14188,-15.137684106826782,-11.009793758392334,0.21428571428571427
5834,1,0,14189,-15.137684106826782,-11.009793758392334,0.21428571428571427
5835,1,0,14190,-15.137684106826782,-11.009793758392334,0.21428571428571427
5836,1,0,14202,-15.137684106826782,-11.009793758392334,0.21428571428571427
5837,1,0,14211,-15.137684106826782,-11.009793758392334,0.21428571428571427
5838,1,0,14210,-15.137684106826782,-11.009793758392334,0.21428571428571427
5839,1,0,14209,-15.137684106826782,-11.009793758392334,0.21428571428571427
5840,1,0,14208,-15.137684106826782,-11.009793758392334,0.21428571428571427
5841,1,0,14207,-15.137684106826782,-11.009793758392334,0.21428571428571427
5842,1,0,14206,-15.137684106826782,-11.009793758392334,0.21428571428571427
5843,1,0,14205,-15.137684106826782,-11.009793758392334,0.21428571428571427
5844,1,0,14204,-15.137684106826782,-11.009793758392334,0.21428571428571427
5845,1,0,14203,-15.137684106826782,-11.009793758392334,0.21428571428571427
5846,1,0,14201,-15.137684106826782,-11.009793758392334,0.21428571428571427
5847,1,0,14191,-15.137684106826782,-11.009793758392334,0.21428571428571427
5848,1,0,14200,-15.137684106826782,-11.009793758392334,0.21428571428571427
5849,1,0,14199,-15.137684106826782,-11.009793758392334,0.21428571428571427
5850,1,0,14198,-15.137684106826782,-11.009793758392334,0.21428571428571427
5851,1,0,14197,-15.137684106826782,-11.009793758392334,0.21428571428571427
5852,1,0,14196,-15.137684106826782,-11.009793758392334,0.21428571428571427
5853,0,0,14195,-15.137684106826782,-11.009793758392334,0.21428571428571427
5854,1,0,14194,-15.137684106826782,-11.009793758392334,0.21428571428571427
5855,1,0,14193,-15.137684106826782,-11.009793758392334,0.21428571428571427
5856,1,0,14192,-15.137684106826782,-11.009793758392334,0.21428571428571427
5857,1,0,14456,-15.137684106826782,-11.009793758392334,0.21428571428571427
5858,1,0,14457,-15.137684106826782,-11.009793758392334,0.21428571428571427
5859,1,0,14458,-15.137684106826782,-11.009793758392334,0.21428571428571427
5860,1,0,14653,-15.137684106826782,-11.009793758392334,0.21428571428571427
5861,1,0,14724,-15.137684106826782,-11.009793758392334,0.21428571428571427
5862,1,0,14723,-15.137684106826782,-11.009793758392334,0.21428571428571427
5863,1,0,14722,-15.137684106826782,-11.009793758392334,0.21428571428571427
5864,1,0,14721,-15.137684106826782,-11.009793758392334,0.21428571428571427
5865,1,0,14720,-15.137684106826782,-11.009793758392334,0.21428571428571427
5866,1,0,14719,-15.137684106826782,-11.009793758392334,0.21428571428571427
5867,1,0,14718,-15.137684106826782,-11.009793758392334,0.21428571428571427
5868,1,0,14717,-15.137684106826782,-11.009793758392334,0.21428571428571427
5869,1,0,14716,-15.137684106826782,-11.009793758392334,0.21428571428571427
5870,1,0,14715,-15.137684106826782,-11.009793758392334,0.21428571428571427
5871,1,0,14714,-15.137684106826782,-11.009793758392334,0.21428571428571427
5872,1,0,14713,-15.137684106826782,-11.009793758392334,0.21428571428571427
5873,1,0,14712,-15.137684106826782,-11.009793758392334,0.21428571428571427
5874,1,0,14711,-15.137684106826782,-11.009793758392334,0.21428571428571427
5875,1,0,14710,-15.137684106826782,-11.009793758392334,0.21428571428571427
5876,1,0,14709,-15.137684106826782,-11.009793758392334,0.21428571428571427
5877,1,0,14708,-15.137684106826782,-11.009793758392334,0.21428571428571427
5878,1,0,14707,-15.137684106826782,-11.009793758392334,0.21428571428571427
5879,1,0,14706,-15.137684106826782,-11.009793758392334,0.21428571428571427
5880,1,0,14705,-15.137684106826782,-11.009793758392334,0.21428571428571427
5881,0,0,14704,-15.137684106826782,-11.009793758392334,0.21428571428571427
5882,1,0,14725,-15.137684106826782,-11.009793758392334,0.21428571428571427
5883,1,0,14726,-15.137684106826782,-11.009793758392334,0.21428571428571427
5884,1,0,14727,-15.137684106826782,-11.009793758392334,0.21428571428571427
5885,0,0,14739,-15.137684106826782,-11.009793758392334,0.21428571428571427
5886,1,0,14748,-15.137684106826782,-11.009793758392334,0.21428571428571427
5887,1,0,14747,-15.137684106826782,-11.009793758392334,0.21428571428571427
5888,1,0,14746,-15.137684106826782,-11.009793758392334,0.21428571428571427
5889,1,0,14745,-15.137684106826782,-11.009793758392334,0.21428571428571427
5890,1,0,14744,-15.137684106826782,-11.009793758392334,0.21428571428571427
5891,1,0,14743,-15.137684106826782,-11.009793758392334,0.21428571428571427
5892,1,0,14742,-15.137684106826782,-11.009793758392334,0.21428571428571427
5893,1,0,14741,-15.137684106826782,-11.009793758392334,0.21428571428571427
5894,1,0,14740,-15.137684106826782,-11.009793758392334,0.21428571428571427
5895,1,0,14738,-15.137684106826782,-11.009793758392334,0.21428571428571427
5896,1,0,14728,-15.137684106826782,-11.009793758392334,0.21428571428571427
5897,1,0,14737,-15.137684106826782,-11.009793758392334,0.21428571428571427
5898,1,0,14736,-15.137684106826782,-11.009793758392334,0.21428571428571427
5899,0,0,14735,-15.137684106826782,-11.009793758392334,0.21428571428571427
5900,1,0,14734,-15.137684106826782,-11.009793758392334,0.21428571428571427
5901,1,0,14733,-15.137684106826782,-11.009793758392334,0.21428571428571427
5902,1,0,14732,-15.137684106826782,-11.009793758392334,0.21428571428571427
5903,1,0,14731,-15.137684106826782,-11.009793758392334,0.21428571428571427
5904,1,0,14730,-15.137684106826782,-11.009793758392334,0.21428571428571427
5905,1,0,14729,-15.137684106826782,-11.009793758392334,0.21428571428571427
5906,1,0,14703,-15.137684106826782,-11.009793758392334,0.21428571428571427
5907,1,0,14701,-15.137684106826782,-11.009793758392334,0.21428571428571427
5908,1,0,14654,-15.137684106826782,-11.009793758392334,0.21428571428571427
5909,1,0,14700,-15.137684106826782,-11.009793758392334,0.21428571428571427
5910,1,0,14675,-15.137684106826782,-11.009793758392334,0.21428571428571427
5911,1,0,14674,-15.137684106826782,-11.009793758392334,0.21428571428571427
5912,1,0,14673,-15.137684106826782,-11.009793758392334,0.21428571428571427
5913,1,0,14672,-15.137684106826782,-11.009793758392334,0.21428571428571427
5914,1,0,14671,-15.137684106826782,-11.009793758392334,0.21428571428571427
5915,1,0,14670,-15.137684106826782,-11.009793758392334,0.21428571428571427
5916,1,0,14669,-15.137684106826782,-11.009793758392334,0.21428571428571427
5917,1,0,14668,-15.137684106826782,-11.009793758392334,0.21428571428571427
5918,0,0,14667,-15.137684106826782,-11.009793758392334,0.21428571428571427
5919,1,0,14666,-15.137684106826782,-11.009793758392334,0.21428571428571427
5920,1,0,14665,-15.137684106826782,-11.009793758392334,0.21428571428571427
5921,1,0,14664,-15.137684106826782,-11.009793758392334,0.21428571428571427
5922,1,0,14663,-15.137684106826782,-11.009793758392334,0.21428571428571427
5923,1,0,14662,-15.137684106826782,-11.009793758392334,0.21428571428571427
5924,1,0,14661,-15.137684106826782,-11.009793758392334,0.21428571428571427
5925,1,0,14660,-15.137684106826782,-11.009793758392334,0.21428571428571427
5926,1,0,14659,-15.137684106826782,-11.009793758392334,0.21428571428571427
5927,1,0,14658,-15.137684106826782,-11.009793758392334,0.21428571428571427
5928,1,0,14657,-15.137684106826782,-11.009793758392334,0.21428571428571427
5929,1,0,14656,-15.137684106826782,-11.009793758392334,0.21428571428571427
5930,1,0,14655,-15.137684106826782,-11.009793758392334,0.21428571428571427
5931,1,0,14676,-15.137684106826782,-11.009793758392334,0.21428571428571427
5932,1,0,14677,-15.137684106826782,-11.009793758392334,0.21428571428571427
5933,1,0,14678,-15.137684106826782,-11.009793758392334,0.21428571428571427
5934,0,0,14690,-15.137684106826782,-11.009793758392334,0.21428571428571427
5935,1,0,14699,-15.137684106826782,-11.009793758392334,0.21428571428571427
5936,1,0,14698,-15.137684106826782,-11.009793758392334,0.21428571428571427
5937,1,0,14697,-15.137684106826782,-11.009793758392334,0.21428571428571427
5938,0,0,14696,-15.137684106826782,-11.009793758392334,0.21428571428571427
5939,0,0,14695,-15.137684106826782,-11.009793758392334,0.21428571428571427
5940,1,0,14694,-15.137684106826782,-11.009793758392334,0.21428571428571427
5941,1,0,14693,-15.137684106826782,-11.009793758392334,0.21428571428571427
5942,1,0,14692,-15.137684106826782,-11.009793758392334,0.21428571428571427
5943,1,0,14691,-15.137684106826782,-11.009793758392334,0.21428571428571427
5944,1,0,14689,-15.137684106826782,-11.009793758392334,0.21428571428571427
5945,1,0,14679,-15.137684106826782,-11.009793758392334,0.21428571428571427
5946,0,0,14688,-15.137684106826782,-11.009793758392334,0.21428571428571427
5947,1,0,14687,-15.137684106826782,-11.009793758392334,0.21428571428571427
5948,1,0,14686,-15.137684106826782,-11.009793758392334,0.21428571428571427
5949,1,0,14685,-15.137684106826782,-11.009793758392334,0.21428571428571427
5950,1,0,14684,-15.137684106826782,-11.009793758392334,0.21428571428571427
5951,1,0,14683,-15.137684106826782,-11.009793758392334,0.21428571428571427
5952,1,0,14682,-15.137684106826782,-11.009793758392334,0.21428571428571427
5953,1,0,14681,-15.137684106826782,-11.009793758392334,0.21428571428571427
5954,1,0,14680,-15.137684106826782,-11.009793758392334,0.21428571428571427
5955,1,0,14749,-15.137684106826782,-11.009793758392334,0.21428571428571427
5956,0,0,14750,-15.137684106826782,-11.009793758392334,0.21428571428571427
5957,1,0,14751,-15.137684106826782,-11.009793758392334,0.21428571428571427
5958,1,0,14752,-15.137684106826782,-11.009793758392334,0.21428571428571427
5959,1,0,14821,-15.137684106826782,-11.009793758392334,0.21428571428571427
5960,1,0,14820,-15.137684106826782,-11.009793758392334,0.21428571428571427
5961,1,0,14819,-15.137684106826782,-11.009793758392334,0.21428571428571427
5962,1,0,14818,-15.137684106826782,-11.009793758392334,0.21428571428571427
5963,1,0,14817,-15.137684106826782,-11.009793758392334,0.21428571428571427
5964,1,0,14816,-15.137684106826782,-11.009793758392334,0.21428571428571427
5965,1,0,14815,-15.137684106826782,-11.009793758392334,0.21428571428571427
5966,0,0,14814,-15.137684106826782,-11.009793758392334,0.21428571428571427
5967,0,0,14813,-15.137684106826782,-11.009793758392334,0.21428571428571427
5968,1,0,14811,-15.137684106826782,-11.009793758392334,0.21428571428571427
5969,1,0,14801,-15.137684106826782,-11.009793758392334,0.21428571428571427
5970,1,0,14810,-15.137684106826782,-11.009793758392334,0.21428571428571427
5971,0,0,14809,-15.137684106826782,-11.009793758392334,0.21428571428571427
5972,1,0,14808,-15.137684106826782,-11.009793758392334,0.21428571428571427
5973,1,0,14807,-15.137684106826782,-11.009793758392334,0.21428571428571427
5974,0,0,14806,-15.137684106826782,-11.009793758392334,0.21428571428571427
5975,1,0,14805,-15.137684106826782,-11.009793758392334,0.21428571428571427
5976,1,0,14804,-15.137684106826782,-11.009793758392334,0.21428571428571427
5977,0,0,14803,-15.137684106826782,-11.009793758392334,0.21428571428571427
5978,1,0,14802,-15.137684106826782,-11.009793758392334,0.21428571428571427
5979,1,0,14822,-15.137684106826782,-11.009793758392334,0.21428571428571427
5980,1,0,14812,-15.137684106826782,-11.009793758392334,0.21428571428571427
5981,1,0,14823,-15.137684106826782,-11.009793758392334,0.21428571428571427
5982,1,0,14836,-15.137684106826782,-11.009793758392334,0.21428571428571427
5983,1,0,14845,-15.137684106826782,-11.009793758392334,0.21428571428571427
5984,1,0,14844,-15.137684106826782,-11.009793758392334,0.21428571428571427
5985,1,0,14843,-15.137684106826782,-11.009793758392334,0.21428571428571427
5986,1,0,14842,-15.137684106826782,-11.009793758392334,0.21428571428571427
5987,0,0,14841,-15.137684106826782,-11.009793758392334,0.21428571428571427
5988,1,0,14840,-15.137684106826782,-11.009793758392334,0.21428571428571427
5989,1,0,14839,-15.137684106826782,-11.009793758392334,0.21428571428571427
5990,1,0,14838,-15.137684106826782,-11.009793758392334,0.21428571428571427
5991,1,0,14837,-15.137684106826782,-11.009793758392334,0.21428571428571427
5992,1,0,14835,-15.137684106826782,-11.009793758392334,0.21428571428571427
5993,1,0,14825,-15.137684106826782,-11.009793758392334,0.21428571428571427
5994,1,0,14834,-15.137684106826782,-11.009793758392334,0.21428571428571427
5995,1,0,14833,-15.137684106826782,-11.009793758392334,0.21428571428571427
5996,1,0,14832,-15.137684106826782,-11.009793758392334,0.21428571428571427
5997,1,0,14831,-15.137684106826782,-11.009793758392334,0.21428571428571427
5998,1,0,14830,-15.137684106826782,-11.009793758392334,0.21428571428571427
5999,1,0,14829,-15.137684106826782,-11.009793758392334,0.21428571428571427
6000,1,0,14828,-15.137684106826782,-11.009793758392334,0.21428571428571427
6001,1,0,14827,-15.137684106826782,-11.009793758392334,0.21428571428571427
6002,1,0,14826,-15.137684106826782,-11.009793758392334,0.21428571428571427
6003,1,0,14824,-15.137684106826782,-11.009793758392334,0.21428571428571427
6004,1,0,14800,-15.137684106826782,-11.009793758392334,0.21428571428571427
6005,1,0,14799,-15.137684106826782,-11.009793758392334,0.21428571428571427
6006,1,0,14798,-15.137684106826782,-11.009793758392334,0.21428571428571427
6007,1,0,14773,-15.137684106826782,-11.009793758392334,0.21428571428571427
6008,0,0,14772,-15.137684106826782,-11.009793758392334,0.21428571428571427
6009,1,0,14771,-15.137684106826782,-11.009793758392334,0.21428571428571427
6010,1,0,14770,-15.137684106826782,-11.009793758392334,0.21428571428571427
6011,1,0,14769,-15.137684106826782,-11.009793758392334,0.21428571428571427
6012,0,0,14768,-15.137684106826782,-11.009793758392334,0.21428571428571427
6013,1,0,14767,-15.137684106826782,-11.009793758392334,0.21428571428571427
6014,1,0,14766,-15.137684106826782,-11.009793758392334,0.21428571428571427
6015,1,0,14765,-15.137684106826782,-11.009793758392334,0.21428571428571427
6016,1,0,14764,-15.137684106826782,-11.009793758392334,0.21428571428571427
6017,1,0,14763,-15.137684106826782,-11.009793758392334,0.21428571428571427
6018,1,0,14762,-15.137684106826782,-11.009793758392334,0.21428571428571427
6019,1,0,14761,-15.137684106826782,-11.009793758392334,0.21428571428571427
6020,0,0,14760,-15.137684106826782,-11.009793758392334,0.21428571428571427
6021,1,0,14759,-15.137684106826782,-11.009793758392334,0.21428571428571427
6022,1,0,14758,-15.137684106826782,-11.009793758392334,0.21428571428571427
6023,1,0,14757,-15.137684106826782,-11.009793758392334,0.21428571428571427
6024,0,0,14756,-15.137684106826782,-11.009793758392334,0.21428571428571427
6025,1,0,14755,-15.137684106826782,-11.009793758392334,0.21428571428571427
6026,1,0,14754,-15.137684106826782,-11.009793758392334,0.21428571428571427
6027,1,0,14753,-15.137684106826782,-11.009793758392334,0.21428571428571427
6028,1,0,14774,-15.137684106826782,-11.009793758392334,0.21428571428571427
6029,1,0,14775,-15.137684106826782,-11.009793758392334,0.21428571428571427
6030,1,0,14776,-15.137684106826782,-11.009793758392334,0.21428571428571427
6031,1,0,14788,-15.137684106826782,-11.009793758392334,0.21428571428571427
6032,1,0,14797,-15.137684106826782,-11.009793758392334,0.21428571428571427
6033,1,0,14796,-15.137684106826782,-11.009793758392334,0.21428571428571427
6034,1,0,14795,-15.137684106826782,-11.009793758392334,0.21428571428571427
6035,1,0,14794,-15.137684106826782,-11.009793758392334,0.21428571428571427
6036,1,0,14793,-15.137684106826782,-11.009793758392334,0.21428571428571427
6037,0,0,14792,-15.137684106826782,-11.009793758392334,0.21428571428571427
6038,1,0,14791,-15.137684106826782,-11.009793758392334,0.21428571428571427
6039,1,0,14790,-15.137684106826782,-11.009793758392334,0.21428571428571427
6040,1,0,14789,-15.137684106826782,-11.009793758392334,0.21428571428571427
6041,1,0,14787,-15.137684106826782,-11.009793758392334,0.21428571428571427
6042,1,0,14777,-15.137684106826782,-11.009793758392334,0.21428571428571427
6043,1,0,14786,-15.137684106826782,-11.009793758392334,0.21428571428571427
6044,1,0,14785,-15.137684106826782,-11.009793758392334,0.21428571428571427
6045,1,0,14784,-15.137684106826782,-11.009793758392334,0.21428571428571427
6046,1,0,14783,-15.137684106826782,-11.009793758392334,0.21428571428571427
6047,1,0,14782,-15.137684106826782,-11.009793758392334,0.21428571428571427
6048,1,0,14781,-15.137684106826782,-11.009793758392334,0.21428571428571427
6049,1,0,14780,-15.137684106826782,-11.009793758392334,0.21428571428571427
6050,1,0,14779,-15.137684106826782,-11.009793758392334,0.21428571428571427
6051,1,0,14778,-15.137684106826782,-11.009793758392334,0.21428571428571427
6052,1,0,14702,-15.137684106826782,-11.009793758392334,0.21428571428571427
6053,1,0,14652,-15.137684106826782,-11.009793758392334,0.21428571428571427
6054,1,0,14507,-15.137684106826782,-11.009793758392334,0.21428571428571427
6055,1,0,14651,-15.137684106826782,-11.009793758392334,0.21428571428571427
6056,1,0,14529,-15.137684106826782,-11.009793758392334,0.21428571428571427
6057,1,0,14528,-15.137684106826782,-11.009793758392334,0.21428571428571427
6058,1,0,14527,-15.137684106826782,-11.009793758392334,0.21428571428571427
6059,1,0,14526,-15.137684106826782,-11.009793758392334,0.21428571428571427
6060,1,0,14525,-15.137684106826782,-11.009793758392334,0.21428571428571427
6061,0,0,14524,-15.137684106826782,-11.009793758392334,0.21428571428571427
6062,1,0,14523,-15.137684106826782,-11.009793758392334,0.21428571428571427
6063,1,0,14522,-15.137684106826782,-11.009793758392334,0.21428571428571427
6064,1,0,14521,-15.137684106826782,-11.009793758392334,0.21428571428571427
6065,1,0,14520,-15.137684106826782,-11.009793758392334,0.21428571428571427
6066,1,0,14519,-15.137684106826782,-11.009793758392334,0.21428571428571427
6067,1,0,14518,-15.137684106826782,-11.009793758392334,0.21428571428571427
6068,1,0,14517,-15.137684106826782,-11.009793758392334,0.21428571428571427
6069,1,0,14516,-15.137684106826782,-11.009793758392334,0.21428571428571427
6070,1,0,14515,-15.137684106826782,-11.009793758392334,0.21428571428571427
6071,1,0,14514,-15.137684106826782,-11.009793758392334,0.21428571428571427
6072,1,0,14513,-15.137684106826782,-11.009793758392334,0.21428571428571427
6073,1,0,14512,-15.137684106826782,-11.009793758392334,0.21428571428571427
6074,1,0,14511,-15.137684106826782,-11.009793758392334,0.21428571428571427
6075,1,0,14510,-15.137684106826782,-11.009793758392334,0.21428571428571427
6076,1,0,14509,-15.137684106826782,-11.009793758392334,0.21428571428571427
6077,1,0,14530,-15.137684106826782,-11.009793758392334,0.21428571428571427
6078,1,0,14531,-15.137684106826782,-11.009793758392334,0.21428571428571427
6079,1,0,14532,-15.137684106826782,-11.009793758392334,0.21428571428571427
6080,1,0,14544,-15.137684106826782,-11.009793758392334,0.21428571428571427
6081,1,0,14553,-15.137684106826782,-11.009793758392334,0.21428571428571427
6082,1,0,14552,-15.137684106826782,-11.009793758392334,0.21428571428571427
6083,1,0,14551,-15.137684106826782,-11.009793758392334,0.21428571428571427
6084,1,0,14550,-15.137684106826782,-11.009793758392334,0.21428571428571427
6085,0,0,14549,-15.137684106826782,-11.009793758392334,0.21428571428571427
6086,0,0,14548,-15.137684106826782,-11.009793758392334,0.21428571428571427
6087,1,0,14547,-15.137684106826782,-11.009793758392334,0.21428571428571427
6088,1,0,14546,-15.137684106826782,-11.009793758392334,0.21428571428571427
6089,1,0,14545,-15.137684106826782,-11.009793758392334,0.21428571428571427
6090,1,0,14543,-15.137684106826782,-11.009793758392334,0.21428571428571427
6091,1,0,14533,-15.137684106826782,-11.009793758392334,0.21428571428571427
6092,1,0,14542,-15.137684106826782,-11.009793758392334,0.21428571428571427
6093,1,0,14541,-15.137684106826782,-11.009793758392334,0.21428571428571427
6094,0,0,14540,-15.137684106826782,-11.009793758392334,0.21428571428571427
6095,1,0,14539,-15.137684106826782,-11.009793758392334,0.21428571428571427
6096,0,0,14538,-15.137684106826782,-11.009793758392334,0.21428571428571427
6097,1,0,14537,-15.137684106826782,-11.009793758392334,0.21428571428571427
6098,1,0,14536,-15.137684106826782,-11.009793758392334,0.21428571428571427
6099,0,0,14535,-15.137684106826782,-11.009793758392334,0.21428571428571427
6100,1,0,14534,-15.137684106826782,-11.009793758392334,0.21428571428571427
6101,1,0,14508,-15.137684106826782,-11.009793758392334,0.21428571428571427
6102,1,0,14506,-15.137684106826782,-11.009793758392334,0.21428571428571427
6103,0,0,14459,-15.137684106826782,-11.009793758392334,0.21428571428571427
6104,1,0,14505,-15.137684106826782,-11.009793758392334,0.21428571428571427
6105,1,0,14480,-15.137684106826782,-11.009793758392334,0.21428571428571427
6106,1,0,14479,-15.137684106826782,-11.009793758392334,0.21428571428571427
6107,1,0,14478,-15.137684106826782,-11.009793758392334,0.21428571428571427
6108,1,0,14477,-15.137684106826782,-11.009793758392334,0.21428571428571427
6109,1,0,14476,-15.137684106826782,-11.009793758392334,0.21428571428571427
6110,1,0,14475,-15.137684106826782,-11.009793758392334,0.21428571428571427
6111,1,0,14474,-15.137684106826782,-11.009793758392334,0.21428571428571427
6112,1,0,14473,-15.137684106826782,-11.009793758392334,0.21428571428571427
6113,1,0,14472,-15.137684106826782,-11.009793758392334,0.21428571428571427
6114,1,0,14471,-15.137684106826782,-11.009793758392334,0.21428571428571427
6115,1,0,14470,-15.137684106826782,-11.009793758392334,0.21428571428571427
6116,1,0,14469,-15.137684106826782,-11.009793758392334,0.21428571428571427
6117,0,0,14468,-15.137684106826782,-11.009793758392334,0.21428571428571427
6118,1,0,14467,-15.137684106826782,-11.009793758392334,0.21428571428571427
6119,1,0,14466,-15.137684106826782,-11.009793758392334,0.21428571428571427
6120,1,0,14465,-15.137684106826782,-11.009793758392334,0.21428571428571427
6121,1,0,14464,-15.137684106826782,-11.009793758392334,0.21428571428571427
6122,1,0,14463,-15.137684106826782,-11.009793758392334,0.21428571428571427
6123,1,0,14462,-15.137684106826782,-11.009793758392334,0.21428571428571427
6124,1,0,14461,-15.137684106826782,-11.009793758392334,0.21428571428571427
6125,1,0,14460,-15.137684106826782,-11.009793758392334,0.21428571428571427
6126,1,0,14481,-15.137684106826782,-11.009793758392334,0.21428571428571427
6127,0,0,14482,-15.137684106826782,-11.009793758392334,0.21428571428571427
6128,1,0,14483,-15.137684106826782,-11.009793758392334,0.21428571428571427
6129,0,0,14495,-15.137684106826782,-11.009793758392334,0.21428571428571427
6130,1,0,14504,-15.137684106826782,-11.009793758392334,0.21428571428571427
6131,1,0,14503,-15.137684106826782,-11.009793758392334,0.21428571428571427
6132,1,0,14502,-15.137684106826782,-11.009793758392334,0.21428571428571427
6133,1,0,14501,-15.137684106826782,-11.009793758392334,0.21428571428571427
6134,1,0,14500,-15.137684106826782,-11.009793758392334,0.21428571428571427
6135,1,0,14499,-15.137684106826782,-11.009793758392334,0.21428571428571427
6136,1,0,14498,-15.137684106826782,-11.009793758392334,0.21428571428571427
6137,1,0,14497,-15.137684106826782,-11.009793758392334,0.21428571428571427
6138,1,0,14496,-15.137684106826782,-11.009793758392334,0.21428571428571427
6139,1,0,14494,-15.137684106826782,-11.009793758392334,0.21428571428571427
6140,1,0,14484,-15.137684106826782,-11.009793758392334,0.21428571428571427
6141,1,0,14493,-15.137684106826782,-11.009793758392334,0.21428571428571427
6142,1,0,14492,-15.137684106826782,-11.009793758392334,0.21428571428571427
6143,1,0,14491,-15.137684106826782,-11.009793758392334,0.21428571428571427
6144,1,0,14490,-15.137684106826782,-11.009793758392334,0.21428571428571427
6145,1,0,14489,-15.137684106826782,-11.009793758392334,0.21428571428571427
6146,1,0,14488,-15.137684106826782,-11.009793758392334,0.21428571428571427
6147,0,0,14487,-15.137684106826782,-11.009793758392334,0.21428571428571427
6148,1,0,14486,-15.137684106826782,-11.009793758392334,0.21428571428571427
6149,1,0,14485,-15.137684106826782,-11.009793758392334,0.21428571428571427
6150,1,0,14554,-15.137684106826782,-11.009793758392334,0.21428571428571427
6151,1,0,14555,-15.137684106826782,-11.009793758392334,0.21428571428571427
6152,1,0,14556,-15.137684106826782,-11.009793758392334,0.21428571428571427
6153,1,0,14557,-15.137684106826782,-11.009793758392334,0.21428571428571427
6154,1,0,14626,-15.137684106826782,-11.009793758392334,0.21428571428571427
6155,1,0,14625,-15.137684106826782,-11.009793758392334,0.21428571428571427
6156,1,0,14624,-15.137684106826782,-11.009793758392334,0.21428571428571427
6157,1,0,14623,-15.137684106826782,-11.009793758392334,0.21428571428571427
6158,1,0,14622,-15.137684106826782,-11.009793758392334,0.21428571428571427
6159,1,0,14621,-15.137684106826782,-11.009793758392334,0.21428571428571427
6160,1,0,14620,-15.137684106826782,-11.009793758392334,0.21428571428571427
6161,1,0,14619,-15.137684106826782,-11.009793758392334,0.21428571428571427
6162,1,0,14618,-15.137684106826782,-11.009793758392334,0.21428571428571427
6163,1,0,14616,-15.137684106826782,-11.009793758392334,0.21428571428571427
6164,1,0,14606,-15.137684106826782,-11.009793758392334,0.21428571428571427
6165,1,0,14615,-15.137684106826782,-11.009793758392334,0.21428571428571427
6166,1,0,14614,-15.137684106826782,-11.009793758392334,0.21428571428571427
6167,1,0,14613,-15.137684106826782,-11.009793758392334,0.21428571428571427
6168,1,0,14612,-15.137684106826782,-11.009793758392334,0.21428571428571427
6169,1,0,14611,-15.137684106826782,-11.009793758392334,0.21428571428571427
6170,1,0,14610,-15.137684106826782,-11.009793758392334,0.21428571428571427
6171,1,0,14609,-15.137684106826782,-11.009793758392334,0.21428571428571427
6172,1,0,14608,-15.137684106826782,-11.009793758392334,0.21428571428571427
6173,1,0,14607,-15.137684106826782,-11.009793758392334,0.21428571428571427
6174,1,0,14627,-15.137684106826782,-11.009793758392334,0.21428571428571427
6175,0,0,14617,-15.137684106826782,-11.009793758392334,0.21428571428571427
6176,1,0,14628,-15.137684106826782,-11.009793758392334,0.21428571428571427
6177,1,0,14641,-15.137684106826782,-11.009793758392334,0.21428571428571427
6178,1,0,14650,-15.137684106826782,-11.009793758392334,0.21428571428571427
6179,1,0,14649,-15.137684106826782,-11.009793758392334,0.21428571428571427
6180,1,0,14648,-15.137684106826782,-11.009793758392334,0.21428571428571427
6181,1,0,14647,-15.137684106826782,-11.009793758392334,0.21428571428571427
6182,1,0,14646,-15.137684106826782,-11.009793758392334,0.21428571428571427
6183,1,0,14645,-15.137684106826782,-11.009793758392334,0.21428571428571427
6184,1,0,14644,-15.137684106826782,-11.009793758392334,0.21428571428571427
6185,1,0,14643,-15.137684106826782,-11.009793758392334,0.21428571428571427
6186,1,0,14642,-15.137684106826782,-11.009793758392334,0.21428571428571427
6187,1,0,14640,-15.137684106826782,-11.009793758392334,0.21428571428571427
6188,1,0,14630,-15.137684106826782,-11.009793758392334,0.21428571428571427
6189,1,0,14639,-15.137684106826782,-11.009793758392334,0.21428571428571427
6190,1,0,14638,-15.137684106826782,-11.009793758392334,0.21428571428571427
6191,1,0,14637,-15.137684106826782,-11.009793758392334,0.21428571428571427
6192,1,0,14636,-15.137684106826782,-11.009793758392334,0.21428571428571427
6193,1,0,14635,-15.137684106826782,-11.009793758392334,0.21428571428571427
6194,1,0,14634,-15.137684106826782,-11.009793758392334,0.21428571428571427
6195,1,0,14633,-15.137684106826782,-11.009793758392334,0.21428571428571427
6196,1,0,14632,-15.137684106826782,-11.009793758392334,0.21428571428571427
6197,1,0,14631,-15.137684106826782,-11.009793758392334,0.21428571428571427
6198,1,0,14629,-15.137684106826782,-11.009793758392334,0.21428571428571427
6199,1,0,14605,-15.137684106826782,-11.009793758392334,0.21428571428571427
6200,1,0,14604,-15.137684106826782,-11.009793758392334,0.21428571428571427
6201,1,0,14603,-15.137684106826782,-11.009793758392334,0.21428571428571427
6202,1,0,14578,-15.137684106826782,-11.009793758392334,0.21428571428571427
6203,1,0,14577,-15.137684106826782,-11.009793758392334,0.21428571428571427
6204,1,0,14576,-15.137684106826782,-11.009793758392334,0.21428571428571427
6205,1,0,14575,-15.137684106826782,-11.009793758392334,0.21428571428571427
6206,1,0,14574,-15.137684106826782,-11.009793758392334,0.21428571428571427
6207,0,0,14573,-15.137684106826782,-11.009793758392334,0.21428571428571427
6208,1,0,14572,-15.137684106826782,-11.009793758392334,0.21428571428571427
6209,1,0,14571,-15.137684106826782,-11.009793758392334,0.21428571428571427
6210,1,0,14570,-15.137684106826782,-11.009793758392334,0.21428571428571427
6211,1,0,14569,-15.137684106826782,-11.009793758392334,0.21428571428571427
6212,1,0,14568,-15.137684106826782,-11.009793758392334,0.21428571428571427
6213,1,0,14567,-15.137684106826782,-11.009793758392334,0.21428571428571427
6214,1,0,14566,-15.137684106826782,-11.009793758392334,0.21428571428571427
6215,1,0,14565,-15.137684106826782,-11.009793758392334,0.21428571428571427
6216,1,0,14564,-15.137684106826782,-11.009793758392334,0.21428571428571427
6217,1,0,14563,-15.137684106826782,-11.009793758392334,0.21428571428571427
6218,1,0,14562,-15.137684106826782,-11.009793758392334,0.21428571428571427
6219,1,0,14561,-15.137684106826782,-11.009793758392334,0.21428571428571427
6220,1,0,14560,-15.137684106826782,-11.009793758392334,0.21428571428571427
6221,1,0,14559,-15.137684106826782,-11.009793758392334,0.21428571428571427
6222,1,0,14558,-15.137684106826782,-11.009793758392334,0.21428571428571427
6223,1,0,14579,-15.137684106826782,-11.009793758392334,0.21428571428571427
6224,1,0,14580,-15.137684106826782,-11.009793758392334,0.21428571428571427
6225,1,0,14581,-15.137684106826782,-11.009793758392334,0.21428571428571427
6226,1,0,14593,-15.137684106826782,-11.009793758392334,0.21428571428571427
6227,1,0,14602,-15.137684106826782,-11.009793758392334,0.21428571428571427
6228,1,0,14601,-15.137684106826782,-11.009793758392334,0.21428571428571427
6229,1,0,14600,-15.137684106826782,-11.009793758392334,0.21428571428571427
6230,1,0,14599,-15.137684106826782,-11.009793758392334,0.21428571428571427
6231,1,0,14598,-15.137684106826782,-11.009793758392334,0.21428571428571427
6232,1,0,14597,-15.137684106826782,-11.009793758392334,0.21428571428571427
6233,1,0,14596,-15.137684106826782,-11.009793758392334,0.21428571428571427
6234,1,0,14595,-15.137684106826782,-11.009793758392334,0.21428571428571427
6235,1,0,14594,-15.137684106826782,-11.009793758392334,0.21428571428571427
6236,0,0,14592,-15.137684106826782,-11.009793758392334,0.21428571428571427
6237,1,0,14582,-15.137684106826782,-11.009793758392334,0.21428571428571427
6238,1,0,14591,-15.137684106826782,-11.009793758392334,0.21428571428571427
6239,1,0,14590,-15.137684106826782,-11.009793758392334,0.21428571428571427
6240,0,0,14589,-15.137684106826782,-11.009793758392334,0.21428571428571427
6241,1,0,14588,-15.137684106826782,-11.009793758392334,0.21428571428571427
6242,1,0,14587,-15.137684106826782,-11.009793758392334,0.21428571428571427
6243,1,0,14586,-15.137684106826782,-11.009793758392334,0.21428571428571427
6244,1,0,14585,-15.137684106826782,-11.009793758392334,0.21428571428571427
6245,1,0,14584,-15.137684106826782,-11.009793758392334,0.21428571428571427
6246,1,0,14583,-15.137684106826782,-11.009793758392334,0.21428571428571427
6247,1,0,18751,-15.137684106826782,-11.009793758392334,0.21428571428571427
6248,0,0,15629,-15.137684106826782,-11.009793758392334,0.21428571428571427
6249,1,0,18752,-15.137684106826782,-11.009793758392334,0.21428571428571427
6250,1,0,21877,-15.137684106826782,-11.009793758392334,0.21428571428571427
6251,1,0,22925,-15.137684106826782,-11.009793758392334,0.21428571428571427
6252,1,0,22924,-15.137684106826782,-11.009793758392334,0.21428571428571427
6253,1,0,22923,-15.137684106826782,-11.009793758392334,0.21428571428571427
6254,0,0,22922,-15.137684106826782,-11.009793758392334,0.21428571428571427
6255,1,0,22921,-15.137684106826782,-11.009793758392334,0.21428571428571427
6256,1,0,22920,-15.137684106826782,-11.009793758392334,0.21428571428571427
6257,1,0,22919,-15.137684106826782,-11.009793758392334,0.21428571428571427
6258,0,0,22918,-15.137684106826782,-11.009793758392334,0.21428571428571427
6259,1,0,22917,-15.137684106826782,-11.009793758392334,0.21428571428571427
6260,1,0,22916,-15.137684106826782,-11.009793758392334,0.21428571428571427
6261,1,0,22915,-15.137684106826782,-11.009793758392334,0.21428571428571427
6262,1,0,22914,-15.137684106826782,-11.009793758392334,0.21428571428571427
6263,1,0,22913,-15.137684106826782,-11.009793758392334,0.21428571428571427
6264,1,0,22912,-15.137684106826782,-11.009793758392334,0.21428571428571427
6265,1,0,22911,-15.137684106826782,-11.009793758392334,0.21428571428571427
6266,1,0,22910,-15.137684106826782,-11.009793758392334,0.21428571428571427
6267,1,0,22909,-15.137684106826782,-11.009793758392334,0.21428571428571427
6268,1,0,22908,-15.137684106826782,-11.009793758392334,0.21428571428571427
6269,1,0,22907,-15.137684106826782,-11.009793758392334,0.21428571428571427
6270,0,0,22906,-15.137684106826782,-11.009793758392334,0.21428571428571427
6271,1,0,22905,-15.137684106826782,-11.009793758392334,0.21428571428571427
6272,1,0,22926,-15.137684106826782,-11.009793758392334,0.21428571428571427
6273,1,0,22927,-15.137684106826782,-11.009793758392334,0.21428571428571427
6274,1,0,22928,-15.137684106826782,-11.009793758392334,0.21428571428571427
6275,1,0,22940,-15.137684106826782,-11.009793758392334,0.21428571428571427
6276,1,0,22949,-15.137684106826782,-11.009793758392334,0.21428571428571427
6277,1,0,22948,-15.137684106826782,-11.009793758392334,0.21428571428571427
6278,1,0,22947,-15.137684106826782,-11.009793758392334,0.21428571428571427
6279,1,0,22946,-15.137684106826782,-11.009793758392334,0.21428571428571427
6280,1,0,22945,-15.137684106826782,-11.009793758392334,0.21428571428571427
6281,0,0,22944,-15.137684106826782,-11.009793758392334,0.21428571428571427
6282,1,0,22943,-15.137684106826782,-11.009793758392334,0.21428571428571427
6283,1,0,22942,-15.137684106826782,-11.009793758392334,0.21428571428571427
6284,1,0,22941,-15.137684106826782,-11.009793758392334,0.21428571428571427
6285,0,0,22939,-15.137684106826782,-11.009793758392334,0.21428571428571427
6286,1,0,22929,-15.137684106826782,-11.009793758392334,0.21428571428571427
6287,1,0,22938,-15.137684106826782,-11.009793758392334,0.21428571428571427
6288,1,0,22937,-15.137684106826782,-11.009793758392334,0.21428571428571427
6289,1,0,22936,-15.137684106826782,-11.009793758392334,0.21428571428571427
6290,1,0,22935,-15.137684106826782,-11.009793758392334,0.21428571428571427
6291,1,0,22934,-15.137684106826782,-11.009793758392334,0.21428571428571427
6292,1,0,22933,-15.137684106826782,-11.009793758392334,0.21428571428571427
6293,0,0,22932,-15.137684106826782,-11.009793758392334,0.21428571428571427
6294,1,0,22931,-15.137684106826782,-11.009793758392334,0.21428571428571427
6295,1,0,22930,-15.137684106826782,-11.009793758392334,0.21428571428571427
6296,1,0,22904,-15.137684106826782,-11.009793758392334,0.21428571428571427
6297,1,0,22902,-15.137684106826782,-11.009793758392334,0.21428571428571427
6298,1,0,22855,-15.137684106826782,-11.009793758392334,0.21428571428571427
6299,1,0,22901,-15.137684106826782,-11.009793758392334,0.21428571428571427
6300,1,0,22876,-15.137684106826782,-11.009793758392334,0.21428571428571427
6301,1,0,22875,-15.137684106826782,-11.009793758392334,0.21428571428571427
6302,1,0,22874,-15.137684106826782,-11.009793758392334,0.21428571428571427
6303,1,0,22873,-15.137684106826782,-11.009793758392334,0.21428571428571427
6304,1,0,22872,-15.137684106826782,-11.009793758392334,0.21428571428571427
6305,1,0,22871,-15.137684106826782,-11.009793758392334,0.21428571428571427
6306,1,0,22870,-15.137684106826782,-11.009793758392334,0.21428571428571427
6307,1,0,22869,-15.137684106826782,-11.009793758392334,0.21428571428571427
6308,1,0,22868,-15.137684106826782,-11.009793758392334,0.21428571428571427
6309,1,0,22867,-15.137684106826782,-11.009793758392334,0.21428571428571427
6310,1,0,22866,-15.137684106826782,-11.009793758392334,0.21428571428571427
6311,1,0,22865,-15.137684106826782,-11.009793758392334,0.21428571428571427
6312,1,0,22864,-15.137684106826782,-11.009793758392334,0.21428571428571427
6313,1,0,22863,-15.137684106826782,-11.009793758392334,0.21428571428571427
6314,0,0,22862,-15.137684106826782,-11.009793758392334,0.21428571428571427
6315,1,0,22861,-15.137684106826782,-11.009793758392334,0.21428571428571427
6316,1,0,22860,-15.137684106826782,-11.009793758392334,0.21428571428571427
6317,1,0,22859,-15.137684106826782,-11.009793758392334,0.21428571428571427
6318,1,0,22858,-15.137684106826782,-11.009793758392334,0.21428571428571427
6319,1,0,22857,-15.137684106826782,-11.009793758392334,0.21428571428571427
6320,1,0,22856,-15.137684106826782,-11.009793758392334,0.21428571428571427
6321,1,0,22877,-15.137684106826782,-11.009793758392334,0.21428571428571427
6322,1,0,22878,-15.137684106826782,-11.009793758392334,0.21428571428571427
6323,1,0,22879,-15.137684106826782,-11.009793758392334,0.21428571428571427
6324,1,0,22891,-15.137684106826782,-11.009793758392334,0.21428571428571427
6325,1,0,22900,-15.137684106826782,-11.009793758392334,0.21428571428571427
6326,1,0,22899,-15.137684106826782,-11.009793758392334,0.21428571428571427
6327,1,0,22898,-15.137684106826782,-11.009793758392334,0.21428571428571427
6328,1,0,22897,-15.137684106826782,-11.009793758392334,0.21428571428571427
6329,1,0,22896,-15.137684106826782,-11.009793758392334,0.21428571428571427
6330,1,0,22895,-15.137684106826782,-11.009793758392334,0.21428571428571427
6331,0,0,22894,-15.137684106826782,-11.009793758392334,0.21428571428571427
6332,1,0,22893,-15.137684106826782,-11.009793758392334,0.21428571428571427
6333,1,0,22892,-15.137684106826782,-11.009793758392334,0.21428571428571427
6334,1,0,22890,-15.137684106826782,-11.009793758392334,0.21428571428571427
6335,0,0,22880,-15.137684106826782,-11.009793758392334,0.21428571428571427
6336,1,0,22889,-15.137684106826782,-11.009793758392334,0.21428571428571427
6337,1,0,22888,-15.137684106826782,-11.009793758392334,0.21428571428571427
6338,1,0,22887,-15.137684106826782,-11.009793758392334,0.21428571428571427
6339,1,0,22886,-15.137684106826782,-11.009793758392334,0.21428571428571427
6340,1,0,22885,-15.137684106826782,-11.009793758392334,0.21428571428571427
6341,1,0,22884,-15.137684106826782,-11.009793758392334,0.21428571428571427
6342,1,0,22883,-15.137684106826782,-11.009793758392334,0.21428571428571427
6343,1,0,22882,-15.137684106826782,-11.009793758392334,0.21428571428571427
6344,0,0,22881,-15.137684106826782,-11.009793758392334,0.21428571428571427
6345,1,0,22950,-15.137684106826782,-11.009793758392334,0.21428571428571427
6346,1,0,22951,-15.137684106826782,-11.009793758392334,0.21428571428571427
6347,1,0,22952,-15.137684106826782,-11.009793758392334,0.21428571428571427
6348,1,0,22953,-15.137684106826782,-11.009793758392334,0.21428571428571427
6349,1,0,23022,-15.137684106826782,-11.009793758392334,0.21428571428571427
6350,1,0,23021,-15.137684106826782,-11.009793758392334,0.21428571428571427
6351,1,0,23020,-15.137684106826782,-11.009793758392334,0.21428571428571427
6352,1,0,23019,-15.137684106826782,-11.009793758392334,0.21428571428571427
6353,1,0,23018,-15.137684106826782,-11.009793758392334,0.21428571428571427
6354,1,0,23017,-15.137684106826782,-11.009793758392334,0.21428571428571427
6355,1,0,23016,-15.137684106826782,-11.009793758392334,0.21428571428571427
6356,1,0,23015,-15.137684106826782,-11.009793758392334,0.21428571428571427
6357,1,0,23014,-15.137684106826782,-11.009793758392334,0.21428571428571427
6358,1,0,23012,-15.137684106826782,-11.009793758392334,0.21428571428571427
6359,1,0,23002,-15.137684106826782,-11.009793758392334,0.21428571428571427
6360,0,0,23011,-15.137684106826782,-11.009793758392334,0.21428571428571427
6361,1,0,23010,-15.137684106826782,-11.009793758392334,0.21428571428571427
6362,0,0,23009,-15.137684106826782,-11.009793758392334,0.21428571428571427
6363,1,0,23008,-15.137684106826782,-11.009793758392334,0.21428571428571427
6364,1,0,23007,-15.137684106826782,-11.009793758392334,0.21428571428571427
6365,0,0,23006,-15.137684106826782,-11.009793758392334,0.21428571428571427
6366,1,0,23005,-15.137684106826782,-11.009793758392334,0.21428571428571427
6367,1,0,23004,-15.137684106826782,-11.009793758392334,0.21428571428571427
6368,0,0,23003,-15.137684106826782,-11.009793758392334,0.21428571428571427
6369,1,0,23023,-15.137684106826782,-11.009793758392334,0.21428571428571427
6370,1,0,23013,-15.137684106826782,-11.009793758392334,0.21428571428571427
6371,1,0,23024,-15.137684106826782,-11.009793758392334,0.21428571428571427
6372,1,0,23037,-15.137684106826782,-11.009793758392334,0.21428571428571427
6373,1,0,23046,-15.137684106826782,-11.009793758392334,0.21428571428571427
6374,1,0,23045,-15.137684106826782,-11.009793758392334,0.21428571428571427
6375,1,0,23044,-15.137684106826782,-11.009793758392334,0.21428571428571427
6376,1,0,23043,-15.137684106826782,-11.009793758392334,0.21428571428571427
6377,0,0,23042,-15.137684106826782,-11.009793758392334,0.21428571428571427
6378,1,0,23041,-15.137684106826782,-11.009793758392334,0.21428571428571427
6379,1,0,23040,-15.137684106826782,-11.009793758392334,0.21428571428571427
6380,1,0,23039,-15.137684106826782,-11.009793758392334,0.21428571428571427
6381,1,0,23038,-15.137684106826782,-11.009793758392334,0.21428571428571427
6382,1,0,23036,-15.137684106826782,-11.009793758392334,0.21428571428571427
6383,1,0,23026,-15.137684106826782,-11.009793758392334,0.21428571428571427
6384,1,0,23035,-15.137684106826782,-11.009793758392334,0.21428571428571427
6385,1,0,23034,-15.137684106826782,-11.009793758392334,0.21428571428571427
6386,1,0,23033,-15.137684106826782,-11.009793758392334,0.21428571428571427
6387,1,0,23032,-15.137684106826782,-11.009793758392334,0.21428571428571427
6388,1,0,23031,-15.137684106826782,-11.009793758392334,0.21428571428571427
6389,1,0,23030,-15.137684106826782,-11.009793758392334,0.21428571428571427
6390,1,0,23029,-15.137684106826782,-11.009793758392334,0.21428571428571427
6391,1,0,23028,-15.137684106826782,-11.009793758392334,0.21428571428571427
6392,1,0,23027,-15.137684106826782,-11.009793758392334,0.21428571428571427
6393,1,0,23025,-15.137684106826782,-11.009793758392334,0.21428571428571427
6394,1,0,23001,-15.137684106826782,-11.009793758392334,0.21428571428571427
6395,1,0,23000,-15.137684106826782,-11.009793758392334,0.21428571428571427
6396,1,0,22999,-15.137684106826782,-11.009793758392334,0.21428571428571427
6397,1,0,22974,-15.137684106826782,-11.009793758392334,0.21428571428571427
6398,1,0,22973,-15.137684106826782,-11.009793758392334,0.21428571428571427
6399,1,0,22972,-15.137684106826782,-11.009793758392334,0.21428571428571427
6400,1,0,22971,-15.137684106826782,-11.009793758392334,0.21428571428571427
6401,1,0,22970,-15.137684106826782,-11.009793758392334,0.21428571428571427
6402,0,0,22969,-15.137684106826782,-11.009793758392334,0.21428571428571427
6403,1,0,22968,-15.137684106826782,-11.009793758392334,0.21428571428571427
6404,1,0,22967,-15.137684106826782,-11.009793758392334,0.21428571428571427
6405,1,0,22966,-15.137684106826782,-11.009793758392334,0.21428571428571427
6406,1,0,22965,-15.137684106826782,-11.009793758392334,0.21428571428571427
6407,1,0,22964,-15.137684106826782,-11.009793758392334,0.21428571428571427
6408,1,0,22963,-15.137684106826782,-11.009793758392334,0.21428571428571427
6409,1,0,22962,-15.137684106826782,-11.009793758392334,0.21428571428571427
6410,1,0,22961,-15.137684106826782,-11.009793758392334,0.21428571428571427
6411,1,0,22960,-15.137684106826782,-11.009793758392334,0.21428571428571427
6412,1,0,22959,-15.137684106826782,-11.009793758392334,0.21428571428571427
6413,1,0,22958,-15.137684106826782,-11.009793758392334,0.21428571428571427
6414,1,0,22957,-15.137684106826782,-11.009793758392334,0.21428571428571427
6415,1,0,22956,-15.137684106826782,-11.009793758392334,0.21428571428571427
6416,1,0,22955,-15.137684106826782,-11.009793758392334,0.21428571428571427
6417,1,0,22954,-15.137684106826782,-11.009793758392334,0.21428571428571427
6418,1,0,22975,-15.137684106826782,-11.009793758392334,0.21428571428571427
6419,1,0,22976,-15.137684106826782,-11.009793758392334,0.21428571428571427
6420,1,0,22977,-15.137684106826782,-11.009793758392334,0.21428571428571427
6421,1,0,22989,-15.137684106826782,-11.009793758392334,0.21428571428571427
6422,1,0,22998,-15.137684106826782,-11.009793758392334,0.21428571428571427
6423,1,0,22997,-15.137684106826782,-11.009793758392334,0.21428571428571427
6424,1,0,22996,-15.137684106826782,-11.009793758392334,0.21428571428571427
6425,1,0,22995,-15.137684106826782,-11.009793758392334,0.21428571428571427
6426,1,0,22994,-15.137684106826782,-11.009793758392334,0.21428571428571427
6427,1,0,22993,-15.137684106826782,-11.009793758392334,0.21428571428571427
6428,1,0,22992,-15.137684106826782,-11.009793758392334,0.21428571428571427
6429,1,0,22991,-15.137684106826782,-11.009793758392334,0.21428571428571427
6430,1,0,22990,-15.137684106826782,-11.009793758392334,0.21428571428571427
6431,1,0,22988,-15.137684106826782,-11.009793758392334,0.21428571428571427
6432,1,0,22978,-15.137684106826782,-11.009793758392334,0.21428571428571427
6433,0,0,22987,-15.137684106826782,-11.009793758392334,0.21428571428571427
6434,1,0,22986,-15.137684106826782,-11.009793758392334,0.21428571428571427
6435,1,0,22985,-15.137684106826782,-11.009793758392334,0.21428571428571427
6436,1,0,22984,-15.137684106826782,-11.009793758392334,0.21428571428571427
6437,1,0,22983,-15.137684106826782,-11.009793758392334,0.21428571428571427
6438,1,0,22982,-15.137684106826782,-11.009793758392334,0.21428571428571427
6439,1,0,22981,-15.137684106826782,-11.009793758392334,0.21428571428571427
6440,1,0,22980,-15.137684106826782,-11.009793758392334,0.21428571428571427
6441,0,0,22979,-15.137684106826782,-11.009793758392334,0.21428571428571427
6442,1,0,22903,-15.137684106826782,-11.009793758392334,0.21428571428571427
6443,1,0,22854,-15.137684106826782,-11.009793758392334,0.21428571428571427
6444,0,0,22853,-15.137684106826782,-11.009793758392334,0.21428571428571427
6445,1,0,22852,-15.137684106826782,-11.009793758392334,0.21428571428571427
6446,1,0,22729,-15.137684106826782,-11.009793758392334,0.21428571428571427
6447,1,0,22728,-15.137684106826782,-11.009793758392334,0.21428571428571427
6448,1,0,22727,-15.137684106826782,-11.009793758392334,0.21428571428571427
6449,1,0,22726,-15.137684106826782,-11.009793758392334,0.21428571428571427
6450,1,0,22725,-15.137684106826782,-11.009793758392334,0.21428571428571427
6451,1,0,22724,-15.137684106826782,-11.009793758392334,0.21428571428571427
6452,0,0,22723,-15.137684106826782,-11.009793758392334,0.21428571428571427
6453,1,0,22722,-15.137684106826782,-11.009793758392334,0.21428571428571427
6454,1,0,22721,-15.137684106826782,-11.009793758392334,0.21428571428571427
6455,1,0,22720,-15.137684106826782,-11.009793758392334,0.21428571428571427
6456,1,0,22719,-15.137684106826782,-11.009793758392334,0.21428571428571427
6457,1,0,22718,-15.137684106826782,-11.009793758392334,0.21428571428571427
6458,1,0,22717,-15.137684106826782,-11.009793758392334,0.21428571428571427
6459,1,0,22716,-15.137684106826782,-11.009793758392334,0.21428571428571427
6460,1,0,22715,-15.137684106826782,-11.009793758392334,0.21428571428571427
6461,1,0,22714,-15.137684106826782,-11.009793758392334,0.21428571428571427
6462,1,0,22713,-15.137684106826782,-11.009793758392334,0.21428571428571427
6463,1,0,22712,-15.137684106826782,-11.009793758392334,0.21428571428571427
6464,1,0,22711,-15.137684106826782,-11.009793758392334,0.21428571428571427
6465,1,0,22710,-15.137684106826782,-11.009793758392334,0.21428571428571427
6466,0,0,22709,-15.137684106826782,-11.009793758392334,0.21428571428571427
6467,1,0,22730,-15.137684106826782,-11.009793758392334,0.21428571428571427
6468,1,0,22731,-15.137684106826782,-11.009793758392334,0.21428571428571427
6469,1,0,22732,-15.137684106826782,-11.009793758392334,0.21428571428571427
6470,1,0,22744,-15.137684106826782,-11.009793758392334,0.21428571428571427
6471,1,0,22753,-15.137684106826782,-11.009793758392334,0.21428571428571427
6472,0,0,22752,-15.137684106826782,-11.009793758392334,0.21428571428571427
6473,1,0,22751,-15.137684106826782,-11.009793758392334,0.21428571428571427
6474,0,0,22750,-15.137684106826782,-11.009793758392334,0.21428571428571427
6475,1,0,22749,-15.137684106826782,-11.009793758392334,0.21428571428571427
6476,1,0,22748,-15.137684106826782,-11.009793758392334,0.21428571428571427
6477,1,0,22747,-15.137684106826782,-11.009793758392334,0.21428571428571427
6478,0,0,22746,-15.137684106826782,-11.009793758392334,0.21428571428571427
6479,1,0,22745,-15.137684106826782,-11.009793758392334,0.21428571428571427
6480,1,0,22743,-15.137684106826782,-11.009793758392334,0.21428571428571427
6481,1,0,22733,-15.137684106826782,-11.009793758392334,0.21428571428571427
6482,1,0,22742,-15.137684106826782,-11.009793758392334,0.21428571428571427
6483,1,0,22741,-15.137684106826782,-11.009793758392334,0.21428571428571427
6484,1,0,22740,-15.137684106826782,-11.009793758392334,0.21428571428571427
6485,0,0,22739,-15.137684106826782,-11.009793758392334,0.21428571428571427
6486,1,0,22738,-15.137684106826782,-11.009793758392334,0.21428571428571427
6487,1,0,22737,-15.137684106826782,-11.009793758392334,0.21428571428571427
6488,1,0,22736,-15.137684106826782,-11.009793758392334,0.21428571428571427
6489,1,0,22735,-15.137684106826782,-11.009793758392334,0.21428571428571427
6490,1,0,22734,-15.137684106826782,-11.009793758392334,0.21428571428571427
6491,1,0,22708,-15.137684106826782,-11.009793758392334,0.21428571428571427
6492,1,0,22706,-15.137684106826782,-11.009793758392334,0.21428571428571427
6493,1,0,22659,-15.137684106826782,-11.009793758392334,0.21428571428571427
6494,1,0,22705,-15.137684106826782,-11.009793758392334,0.21428571428571427
6495,1,0,22680,-15.137684106826782,-11.009793758392334,0.21428571428571427
6496,1,0,22679,-15.137684106826782,-11.009793758392334,0.21428571428571427
6497,1,0,22678,-15.137684106826782,-11.009793758392334,0.21428571428571427
6498,1,0,22677,-15.137684106826782,-11.009793758392334,0.21428571428571427
6499,1,0,22676,-15.137684106826782,-11.009793758392334,0.21428571428571427
6500,0,0,22675,-15.137684106826782,-11.009793758392334,0.21428571428571427
6501,1,0,22674,-15.137684106826782,-11.009793758392334,0.21428571428571427
6502,1,0,22673,-15.137684106826782,-11.009793758392334,0.21428571428571427
6503,0,0,22672,-15.137684106826782,-11.009793758392334,0.21428571428571427
6504,1,0,22671,-15.137684106826782,-11.009793758392334,0.21428571428571427
6505,1,0,22670,-15.137684106826782,-11.009793758392334,0.21428571428571427
6506,1,0,22669,-15.137684106826782,-11.009793758392334,0.21428571428571427
6507,1,0,22668,-15.137684106826782,-11.009793758392334,0.21428571428571427
6508,1,0,22667,-15.137684106826782,-11.009793758392334,0.21428571428571427
6509,1,0,22666,-15.137684106826782,-11.009793758392334,0.21428571428571427
6510,1,0,22665,-15.137684106826782,-11.009793758392334,0.21428571428571427
6511,1,0,22664,-15.137684106826782,-11.009793758392334,0.21428571428571427
6512,1,0,22663,-15.137684106826782,-11.009793758392334,0.21428571428571427
6513,1,0,22662,-15.137684106826782,-11.009793758392334,0.21428571428571427
6514,1,0,22661,-15.137684106826782,-11.009793758392334,0.21428571428571427
6515,1,0,22660,-15.137684106826782,-11.009793758392334,0.21428571428571427
6516,1,0,22681,-15.137684106826782,-11.009793758392334,0.21428571428571427
6517,1,0,22682,-15.137684106826782,-11.009793758392334,0.21428571428571427
6518,1,0,22683,-15.137684106826782,-11.009793758392334,0.21428571428571427
6519,1,0,22695,-15.137684106826782,-11.009793758392334,0.21428571428571427
6520,1,0,22704,-15.137684106826782,-11.009793758392334,0.21428571428571427
6521,1,0,22703,-15.137684106826782,-11.009793758392334,0.21428571428571427
6522,1,0,22702,-15.137684106826782,-11.009793758392334,0.21428571428571427
6523,1,0,22701,-15.137684106826782,-11.009793758392334,0.21428571428571427
6524,1,0,22700,-15.137684106826782,-11.009793758392334,0.21428571428571427
6525,1,0,22699,-15.137684106826782,-11.009793758392334,0.21428571428571427
6526,1,0,22698,-15.137684106826782,-11.009793758392334,0.21428571428571427
6527,1,0,22697,-15.137684106826782,-11.009793758392334,0.21428571428571427
6528,1,0,22696,-15.137684106826782,-11.009793758392334,0.21428571428571427
6529,1,0,22694,-15.137684106826782,-11.009793758392334,0.21428571428571427
6530,1,0,22684,-15.137684106826782,-11.009793758392334,0.21428571428571427
6531,0,0,22693,-15.137684106826782,-11.009793758392334,0.21428571428571427
6532,1,0,22692,-15.137684106826782,-11.009793758392334,0.21428571428571427
6533,1,0,22691,-15.137684106826782,-11.009793758392334,0.21428571428571427
6534,1,0,22690,-15.137684106826782,-11.009793758392334,0.21428571428571427
6535,1,0,22689,-15.137684106826782,-11.009793758392334,0.21428571428571427
6536,1,0,22688,-15.137684106826782,-11.009793758392334,0.21428571428571427
6537,1,0,22687,-15.137684106826782,-11.009793758392334,0.21428571428571427
6538,1,0,22686,-15.137684106826782,-11.009793758392334,0.21428571428571427
6539,0,0,22685,-15.137684106826782,-11.009793758392334,0.21428571428571427
6540,1,0,22754,-15.137684106826782,-11.009793758392334,0.21428571428571427
6541,1,0,22707,-15.137684106826782,-11.009793758392334,0.21428571428571427
6542,0,0,22755,-15.137684106826782,-11.009793758392334,0.21428571428571427
6543,1,0,22805,-15.137684106826782,-11.009793758392334,0.21428571428571427
6544,1,0,22827,-15.137684106826782,-11.009793758392334,0.21428571428571427
6545,1,0,22826,-15.137684106826782,-11.009793758392334,0.21428571428571427
6546,1,0,22825,-15.137684106826782,-11.009793758392334,0.21428571428571427
6547,1,0,22824,-15.137684106826782,-11.009793758392334,0.21428571428571427
6548,1,0,22823,-15.137684106826782,-11.009793758392334,0.21428571428571427
6549,1,0,22822,-15.137684106826782,-11.009793758392334,0.21428571428571427
6550,1,0,22821,-15.137684106826782,-11.009793758392334,0.21428571428571427
6551,1,0,22820,-15.137684106826782,-11.009793758392334,0.21428571428571427
6552,1,0,22819,-15.137684106826782,-11.009793758392334,0.21428571428571427
6553,1,0,22818,-15.137684106826782,-11.009793758392334,0.21428571428571427
6554,1,0,22817,-15.137684106826782,-11.009793758392334,0.21428571428571427
6555,1,0,22816,-15.137684106826782,-11.009793758392334,0.21428571428571427
6556,1,0,22815,-15.137684106826782,-11.009793758392334,0.21428571428571427
6557,1,0,22814,-15.137684106826782,-11.009793758392334,0.21428571428571427
6558,0,0,22813,-15.137684106826782,-11.009793758392334,0.21428571428571427
6559,0,0,22812,-15.137684106826782,-11.009793758392334,0.21428571428571427
6560,1,0,22811,-15.137684106826782,-11.009793758392334,0.21428571428571427
6561,1,0,22810,-15.137684106826782,-11.009793758392334,0.21428571428571427
6562,1,0,22809,-15.137684106826782,-11.009793758392334,0.21428571428571427
6563,1,0,22808,-15.137684106826782,-11.009793758392334,0.21428571428571427
6564,0,0,22807,-15.137684106826782,-11.009793758392334,0.21428571428571427
6565,0,0,22828,-15.137684106826782,-11.009793758392334,0.21428571428571427
6566,1,0,22829,-15.137684106826782,-11.009793758392334,0.21428571428571427
6567,1,0,22830,-15.137684106826782,-11.009793758392334,0.21428571428571427
6568,1,0,22842,-15.137684106826782,-11.009793758392334,0.21428571428571427
6569,1,0,22851,-15.137684106826782,-11.009793758392334,0.21428571428571427
6570,1,0,22850,-15.137684106826782,-11.009793758392334,0.21428571428571427
6571,1,0,22849,-15.137684106826782,-11.009793758392334,0.21428571428571427
6572,1,0,22848,-15.137684106826782,-11.009793758392334,0.21428571428571427
6573,1,0,22847,-15.137684106826782,-11.009793758392334,0.21428571428571427
6574,1,0,22846,-15.137684106826782,-11.009793758392334,0.21428571428571427
6575,1,0,22845,-15.137684106826782,-11.009793758392334,0.21428571428571427
6576,1,0,22844,-15.137684106826782,-11.009793758392334,0.21428571428571427
6577,0,0,22843,-15.137684106826782,-11.009793758392334,0.21428571428571427
6578,1,0,22841,-15.137684106826782,-11.009793758392334,0.21428571428571427
6579,1,0,22831,-15.137684106826782,-11.009793758392334,0.21428571428571427
6580,1,0,22840,-15.137684106826782,-11.009793758392334,0.21428571428571427
6581,1,0,22839,-15.137684106826782,-11.009793758392334,0.21428571428571427
6582,1,0,22838,-15.137684106826782,-11.009793758392334,0.21428571428571427
6583,1,0,22837,-15.137684106826782,-11.009793758392334,0.21428571428571427
6584,0,0,22836,-15.137684106826782,-11.009793758392334,0.21428571428571427
6585,1,0,22835,-15.137684106826782,-11.009793758392334,0.21428571428571427
6586,1,0,22834,-15.137684106826782,-11.009793758392334,0.21428571428571427
6587,1,0,22833,-15.137684106826782,-11.009793758392334,0.21428571428571427
6588,1,0,22832,-15.137684106826782,-11.009793758392334,0.21428571428571427
6589,1,0,22806,-15.137684106826782,-11.009793758392334,0.21428571428571427
6590,1,0,22804,-15.137684106826782,-11.009793758392334,0.21428571428571427
6591,0,0,22757,-15.137684106826782,-11.009793758392334,0.21428571428571427
6592,1,0,22803,-15.137684106826782,-11.009793758392334,0.21428571428571427
6593,0,0,22778,-15.137684106826782,-11.009793758392334,0.21428571428571427
6594,1,0,22777,-15.137684106826782,-11.009793758392334,0.21428571428571427
6595,1,0,22776,-15.137684106826782,-11.009793758392334,0.21428571428571427
6596,0,0,22775,-15.137684106826782,-11.009793758392334,0.21428571428571427
6597,1,0,22774,-15.137684106826782,-11.009793758392334,0.21428571428571427
6598,1,0,22773,-15.137684106826782,-11.009793758392334,0.21428571428571427
6599,1,0,22772,-15.137684106826782,-11.009793758392334,0.21428571428571427
6600,1,0,22771,-15.137684106826782,-11.009793758392334,0.21428571428571427
6601,1,0,22770,-15.137684106826782,-11.009793758392334,0.21428571428571427
6602,1,0,22769,-15.137684106826782,-11.009793758392334,0.21428571428571427
6603,1,0,22768,-15.137684106826782,-11.009793758392334,0.21428571428571427
6604,1,0,22767,-15.137684106826782,-11.009793758392334,0.21428571428571427
6605,1,0,22766,-15.137684106826782,-11.009793758392334,0.21428571428571427
6606,1,0,22765,-15.137684106826782,-11.009793758392334,0.21428571428571427
6607,1,0,22764,-15.137684106826782,-11.009793758392334,0.21428571428571427
6608,1,0,22763,-15.137684106826782,-11.009793758392334,0.21428571428571427
6609,1,0,22762,-15.137684106826782,-11.009793758392334,0.21428571428571427
6610,1,0,22761,-15.137684106826782,-11.009793758392334,0.21428571428571427
6611,1,0,22760,-15.137684106826782,-11.009793758392334,0.21428571428571427
6612,1,0,22759,-15.137684106826782,-11.009793758392334,0.21428571428571427
6613,1,0,22758,-15.137684106826782,-11.009793758392334,0.21428571428571427
6614,0,0,22779,-15.137684106826782,-11.009793758392334,0.21428571428571427
6615,1,0,22780,-15.137684106826782,-11.009793758392334,0.21428571428571427
6616,1,0,22781,-15.137684106826782,-11.009793758392334,0.21428571428571427
6617,1,0,22793,-15.137684106826782,-11.009793758392334,0.21428571428571427
6618,1,0,22802,-15.137684106826782,-11.009793758392334,0.21428571428571427
6619,1,0,22801,-15.137684106826782,-11.009793758392334,0.21428571428571427
6620,1,0,22800,-15.137684106826782,-11.009793758392334,0.21428571428571427
6621,1,0,22799,-15.137684106826782,-11.009793758392334,0.21428571428571427
6622,1,0,22798,-15.137684106826782,-11.009793758392334,0.21428571428571427
6623,1,0,22797,-15.137684106826782,-11.009793758392334,0.21428571428571427
6624,1,0,22796,-15.137684106826782,-11.009793758392334,0.21428571428571427
6625,1,0,22795,-15.137684106826782,-11.009793758392334,0.21428571428571427
6626,0,0,22794,-15.137684106826782,-11.009793758392334,0.21428571428571427
6627,1,0,22792,-15.137684106826782,-11.009793758392334,0.21428571428571427
6628,1,0,22782,-15.137684106826782,-11.009793758392334,0.21428571428571427
6629,1,0,22791,-15.137684106826782,-11.009793758392334,0.21428571428571427
6630,1,0,22790,-15.137684106826782,-11.009793758392334,0.21428571428571427
6631,1,0,22789,-15.137684106826782,-11.009793758392334,0.21428571428571427
6632,1,0,22788,-15.137684106826782,-11.009793758392334,0.21428571428571427
6633,1,0,22787,-15.137684106826782,-11.009793758392334,0.21428571428571427
6634,0,0,22786,-15.137684106826782,-11.009793758392334,0.21428571428571427
6635,1,0,22785,-15.137684106826782,-11.009793758392334,0.21428571428571427
6636,1,0,22784,-15.137684106826782,-11.009793758392334,0.21428571428571427
6637,1,0,22783,-15.137684106826782,-11.009793758392334,0.21428571428571427
6638,1,0,23047,-15.137684106826782,-11.009793758392334,0.21428571428571427
6639,1,0,23048,-15.137684106826782,-11.009793758392334,0.21428571428571427
6640,0,0,23049,-15.137684106826782,-11.009793758392334,0.21428571428571427
6641,1,0,23244,-15.137684106826782,-11.009793758392334,0.21428571428571427
6642,1,0,23315,-15.137684106826782,-11.009793758392334,0.21428571428571427
6643,1,0,23314,-15.137684106826782,-11.009793758392334,0.21428571428571427
6644,1,0,23313,-15.137684106826782,-11.009793758392334,0.21428571428571427
6645,1,0,23312,-15.137684106826782,-11.009793758392334,0.21428571428571427
6646,1,0,23311,-15.137684106826782,-11.009793758392334,0.21428571428571427
6647,1,0,23310,-15.137684106826782,-11.009793758392334,0.21428571428571427
6648,1,0,23309,-15.137684106826782,-11.009793758392334,0.21428571428571427
6649,1,0,23308,-15.137684106826782,-11.009793758392334,0.21428571428571427
6650,1,0,23307,-15.137684106826782,-11.009793758392334,0.21428571428571427
6651,1,0,23306,-15.137684106826782,-11.009793758392334,0.21428571428571427
6652,1,0,23305,-15.137684106826782,-11.009793758392334,0.21428571428571427
6653,1,0,23304,-15.137684106826782,-11.009793758392334,0.21428571428571427
6654,0,0,23303,-15.137684106826782,-11.009793758392334,0.21428571428571427
6655,0,0,23302,-15.137684106826782,-11.009793758392334,0.21428571428571427
6656,1,0,23301,-15.137684106826782,-11.009793758392334,0.21428571428571427
6657,1,0,23300,-15.137684106826782,-11.009793758392334,0.21428571428571427
6658,1,0,23299,-15.137684106826782,-11.009793758392334,0.21428571428571427
6659,1,0,23298,-15.137684106826782,-11.009793758392334,0.21428571428571427
6660,1,0,23297,-15.137684106826782,-11.009793758392334,0.21428571428571427
6661,1,0,23296,-15.137684106826782,-11.009793758392334,0.21428571428571427
6662,1,0,23295,-15.137684106826782,-11.009793758392334,0.21428571428571427
6663,1,0,23316,-15.137684106826782,-11.009793758392334,0.21428571428571427
6664,1,0,23317,-15.137684106826782,-11.009793758392334,0.21428571428571427
6665,1,0,23318,-15.137684106826782,-11.009793758392334,0.21428571428571427
6666,1,0,23330,-15.137684106826782,-11.009793758392334,0.21428571428571427
6667,0,0,23339,-15.137684106826782,-11.009793758392334,0.21428571428571427
6668,1,0,23338,-15.137684106826782,-11.009793758392334,0.21428571428571427
6669,1,0,23337,-15.137684106826782,-11.009793758392334,0.21428571428571427
6670,1,0,23336,-15.137684106826782,-11.009793758392334,0.21428571428571427
6671,1,0,23335,-15.137684106826782,-11.009793758392334,0.21428571428571427
6672,1,0,23334,-15.137684106826782,-11.009793758392334,0.21428571428571427
6673,1,0,23333,-15.137684106826782,-11.009793758392334,0.21428571428571427
6674,1,0,23332,-15.137684106826782,-11.009793758392334,0.21428571428571427
6675,1,0,23331,-15.137684106826782,-11.009793758392334,0.21428571428571427
6676,1,0,23329,-15.137684106826782,-11.009793758392334,0.21428571428571427
6677,1,0,23319,-15.137684106826782,-11.009793758392334,0.21428571428571427
6678,1,0,23328,-15.137684106826782,-11.009793758392334,0.21428571428571427
6679,0,0,23327,-15.137684106826782,-11.009793758392334,0.21428571428571427
6680,1,0,23326,-15.137684106826782,-11.009793758392334,0.21428571428571427
6681,1,0,23325,-15.137684106826782,-11.009793758392334,0.21428571428571427
6682,0,0,23324,-15.137684106826782,-11.009793758392334,0.21428571428571427
6683,1,0,23323,-15.137684106826782,-11.009793758392334,0.21428571428571427
6684,1,0,23322,-15.137684106826782,-11.009793758392334,0.21428571428571427
6685,1,0,23321,-15.137684106826782,-11.009793758392334,0.21428571428571427
6686,1,0,23320,-15.137684106826782,-11.009793758392334,0.21428571428571427
6687,1,0,23294,-15.137684106826782,-11.009793758392334,0.21428571428571427
6688,0,0,23292,-15.137684106826782,-11.009793758392334,0.21428571428571427
6689,0,0,23245,-15.137684106826782,-11.009793758392334,0.21428571428571427
6690,1,0,23291,-15.137684106826782,-11.009793758392334,0.21428571428571427
6691,0,0,23266,-15.137684106826782,-11.009793758392334,0.21428571428571427
6692,1,0,23265,-15.137684106826782,-11.009793758392334,0.21428571428571427
6693,1,0,23264,-15.137684106826782,-11.009793758392334,0.21428571428571427
6694,1,0,23263,-15.137684106826782,-11.009793758392334,0.21428571428571427
6695,1,0,23262,-15.137684106826782,-11.009793758392334,0.21428571428571427
6696,1,0,23261,-15.137684106826782,-11.009793758392334,0.21428571428571427
6697,1,0,23260,-15.137684106826782,-11.009793758392334,0.21428571428571427
6698,1,0,23259,-15.137684106826782,-11.009793758392334,0.21428571428571427
6699,1,0,23258,-15.137684106826782,-11.009793758392334,0.21428571428571427
6700,1,0,23257,-15.137684106826782,-11.009793758392334,0.21428571428571427
6701,0,0,23256,-15.137684106826782,-11.009793758392334,0.21428571428571427
6702,1,0,23255,-15.137684106826782,-11.009793758392334,0.21428571428571427
6703,1,0,23254,-15.137684106826782,-11.009793758392334,0.21428571428571427
6704,1,0,23253,-15.137684106826782,-11.009793758392334,0.21428571428571427
6705,1,0,23252,-15.137684106826782,-11.009793758392334,0.21428571428571427
6706,1,0,23251,-15.137684106826782,-11.009793758392334,0.21428571428571427
6707,1,0,23250,-15.137684106826782,-11.009793758392334,0.21428571428571427
6708,1,0,23249,-15.137684106826782,-11.009793758392334,0.21428571428571427
6709,0,0,23248,-15.137684106826782,-11.009793758392334,0.21428571428571427
6710,0,0,23247,-15.137684106826782,-11.009793758392334,0.21428571428571427
6711,1,0,23246,-15.137684106826782,-11.009793758392334,0.21428571428571427
6712,1,0,23267,-15.137684106826782,-11.009793758392334,0.21428571428571427
6713,1,0,23268,-15.137684106826782,-11.009793758392334,0.21428571428571427
6714,1,0,23269,-15.137684106826782,-11.009793758392334,0.21428571428571427
6715,1,0,23281,-15.137684106826782,-11.009793758392334,0.21428571428571427
6716,1,0,23290,-15.137684106826782,-11.009793758392334,0.21428571428571427
6717,1,0,23289,-15.137684106826782,-11.009793758392334,0.21428571428571427
6718,1,0,23288,-15.137684106826782,-11.009793758392334,0.21428571428571427
6719,1,0,23287,-15.137684106826782,-11.009793758392334,0.21428571428571427
6720,1,0,23286,-15.137684106826782,-11.009793758392334,0.21428571428571427
6721,0,0,23285,-15.137684106826782,-11.009793758392334,0.21428571428571427
6722,1,0,23284,-15.137684106826782,-11.009793758392334,0.21428571428571427
6723,1,0,23283,-15.137684106826782,-11.009793758392334,0.21428571428571427
6724,1,0,23282,-15.137684106826782,-11.009793758392334,0.21428571428571427
6725,1,0,23280,-15.137684106826782,-11.009793758392334,0.21428571428571427
6726,1,0,23270,-15.137684106826782,-11.009793758392334,0.21428571428571427
6727,0,0,23279,-15.137684106826782,-11.009793758392334,0.21428571428571427
6728,0,0,23278,-15.137684106826782,-11.009793758392334,0.21428571428571427
6729,1,0,23277,-15.137684106826782,-11.009793758392334,0.21428571428571427
6730,1,0,23276,-15.137684106826782,-11.009793758392334,0.21428571428571427
6731,1,0,23275,-15.137684106826782,-11.009793758392334,0.21428571428571427
6732,1,0,23274,-15.137684106826782,-11.009793758392334,0.21428571428571427
6733,0,0,23273,-15.137684106826782,-11.009793758392334,0.21428571428571427
6734,1,0,23272,-15.137684106826782,-11.009793758392334,0.21428571428571427
6735,1,0,23271,-15.137684106826782,-11.009793758392334,0.21428571428571427
6736,1,0,23340,-15.137684106826782,-11.009793758392334,0.21428571428571427
6737,1,0,23341,-15.137684106826782,-11.009793758392334,0.21428571428571427
6738,1,0,23342,-15.137684106826782,-11.009793758392334,0.21428571428571427
6739,1,0,23343,-15.137684106826782,-11.009793758392334,0.21428571428571427
6740,1,0,23412,-15.137684106826782,-11.009793758392334,0.21428571428571427
6741,1,0,23411,-15.137684106826782,-11.009793758392334,0.21428571428571427
6742,1,0,23410,-15.137684106826782,-11.009793758392334,0.21428571428571427
6743,1,0,23409,-15.137684106826782,-11.009793758392334,0.21428571428571427
6744,1,0,23408,-15.137684106826782,-11.009793758392334,0.21428571428571427
6745,1,0,23407,-15.137684106826782,-11.009793758392334,0.21428571428571427
6746,1,0,23406,-15.137684106826782,-11.009793758392334,0.21428571428571427
6747,1,0,23405,-15.137684106826782,-11.009793758392334,0.21428571428571427
6748,1,0,23404,-15.137684106826782,-11.009793758392334,0.21428571428571427
6749,1,0,23402,-15.137684106826782,-11.009793758392334,0.21428571428571427
6750,1,0,23392,-15.137684106826782,-11.009793758392334,0.21428571428571427
6751,0,0,23401,-15.137684106826782,-11.009793758392334,0.21428571428571427
6752,1,0,23400,-15.137684106826782,-11.009793758392334,0.21428571428571427
6753,1,0,23399,-15.137684106826782,-11.009793758392334,0.21428571428571427
6754,1,0,23398,-15.137684106826782,-11.009793758392334,0.21428571428571427
6755,1,0,23397,-15.137684106826782,-11.009793758392334,0.21428571428571427
6756,1,0,23396,-15.137684106826782,-11.009793758392334,0.21428571428571427
6757,1,0,23395,-15.137684106826782,-11.009793758392334,0.21428571428571427
6758,0,0,23394,-15.137684106826782,-11.009793758392334,0.21428571428571427
6759,1,0,23393,-15.137684106826782,-11.009793758392334,0.21428571428571427
6760,1,0,23413,-15.137684106826782,-11.009793758392334,0.21428571428571427
6761,1,0,23403,-15.137684106826782,-11.009793758392334,0.21428571428571427
6762,1,0,23414,-15.137684106826782,-11.009793758392334,0.21428571428571427
6763,1,0,23427,-15.137684106826782,-11.009793758392334,0.21428571428571427
6764,1,0,23436,-15.137684106826782,-11.009793758392334,0.21428571428571427
6765,1,0,23435,-15.137684106826782,-11.009793758392334,0.21428571428571427
6766,1,0,23434,-15.137684106826782,-11.009793758392334,0.21428571428571427
6767,1,0,23433,-15.137684106826782,-11.009793758392334,0.21428571428571427
6768,1,0,23432,-15.137684106826782,-11.009793758392334,0.21428571428571427
6769,1,0,23431,-15.137684106826782,-11.009793758392334,0.21428571428571427
6770,1,0,23430,-15.137684106826782,-11.009793758392334,0.21428571428571427
6771,1,0,23429,-15.137684106826782,-11.009793758392334,0.21428571428571427
6772,1,0,23428,-15.137684106826782,-11.009793758392334,0.21428571428571427
6773,1,0,23426,-15.137684106826782,-11.009793758392334,0.21428571428571427
6774,1,0,23416,-15.137684106826782,-11.009793758392334,0.21428571428571427
6775,1,0,23425,-15.137684106826782,-11.009793758392334,0.21428571428571427
6776,1,0,23424,-15.137684106826782,-11.009793758392334,0.21428571428571427
6777,1,0,23423,-15.137684106826782,-11.009793758392334,0.21428571428571427
6778,1,0,23422,-15.137684106826782,-11.009793758392334,0.21428571428571427
6779,1,0,23421,-15.137684106826782,-11.009793758392334,0.21428571428571427
6780,1,0,23420,-15.137684106826782,-11.009793758392334,0.21428571428571427
6781,1,0,23419,-15.137684106826782,-11.009793758392334,0.21428571428571427
6782,1,0,23418,-15.137684106826782,-11.009793758392334,0.21428571428571427
6783,1,0,23417,-15.137684106826782,-11.009793758392334,0.21428571428571427
6784,1,0,23415,-15.137684106826782,-11.009793758392334,0.21428571428571427
6785,1,0,23391,-15.137684106826782,-11.009793758392334,0.21428571428571427
6786,1,0,23390,-15.137684106826782,-11.009793758392334,0.21428571428571427
6787,1,0,23389,-15.137684106826782,-11.009793758392334,0.21428571428571427
6788,1,0,23364,-15.137684106826782,-11.009793758392334,0.21428571428571427
6789,1,0,23363,-15.137684106826782,-11.009793758392334,0.21428571428571427
6790,1,0,23362,-15.137684106826782,-11.009793758392334,0.21428571428571427
6791,1,0,23361,-15.137684106826782,-11.009793758392334,0.21428571428571427
6792,1,0,23360,-15.137684106826782,-11.009793758392334,0.21428571428571427
6793,1,0,23359,-15.137684106826782,-11.009793758392334,0.21428571428571427
6794,1,0,23358,-15.137684106826782,-11.009793758392334,0.21428571428571427
6795,1,0,23357,-15.137684106826782,-11.009793758392334,0.21428571428571427
6796,1,0,23356,-15.137684106826782,-11.009793758392334,0.21428571428571427
6797,0,0,23355,-15.137684106826782,-11.009793758392334,0.21428571428571427
6798,1,0,23354,-15.137684106826782,-11.009793758392334,0.21428571428571427
6799,1,0,23353,-15.137684106826782,-11.009793758392334,0.21428571428571427
6800,1,0,23352,-15.137684106826782,-11.009793758392334,0.21428571428571427
6801,1,0,23351,-15.137684106826782,-11.009793758392334,0.21428571428571427
6802,1,0,23350,-15.137684106826782,-11.009793758392334,0.21428571428571427
6803,1,0,23349,-15.137684106826782,-11.009793758392334,0.21428571428571427
6804,1,0,23348,-15.137684106826782,-11.009793758392334,0.21428571428571427
6805,1,0,23347,-15.137684106826782,-11.009793758392334,0.21428571428571427
6806,1,0,23346,-15.137684106826782,-11.009793758392334,0.21428571428571427
6807,1,0,23345,-15.137684106826782,-11.009793758392334,0.21428571428571427
6808,1,0,23344,-15.137684106826782,-11.009793758392334,0.21428571428571427
6809,0,0,23365,-15.137684106826782,-11.009793758392334,0.21428571428571427
6810,1,0,23366,-15.137684106826782,-11.009793758392334,0.21428571428571427
6811,1,0,23367,-15.137684106826782,-11.009793758392334,0.21428571428571427
6812,1,0,23379,-15.137684106826782,-11.009793758392334,0.21428571428571427
6813,1,0,23388,-15.137684106826782,-11.009793758392334,0.21428571428571427
6814,1,0,23387,-15.137684106826782,-11.009793758392334,0.21428571428571427
6815,1,0,23386,-15.137684106826782,-11.009793758392334,0.21428571428571427
6816,1,0,23385,-15.137684106826782,-11.009793758392334,0.21428571428571427
6817,1,0,23384,-15.137684106826782,-11.009793758392334,0.21428571428571427
6818,1,0,23383,-15.137684106826782,-11.009793758392334,0.21428571428571427
6819,1,0,23382,-15.137684106826782,-11.009793758392334,0.21428571428571427
6820,1,0,23381,-15.137684106826782,-11.009793758392334,0.21428571428571427
6821,1,0,23380,-15.137684106826782,-11.009793758392334,0.21428571428571427
6822,1,0,23378,-15.137684106826782,-11.009793758392334,0.21428571428571427
6823,1,0,23368,-15.137684106826782,-11.009793758392334,0.21428571428571427
6824,1,0,23377,-15.137684106826782,-11.009793758392334,0.21428571428571427
6825,1,0,23376,-15.137684106826782,-11.009793758392334,0.21428571428571427
6826,0,0,23375,-15.137684106826782,-11.009793758392334,0.21428571428571427
6827,1,0,23374,-15.137684106826782,-11.009793758392334,0.21428571428571427
6828,1,0,23373,-15.137684106826782,-11.009793758392334,0.21428571428571427
6829,1,0,23372,-15.137684106826782,-11.009793758392334,0.21428571428571427
6830,1,0,23371,-15.137684106826782,-11.009793758392334,0.21428571428571427
6831,1,0,23370,-15.137684106826782,-11.009793758392334,0.21428571428571427
6832,0,0,23369,-15.137684106826782,-11.009793758392334,0.21428571428571427
6833,1,0,23293,-15.137684106826782,-11.009793758392334,0.21428571428571427
6834,1,0,23243,-15.137684106826782,-11.009793758392334,0.21428571428571427
6835,1,0,23098,-15.137684106826782,-11.009793758392334,0.21428571428571427
6836,1,0,23242,-15.137684106826782,-11.009793758392334,0.21428571428571427
6837,1,0,23120,-15.137684106826782,-11.009793758392334,0.21428571428571427
6838,1,0,23119,-15.137684106826782,-11.009793758392334,0.21428571428571427
6839,1,0,23118,-15.137684106826782,-11.009793758392334,0.21428571428571427
6840,1,0,23117,-15.137684106826782,-11.009793758392334,0.21428571428571427
6841,1,0,23116,-15.137684106826782,-11.009793758392334,0.21428571428571427
6842,1,0,23115,-15.137684106826782,-11.009793758392334,0.21428571428571427
6843,1,0,23114,-15.137684106826782,-11.009793758392334,0.21428571428571427
6844,1,0,23113,-15.137684106826782,-11.009793758392334,0.21428571428571427
6845,1,0,23112,-15.137684106826782,-11.009793758392334,0.21428571428571427
6846,1,0,23111,-15.137684106826782,-11.009793758392334,0.21428571428571427
6847,1,0,23110,-15.137684106826782,-11.009793758392334,0.21428571428571427
6848,1,0,23109,-15.137684106826782,-11.009793758392334,0.21428571428571427
6849,1,0,23108,-15.137684106826782,-11.009793758392334,0.21428571428571427
6850,1,0,23107,-15.137684106826782,-11.009793758392334,0.21428571428571427
6851,1,0,23106,-15.137684106826782,-11.009793758392334,0.21428571428571427
6852,1,0,23105,-15.137684106826782,-11.009793758392334,0.21428571428571427
6853,1,0,23104,-15.137684106826782,-11.009793758392334,0.21428571428571427
6854,1,0,23103,-15.137684106826782,-11.009793758392334,0.21428571428571427
6855,0,0,23102,-15.137684106826782,-11.009793758392334,0.21428571428571427
6856,1,0,23101,-15.137684106826782,-11.009793758392334,0.21428571428571427
6857,1,0,23100,-15.137684106826782,-11.009793758392334,0.21428571428571427
6858,1,0,23121,-15.137684106826782,-11.009793758392334,0.21428571428571427
6859,1,0,23122,-15.137684106826782,-11.009793758392334,0.21428571428571427
6860,1,0,23123,-15.137684106826782,-11.009793758392334,0.21428571428571427
6861,0,0,23135,-15.137684106826782,-11.009793758392334,0.21428571428571427
6862,1,0,23144,-15.137684106826782,-11.009793758392334,0.21428571428571427
6863,1,0,23143,-15.137684106826782,-11.009793758392334,0.21428571428571427
6864,1,0,23142,-15.137684106826782,-11.009793758392334,0.21428571428571427
6865,1,0,23141,-15.137684106826782,-11.009793758392334,0.21428571428571427
6866,0,0,23140,-15.137684106826782,-11.009793758392334,0.21428571428571427
6867,1,0,23139,-15.137684106826782,-11.009793758392334,0.21428571428571427
6868,0,0,23138,-15.137684106826782,-11.009793758392334,0.21428571428571427
6869,1,0,23137,-15.137684106826782,-11.009793758392334,0.21428571428571427
6870,1,0,23136,-15.137684106826782,-11.009793758392334,0.21428571428571427
6871,1,0,23134,-15.137684106826782,-11.009793758392334,0.21428571428571427
6872,1,0,23124,-15.137684106826782,-11.009793758392334,0.21428571428571427
6873,1,0,23133,-15.137684106826782,-11.009793758392334,0.21428571428571427
6874,0,0,23132,-15.137684106826782,-11.009793758392334,0.21428571428571427
6875,1,0,23131,-15.137684106826782,-11.009793758392334,0.21428571428571427
6876,1,0,23130,-15.137684106826782,-11.009793758392334,0.21428571428571427
6877,1,0,23129,-15.137684106826782,-11.009793758392334,0.21428571428571427
6878,1,0,23128,-15.137684106826782,-11.009793758392334,0.21428571428571427
6879,1,0,23127,-15.137684106826782,-11.009793758392334,0.21428571428571427
6880,1,0,23126,-15.137684106826782,-11.009793758392334,0.21428571428571427
6881,1,0,23125,-15.137684106826782,-11.009793758392334,0.21428571428571427
6882,1,0,23099,-15.137684106826782,-11.009793758392334,0.21428571428571427
6883,1,0,23097,-15.137684106826782,-11.009793758392334,0.21428571428571427
6884,1,0,23050,-15.137684106826782,-11.009793758392334,0.21428571428571427
6885,1,0,23096,-15.137684106826782,-11.009793758392334,0.21428571428571427
6886,1,0,23071,-15.137684106826782,-11.009793758392334,0.21428571428571427
6887,1,0,23070,-15.137684106826782,-11.009793758392334,0.21428571428571427
6888,1,0,23069,-15.137684106826782,-11.009793758392334,0.21428571428571427
6889,1,0,23068,-15.137684106826782,-11.009793758392334,0.21428571428571427
6890,1,0,23067,-15.137684106826782,-11.009793758392334,0.21428571428571427
6891,1,0,23066,-15.137684106826782,-11.009793758392334,0.21428571428571427
6892,1,0,23065,-15.137684106826782,-11.009793758392334,0.21428571428571427
6893,1,0,23064,-15.137684106826782,-11.009793758392334,0.21428571428571427
6894,1,0,23063,-15.137684106826782,-11.009793758392334,0.21428571428571427
6895,1,0,23062,-15.137684106826782,-11.009793758392334,0.21428571428571427
6896,1,0,23061,-15.137684106826782,-11.009793758392334,0.21428571428571427
6897,1,0,23060,-15.137684106826782,-11.009793758392334,0.21428571428571427
6898,1,0,23059,-15.137684106826782,-11.009793758392334,0.21428571428571427
6899,0,0,23058,-15.137684106826782,-11.009793758392334,0.21428571428571427
6900,1,0,23057,-15.137684106826782,-11.009793758392334,0.21428571428571427
6901,1,0,23056,-15.137684106826782,-11.009793758392334,0.21428571428571427
6902,1,0,23055,-15.137684106826782,-11.009793758392334,0.21428571428571427
6903,1,0,23054,-15.137684106826782,-11.009793758392334,0.21428571428571427
6904,0,0,23053,-15.137684106826782,-11.009793758392334,0.21428571428571427
6905,1,0,23052,-15.137684106826782,-11.009793758392334,0.21428571428571427
6906,1,0,23051,-15.137684106826782,-11.009793758392334,0.21428571428571427
6907,1,0,23072,-15.137684106826782,-11.009793758392334,0.21428571428571427
6908,0,0,23073,-15.137684106826782,-11.009793758392334,0.21428571428571427
6909,1,0,23074,-15.137684106826782,-11.009793758392334,0.21428571428571427
6910,1,0,23086,-15.137684106826782,-11.009793758392334,0.21428571428571427
6911,1,0,23095,-15.137684106826782,-11.009793758392334,0.21428571428571427
6912,1,0,23094,-15.137684106826782,-11.009793758392334,0.21428571428571427
6913,1,0,23093,-15.137684106826782,-11.009793758392334,0.21428571428571427
6914,1,0,23092,-15.137684106826782,-11.009793758392334,0.21428571428571427
6915,1,0,23091,-15.137684106826782,-11.009793758392334,0.21428571428571427
6916,1,0,23090,-15.137684106826782,-11.009793758392334,0.21428571428571427
6917,1,0,23089,-15.137684106826782,-11.009793758392334,0.21428571428571427
6918,1,0,23088,-15.137684106826782,-11.009793758392334,0.21428571428571427
6919,1,0,23087,-15.137684106826782,-11.009793758392334,0.21428571428571427
6920,1,0,23085,-15.137684106826782,-11.009793758392334,0.21428571428571427
6921,1,0,23075,-15.137684106826782,-11.009793758392334,0.21428571428571427
6922,1,0,23084,-15.137684106826782,-11.009793758392334,0.21428571428571427
6923,1,0,23083,-15.137684106826782,-11.009793758392334,0.21428571428571427
6924,1,0,23082,-15.137684106826782,-11.009793758392334,0.21428571428571427
6925,1,0,23081,-15.137684106826782,-11.009793758392334,0.21428571428571427
6926,0,0,23080,-15.137684106826782,-11.009793758392334,0.21428571428571427
6927,1,0,23079,-15.137684106826782,-11.009793758392334,0.21428571428571427
6928,0,0,23078,-15.137684106826782,-11.009793758392334,0.21428571428571427
6929,1,0,23077,-15.137684106826782,-11.009793758392334,0.21428571428571427
6930,1,0,23076,-15.137684106826782,-11.009793758392334,0.21428571428571427
6931,1,0,23145,-15.137684106826782,-11.009793758392334,0.21428571428571427
6932,1,0,23146,-15.137684106826782,-11.009793758392334,0.21428571428571427
6933,1,0,23147,-15.137684106826782,-11.009793758392334,0.21428571428571427
6934,1,0,23148,-15.137684106826782,-11.009793758392334,0.21428571428571427
6935,1,0,23217,-15.137684106826782,-11.009793758392334,0.21428571428571427
6936,1,0,23216,-15.137684106826782,-11.009793758392334,0.21428571428571427
6937,1,0,23215,-15.137684106826782,-11.009793758392334,0.21428571428571427
6938,1,0,23214,-15.137684106826782,-11.009793758392334,0.21428571428571427
6939,1,0,23213,-15.137684106826782,-11.009793758392334,0.21428571428571427
6940,1,0,23212,-15.137684106826782,-11.009793758392334,0.21428571428571427
6941,1,0,23211,-15.137684106826782,-11.009793758392334,0.21428571428571427
6942,1,0,23210,-15.137684106826782,-11.009793758392334,0.21428571428571427
6943,1,0,23209,-15.137684106826782,-11.009793758392334,0.21428571428571427
6944,1,0,23207,-15.137684106826782,-11.009793758392334,0.21428571428571427
6945,1,0,23197,-15.137684106826782,-11.009793758392334,0.21428571428571427
6946,1,0,23206,-15.137684106826782,-11.009793758392334,0.21428571428571427
6947,1,0,23205,-15.137684106826782,-11.009793758392334,0.21428571428571427
6948,1,0,23204,-15.137684106826782,-11.009793758392334,0.21428571428571427
6949,1,0,23203,-15.137684106826782,-11.009793758392334,0.21428571428571427
6950,1,0,23202,-15.137684106826782,-11.009793758392334,0.21428571428571427
6951,1,0,23201,-15.137684106826782,-11.009793758392334,0.21428571428571427
6952,1,0,23200,-15.137684106826782,-11.009793758392334,0.21428571428571427
6953,1,0,23199,-15.137684106826782,-11.009793758392334,0.21428571428571427
6954,1,0,23198,-15.137684106826782,-11.009793758392334,0.21428571428571427
6955,1,0,23218,-15.137684106826782,-11.009793758392334,0.21428571428571427
6956,1,0,23208,-15.137684106826782,-11.009793758392334,0.21428571428571427
6957,0,0,23219,-15.137684106826782,-11.009793758392334,0.21428571428571427
6958,0,0,23232,-15.137684106826782,-11.009793758392334,0.21428571428571427
6959,1,0,23241,-15.137684106826782,-11.009793758392334,0.21428571428571427
6960,1,0,23240,-15.137684106826782,-11.009793758392334,0.21428571428571427
6961,1,0,23239,-15.137684106826782,-11.009793758392334,0.21428571428571427
6962,1,0,23238,-15.137684106826782,-11.009793758392334,0.21428571428571427
6963,1,0,23237,-15.137684106826782,-11.009793758392334,0.21428571428571427
6964,1,0,23236,-15.137684106826782,-11.009793758392334,0.21428571428571427
6965,1,0,23235,-15.137684106826782,-11.009793758392334,0.21428571428571427
6966,1,0,23234,-15.137684106826782,-11.009793758392334,0.21428571428571427
6967,1,0,23233,-15.137684106826782,-11.009793758392334,0.21428571428571427
6968,1,0,23231,-15.137684106826782,-11.009793758392334,0.21428571428571427
6969,1,0,23221,-15.137684106826782,-11.009793758392334,0.21428571428571427
6970,1,0,23230,-15.137684106826782,-11.009793758392334,0.21428571428571427
6971,0,0,23229,-15.137684106826782,-11.009793758392334,0.21428571428571427
6972,1,0,23228,-15.137684106826782,-11.009793758392334,0.21428571428571427
6973,1,0,23227,-15.137684106826782,-11.009793758392334,0.21428571428571427
6974,1,0,23226,-15.137684106826782,-11.009793758392334,0.21428571428571427
6975,1,0,23225,-15.137684106826782,-11.009793758392334,0.21428571428571427
6976,1,0,23224,-15.137684106826782,-11.009793758392334,0.21428571428571427
6977,1,0,23223,-15.137684106826782,-11.009793758392334,0.21428571428571427
6978,1,0,23222,-15.137684106826782,-11.009793758392334,0.21428571428571427
6979,1,0,23220,-15.137684106826782,-11.009793758392334,0.21428571428571427
6980,1,0,23196,-15.137684106826782,-11.009793758392334,0.21428571428571427
6981,1,0,23195,-15.137684106826782,-11.009793758392334,0.21428571428571427
6982,1,0,23194,-15.137684106826782,-11.009793758392334,0.21428571428571427
6983,1,0,23169,-15.137684106826782,-11.009793758392334,0.21428571428571427
6984,0,0,23168,-15.137684106826782,-11.009793758392334,0.21428571428571427
6985,1,0,23167,-15.137684106826782,-11.009793758392334,0.21428571428571427
6986,1,0,23166,-15.137684106826782,-11.009793758392334,0.21428571428571427
6987,1,0,23165,-15.137684106826782,-11.009793758392334,0.21428571428571427
6988,1,0,23164,-15.137684106826782,-11.009793758392334,0.21428571428571427
6989,1,0,23163,-15.137684106826782,-11.009793758392334,0.21428571428571427
6990,1,0,23162,-15.137684106826782,-11.009793758392334,0.21428571428571427
6991,1,0,23161,-15.137684106826782,-11.009793758392334,0.21428571428571427
6992,1,0,23160,-15.137684106826782,-11.009793758392334,0.21428571428571427
6993,1,0,23159,-15.137684106826782,-11.009793758392334,0.21428571428571427
6994,1,0,23158,-15.137684106826782,-11.009793758392334,0.21428571428571427
6995,1,0,23157,-15.137684106826782,-11.009793758392334,0.21428571428571427
6996,0,0,23156,-15.137684106826782,-11.009793758392334,0.21428571428571427
6997,1,0,23155,-15.137684106826782,-11.009793758392334,0.21428571428571427
6998,1,0,23154,-15.137684106826782,-11.009793758392334,0.21428571428571427
6999,1,0,23153,-15.137684106826782,-11.009793758392334,0.21428571428571427
7000,1,0,23152,-15.137684106826782,-11.009793758392334,0.21428571428571427
7001,1,0,23151,-15.137684106826782,-11.009793758392334,0.21428571428571427
7002,1,0,23150,-15.137684106826782,-11.009793758392334,0.21428571428571427
7003,1,0,23149,-15.137684106826782,-11.009793758392334,0.21428571428571427
7004,0,0,23170,-15.137684106826782,-11.009793758392334,0.21428571428571427
7005,1,0,23171,-15.137684106826782,-11.009793758392334,0.21428571428571427
7006,1,0,23172,-15.137684106826782,-11.009793758392334,0.21428571428571427
7007,0,0,23184,-15.137684106826782,-11.009793758392334,0.21428571428571427
7008,1,0,23193,-15.137684106826782,-11.009793758392334,0.21428571428571427
7009,1,0,23192,-15.137684106826782,-11.009793758392334,0.21428571428571427
7010,1,0,23191,-15.137684106826782,-11.009793758392334,0.21428571428571427
7011,1,0,23190,-15.137684106826782,-11.009793758392334,0.21428571428571427
7012,1,0,23189,-15.137684106826782,-11.009793758392334,0.21428571428571427
7013,0,0,23188,-15.137684106826782,-11.009793758392334,0.21428571428571427
7014,1,0,23187,-15.137684106826782,-11.009793758392334,0.21428571428571427
7015,1,0,23186,-15.137684106826782,-11.009793758392334,0.21428571428571427
7016,1,0,23185,-15.137684106826782,-11.009793758392334,0.21428571428571427
7017,1,0,23183,-15.137684106826782,-11.009793758392334,0.21428571428571427
7018,1,0,23173,-15.137684106826782,-11.009793758392334,0.21428571428571427
7019,1,0,23182,-15.137684106826782,-11.009793758392334,0.21428571428571427
7020,1,0,23181,-15.137684106826782,-11.009793758392334,0.21428571428571427
7021,1,0,23180,-15.137684106826782,-11.009793758392334,0.21428571428571427
7022,1,0,23179,-15.137684106826782,-11.009793758392334,0.21428571428571427
7023,1,0,23178,-15.137684106826782,-11.009793758392334,0.21428571428571427
7024,1,0,23177,-15.137684106826782,-11.009793758392334,0.21428571428571427
7025,1,0,23176,-15.137684106826782,-11.009793758392334,0.21428571428571427
7026,0,0,23175,-15.137684106826782,-11.009793758392334,0.21428571428571427
7027,1,0,23174,-15.137684106826782,-11.009793758392334,0.21428571428571427
7028,0,0,22756,-15.137684106826782,-11.009793758392334,0.21428571428571427
7029,1,0,22657,-15.137684106826782,-11.009793758392334,0.21428571428571427
7030,1,0,21975,-15.137684106826782,-11.009793758392334,0.21428571428571427
7031,1,0,22656,-15.137684106826782,-11.009793758392334,0.21428571428571427
7032,1,0,22144,-15.137684106826782,-11.009793758392334,0.21428571428571427
7033,1,0,22143,-15.137684106826782,-11.009793758392334,0.21428571428571427
7034,1,0,22142,-15.137684106826782,-11.009793758392334,0.21428571428571427
7035,1,0,22141,-15.137684106826782,-11.009793758392334,0.21428571428571427
7036,1,0,22140,-15.137684106826782,-11.009793758392334,0.21428571428571427
7037,1,0,22139,-15.137684106826782,-11.009793758392334,0.21428571428571427
7038,1,0,22138,-15.137684106826782,-11.009793758392334,0.21428571428571427
7039,1,0,22137,-15.137684106826782,-11.009793758392334,0.21428571428571427
7040,1,0,22136,-15.137684106826782,-11.009793758392334,0.21428571428571427
7041,1,0,22135,-15.137684106826782,-11.009793758392334,0.21428571428571427
7042,0,0,22134,-15.137684106826782,-11.009793758392334,0.21428571428571427
7043,1,0,22133,-15.137684106826782,-11.009793758392334,0.21428571428571427
7044,1,0,22132,-15.137684106826782,-11.009793758392334,0.21428571428571427
7045,1,0,22131,-15.137684106826782,-11.009793758392334,0.21428571428571427
7046,1,0,22130,-15.137684106826782,-11.009793758392334,0.21428571428571427
7047,1,0,22129,-15.137684106826782,-11.009793758392334,0.21428571428571427
7048,1,0,22128,-15.137684106826782,-11.009793758392334,0.21428571428571427
7049,1,0,22127,-15.137684106826782,-11.009793758392334,0.21428571428571427
7050,1,0,22126,-15.137684106826782,-11.009793758392334,0.21428571428571427
7051,1,0,22125,-15.137684106826782,-11.009793758392334,0.21428571428571427
7052,1,0,22124,-15.137684106826782,-11.009793758392334,0.21428571428571427
7053,1,0,22145,-15.137684106826782,-11.009793758392334,0.21428571428571427
7054,1,0,22146,-15.137684106826782,-11.009793758392334,0.21428571428571427
7055,1,0,22147,-15.137684106826782,-11.009793758392334,0.21428571428571427
7056,1,0,22159,-15.137684106826782,-11.009793758392334,0.21428571428571427
7057,1,0,22168,-15.137684106826782,-11.009793758392334,0.21428571428571427
7058,1,0,22167,-15.137684106826782,-11.009793758392334,0.21428571428571427
7059,1,0,22166,-15.137684106826782,-11.009793758392334,0.21428571428571427
7060,1,0,22165,-15.137684106826782,-11.009793758392334,0.21428571428571427
7061,1,0,22164,-15.137684106826782,-11.009793758392334,0.21428571428571427
7062,0,0,22163,-15.137684106826782,-11.009793758392334,0.21428571428571427
7063,1,0,22162,-15.137684106826782,-11.009793758392334,0.21428571428571427
7064,1,0,22161,-15.137684106826782,-11.009793758392334,0.21428571428571427
7065,1,0,22160,-15.137684106826782,-11.009793758392334,0.21428571428571427
7066,1,0,22158,-15.137684106826782,-11.009793758392334,0.21428571428571427
7067,1,0,22148,-15.137684106826782,-11.009793758392334,0.21428571428571427
7068,0,0,22157,-15.137684106826782,-11.009793758392334,0.21428571428571427
7069,1,0,22156,-15.137684106826782,-11.009793758392334,0.21428571428571427
7070,1,0,22155,-15.137684106826782,-11.009793758392334,0.21428571428571427
7071,1,0,22154,-15.137684106826782,-11.009793758392334,0.21428571428571427
7072,1,0,22153,-15.137684106826782,-11.009793758392334,0.21428571428571427
7073,1,0,22152,-15.137684106826782,-11.009793758392334,0.21428571428571427
7074,1,0,22151,-15.137684106826782,-11.009793758392334,0.21428571428571427
7075,1,0,22150,-15.137684106826782,-11.009793758392334,0.21428571428571427
7076,1,0,22149,-15.137684106826782,-11.009793758392334,0.21428571428571427
7077,1,0,22123,-15.137684106826782,-11.009793758392334,0.21428571428571427
7078,1,0,22121,-15.137684106826782,-11.009793758392334,0.21428571428571427
7079,1,0,22074,-15.137684106826782,-11.009793758392334,0.21428571428571427
7080,1,0,22120,-15.137684106826782,-11.009793758392334,0.21428571428571427
7081,1,0,22095,-15.137684106826782,-11.009793758392334,0.21428571428571427
7082,1,0,22094,-15.137684106826782,-11.009793758392334,0.21428571428571427
7083,1,0,22093,-15.137684106826782,-11.009793758392334,0.21428571428571427
7084,1,0,22092,-15.137684106826782,-11.009793758392334,0.21428571428571427
7085,1,0,22091,-15.137684106826782,-11.009793758392334,0.21428571428571427
7086,1,0,22090,-15.137684106826782,-11.009793758392334,0.21428571428571427
7087,1,0,22089,-15.137684106826782,-11.009793758392334,0.21428571428571427
7088,1,0,22088,-15.137684106826782,-11.009793758392334,0.21428571428571427
7089,1,0,22087,-15.137684106826782,-11.009793758392334,0.21428571428571427
7090,1,0,22086,-15.137684106826782,-11.009793758392334,0.21428571428571427
7091,1,0,22085,-15.137684106826782,-11.009793758392334,0.21428571428571427
7092,1,0,22084,-15.137684106826782,-11.009793758392334,0.21428571428571427
7093,1,0,22083,-15.137684106826782,-11.009793758392334,0.21428571428571427
7094,1,0,22082,-15.137684106826782,-11.009793758392334,0.21428571428571427
7095,1,0,22081,-15.137684106826782,-11.009793758392334,0.21428571428571427
7096,1,0,22080,-15.137684106826782,-11.009793758392334,0.21428571428571427
7097,1,0,22079,-15.137684106826782,-11.009793758392334,0.21428571428571427
7098,1,0,22078,-15.137684106826782,-11.009793758392334,0.21428571428571427
7099,1,0,22077,-15.137684106826782,-11.009793758392334,0.21428571428571427
7100,1,0,22076,-15.137684106826782,-11.009793758392334,0.21428571428571427
7101,1,0,22075,-15.137684106826782,-11.009793758392334,0.21428571428571427
7102,1,0,22096,-15.137684106826782,-11.009793758392334,0.21428571428571427
7103,0,0,22097,-15.137684106826782,-11.009793758392334,0.21428571428571427
7104,1,0,22098,-15.137684106826782,-11.009793758392334,0.21428571428571427
7105,1,0,22110,-15.137684106826782,-11.009793758392334,0.21428571428571427
7106,1,0,22119,-15.137684106826782,-11.009793758392334,0.21428571428571427
7107,1,0,22118,-15.137684106826782,-11.009793758392334,0.21428571428571427
7108,1,0,22117,-15.137684106826782,-11.009793758392334,0.21428571428571427
7109,1,0,22116,-15.137684106826782,-11.009793758392334,0.21428571428571427
7110,1,0,22115,-15.137684106826782,-11.009793758392334,0.21428571428571427
7111,1,0,22114,-15.137684106826782,-11.009793758392334,0.21428571428571427
7112,0,0,22113,-15.137684106826782,-11.009793758392334,0.21428571428571427
7113,1,0,22112,-15.137684106826782,-11.009793758392334,0.21428571428571427
7114,1,0,22111,-15.137684106826782,-11.009793758392334,0.21428571428571427
7115,1,0,22109,-15.137684106826782,-11.009793758392334,0.21428571428571427
7116,1,0,22099,-15.137684106826782,-11.009793758392334,0.21428571428571427
7117,1,0,22108,-15.137684106826782,-11.009793758392334,0.21428571428571427
7118,1,0,22107,-15.137684106826782,-11.009793758392334,0.21428571428571427
7119,1,0,22106,-15.137684106826782,-11.009793758392334,0.21428571428571427
7120,1,0,22105,-15.137684106826782,-11.009793758392334,0.21428571428571427
7121,1,0,22104,-15.137684106826782,-11.009793758392334,0.21428571428571427
7122,1,0,22103,-15.137684106826782,-11.009793758392334,0.21428571428571427
7123,1,0,22102,-15.137684106826782,-11.009793758392334,0.21428571428571427
7124,1,0,22101,-15.137684106826782,-11.009793758392334,0.21428571428571427
7125,0,0,22100,-15.137684106826782,-11.009793758392334,0.21428571428571427
7126,1,0,22169,-15.137684106826782,-11.009793758392334,0.21428571428571427
7127,1,0,22170,-15.137684106826782,-11.009793758392334,0.21428571428571427
7128,1,0,22171,-15.137684106826782,-11.009793758392334,0.21428571428571427
7129,1,0,22172,-15.137684106826782,-11.009793758392334,0.21428571428571427
7130,0,0,22241,-15.137684106826782,-11.009793758392334,0.21428571428571427
7131,1,0,22240,-15.137684106826782,-11.009793758392334,0.21428571428571427
7132,1,0,22239,-15.137684106826782,-11.009793758392334,0.21428571428571427
7133,1,0,22238,-15.137684106826782,-11.009793758392334,0.21428571428571427
7134,1,0,22237,-15.137684106826782,-11.009793758392334,0.21428571428571427
7135,1,0,22236,-15.137684106826782,-11.009793758392334,0.21428571428571427
7136,0,0,22235,-15.137684106826782,-11.009793758392334,0.21428571428571427
7137,1,0,22234,-15.137684106826782,-11.009793758392334,0.21428571428571427
7138,0,0,22233,-15.137684106826782,-11.009793758392334,0.21428571428571427
7139,1,0,22231,-15.137684106826782,-11.009793758392334,0.21428571428571427
7140,1,0,22221,-15.137684106826782,-11.009793758392334,0.21428571428571427
7141,1,0,22230,-15.137684106826782,-11.009793758392334,0.21428571428571427
7142,1,0,22229,-15.137684106826782,-11.009793758392334,0.21428571428571427
7143,1,0,22228,-15.137684106826782,-11.009793758392334,0.21428571428571427
7144,1,0,22227,-15.137684106826782,-11.009793758392334,0.21428571428571427
7145,1,0,22226,-15.137684106826782,-11.009793758392334,0.21428571428571427
7146,1,0,22225,-15.137684106826782,-11.009793758392334,0.21428571428571427
7147,1,0,22224,-15.137684106826782,-11.009793758392334,0.21428571428571427
7148,1,0,22223,-15.137684106826782,-11.009793758392334,0.21428571428571427
7149,1,0,22222,-15.137684106826782,-11.009793758392334,0.21428571428571427
7150,1,0,22242,-15.137684106826782,-11.009793758392334,0.21428571428571427
7151,1,0,22232,-15.137684106826782,-11.009793758392334,0.21428571428571427
7152,1,0,22243,-15.137684106826782,-11.009793758392334,0.21428571428571427
7153,1,0,22256,-15.137684106826782,-11.009793758392334,0.21428571428571427
7154,1,0,22265,-15.137684106826782,-11.009793758392334,0.21428571428571427
7155,1,0,22264,-15.137684106826782,-11.009793758392334,0.21428571428571427
7156,1,0,22263,-15.137684106826782,-11.009793758392334,0.21428571428571427
7157,1,0,22262,-15.137684106826782,-11.009793758392334,0.21428571428571427
7158,1,0,22261,-15.137684106826782,-11.009793758392334,0.21428571428571427
7159,1,0,22260,-15.137684106826782,-11.009793758392334,0.21428571428571427
7160,1,0,22259,-15.137684106826782,-11.009793758392334,0.21428571428571427
7161,1,0,22258,-15.137684106826782,-11.009793758392334,0.21428571428571427
7162,1,0,22257,-15.137684106826782,-11.009793758392334,0.21428571428571427
7163,1,0,22255,-15.137684106826782,-11.009793758392334,0.21428571428571427
7164,1,0,22245,-15.137684106826782,-11.009793758392334,0.21428571428571427
7165,1,0,22254,-15.137684106826782,-11.009793758392334,0.21428571428571427
7166,1,0,22253,-15.137684106826782,-11.009793758392334,0.21428571428571427
7167,0,0,22252,-15.137684106826782,-11.009793758392334,0.21428571428571427
7168,1,0,22251,-15.137684106826782,-11.009793758392334,0.21428571428571427
7169,1,0,22250,-15.137684106826782,-11.009793758392334,0.21428571428571427
7170,1,0,22249,-15.137684106826782,-11.009793758392334,0.21428571428571427
7171,1,0,22248,-15.137684106826782,-11.009793758392334,0.21428571428571427
7172,1,0,22247,-15.137684106826782,-11.009793758392334,0.21428571428571427
7173,1,0,22246,-15.137684106826782,-11.009793758392334,0.21428571428571427
7174,1,0,22244,-15.137684106826782,-11.009793758392334,0.21428571428571427
7175,1,0,22220,-15.137684106826782,-11.009793758392334,0.21428571428571427
7176,1,0,22219,-15.137684106826782,-11.009793758392334,0.21428571428571427
7177,0,0,22218,-15.137684106826782,-11.009793758392334,0.21428571428571427
7178,1,0,22193,-15.137684106826782,-11.009793758392334,0.21428571428571427
7179,1,0,22192,-15.137684106826782,-11.009793758392334,0.21428571428571427
7180,1,0,22191,-15.137684106826782,-11.009793758392334,0.21428571428571427
7181,1,0,22190,-15.137684106826782,-11.009793758392334,0.21428571428571427
7182,1,0,22189,-15.137684106826782,-11.009793758392334,0.21428571428571427
7183,1,0,22188,-15.137684106826782,-11.009793758392334,0.21428571428571427
7184,1,0,22187,-15.137684106826782,-11.009793758392334,0.21428571428571427
7185,1,0,22186,-15.137684106826782,-11.009793758392334,0.21428571428571427
7186,1,0,22185,-15.137684106826782,-11.009793758392334,0.21428571428571427
7187,1,0,22184,-15.137684106826782,-11.009793758392334,0.21428571428571427
7188,0,0,22183,-15.137684106826782,-11.009793758392334,0.21428571428571427
7189,0,0,22182,-15.137684106826782,-11.009793758392334,0.21428571428571427
7190,0,0,22181,-15.137684106826782,-11.009793758392334,0.21428571428571427
7191,1,0,22180,-15.137684106826782,-11.009793758392334,0.21428571428571427
7192,1,0,22179,-15.137684106826782,-11.009793758392334,0.21428571428571427
7193,1,0,22178,-15.137684106826782,-11.009793758392334,0.21428571428571427
7194,1,0,22177,-15.137684106826782,-11.009793758392334,0.21428571428571427
7195,0,0,22176,-15.137684106826782,-11.009793758392334,0.21428571428571427
7196,0,0,22175,-15.137684106826782,-11.009793758392334,0.21428571428571427
7197,1,0,22174,-15.137684106826782,-11.009793758392334,0.21428571428571427
7198,1,0,22173,-15.137684106826782,-11.009793758392334,0.21428571428571427
7199,1,0,22194,-15.137684106826782,-11.009793758392334,0.21428571428571427
7200,1,0,22195,-15.137684106826782,-11.009793758392334,0.21428571428571427
7201,1,0,22196,-15.137684106826782,-11.009793758392334,0.21428571428571427
7202,1,0,22208,-15.137684106826782,-11.009793758392334,0.21428571428571427
7203,1,0,22217,-15.137684106826782,-11.009793758392334,0.21428571428571427
7204,1,0,22216,-15.137684106826782,-11.009793758392334,0.21428571428571427
7205,1,0,22215,-15.137684106826782,-11.009793758392334,0.21428571428571427
7206,1,0,22214,-15.137684106826782,-11.009793758392334,0.21428571428571427
7207,1,0,22213,-15.137684106826782,-11.009793758392334,0.21428571428571427
7208,1,0,22212,-15.137684106826782,-11.009793758392334,0.21428571428571427
7209,1,0,22211,-15.137684106826782,-11.009793758392334,0.21428571428571427
7210,1,0,22210,-15.137684106826782,-11.009793758392334,0.21428571428571427
7211,1,0,22209,-15.137684106826782,-11.009793758392334,0.21428571428571427
7212,1,0,22207,-15.137684106826782,-11.009793758392334,0.21428571428571427
7213,1,0,22197,-15.137684106826782,-11.009793758392334,0.21428571428571427
7214,1,0,22206,-15.137684106826782,-11.009793758392334,0.21428571428571427
7215,1,0,22205,-15.137684106826782,-11.009793758392334,0.21428571428571427
7216,1,0,22204,-15.137684106826782,-11.009793758392334,0.21428571428571427
7217,1,0,22203,-15.137684106826782,-11.009793758392334,0.21428571428571427
7218,1,0,22202,-15.137684106826782,-11.009793758392334,0.21428571428571427
7219,1,0,22201,-15.137684106826782,-11.009793758392334,0.21428571428571427
7220,1,0,22200,-15.137684106826782,-11.009793758392334,0.21428571428571427
7221,0,0,22199,-15.137684106826782,-11.009793758392334,0.21428571428571427
7222,0,0,22198,-15.137684106826782,-11.009793758392334,0.21428571428571427
7223,1,0,22122,-15.137684106826782,-11.009793758392334,0.21428571428571427
7224,1,0,22073,-15.137684106826782,-11.009793758392334,0.21428571428571427
7225,1,0,22072,-15.137684106826782,-11.009793758392334,0.21428571428571427
7226,1,0,22071,-15.137684106826782,-11.009793758392334,0.21428571428571427
7227,1,0,21948,-15.137684106826782,-11.009793758392334,0.21428571428571427
7228,0,0,21947,-15.137684106826782,-11.009793758392334,0.21428571428571427
7229,1,0,21946,-15.137684106826782,-11.009793758392334,0.21428571428571427
7230,1,0,21945,-15.137684106826782,-11.009793758392334,0.21428571428571427
7231,1,0,21944,-15.137684106826782,-11.009793758392334,0.21428571428571427
7232,1,0,21943,-15.137684106826782,-11.009793758392334,0.21428571428571427
7233,1,0,21942,-15.137684106826782,-11.009793758392334,0.21428571428571427
7234,1,0,21941,-15.137684106826782,-11.009793758392334,0.21428571428571427
7235,1,0,21940,-15.137684106826782,-11.009793758392334,0.21428571428571427
7236,1,0,21939,-15.137684106826782,-11.009793758392334,0.21428571428571427
7237,1,0,21938,-15.137684106826782,-11.009793758392334,0.21428571428571427
7238,1,0,21937,-15.137684106826782,-11.009793758392334,0.21428571428571427
7239,1,0,21936,-15.137684106826782,-11.009793758392334,0.21428571428571427
7240,1,0,21935,-15.137684106826782,-11.009793758392334,0.21428571428571427
7241,1,0,21934,-15.137684106826782,-11.009793758392334,0.21428571428571427
7242,1,0,21933,-15.137684106826782,-11.009793758392334,0.21428571428571427
7243,1,0,21932,-15.137684106826782,-11.009793758392334,0.21428571428571427
7244,0,0,21931,-15.137684106826782,-11.009793758392334,0.21428571428571427
7245,1,0,21930,-15.137684106826782,-11.009793758392334,0.21428571428571427
7246,1,0,21929,-15.137684106826782,-11.009793758392334,0.21428571428571427
7247,1,0,21928,-15.137684106826782,-11.009793758392334,0.21428571428571427
7248,1,0,21949,-15.137684106826782,-11.009793758392334,0.21428571428571427
7249,0,0,21950,-15.137684106826782,-11.009793758392334,0.21428571428571427
7250,1,0,21951,-15.137684106826782,-11.009793758392334,0.21428571428571427
7251,1,0,21963,-15.137684106826782,-11.009793758392334,0.21428571428571427
7252,1,0,21972,-15.137684106826782,-11.009793758392334,0.21428571428571427
7253,1,0,21971,-15.137684106826782,-11.009793758392334,0.21428571428571427
7254,1,0,21970,-15.137684106826782,-11.009793758392334,0.21428571428571427
7255,1,0,21969,-15.137684106826782,-11.009793758392334,0.21428571428571427
7256,1,0,21968,-15.137684106826782,-11.009793758392334,0.21428571428571427
7257,1,0,21967,-15.137684106826782,-11.009793758392334,0.21428571428571427
7258,0,0,21966,-15.137684106826782,-11.009793758392334,0.21428571428571427
7259,1,0,21965,-15.137684106826782,-11.009793758392334,0.21428571428571427
7260,1,0,21964,-15.137684106826782,-11.009793758392334,0.21428571428571427
7261,1,0,21962,-15.137684106826782,-11.009793758392334,0.21428571428571427
7262,0,0,21952,-15.137684106826782,-11.009793758392334,0.21428571428571427
7263,1,0,21961,-15.137684106826782,-11.009793758392334,0.21428571428571427
7264,1,0,21960,-15.137684106826782,-11.009793758392334,0.21428571428571427
7265,1,0,21959,-15.137684106826782,-11.009793758392334,0.21428571428571427
7266,1,0,21958,-15.137684106826782,-11.009793758392334,0.21428571428571427
7267,0,0,21957,-15.137684106826782,-11.009793758392334,0.21428571428571427
7268,1,0,21956,-15.137684106826782,-11.009793758392334,0.21428571428571427
7269,1,0,21955,-15.137684106826782,-11.009793758392334,0.21428571428571427
7270,1,0,21954,-15.137684106826782,-11.009793758392334,0.21428571428571427
7271,1,0,21953,-15.137684106826782,-11.009793758392334,0.21428571428571427
7272,1,0,21927,-15.137684106826782,-11.009793758392334,0.21428571428571427
7273,1,0,21925,-15.137684106826782,-11.009793758392334,0.21428571428571427
7274,1,0,21878,-15.137684106826782,-11.009793758392334,0.21428571428571427
7275,1,0,21924,-15.137684106826782,-11.009793758392334,0.21428571428571427
7276,1,0,21899,-15.137684106826782,-11.009793758392334,0.21428571428571427
7277,1,0,21898,-15.137684106826782,-11.009793758392334,0.21428571428571427
7278,0,0,21897,-15.137684106826782,-11.009793758392334,0.21428571428571427
7279,1,0,21896,-15.137684106826782,-11.009793758392334,0.21428571428571427
7280,1,0,21895,-15.137684106826782,-11.009793758392334,0.21428571428571427
7281,1,0,21894,-15.137684106826782,-11.009793758392334,0.21428571428571427
7282,1,0,21893,-15.137684106826782,-11.009793758392334,0.21428571428571427
7283,1,0,21892,-15.137684106826782,-11.009793758392334,0.21428571428571427
7284,1,0,21891,-15.137684106826782,-11.009793758392334,0.21428571428571427
7285,1,0,21890,-15.137684106826782,-11.009793758392334,0.21428571428571427
7286,1,0,21889,-15.137684106826782,-11.009793758392334,0.21428571428571427
7287,1,0,21888,-15.137684106826782,-11.009793758392334,0.21428571428571427
7288,1,0,21887,-15.137684106826782,-11.009793758392334,0.21428571428571427
7289,1,0,21886,-15.137684106826782,-11.009793758392334,0.21428571428571427
7290,1,0,21885,-15.137684106826782,-11.009793758392334,0.21428571428571427
7291,1,0,21884,-15.137684106826782,-11.009793758392334,0.21428571428571427
7292,1,0,21883,-15.137684106826782,-11.009793758392334,0.21428571428571427
7293,1,0,21882,-15.137684106826782,-11.009793758392334,0.21428571428571427
7294,1,0,21881,-15.137684106826782,-11.009793758392334,0.21428571428571427
7295,1,0,21880,-15.137684106826782,-11.009793758392334,0.21428571428571427
7296,1,0,21879,-15.137684106826782,-11.009793758392334,0.21428571428571427
7297,1,0,21900,-15.137684106826782,-11.009793758392334,0.21428571428571427
7298,1,0,21901,-15.137684106826782,-11.009793758392334,0.21428571428571427
7299,1,0,21902,-15.137684106826782,-11.009793758392334,0.21428571428571427
7300,1,0,21914,-15.137684106826782,-11.009793758392334,0.21428571428571427
7301,1,0,21923,-15.137684106826782,-11.009793758392334,0.21428571428571427
7302,1,0,21922,-15.137684106826782,-11.009793758392334,0.21428571428571427
7303,1,0,21921,-15.137684106826782,-11.009793758392334,0.21428571428571427
7304,1,0,21920,-15.137684106826782,-11.009793758392334,0.21428571428571427
7305,1,0,21919,-15.137684106826782,-11.009793758392334,0.21428571428571427
7306,1,0,21918,-15.137684106826782,-11.009793758392334,0.21428571428571427
7307,1,0,21917,-15.137684106826782,-11.009793758392334,0.21428571428571427
7308,1,0,21916,-15.137684106826782,-11.009793758392334,0.21428571428571427
7309,1,0,21915,-15.137684106826782,-11.009793758392334,0.21428571428571427
7310,1,0,21913,-15.137684106826782,-11.009793758392334,0.21428571428571427
7311,1,0,21903,-15.137684106826782,-11.009793758392334,0.21428571428571427
7312,1,0,21912,-15.137684106826782,-11.009793758392334,0.21428571428571427
7313,1,0,21911,-15.137684106826782,-11.009793758392334,0.21428571428571427
7314,0,0,21910,-15.137684106826782,-11.009793758392334,0.21428571428571427
7315,1,0,21909,-15.137684106826782,-11.009793758392334,0.21428571428571427
7316,1,0,21908,-15.137684106826782,-11.009793758392334,0.21428571428571427
7317,1,0,21907,-15.137684106826782,-11.009793758392334,0.21428571428571427
7318,1,0,21906,-15.137684106826782,-11.009793758392334,0.21428571428571427
7319,1,0,21905,-15.137684106826782,-11.009793758392334,0.21428571428571427
7320,1,0,21904,-15.137684106826782,-11.009793758392334,0.21428571428571427
7321,1,0,21973,-15.137684106826782,-11.009793758392334,0.21428571428571427
7322,1,0,21926,-15.137684106826782,-11.009793758392334,0.21428571428571427
7323,1,0,21974,-15.137684106826782,-11.009793758392334,0.21428571428571427
7324,1,0,22024,-15.137684106826782,-11.009793758392334,0.21428571428571427
7325,1,0,22046,-15.137684106826782,-11.009793758392334,0.21428571428571427
7326,1,0,22045,-15.137684106826782,-11.009793758392334,0.21428571428571427
7327,1,0,22044,-15.137684106826782,-11.009793758392334,0.21428571428571427
7328,1,0,22043,-15.137684106826782,-11.009793758392334,0.21428571428571427
7329,1,0,22042,-15.137684106826782,-11.009793758392334,0.21428571428571427
7330,1,0,22041,-15.137684106826782,-11.009793758392334,0.21428571428571427
7331,1,0,22040,-15.137684106826782,-11.009793758392334,0.21428571428571427
7332,1,0,22039,-15.137684106826782,-11.009793758392334,0.21428571428571427
7333,1,0,22038,-15.137684106826782,-11.009793758392334,0.21428571428571427
7334,0,0,22037,-15.137684106826782,-11.009793758392334,0.21428571428571427
7335,1,0,22036,-15.137684106826782,-11.009793758392334,0.21428571428571427
7336,1,0,22035,-15.137684106826782,-11.009793758392334,0.21428571428571427
7337,1,0,22034,-15.137684106826782,-11.009793758392334,0.21428571428571427
7338,1,0,22033,-15.137684106826782,-11.009793758392334,0.21428571428571427
7339,1,0,22032,-15.137684106826782,-11.009793758392334,0.21428571428571427
7340,1,0,22031,-15.137684106826782,-11.009793758392334,0.21428571428571427
7341,1,0,22030,-15.137684106826782,-11.009793758392334,0.21428571428571427
7342,1,0,22029,-15.137684106826782,-11.009793758392334,0.21428571428571427
7343,0,0,22028,-15.137684106826782,-11.009793758392334,0.21428571428571427
7344,1,0,22027,-15.137684106826782,-11.009793758392334,0.21428571428571427
7345,1,0,22026,-15.137684106826782,-11.009793758392334,0.21428571428571427
7346,1,0,22047,-15.137684106826782,-11.009793758392334,0.21428571428571427
7347,1,0,22048,-15.137684106826782,-11.009793758392334,0.21428571428571427
7348,1,0,15,-15.137684106826782,-11.009793758392334,0.21428571428571427
7349,1,0,22049,-15.137684106826782,-11.009793758392334,0.21428571428571427
7350,1,0,22061,-15.137684106826782,-11.009793758392334,0.21428571428571427
7351,1,0,22070,-15.137684106826782,-11.009793758392334,0.21428571428571427
7352,1,0,22069,-15.137684106826782,-11.009793758392334,0.21428571428571427
7353,1,0,22068,-15.137684106826782,-11.009793758392334,0.21428571428571427
7354,1,0,22067,-15.137684106826782,-11.009793758392334,0.21428571428571427
7355,1,0,22066,-15.137684106826782,-11.009793758392334,0.21428571428571427
7356,1,0,22065,-15.137684106826782,-11.009793758392334,0.21428571428571427
7357,1,0,22064,-15.137684106826782,-11.009793758392334,0.21428571428571427
7358,1,0,22063,-15.137684106826782,-11.009793758392334,0.21428571428571427
7359,1,0,22062,-15.137684106826782,-11.009793758392334,0.21428571428571427
7360,1,0,22060,-15.137684106826782,-11.009793758392334,0.21428571428571427
7361,1,0,22050,-15.137684106826782,-11.009793758392334,0.21428571428571427
7362,0,0,22059,-15.137684106826782,-11.009793758392334,0.21428571428571427
7363,1,0,22058,-15.137684106826782,-11.009793758392334,0.21428571428571427
7364,1,0,22057,-15.137684106826782,-11.009793758392334,0.21428571428571427
7365,1,0,22056,-15.137684106826782,-11.009793758392334,0.21428571428571427
7366,1,0,22055,-15.137684106826782,-11.009793758392334,0.21428571428571427
7367,1,0,22054,-15.137684106826782,-11.009793758392334,0.21428571428571427
7368,1,0,22053,-15.137684106826782,-11.009793758392334,0.21428571428571427
7369,0,0,22052,-15.137684106826782,-11.009793758392334,0.21428571428571427
7370,1,0,22051,-15.137684106826782,-11.009793758392334,0.21428571428571427
7371,1,0,22025,-15.137684106826782,-11.009793758392334,0.21428571428571427
7372,1,0,22023,-15.137684106826782,-11.009793758392334,0.21428571428571427
7373,1,0,21976,-15.137684106826782,-11.009793758392334,0.21428571428571427
7374,1,0,22022,-15.137684106826782,-11.009793758392334,0.21428571428571427
7375,1,0,21997,-15.137684106826782,-11.009793758392334,0.21428571428571427
7376,1,0,21996,-15.137684106826782,-11.009793758392334,0.21428571428571427
7377,1,0,21995,-15.137684106826782,-11.009793758392334,0.21428571428571427
7378,1,0,21994,-15.137684106826782,-11.009793758392334,0.21428571428571427
7379,1,0,21993,-15.137684106826782,-11.009793758392334,0.21428571428571427
7380,1,0,21992,-15.137684106826782,-11.009793758392334,0.21428571428571427
7381,1,0,21991,-15.137684106826782,-11.009793758392334,0.21428571428571427
7382,1,0,21990,-15.137684106826782,-11.009793758392334,0.21428571428571427
7383,1,0,21989,-15.137684106826782,-11.009793758392334,0.21428571428571427
7384,1,0,21988,-15.137684106826782,-11.009793758392334,0.21428571428571427
7385,1,0,21987,-15.137684106826782,-11.009793758392334,0.21428571428571427
7386,1,0,21986,-15.137684106826782,-11.009793758392334,0.21428571428571427
7387,1,0,21985,-15.137684106826782,-11.009793758392334,0.21428571428571427
7388,1,0,21984,-15.137684106826782,-11.009793758392334,0.21428571428571427
7389,1,0,21983,-15.137684106826782,-11.009793758392334,0.21428571428571427
7390,1,0,21982,-15.137684106826782,-11.009793758392334,0.21428571428571427
7391,1,0,21981,-15.137684106826782,-11.009793758392334,0.21428571428571427
7392,1,0,21980,-15.137684106826782,-11.009793758392334,0.21428571428571427
7393,0,0,21979,-15.137684106826782,-11.009793758392334,0.21428571428571427
7394,1,0,21978,-15.137684106826782,-11.009793758392334,0.21428571428571427
7395,1,0,21977,-15.137684106826782,-11.009793758392334,0.21428571428571427
7396,1,0,21998,-15.137684106826782,-11.009793758392334,0.21428571428571427
7397,1,0,21999,-15.137684106826782,-11.009793758392334,0.21428571428571427
7398,1,0,22000,-15.137684106826782,-11.009793758392334,0.21428571428571427
7399,1,0,22012,-15.137684106826782,-11.009793758392334,0.21428571428571427
7400,1,0,22021,-15.137684106826782,-11.009793758392334,0.21428571428571427
7401,1,0,22020,-15.137684106826782,-11.009793758392334,0.21428571428571427
7402,1,0,22019,-15.137684106826782,-11.009793758392334,0.21428571428571427
7403,1,0,22018,-15.137684106826782,-11.009793758392334,0.21428571428571427
7404,1,0,22017,-15.137684106826782,-11.009793758392334,0.21428571428571427
7405,1,0,22016,-15.137684106826782,-11.009793758392334,0.21428571428571427
7406,1,0,22015,-15.137684106826782,-11.009793758392334,0.21428571428571427
7407,1,0,22014,-15.137684106826782,-11.009793758392334,0.21428571428571427
7408,1,0,22013,-15.137684106826782,-11.009793758392334,0.21428571428571427
7409,1,0,22011,-15.137684106826782,-11.009793758392334,0.21428571428571427
7410,1,0,22001,-15.137684106826782,-11.009793758392334,0.21428571428571427
7411,1,0,22010,-15.137684106826782,-11.009793758392334,0.21428571428571427
7412,1,0,22009,-15.137684106826782,-11.009793758392334,0.21428571428571427
7413,1,0,22008,-15.137684106826782,-11.009793758392334,0.21428571428571427
7414,1,0,22007,-15.137684106826782,-11.009793758392334,0.21428571428571427
7415,1,0,22006,-15.137684106826782,-11.009793758392334,0.21428571428571427
7416,0,0,22005,-15.137684106826782,-11.009793758392334,0.21428571428571427
7417,1,0,22004,-15.137684106826782,-11.009793758392334,0.21428571428571427
7418,1,0,22003,-15.137684106826782,-11.009793758392334,0.21428571428571427
7419,1,0,22002,-15.137684106826782,-11.009793758392334,0.21428571428571427
7420,1,0,22266,-15.137684106826782,-11.009793758392334,0.21428571428571427
7421,1,0,22267,-15.137684106826782,-11.009793758392334,0.21428571428571427
7422,1,0,22268,-15.137684106826782,-11.009793758392334,0.21428571428571427
7423,1,0,22463,-15.137684106826782,-11.009793758392334,0.21428571428571427
7424,0,0,22534,-15.137684106826782,-11.009793758392334,0.21428571428571427
7425,1,0,22533,-15.137684106826782,-11.009793758392334,0.21428571428571427
7426,1,0,22532,-15.137684106826782,-11.009793758392334,0.21428571428571427
7427,1,0,22531,-15.137684106826782,-11.009793758392334,0.21428571428571427
7428,1,0,22530,-15.137684106826782,-11.009793758392334,0.21428571428571427
7429,1,0,22529,-15.137684106826782,-11.009793758392334,0.21428571428571427
7430,1,0,22528,-15.137684106826782,-11.009793758392334,0.21428571428571427
7431,1,0,22527,-15.137684106826782,-11.009793758392334,0.21428571428571427
7432,0,0,22526,-15.137684106826782,-11.009793758392334,0.21428571428571427
7433,1,0,22525,-15.137684106826782,-11.009793758392334,0.21428571428571427
7434,1,0,22524,-15.137684106826782,-11.009793758392334,0.21428571428571427
7435,1,0,22523,-15.137684106826782,-11.009793758392334,0.21428571428571427
7436,1,0,22522,-15.137684106826782,-11.009793758392334,0.21428571428571427
7437,1,0,22521,-15.137684106826782,-11.009793758392334,0.21428571428571427
7438,1,0,22520,-15.137684106826782,-11.009793758392334,0.21428571428571427
7439,1,0,22519,-15.137684106826782,-11.009793758392334,0.21428571428571427
7440,1,0,22518,-15.137684106826782,-11.009793758392334,0.21428571428571427
7441,1,0,22517,-15.137684106826782,-11.009793758392334,0.21428571428571427
7442,1,0,22516,-15.137684106826782,-11.009793758392334,0.21428571428571427
7443,1,0,22515,-15.137684106826782,-11.009793758392334,0.21428571428571427
7444,1,0,22514,-15.137684106826782,-11.009793758392334,0.21428571428571427
7445,1,0,22535,-15.137684106826782,-11.009793758392334,0.21428571428571427
7446,1,0,22536,-15.137684106826782,-11.009793758392334,0.21428571428571427
7447,1,0,22537,-15.137684106826782,-11.009793758392334,0.21428571428571427
7448,1,0,22549,-15.137684106826782,-11.009793758392334,0.21428571428571427
7449,1,0,22558,-15.137684106826782,-11.009793758392334,0.21428571428571427
7450,1,0,22557,-15.137684106826782,-11.009793758392334,0.21428571428571427
7451,1,0,22556,-15.137684106826782,-11.009793758392334,0.21428571428571427
7452,1,0,22555,-15.137684106826782,-11.009793758392334,0.21428571428571427
7453,1,0,22554,-15.137684106826782,-11.009793758392334,0.21428571428571427
7454,1,0,22553,-15.137684106826782,-11.009793758392334,0.21428571428571427
7455,1,0,22552,-15.137684106826782,-11.009793758392334,0.21428571428571427
7456,1,0,22551,-15.137684106826782,-11.009793758392334,0.21428571428571427
7457,1,0,22550,-15.137684106826782,-11.009793758392334,0.21428571428571427
7458,1,0,22548,-15.137684106826782,-11.009793758392334,0.21428571428571427
7459,1,0,22538,-15.137684106826782,-11.009793758392334,0.21428571428571427
7460,1,0,22547,-15.137684106826782,-11.009793758392334,0.21428571428571427
7461,1,0,22546,-15.137684106826782,-11.009793758392334,0.21428571428571427
7462,1,0,22545,-15.137684106826782,-11.009793758392334,0.21428571428571427
7463,1,0,22544,-15.137684106826782,-11.009793758392334,0.21428571428571427
7464,1,0,22543,-15.137684106826782,-11.009793758392334,0.21428571428571427
7465,1,0,22542,-15.137684106826782,-11.009793758392334,0.21428571428571427
7466,1,0,22541,-15.137684106826782,-11.009793758392334,0.21428571428571427
7467,1,0,22540,-15.137684106826782,-11.009793758392334,0.21428571428571427
7468,1,0,22539,-15.137684106826782,-11.009793758392334,0.21428571428571427
7469,1,0,22513,-15.137684106826782,-11.009793758392334,0.21428571428571427
7470,1,0,22511,-15.137684106826782,-11.009793758392334,0.21428571428571427
7471,1,0,22464,-15.137684106826782,-11.009793758392334,0.21428571428571427
7472,1,0,22510,-15.137684106826782,-11.009793758392334,0.21428571428571427
7473,1,0,22485,-15.137684106826782,-11.009793758392334,0.21428571428571427
7474,1,0,22484,-15.137684106826782,-11.009793758392334,0.21428571428571427
7475,1,0,22483,-15.137684106826782,-11.009793758392334,0.21428571428571427
7476,1,0,22482,-15.137684106826782,-11.009793758392334,0.21428571428571427
7477,1,0,22481,-15.137684106826782,-11.009793758392334,0.21428571428571427
7478,1,0,22480,-15.137684106826782,-11.009793758392334,0.21428571428571427
7479,1,0,22479,-15.137684106826782,-11.009793758392334,0.21428571428571427
7480,1,0,22478,-15.137684106826782,-11.009793758392334,0.21428571428571427
7481,1,0,22477,-15.137684106826782,-11.009793758392334,0.21428571428571427
7482,1,0,22476,-15.137684106826782,-11.009793758392334,0.21428571428571427
7483,1,0,22475,-15.137684106826782,-11.009793758392334,0.21428571428571427
7484,1,0,22474,-15.137684106826782,-11.009793758392334,0.21428571428571427
7485,1,0,22473,-15.137684106826782,-11.009793758392334,0.21428571428571427
7486,1,0,22472,-15.137684106826782,-11.009793758392334,0.21428571428571427
7487,1,0,22471,-15.137684106826782,-11.009793758392334,0.21428571428571427
7488,1,0,22470,-15.137684106826782,-11.009793758392334,0.21428571428571427
7489,1,0,22469,-15.137684106826782,-11.009793758392334,0.21428571428571427
7490,1,0,22468,-15.137684106826782,-11.009793758392334,0.21428571428571427
7491,1,0,22467,-15.137684106826782,-11.009793758392334,0.21428571428571427
7492,1,0,22466,-15.137684106826782,-11.009793758392334,0.21428571428571427
7493,1,0,22465,-15.137684106826782,-11.009793758392334,0.21428571428571427
7494,1,0,22486,-15.137684106826782,-11.009793758392334,0.21428571428571427
7495,0,0,22487,-15.137684106826782,-11.009793758392334,0.21428571428571427
7496,1,0,22488,-15.137684106826782,-11.009793758392334,0.21428571428571427
7497,1,0,22500,-15.137684106826782,-11.009793758392334,0.21428571428571427
7498,1,0,22509,-15.137684106826782,-11.009793758392334,0.21428571428571427
7499,1,0,22508,-15.137684106826782,-11.009793758392334,0.21428571428571427
7500,1,0,22507,-15.137684106826782,-11.009793758392334,0.21428571428571427
7501,1,0,22506,-15.137684106826782,-11.009793758392334,0.21428571428571427
7502,1,0,22505,-15.137684106826782,-11.009793758392334,0.21428571428571427
7503,1,0,22504,-15.137684106826782,-11.009793758392334,0.21428571428571427
7504,1,0,22503,-15.137684106826782,-11.009793758392334,0.21428571428571427
7505,1,0,22502,-15.137684106826782,-11.009793758392334,0.21428571428571427
7506,1,0,22501,-15.137684106826782,-11.009793758392334,0.21428571428571427
7507,1,0,22499,-15.137684106826782,-11.009793758392334,0.21428571428571427
7508,1,0,22489,-15.137684106826782,-11.009793758392334,0.21428571428571427
7509,1,0,22498,-15.137684106826782,-11.009793758392334,0.21428571428571427
7510,1,0,22497,-15.137684106826782,-11.009793758392334,0.21428571428571427
7511,1,0,22496,-15.137684106826782,-11.009793758392334,0.21428571428571427
7512,1,0,22495,-15.137684106826782,-11.009793758392334,0.21428571428571427
7513,1,0,22494,-15.137684106826782,-11.009793758392334,0.21428571428571427
7514,1,0,22493,-15.137684106826782,-11.009793758392334,0.21428571428571427
7515,1,0,22492,-15.137684106826782,-11.009793758392334,0.21428571428571427
7516,1,0,22491,-15.137684106826782,-11.009793758392334,0.21428571428571427
7517,1,0,22490,-15.137684106826782,-11.009793758392334,0.21428571428571427
7518,1,0,22559,-15.137684106826782,-11.009793758392334,0.21428571428571427
7519,1,0,22560,-15.137684106826782,-11.009793758392334,0.21428571428571427
7520,1,0,22561,-15.137684106826782,-11.009793758392334,0.21428571428571427
7521,1,0,22562,-15.137684106826782,-11.009793758392334,0.21428571428571427
7522,1,0,22631,-15.137684106826782,-11.009793758392334,0.21428571428571427
7523,1,0,22630,-15.137684106826782,-11.009793758392334,0.21428571428571427
7524,1,0,22629,-15.137684106826782,-11.009793758392334,0.21428571428571427
7525,1,0,22628,-15.137684106826782,-11.009793758392334,0.21428571428571427
7526,1,0,22627,-15.137684106826782,-11.009793758392334,0.21428571428571427
7527,1,0,22626,-15.137684106826782,-11.009793758392334,0.21428571428571427
7528,1,0,22625,-15.137684106826782,-11.009793758392334,0.21428571428571427
7529,1,0,22624,-15.137684106826782,-11.009793758392334,0.21428571428571427
7530,1,0,22623,-15.137684106826782,-11.009793758392334,0.21428571428571427
7531,1,0,22621,-15.137684106826782,-11.009793758392334,0.21428571428571427
7532,1,0,22611,-15.137684106826782,-11.009793758392334,0.21428571428571427
7533,1,0,22620,-15.137684106826782,-11.009793758392334,0.21428571428571427
7534,1,0,22619,-15.137684106826782,-11.009793758392334,0.21428571428571427
7535,1,0,22618,-15.137684106826782,-11.009793758392334,0.21428571428571427
7536,1,0,22617,-15.137684106826782,-11.009793758392334,0.21428571428571427
7537,1,0,22616,-15.137684106826782,-11.009793758392334,0.21428571428571427
7538,1,0,22615,-15.137684106826782,-11.009793758392334,0.21428571428571427
7539,1,0,22614,-15.137684106826782,-11.009793758392334,0.21428571428571427
7540,1,0,22613,-15.137684106826782,-11.009793758392334,0.21428571428571427
7541,0,0,22612,-15.137684106826782,-11.009793758392334,0.21428571428571427
7542,1,0,22632,-15.137684106826782,-11.009793758392334,0.21428571428571427
7543,1,0,22622,-15.137684106826782,-11.009793758392334,0.21428571428571427
7544,1,0,22633,-15.137684106826782,-11.009793758392334,0.21428571428571427
7545,1,0,22646,-15.137684106826782,-11.009793758392334,0.21428571428571427
7546,1,0,22655,-15.137684106826782,-11.009793758392334,0.21428571428571427
7547,1,0,22654,-15.137684106826782,-11.009793758392334,0.21428571428571427
7548,1,0,22653,-15.137684106826782,-11.009793758392334,0.21428571428571427
7549,1,0,22652,-15.137684106826782,-11.009793758392334,0.21428571428571427
7550,1,0,22651,-15.137684106826782,-11.009793758392334,0.21428571428571427
7551,1,0,22650,-15.137684106826782,-11.009793758392334,0.21428571428571427
7552,1,0,22649,-15.137684106826782,-11.009793758392334,0.21428571428571427
7553,1,0,22648,-15.137684106826782,-11.009793758392334,0.21428571428571427
7554,1,0,22647,-15.137684106826782,-11.009793758392334,0.21428571428571427
7555,0,0,22645,-15.137684106826782,-11.009793758392334,0.21428571428571427
7556,1,0,22635,-15.137684106826782,-11.009793758392334,0.21428571428571427
7557,1,0,22644,-15.137684106826782,-11.009793758392334,0.21428571428571427
7558,1,0,22643,-15.137684106826782,-11.009793758392334,0.21428571428571427
7559,1,0,22642,-15.137684106826782,-11.009793758392334,0.21428571428571427
7560,1,0,22641,-15.137684106826782,-11.009793758392334,0.21428571428571427
7561,1,0,22640,-15.137684106826782,-11.009793758392334,0.21428571428571427
7562,1,0,22639,-15.137684106826782,-11.009793758392334,0.21428571428571427
7563,1,0,22638,-15.137684106826782,-11.009793758392334,0.21428571428571427
7564,1,0,22637,-15.137684106826782,-11.009793758392334,0.21428571428571427
7565,1,0,22636,-15.137684106826782,-11.009793758392334,0.21428571428571427
7566,1,0,22634,-15.137684106826782,-11.009793758392334,0.21428571428571427
7567,1,0,22610,-15.137684106826782,-11.009793758392334,0.21428571428571427
7568,1,0,22609,-15.137684106826782,-11.009793758392334,0.21428571428571427
7569,1,0,22608,-15.137684106826782,-11.009793758392334,0.21428571428571427
7570,1,0,22583,-15.137684106826782,-11.009793758392334,0.21428571428571427
7571,1,0,22582,-15.137684106826782,-11.009793758392334,0.21428571428571427
7572,1,0,22581,-15.137684106826782,-11.009793758392334,0.21428571428571427
7573,1,0,22580,-15.137684106826782,-11.009793758392334,0.21428571428571427
7574,1,0,22579,-15.137684106826782,-11.009793758392334,0.21428571428571427
7575,1,0,22578,-15.137684106826782,-11.009793758392334,0.21428571428571427
7576,1,0,22577,-15.137684106826782,-11.009793758392334,0.21428571428571427
7577,1,0,22576,-15.137684106826782,-11.009793758392334,0.21428571428571427
7578,1,0,22575,-15.137684106826782,-11.009793758392334,0.21428571428571427
7579,1,0,22574,-15.137684106826782,-11.009793758392334,0.21428571428571427
7580,1,0,22573,-15.137684106826782,-11.009793758392334,0.21428571428571427
7581,0,0,22572,-15.137684106826782,-11.009793758392334,0.21428571428571427
7582,1,0,22571,-15.137684106826782,-11.009793758392334,0.21428571428571427
7583,0,0,22570,-15.137684106826782,-11.009793758392334,0.21428571428571427
7584,1,0,22569,-15.137684106826782,-11.009793758392334,0.21428571428571427
7585,1,0,22568,-15.137684106826782,-11.009793758392334,0.21428571428571427
7586,1,0,22567,-15.137684106826782,-11.009793758392334,0.21428571428571427
7587,1,0,22566,-15.137684106826782,-11.009793758392334,0.21428571428571427
7588,1,0,22565,-15.137684106826782,-11.009793758392334,0.21428571428571427
7589,1,0,22564,-15.137684106826782,-11.009793758392334,0.21428571428571427
7590,1,0,22563,-15.137684106826782,-11.009793758392334,0.21428571428571427
7591,1,0,22584,-15.137684106826782,-11.009793758392334,0.21428571428571427
7592,1,0,22585,-15.137684106826782,-11.009793758392334,0.21428571428571427
7593,1,0,22586,-15.137684106826782,-11.009793758392334,0.21428571428571427
7594,1,0,22598,-15.137684106826782,-11.009793758392334,0.21428571428571427
7595,1,0,22607,-15.137684106826782,-11.009793758392334,0.21428571428571427
7596,0,0,22606,-15.137684106826782,-11.009793758392334,0.21428571428571427
7597,1,0,22605,-15.137684106826782,-11.009793758392334,0.21428571428571427
7598,1,0,22604,-15.137684106826782,-11.009793758392334,0.21428571428571427
7599,1,0,22603,-15.137684106826782,-11.009793758392334,0.21428571428571427
7600,1,0,22602,-15.137684106826782,-11.009793758392334,0.21428571428571427
7601,1,0,22601,-15.137684106826782,-11.009793758392334,0.21428571428571427
7602,1,0,22600,-15.137684106826782,-11.009793758392334,0.21428571428571427
7603,1,0,22599,-15.137684106826782,-11.009793758392334,0.21428571428571427
7604,1,0,22597,-15.137684106826782,-11.009793758392334,0.21428571428571427
7605,1,0,22587,-15.137684106826782,-11.009793758392334,0.21428571428571427
7606,1,0,22596,-15.137684106826782,-11.009793758392334,0.21428571428571427
7607,1,0,22595,-15.137684106826782,-11.009793758392334,0.21428571428571427
7608,1,0,22594,-15.137684106826782,-11.009793758392334,0.21428571428571427
7609,1,0,22593,-15.137684106826782,-11.009793758392334,0.21428571428571427
7610,1,0,22592,-15.137684106826782,-11.009793758392334,0.21428571428571427
7611,1,0,22591,-15.137684106826782,-11.009793758392334,0.21428571428571427
7612,1,0,22590,-15.137684106826782,-11.009793758392334,0.21428571428571427
7613,1,0,22589,-15.137684106826782,-11.009793758392334,0.21428571428571427
7614,1,0,22588,-15.137684106826782,-11.009793758392334,0.21428571428571427
7615,1,0,22512,-15.137684106826782,-11.009793758392334,0.21428571428571427
7616,1,0,22462,-15.137684106826782,-11.009793758392334,0.21428571428571427
7617,1,0,22317,-15.137684106826782,-11.009793758392334,0.21428571428571427
7618,1,0,22461,-15.137684106826782,-11.009793758392334,0.21428571428571427
7619,1,0,22339,-15.137684106826782,-11.009793758392334,0.21428571428571427
7620,1,0,22338,-15.137684106826782,-11.009793758392334,0.21428571428571427
7621,1,0,22337,-15.137684106826782,-11.009793758392334,0.21428571428571427
7622,1,0,22336,-15.137684106826782,-11.009793758392334,0.21428571428571427
7623,1,0,22335,-15.137684106826782,-11.009793758392334,0.21428571428571427
7624,1,0,22334,-15.137684106826782,-11.009793758392334,0.21428571428571427
7625,1,0,22333,-15.137684106826782,-11.009793758392334,0.21428571428571427
7626,1,0,22332,-15.137684106826782,-11.009793758392334,0.21428571428571427
7627,1,0,22331,-15.137684106826782,-11.009793758392334,0.21428571428571427
7628,1,0,22330,-15.137684106826782,-11.009793758392334,0.21428571428571427
7629,1,0,22329,-15.137684106826782,-11.009793758392334,0.21428571428571427
7630,1,0,22328,-15.137684106826782,-11.009793758392334,0.21428571428571427
7631,1,0,22327,-15.137684106826782,-11.009793758392334,0.21428571428571427
7632,1,0,22326,-15.137684106826782,-11.009793758392334,0.21428571428571427
7633,1,0,22325,-15.137684106826782,-11.009793758392334,0.21428571428571427
7634,1,0,22324,-15.137684106826782,-11.009793758392334,0.21428571428571427
7635,0,0,22323,-15.137684106826782,-11.009793758392334,0.21428571428571427
7636,1,0,22322,-15.137684106826782,-11.009793758392334,0.21428571428571427
7637,1,0,22321,-15.137684106826782,-11.009793758392334,0.21428571428571427
7638,0,0,22320,-15.137684106826782,-11.009793758392334,0.21428571428571427
7639,1,0,22319,-15.137684106826782,-11.009793758392334,0.21428571428571427
7640,1,0,22340,-15.137684106826782,-11.009793758392334,0.21428571428571427
7641,1,0,22341,-15.137684106826782,-11.009793758392334,0.21428571428571427
7642,1,0,22342,-15.137684106826782,-11.009793758392334,0.21428571428571427
7643,1,0,22354,-15.137684106826782,-11.009793758392334,0.21428571428571427
7644,1,0,22363,-15.137684106826782,-11.009793758392334,0.21428571428571427
7645,1,0,22362,-15.137684106826782,-11.009793758392334,0.21428571428571427
7646,0,0,22361,-15.137684106826782,-11.009793758392334,0.21428571428571427
7647,1,0,22360,-15.137684106826782,-11.009793758392334,0.21428571428571427
7648,1,0,22359,-15.137684106826782,-11.009793758392334,0.21428571428571427
7649,1,0,22358,-15.137684106826782,-11.009793758392334,0.21428571428571427
7650,1,0,22357,-15.137684106826782,-11.009793758392334,0.21428571428571427
7651,1,0,22356,-15.137684106826782,-11.009793758392334,0.21428571428571427
7652,1,0,22355,-15.137684106826782,-11.009793758392334,0.21428571428571427
7653,1,0,22353,-15.137684106826782,-11.009793758392334,0.21428571428571427
7654,0,0,22343,-15.137684106826782,-11.009793758392334,0.21428571428571427
7655,1,0,22352,-15.137684106826782,-11.009793758392334,0.21428571428571427
7656,1,0,22351,-15.137684106826782,-11.009793758392334,0.21428571428571427
7657,1,0,22350,-15.137684106826782,-11.009793758392334,0.21428571428571427
7658,1,0,22349,-15.137684106826782,-11.009793758392334,0.21428571428571427
7659,1,0,22348,-15.137684106826782,-11.009793758392334,0.21428571428571427
7660,0,0,22347,-15.137684106826782,-11.009793758392334,0.21428571428571427
7661,1,0,22346,-15.137684106826782,-11.009793758392334,0.21428571428571427
7662,1,0,22345,-15.137684106826782,-11.009793758392334,0.21428571428571427
7663,1,0,22344,-15.137684106826782,-11.009793758392334,0.21428571428571427
7664,0,0,22318,-15.137684106826782,-11.009793758392334,0.21428571428571427
7665,1,0,22316,-15.137684106826782,-11.009793758392334,0.21428571428571427
7666,1,0,22269,-15.137684106826782,-11.009793758392334,0.21428571428571427
7667,1,0,22315,-15.137684106826782,-11.009793758392334,0.21428571428571427
7668,1,0,22290,-15.137684106826782,-11.009793758392334,0.21428571428571427
7669,1,0,22289,-15.137684106826782,-11.009793758392334,0.21428571428571427
7670,1,0,22288,-15.137684106826782,-11.009793758392334,0.21428571428571427
7671,1,0,22287,-15.137684106826782,-11.009793758392334,0.21428571428571427
7672,1,0,22286,-15.137684106826782,-11.009793758392334,0.21428571428571427
7673,0,0,22285,-15.137684106826782,-11.009793758392334,0.21428571428571427
7674,1,0,22284,-15.137684106826782,-11.009793758392334,0.21428571428571427
7675,1,0,22283,-15.137684106826782,-11.009793758392334,0.21428571428571427
7676,1,0,22282,-15.137684106826782,-11.009793758392334,0.21428571428571427
7677,1,0,22281,-15.137684106826782,-11.009793758392334,0.21428571428571427
7678,1,0,22280,-15.137684106826782,-11.009793758392334,0.21428571428571427
7679,0,0,22279,-15.137684106826782,-11.009793758392334,0.21428571428571427
7680,1,0,22278,-15.137684106826782,-11.009793758392334,0.21428571428571427
7681,1,0,22277,-15.137684106826782,-11.009793758392334,0.21428571428571427
7682,1,0,22276,-15.137684106826782,-11.009793758392334,0.21428571428571427
7683,1,0,22275,-15.137684106826782,-11.009793758392334,0.21428571428571427
7684,1,0,22274,-15.137684106826782,-11.009793758392334,0.21428571428571427
7685,1,0,22273,-15.137684106826782,-11.009793758392334,0.21428571428571427
7686,1,0,22272,-15.137684106826782,-11.009793758392334,0.21428571428571427
7687,1,0,22271,-15.137684106826782,-11.009793758392334,0.21428571428571427
7688,1,0,22270,-15.137684106826782,-11.009793758392334,0.21428571428571427
7689,1,0,22291,-15.137684106826782,-11.009793758392334,0.21428571428571427
7690,1,0,22292,-15.137684106826782,-11.009793758392334,0.21428571428571427
7691,1,0,22293,-15.137684106826782,-11.009793758392334,0.21428571428571427
7692,1,0,22305,-15.137684106826782,-11.009793758392334,0.21428571428571427
7693,1,0,22314,-15.137684106826782,-11.009793758392334,0.21428571428571427
7694,1,0,22313,-15.137684106826782,-11.009793758392334,0.21428571428571427
7695,1,0,22312,-15.137684106826782,-11.009793758392334,0.21428571428571427
7696,1,0,22311,-15.137684106826782,-11.009793758392334,0.21428571428571427
7697,1,0,22310,-15.137684106826782,-11.009793758392334,0.21428571428571427
7698,1,0,22309,-15.137684106826782,-11.009793758392334,0.21428571428571427
7699,1,0,22308,-15.137684106826782,-11.009793758392334,0.21428571428571427
7700,1,0,22307,-15.137684106826782,-11.009793758392334,0.21428571428571427
7701,1,0,22306,-15.137684106826782,-11.009793758392334,0.21428571428571427
7702,1,0,22304,-15.137684106826782,-11.009793758392334,0.21428571428571427
7703,1,0,22294,-15.137684106826782,-11.009793758392334,0.21428571428571427
7704,1,0,22303,-15.137684106826782,-11.009793758392334,0.21428571428571427
7705,1,0,22302,-15.137684106826782,-11.009793758392334,0.21428571428571427
7706,1,0,22301,-15.137684106826782,-11.009793758392334,0.21428571428571427
7707,1,0,22300,-15.137684106826782,-11.009793758392334,0.21428571428571427
7708,1,0,22299,-15.137684106826782,-11.009793758392334,0.21428571428571427
7709,1,0,22298,-15.137684106826782,-11.009793758392334,0.21428571428571427
7710,1,0,22297,-15.137684106826782,-11.009793758392334,0.21428571428571427
7711,1,0,22296,-15.137684106826782,-11.009793758392334,0.21428571428571427
7712,1,0,22295,-15.137684106826782,-11.009793758392334,0.21428571428571427
7713,1,0,22364,-15.137684106826782,-11.009793758392334,0.21428571428571427
7714,0,0,22365,-15.137684106826782,-11.009793758392334,0.21428571428571427
7715,1,0,22366,-15.137684106826782,-11.009793758392334,0.21428571428571427
7716,1,0,22367,-15.137684106826782,-11.009793758392334,0.21428571428571427
7717,1,0,22436,-15.137684106826782,-11.009793758392334,0.21428571428571427
7718,1,0,22435,-15.137684106826782,-11.009793758392334,0.21428571428571427
7719,0,0,22434,-15.137684106826782,-11.009793758392334,0.21428571428571427
7720,1,0,22433,-15.137684106826782,-11.009793758392334,0.21428571428571427
7721,1,0,22432,-15.137684106826782,-11.009793758392334,0.21428571428571427
7722,1,0,22431,-15.137684106826782,-11.009793758392334,0.21428571428571427
7723,1,0,22430,-15.137684106826782,-11.009793758392334,0.21428571428571427
7724,1,0,22429,-15.137684106826782,-11.009793758392334,0.21428571428571427
7725,1,0,22428,-15.137684106826782,-11.009793758392334,0.21428571428571427
7726,1,0,22426,-15.137684106826782,-11.009793758392334,0.21428571428571427
7727,1,0,22416,-15.137684106826782,-11.009793758392334,0.21428571428571427
7728,1,0,22425,-15.137684106826782,-11.009793758392334,0.21428571428571427
7729,1,0,22424,-15.137684106826782,-11.009793758392334,0.21428571428571427
7730,1,0,22423,-15.137684106826782,-11.009793758392334,0.21428571428571427
7731,1,0,22422,-15.137684106826782,-11.009793758392334,0.21428571428571427
7732,1,0,22421,-15.137684106826782,-11.009793758392334,0.21428571428571427
7733,1,0,22420,-15.137684106826782,-11.009793758392334,0.21428571428571427
7734,1,0,22419,-15.137684106826782,-11.009793758392334,0.21428571428571427
7735,1,0,22418,-15.137684106826782,-11.009793758392334,0.21428571428571427
7736,1,0,22417,-15.137684106826782,-11.009793758392334,0.21428571428571427
7737,1,0,22437,-15.137684106826782,-11.009793758392334,0.21428571428571427
7738,1,0,22427,-15.137684106826782,-11.009793758392334,0.21428571428571427
7739,1,0,22438,-15.137684106826782,-11.009793758392334,0.21428571428571427
7740,1,0,22451,-15.137684106826782,-11.009793758392334,0.21428571428571427
7741,1,0,22460,-15.137684106826782,-11.009793758392334,0.21428571428571427
7742,1,0,22459,-15.137684106826782,-11.009793758392334,0.21428571428571427
7743,1,0,22458,-15.137684106826782,-11.009793758392334,0.21428571428571427
7744,1,0,22457,-15.137684106826782,-11.009793758392334,0.21428571428571427
7745,1,0,22456,-15.137684106826782,-11.009793758392334,0.21428571428571427
7746,1,0,22455,-15.137684106826782,-11.009793758392334,0.21428571428571427
7747,1,0,22454,-15.137684106826782,-11.009793758392334,0.21428571428571427
7748,1,0,22453,-15.137684106826782,-11.009793758392334,0.21428571428571427
7749,1,0,22452,-15.137684106826782,-11.009793758392334,0.21428571428571427
7750,1,0,22450,-15.137684106826782,-11.009793758392334,0.21428571428571427
7751,1,0,22440,-15.137684106826782,-11.009793758392334,0.21428571428571427
7752,1,0,22449,-15.137684106826782,-11.009793758392334,0.21428571428571427
7753,1,0,22448,-15.137684106826782,-11.009793758392334,0.21428571428571427
7754,1,0,22447,-15.137684106826782,-11.009793758392334,0.21428571428571427
7755,0,0,22446,-15.137684106826782,-11.009793758392334,0.21428571428571427
7756,1,0,22445,-15.137684106826782,-11.009793758392334,0.21428571428571427
7757,1,0,22444,-15.137684106826782,-11.009793758392334,0.21428571428571427
7758,1,0,22443,-15.137684106826782,-11.009793758392334,0.21428571428571427
7759,1,0,22442,-15.137684106826782,-11.009793758392334,0.21428571428571427
7760,1,0,22441,-15.137684106826782,-11.009793758392334,0.21428571428571427
7761,0,0,22439,-15.137684106826782,-11.009793758392334,0.21428571428571427
7762,1,0,22415,-15.137684106826782,-11.009793758392334,0.21428571428571427
7763,1,0,22414,-15.137684106826782,-11.009793758392334,0.21428571428571427
7764,1,0,22413,-15.137684106826782,-11.009793758392334,0.21428571428571427
7765,1,0,22388,-15.137684106826782,-11.009793758392334,0.21428571428571427
7766,1,0,22387,-15.137684106826782,-11.009793758392334,0.21428571428571427
7767,1,0,22386,-15.137684106826782,-11.009793758392334,0.21428571428571427
7768,1,0,22385,-15.137684106826782,-11.009793758392334,0.21428571428571427
7769,1,0,22384,-15.137684106826782,-11.009793758392334,0.21428571428571427
7770,1,0,22383,-15.137684106826782,-11.009793758392334,0.21428571428571427
7771,1,0,22382,-15.137684106826782,-11.009793758392334,0.21428571428571427
7772,1,0,22381,-15.137684106826782,-11.009793758392334,0.21428571428571427
7773,1,0,22380,-15.137684106826782,-11.009793758392334,0.21428571428571427
7774,1,0,22379,-15.137684106826782,-11.009793758392334,0.21428571428571427
7775,1,0,22378,-15.137684106826782,-11.009793758392334,0.21428571428571427
7776,1,0,22377,-15.137684106826782,-11.009793758392334,0.21428571428571427
7777,1,0,22376,-15.137684106826782,-11.009793758392334,0.21428571428571427
7778,0,0,22375,-15.137684106826782,-11.009793758392334,0.21428571428571427
7779,1,0,22374,-15.137684106826782,-11.009793758392334,0.21428571428571427
7780,1,0,22373,-15.137684106826782,-11.009793758392334,0.21428571428571427
7781,1,0,22372,-15.137684106826782,-11.009793758392334,0.21428571428571427
7782,1,0,22371,-15.137684106826782,-11.009793758392334,0.21428571428571427
7783,1,0,22370,-15.137684106826782,-11.009793758392334,0.21428571428571427
7784,1,0,22369,-15.137684106826782,-11.009793758392334,0.21428571428571427
7785,1,0,22368,-15.137684106826782,-11.009793758392334,0.21428571428571427
7786,1,0,22389,-15.137684106826782,-11.009793758392334,0.21428571428571427
7787,1,0,22390,-15.137684106826782,-11.009793758392334,0.21428571428571427
7788,1,0,22391,-15.137684106826782,-11.009793758392334,0.21428571428571427
7789,1,0,22403,-15.137684106826782,-11.009793758392334,0.21428571428571427
7790,1,0,22412,-15.137684106826782,-11.009793758392334,0.21428571428571427
7791,1,0,22411,-15.137684106826782,-11.009793758392334,0.21428571428571427
7792,1,0,22410,-15.137684106826782,-11.009793758392334,0.21428571428571427
7793,1,0,22409,-15.137684106826782,-11.009793758392334,0.21428571428571427
7794,1,0,22408,-15.137684106826782,-11.009793758392334,0.21428571428571427
7795,1,0,22407,-15.137684106826782,-11.009793758392334,0.21428571428571427
7796,1,0,22406,-15.137684106826782,-11.009793758392334,0.21428571428571427
7797,1,0,22405,-15.137684106826782,-11.009793758392334,0.21428571428571427
7798,0,0,22404,-15.137684106826782,-11.009793758392334,0.21428571428571427
7799,1,0,22402,-15.137684106826782,-11.009793758392334,0.21428571428571427
7800,1,0,22392,-15.137684106826782,-11.009793758392334,0.21428571428571427
7801,1,0,22401,-15.137684106826782,-11.009793758392334,0.21428571428571427
7802,1,0,22400,-15.137684106826782,-11.009793758392334,0.21428571428571427
7803,1,0,22399,-15.137684106826782,-11.009793758392334,0.21428571428571427
7804,1,0,22398,-15.137684106826782,-11.009793758392334,0.21428571428571427
7805,1,0,22397,-15.137684106826782,-11.009793758392334,0.21428571428571427
7806,1,0,22396,-15.137684106826782,-11.009793758392334,0.21428571428571427
7807,1,0,22395,-15.137684106826782,-11.009793758392334,0.21428571428571427
7808,1,0,22394,-15.137684106826782,-11.009793758392334,0.21428571428571427
7809,0,0,22393,-15.137684106826782,-11.009793758392334,0.21428571428571427
7810,1,0,23437,-15.137684106826782,-11.009793758392334,0.21428571428571427
7811,1,0,22658,-15.137684106826782,-11.009793758392334,0.21428571428571427
7812,1,0,23438,-15.137684106826782,-11.009793758392334,0.21428571428571427
7813,1,0,24220,-15.137684106826782,-11.009793758392334,0.21428571428571427
7814,1,0,24487,-15.137684106826782,-11.009793758392334,0.21428571428571427
7815,1,0,24486,-15.137684106826782,-11.009793758392334,0.21428571428571427
7816,1,0,24485,-15.137684106826782,-11.009793758392334,0.21428571428571427
7817,1,0,24484,-15.137684106826782,-11.009793758392334,0.21428571428571427
7818,0,0,24483,-15.137684106826782,-11.009793758392334,0.21428571428571427
7819,1,0,24482,-15.137684106826782,-11.009793758392334,0.21428571428571427
7820,1,0,24481,-15.137684106826782,-11.009793758392334,0.21428571428571427
7821,1,0,24480,-15.137684106826782,-11.009793758392334,0.21428571428571427
7822,1,0,24479,-15.137684106826782,-11.009793758392334,0.21428571428571427
7823,1,0,24478,-15.137684106826782,-11.009793758392334,0.21428571428571427
7824,1,0,24477,-15.137684106826782,-11.009793758392334,0.21428571428571427
7825,1,0,24476,-15.137684106826782,-11.009793758392334,0.21428571428571427
7826,1,0,24475,-15.137684106826782,-11.009793758392334,0.21428571428571427
7827,1,0,24474,-15.137684106826782,-11.009793758392334,0.21428571428571427
7828,1,0,24473,-15.137684106826782,-11.009793758392334,0.21428571428571427
7829,0,0,24472,-15.137684106826782,-11.009793758392334,0.21428571428571427
7830,1,0,24471,-15.137684106826782,-11.009793758392334,0.21428571428571427
7831,1,0,24470,-15.137684106826782,-11.009793758392334,0.21428571428571427
7832,1,0,24469,-15.137684106826782,-11.009793758392334,0.21428571428571427
7833,1,0,24468,-15.137684106826782,-11.009793758392334,0.21428571428571427
7834,1,0,24467,-15.137684106826782,-11.009793758392334,0.21428571428571427
7835,1,0,24488,-15.137684106826782,-11.009793758392334,0.21428571428571427
7836,1,0,24489,-15.137684106826782,-11.009793758392334,0.21428571428571427
7837,1,0,24490,-15.137684106826782,-11.009793758392334,0.21428571428571427
7838,1,0,24502,-15.137684106826782,-11.009793758392334,0.21428571428571427
7839,1,0,24511,-15.137684106826782,-11.009793758392334,0.21428571428571427
7840,1,0,24510,-15.137684106826782,-11.009793758392334,0.21428571428571427
7841,1,0,24509,-15.137684106826782,-11.009793758392334,0.21428571428571427
7842,1,0,24508,-15.137684106826782,-11.009793758392334,0.21428571428571427
7843,1,0,24507,-15.137684106826782,-11.009793758392334,0.21428571428571427
7844,1,0,24506,-15.137684106826782,-11.009793758392334,0.21428571428571427
7845,1,0,24505,-15.137684106826782,-11.009793758392334,0.21428571428571427
7846,1,0,24504,-15.137684106826782,-11.009793758392334,0.21428571428571427
7847,1,0,24503,-15.137684106826782,-11.009793758392334,0.21428571428571427
7848,1,0,24501,-15.137684106826782,-11.009793758392334,0.21428571428571427
7849,1,0,24491,-15.137684106826782,-11.009793758392334,0.21428571428571427
7850,1,0,24500,-15.137684106826782,-11.009793758392334,0.21428571428571427
7851,1,0,24499,-15.137684106826782,-11.009793758392334,0.21428571428571427
7852,1,0,24498,-15.137684106826782,-11.009793758392334,0.21428571428571427
7853,1,0,24497,-15.137684106826782,-11.009793758392334,0.21428571428571427
7854,1,0,24496,-15.137684106826782,-11.009793758392334,0.21428571428571427
7855,1,0,24495,-15.137684106826782,-11.009793758392334,0.21428571428571427
7856,1,0,24494,-15.137684106826782,-11.009793758392334,0.21428571428571427
7857,1,0,24493,-15.137684106826782,-11.009793758392334,0.21428571428571427
7858,1,0,24492,-15.137684106826782,-11.009793758392334,0.21428571428571427
7859,1,0,24466,-15.137684106826782,-11.009793758392334,0.21428571428571427
7860,1,0,24464,-15.137684106826782,-11.009793758392334,0.21428571428571427
7861,1,0,24417,-15.137684106826782,-11.009793758392334,0.21428571428571427
7862,1,0,24463,-15.137684106826782,-11.009793758392334,0.21428571428571427
7863,1,0,24438,-15.137684106826782,-11.009793758392334,0.21428571428571427
7864,1,0,24437,-15.137684106826782,-11.009793758392334,0.21428571428571427
7865,1,0,24436,-15.137684106826782,-11.009793758392334,0.21428571428571427
7866,1,0,24435,-15.137684106826782,-11.009793758392334,0.21428571428571427
7867,1,0,24434,-15.137684106826782,-11.009793758392334,0.21428571428571427
7868,0,0,24433,-15.137684106826782,-11.009793758392334,0.21428571428571427
7869,1,0,24432,-15.137684106826782,-11.009793758392334,0.21428571428571427
7870,1,0,24431,-15.137684106826782,-11.009793758392334,0.21428571428571427
7871,1,0,24430,-15.137684106826782,-11.009793758392334,0.21428571428571427
7872,1,0,24429,-15.137684106826782,-11.009793758392334,0.21428571428571427
7873,1,0,24428,-15.137684106826782,-11.009793758392334,0.21428571428571427
7874,1,0,24427,-15.137684106826782,-11.009793758392334,0.21428571428571427
7875,1,0,24426,-15.137684106826782,-11.009793758392334,0.21428571428571427
7876,1,0,24425,-15.137684106826782,-11.009793758392334,0.21428571428571427
7877,1,0,24424,-15.137684106826782,-11.009793758392334,0.21428571428571427
7878,1,0,24423,-15.137684106826782,-11.009793758392334,0.21428571428571427
7879,1,0,24422,-15.137684106826782,-11.009793758392334,0.21428571428571427
7880,1,0,24421,-15.137684106826782,-11.009793758392334,0.21428571428571427
7881,1,0,24420,-15.137684106826782,-11.009793758392334,0.21428571428571427
7882,1,0,24419,-15.137684106826782,-11.009793758392334,0.21428571428571427
7883,1,0,24418,-15.137684106826782,-11.009793758392334,0.21428571428571427
7884,1,0,24439,-15.137684106826782,-11.009793758392334,0.21428571428571427
7885,1,0,24440,-15.137684106826782,-11.009793758392334,0.21428571428571427
7886,1,0,24441,-15.137684106826782,-11.009793758392334,0.21428571428571427
7887,1,0,24453,-15.137684106826782,-11.009793758392334,0.21428571428571427
7888,1,0,24462,-15.137684106826782,-11.009793758392334,0.21428571428571427
7889,1,0,24461,-15.137684106826782,-11.009793758392334,0.21428571428571427
7890,1,0,24460,-15.137684106826782,-11.009793758392334,0.21428571428571427
7891,1,0,24459,-15.137684106826782,-11.009793758392334,0.21428571428571427
7892,1,0,24458,-15.137684106826782,-11.009793758392334,0.21428571428571427
7893,1,0,24457,-15.137684106826782,-11.009793758392334,0.21428571428571427
7894,1,0,24456,-15.137684106826782,-11.009793758392334,0.21428571428571427
7895,1,0,24455,-15.137684106826782,-11.009793758392334,0.21428571428571427
7896,1,0,24454,-15.137684106826782,-11.009793758392334,0.21428571428571427
7897,1,0,24452,-15.137684106826782,-11.009793758392334,0.21428571428571427
7898,1,0,24442,-15.137684106826782,-11.009793758392334,0.21428571428571427
7899,0,0,24451,-15.137684106826782,-11.009793758392334,0.21428571428571427
7900,1,0,24450,-15.137684106826782,-11.009793758392334,0.21428571428571427
7901,1,0,24449,-15.137684106826782,-11.009793758392334,0.21428571428571427
7902,1,0,24448,-15.137684106826782,-11.009793758392334,0.21428571428571427
7903,1,0,24447,-15.137684106826782,-11.009793758392334,0.21428571428571427
7904,1,0,24446,-15.137684106826782,-11.009793758392334,0.21428571428571427
7905,1,0,24445,-15.137684106826782,-11.009793758392334,0.21428571428571427
7906,0,0,24444,-15.137684106826782,-11.009793758392334,0.21428571428571427
7907,1,0,24443,-15.137684106826782,-11.009793758392334,0.21428571428571427
7908,1,0,24512,-15.137684106826782,-11.009793758392334,0.21428571428571427
7909,1,0,24513,-15.137684106826782,-11.009793758392334,0.21428571428571427
7910,1,0,24514,-15.137684106826782,-11.009793758392334,0.21428571428571427
7911,1,0,24515,-15.137684106826782,-11.009793758392334,0.21428571428571427
7912,1,0,24584,-15.137684106826782,-11.009793758392334,0.21428571428571427
7913,1,0,24583,-15.137684106826782,-11.009793758392334,0.21428571428571427
7914,1,0,24582,-15.137684106826782,-11.009793758392334,0.21428571428571427
7915,0,0,24581,-15.137684106826782,-11.009793758392334,0.21428571428571427
7916,1,0,24580,-15.137684106826782,-11.009793758392334,0.21428571428571427
7917,1,0,24579,-15.137684106826782,-11.009793758392334,0.21428571428571427
7918,1,0,24578,-15.137684106826782,-11.009793758392334,0.21428571428571427
7919,1,0,24577,-15.137684106826782,-11.009793758392334,0.21428571428571427
7920,1,0,24576,-15.137684106826782,-11.009793758392334,0.21428571428571427
7921,1,0,24574,-15.137684106826782,-11.009793758392334,0.21428571428571427
7922,1,0,24564,-15.137684106826782,-11.009793758392334,0.21428571428571427
7923,1,0,24573,-15.137684106826782,-11.009793758392334,0.21428571428571427
7924,0,0,24572,-15.137684106826782,-11.009793758392334,0.21428571428571427
7925,1,0,24571,-15.137684106826782,-11.009793758392334,0.21428571428571427
7926,1,0,24570,-15.137684106826782,-11.009793758392334,0.21428571428571427
7927,1,0,24569,-15.137684106826782,-11.009793758392334,0.21428571428571427
7928,1,0,24568,-15.137684106826782,-11.009793758392334,0.21428571428571427
7929,1,0,24567,-15.137684106826782,-11.009793758392334,0.21428571428571427
7930,1,0,24566,-15.137684106826782,-11.009793758392334,0.21428571428571427
7931,1,0,24565,-15.137684106826782,-11.009793758392334,0.21428571428571427
7932,1,0,24585,-15.137684106826782,-11.009793758392334,0.21428571428571427
7933,1,0,24575,-15.137684106826782,-11.009793758392334,0.21428571428571427
7934,1,0,24586,-15.137684106826782,-11.009793758392334,0.21428571428571427
7935,1,0,24599,-15.137684106826782,-11.009793758392334,0.21428571428571427
7936,0,0,24608,-15.137684106826782,-11.009793758392334,0.21428571428571427
7937,1,0,24607,-15.137684106826782,-11.009793758392334,0.21428571428571427
7938,1,0,24606,-15.137684106826782,-11.009793758392334,0.21428571428571427
7939,1,0,24605,-15.137684106826782,-11.009793758392334,0.21428571428571427
7940,1,0,24604,-15.137684106826782,-11.009793758392334,0.21428571428571427
7941,1,0,24603,-15.137684106826782,-11.009793758392334,0.21428571428571427
7942,1,0,24602,-15.137684106826782,-11.009793758392334,0.21428571428571427
7943,1,0,24601,-15.137684106826782,-11.009793758392334,0.21428571428571427
7944,1,0,24600,-15.137684106826782,-11.009793758392334,0.21428571428571427
7945,1,0,24598,-15.137684106826782,-11.009793758392334,0.21428571428571427
7946,1,0,24588,-15.137684106826782,-11.009793758392334,0.21428571428571427
7947,1,0,24597,-15.137684106826782,-11.009793758392334,0.21428571428571427
7948,0,0,24596,-15.137684106826782,-11.009793758392334,0.21428571428571427
7949,1,0,24595,-15.137684106826782,-11.009793758392334,0.21428571428571427
7950,1,0,24594,-15.137684106826782,-11.009793758392334,0.21428571428571427
7951,1,0,24593,-15.137684106826782,-11.009793758392334,0.21428571428571427
7952,1,0,24592,-15.137684106826782,-11.009793758392334,0.21428571428571427
7953,1,0,24591,-15.137684106826782,-11.009793758392334,0.21428571428571427
7954,1,0,24590,-15.137684106826782,-11.009793758392334,0.21428571428571427
7955,1,0,24589,-15.137684106826782,-11.009793758392334,0.21428571428571427
7956,1,0,24587,-15.137684106826782,-11.009793758392334,0.21428571428571427
7957,1,0,24563,-15.137684106826782,-11.009793758392334,0.21428571428571427
7958,0,0,24562,-15.137684106826782,-11.009793758392334,0.21428571428571427
7959,0,0,24561,-15.137684106826782,-11.009793758392334,0.21428571428571427
7960,1,0,24536,-15.137684106826782,-11.009793758392334,0.21428571428571427
7961,1,0,24535,-15.137684106826782,-11.009793758392334,0.21428571428571427
7962,0,0,24534,-15.137684106826782,-11.009793758392334,0.21428571428571427
7963,1,0,24533,-15.137684106826782,-11.009793758392334,0.21428571428571427
7964,1,0,24532,-15.137684106826782,-11.009793758392334,0.21428571428571427
7965,1,0,24531,-15.137684106826782,-11.009793758392334,0.21428571428571427
7966,1,0,24530,-15.137684106826782,-11.009793758392334,0.21428571428571427
7967,1,0,24529,-15.137684106826782,-11.009793758392334,0.21428571428571427
7968,1,0,24528,-15.137684106826782,-11.009793758392334,0.21428571428571427
7969,1,0,24527,-15.137684106826782,-11.009793758392334,0.21428571428571427
7970,1,0,24526,-15.137684106826782,-11.009793758392334,0.21428571428571427
7971,0,0,24525,-15.137684106826782,-11.009793758392334,0.21428571428571427
7972,1,0,24524,-15.137684106826782,-11.009793758392334,0.21428571428571427
7973,1,0,24523,-15.137684106826782,-11.009793758392334,0.21428571428571427
7974,1,0,24522,-15.137684106826782,-11.009793758392334,0.21428571428571427
7975,0,0,24521,-15.137684106826782,-11.009793758392334,0.21428571428571427
7976,0,0,24520,-15.137684106826782,-11.009793758392334,0.21428571428571427
7977,1,0,24519,-15.137684106826782,-11.009793758392334,0.21428571428571427
7978,1,0,24518,-15.137684106826782,-11.009793758392334,0.21428571428571427
7979,1,0,24517,-15.137684106826782,-11.009793758392334,0.21428571428571427
7980,1,0,24516,-15.137684106826782,-11.009793758392334,0.21428571428571427
7981,0,0,24537,-15.137684106826782,-11.009793758392334,0.21428571428571427
7982,1,0,24538,-15.137684106826782,-11.009793758392334,0.21428571428571427
7983,1,0,24539,-15.137684106826782,-11.009793758392334,0.21428571428571427
7984,1,0,24551,-15.137684106826782,-11.009793758392334,0.21428571428571427
7985,1,0,24560,-15.137684106826782,-11.009793758392334,0.21428571428571427
7986,1,0,24559,-15.137684106826782,-11.009793758392334,0.21428571428571427
7987,1,0,24558,-15.137684106826782,-11.009793758392334,0.21428571428571427
7988,1,0,24557,-15.137684106826782,-11.009793758392334,0.21428571428571427
7989,1,0,24556,-15.137684106826782,-11.009793758392334,0.21428571428571427
7990,1,0,24555,-15.137684106826782,-11.009793758392334,0.21428571428571427
7991,1,0,24554,-15.137684106826782,-11.009793758392334,0.21428571428571427
7992,0,0,24553,-15.137684106826782,-11.009793758392334,0.21428571428571427
7993,1,0,24552,-15.137684106826782,-11.009793758392334,0.21428571428571427
7994,1,0,24550,-15.137684106826782,-11.009793758392334,0.21428571428571427
7995,1,0,24540,-15.137684106826782,-11.009793758392334,0.21428571428571427
7996,1,0,24549,-15.137684106826782,-11.009793758392334,0.21428571428571427
7997,1,0,24548,-15.137684106826782,-11.009793758392334,0.21428571428571427
7998,0,0,24547,-15.137684106826782,-11.009793758392334,0.21428571428571427
7999,1,0,24546,-15.137684106826782,-11.009793758392334,0.21428571428571427
8000,1,0,24545,-15.137684106826782,-11.009793758392334,0.21428571428571427
8001,1,0,24544,-15.137684106826782,-11.009793758392334,0.21428571428571427
8002,1,0,24543,-15.137684106826782,-11.009793758392334,0.21428571428571427
8003,1,0,24542,-15.137684106826782,-11.009793758392334,0.21428571428571427
8004,1,0,24541,-15.137684106826782,-11.009793758392334,0.21428571428571427
8005,1,0,24465,-15.137684106826782,-11.009793758392334,0.21428571428571427
8006,1,0,24416,-15.137684106826782,-11.009793758392334,0.21428571428571427
8007,0,0,24415,-15.137684106826782,-11.009793758392334,0.21428571428571427
8008,1,0,24414,-15.137684106826782,-11.009793758392334,0.21428571428571427
8009,0,0,24291,-15.137684106826782,-11.009793758392334,0.21428571428571427
8010,1,0,24290,-15.137684106826782,-11.009793758392334,0.21428571428571427
8011,1,0,24289,-15.137684106826782,-11.009793758392334,0.21428571428571427
8012,1,0,24288,-15.137684106826782,-11.009793758392334,0.21428571428571427
8013,1,0,24287,-15.137684106826782,-11.009793758392334,0.21428571428571427
8014,1,0,24286,-15.137684106826782,-11.009793758392334,0.21428571428571427
8015,1,0,24285,-15.137684106826782,-11.009793758392334,0.21428571428571427
8016,1,0,24284,-15.137684106826782,-11.009793758392334,0.21428571428571427
8017,0,0,24283,-15.137684106826782,-11.009793758392334,0.21428571428571427
8018,1,0,24282,-15.137684106826782,-11.009793758392334,0.21428571428571427
8019,1,0,24281,-15.137684106826782,-11.009793758392334,0.21428571428571427
8020,1,0,24280,-15.137684106826782,-11.009793758392334,0.21428571428571427
8021,1,0,24279,-15.137684106826782,-11.009793758392334,0.21428571428571427
8022,1,0,24278,-15.137684106826782,-11.009793758392334,0.21428571428571427
8023,1,0,24277,-15.137684106826782,-11.009793758392334,0.21428571428571427
8024,1,0,24276,-15.137684106826782,-11.009793758392334,0.21428571428571427
8025,1,0,24275,-15.137684106826782,-11.009793758392334,0.21428571428571427
8026,1,0,24274,-15.137684106826782,-11.009793758392334,0.21428571428571427
8027,1,0,24273,-15.137684106826782,-11.009793758392334,0.21428571428571427
8028,1,0,24272,-15.137684106826782,-11.009793758392334,0.21428571428571427
8029,1,0,24271,-15.137684106826782,-11.009793758392334,0.21428571428571427
8030,1,0,24292,-15.137684106826782,-11.009793758392334,0.21428571428571427
8031,0,0,24293,-15.137684106826782,-11.009793758392334,0.21428571428571427
8032,1,0,24294,-15.137684106826782,-11.009793758392334,0.21428571428571427
8033,0,0,24306,-15.137684106826782,-11.009793758392334,0.21428571428571427
8034,1,0,24315,-15.137684106826782,-11.009793758392334,0.21428571428571427
8035,1,0,24314,-15.137684106826782,-11.009793758392334,0.21428571428571427
8036,1,0,24313,-15.137684106826782,-11.009793758392334,0.21428571428571427
8037,1,0,24312,-15.137684106826782,-11.009793758392334,0.21428571428571427
8038,1,0,24311,-15.137684106826782,-11.009793758392334,0.21428571428571427
8039,1,0,24310,-15.137684106826782,-11.009793758392334,0.21428571428571427
8040,1,0,24309,-15.137684106826782,-11.009793758392334,0.21428571428571427
8041,1,0,24308,-15.137684106826782,-11.009793758392334,0.21428571428571427
8042,1,0,24307,-15.137684106826782,-11.009793758392334,0.21428571428571427
8043,1,0,24305,-15.137684106826782,-11.009793758392334,0.21428571428571427
8044,1,0,24295,-15.137684106826782,-11.009793758392334,0.21428571428571427
8045,1,0,24304,-15.137684106826782,-11.009793758392334,0.21428571428571427
8046,1,0,24303,-15.137684106826782,-11.009793758392334,0.21428571428571427
8047,1,0,24302,-15.137684106826782,-11.009793758392334,0.21428571428571427
8048,1,0,24301,-15.137684106826782,-11.009793758392334,0.21428571428571427
8049,1,0,24300,-15.137684106826782,-11.009793758392334,0.21428571428571427
8050,1,0,24299,-15.137684106826782,-11.009793758392334,0.21428571428571427
8051,0,0,24298,-15.137684106826782,-11.009793758392334,0.21428571428571427
8052,1,0,24297,-15.137684106826782,-11.009793758392334,0.21428571428571427
8053,1,0,24296,-15.137684106826782,-11.009793758392334,0.21428571428571427
8054,1,0,24270,-15.137684106826782,-11.009793758392334,0.21428571428571427
8055,1,0,24268,-15.137684106826782,-11.009793758392334,0.21428571428571427
8056,1,0,24221,-15.137684106826782,-11.009793758392334,0.21428571428571427
8057,1,0,24267,-15.137684106826782,-11.009793758392334,0.21428571428571427
8058,1,0,24242,-15.137684106826782,-11.009793758392334,0.21428571428571427
8059,0,0,24241,-15.137684106826782,-11.009793758392334,0.21428571428571427
8060,1,0,24240,-15.137684106826782,-11.009793758392334,0.21428571428571427
8061,1,0,24239,-15.137684106826782,-11.009793758392334,0.21428571428571427
8062,1,0,24238,-15.137684106826782,-11.009793758392334,0.21428571428571427
8063,1,0,24237,-15.137684106826782,-11.009793758392334,0.21428571428571427
8064,1,0,24236,-15.137684106826782,-11.009793758392334,0.21428571428571427
8065,1,0,24235,-15.137684106826782,-11.009793758392334,0.21428571428571427
8066,0,0,24234,-15.137684106826782,-11.009793758392334,0.21428571428571427
8067,1,0,24233,-15.137684106826782,-11.009793758392334,0.21428571428571427
8068,1,0,24232,-15.137684106826782,-11.009793758392334,0.21428571428571427
8069,0,0,24231,-15.137684106826782,-11.009793758392334,0.21428571428571427
8070,1,0,24230,-15.137684106826782,-11.009793758392334,0.21428571428571427
8071,1,0,24229,-15.137684106826782,-11.009793758392334,0.21428571428571427
8072,1,0,24228,-15.137684106826782,-11.009793758392334,0.21428571428571427
8073,1,0,24227,-15.137684106826782,-11.009793758392334,0.21428571428571427
8074,0,0,24226,-15.137684106826782,-11.009793758392334,0.21428571428571427
8075,1,0,24225,-15.137684106826782,-11.009793758392334,0.21428571428571427
8076,1,0,24224,-15.137684106826782,-11.009793758392334,0.21428571428571427
8077,1,0,24223,-15.137684106826782,-11.009793758392334,0.21428571428571427
8078,1,0,24222,-15.137684106826782,-11.009793758392334,0.21428571428571427
8079,1,0,24243,-15.137684106826782,-11.009793758392334,0.21428571428571427
8080,1,0,24244,-15.137684106826782,-11.009793758392334,0.21428571428571427
8081,1,0,24245,-15.137684106826782,-11.009793758392334,0.21428571428571427
8082,1,0,24257,-15.137684106826782,-11.009793758392334,0.21428571428571427
8083,1,0,24266,-15.137684106826782,-11.009793758392334,0.21428571428571427
8084,1,0,24265,-15.137684106826782,-11.009793758392334,0.21428571428571427
8085,1,0,24264,-15.137684106826782,-11.009793758392334,0.21428571428571427
8086,1,0,24263,-15.137684106826782,-11.009793758392334,0.21428571428571427
8087,1,0,24262,-15.137684106826782,-11.009793758392334,0.21428571428571427
8088,1,0,24261,-15.137684106826782,-11.009793758392334,0.21428571428571427
8089,1,0,24260,-15.137684106826782,-11.009793758392334,0.21428571428571427
8090,1,0,24259,-15.137684106826782,-11.009793758392334,0.21428571428571427
8091,1,0,24258,-15.137684106826782,-11.009793758392334,0.21428571428571427
8092,1,0,24256,-15.137684106826782,-11.009793758392334,0.21428571428571427
8093,1,0,24246,-15.137684106826782,-11.009793758392334,0.21428571428571427
8094,1,0,24255,-15.137684106826782,-11.009793758392334,0.21428571428571427
8095,1,0,24254,-15.137684106826782,-11.009793758392334,0.21428571428571427
8096,1,0,24253,-15.137684106826782,-11.009793758392334,0.21428571428571427
8097,1,0,24252,-15.137684106826782,-11.009793758392334,0.21428571428571427
8098,1,0,24251,-15.137684106826782,-11.009793758392334,0.21428571428571427
8099,1,0,24250,-15.137684106826782,-11.009793758392334,0.21428571428571427
8100,1,0,24249,-15.137684106826782,-11.009793758392334,0.21428571428571427
8101,1,0,24248,-15.137684106826782,-11.009793758392334,0.21428571428571427
8102,1,0,24247,-15.137684106826782,-11.009793758392334,0.21428571428571427
8103,1,0,24316,-15.137684106826782,-11.009793758392334,0.21428571428571427
8104,1,0,24269,-15.137684106826782,-11.009793758392334,0.21428571428571427
8105,1,0,24317,-15.137684106826782,-11.009793758392334,0.21428571428571427
8106,1,0,24367,-15.137684106826782,-11.009793758392334,0.21428571428571427
8107,1,0,24389,-15.137684106826782,-11.009793758392334,0.21428571428571427
8108,1,0,24388,-15.137684106826782,-11.009793758392334,0.21428571428571427
8109,1,0,24387,-15.137684106826782,-11.009793758392334,0.21428571428571427
8110,1,0,24386,-15.137684106826782,-11.009793758392334,0.21428571428571427
8111,0,0,24385,-15.137684106826782,-11.009793758392334,0.21428571428571427
8112,1,0,24384,-15.137684106826782,-11.009793758392334,0.21428571428571427
8113,1,0,24383,-15.137684106826782,-11.009793758392334,0.21428571428571427
8114,1,0,24382,-15.137684106826782,-11.009793758392334,0.21428571428571427
8115,1,0,24381,-15.137684106826782,-11.009793758392334,0.21428571428571427
8116,1,0,24380,-15.137684106826782,-11.009793758392334,0.21428571428571427
8117,1,0,24379,-15.137684106826782,-11.009793758392334,0.21428571428571427
8118,1,0,24378,-15.137684106826782,-11.009793758392334,0.21428571428571427
8119,1,0,24377,-15.137684106826782,-11.009793758392334,0.21428571428571427
8120,1,0,24376,-15.137684106826782,-11.009793758392334,0.21428571428571427
8121,0,0,24375,-15.137684106826782,-11.009793758392334,0.21428571428571427
8122,1,0,24374,-15.137684106826782,-11.009793758392334,0.21428571428571427
8123,1,0,24373,-15.137684106826782,-11.009793758392334,0.21428571428571427
8124,1,0,24372,-15.137684106826782,-11.009793758392334,0.21428571428571427
8125,1,0,24371,-15.137684106826782,-11.009793758392334,0.21428571428571427
8126,1,0,24370,-15.137684106826782,-11.009793758392334,0.21428571428571427
8127,1,0,24369,-15.137684106826782,-11.009793758392334,0.21428571428571427
8128,1,0,24390,-15.137684106826782,-11.009793758392334,0.21428571428571427
8129,1,0,24391,-15.137684106826782,-11.009793758392334,0.21428571428571427
8130,1,0,24392,-15.137684106826782,-11.009793758392334,0.21428571428571427
8131,1,0,24404,-15.137684106826782,-11.009793758392334,0.21428571428571427
8132,1,0,24413,-15.137684106826782,-11.009793758392334,0.21428571428571427
8133,1,0,24412,-15.137684106826782,-11.009793758392334,0.21428571428571427
8134,1,0,24411,-15.137684106826782,-11.009793758392334,0.21428571428571427
8135,1,0,24410,-15.137684106826782,-11.009793758392334,0.21428571428571427
8136,1,0,24409,-15.137684106826782,-11.009793758392334,0.21428571428571427
8137,1,0,24408,-15.137684106826782,-11.009793758392334,0.21428571428571427
8138,1,0,24407,-15.137684106826782,-11.009793758392334,0.21428571428571427
8139,1,0,24406,-15.137684106826782,-11.009793758392334,0.21428571428571427
8140,1,0,24405,-15.137684106826782,-11.009793758392334,0.21428571428571427
8141,1,0,24403,-15.137684106826782,-11.009793758392334,0.21428571428571427
8142,0,0,24393,-15.137684106826782,-11.009793758392334,0.21428571428571427
8143,1,0,24402,-15.137684106826782,-11.009793758392334,0.21428571428571427
8144,1,0,24401,-15.137684106826782,-11.009793758392334,0.21428571428571427
8145,1,0,24400,-15.137684106826782,-11.009793758392334,0.21428571428571427
8146,1,0,24399,-15.137684106826782,-11.009793758392334,0.21428571428571427
8147,1,0,24398,-15.137684106826782,-11.009793758392334,0.21428571428571427
8148,1,0,24397,-15.137684106826782,-11.009793758392334,0.21428571428571427
8149,1,0,24396,-15.137684106826782,-11.009793758392334,0.21428571428571427
8150,1,0,24395,-15.137684106826782,-11.009793758392334,0.21428571428571427
8151,1,0,24394,-15.137684106826782,-11.009793758392334,0.21428571428571427
8152,1,0,24368,-15.137684106826782,-11.009793758392334,0.21428571428571427
8153,0,0,24366,-15.137684106826782,-11.009793758392334,0.21428571428571427
8154,0,0,24319,-15.137684106826782,-11.009793758392334,0.21428571428571427
8155,1,0,24365,-15.137684106826782,-11.009793758392334,0.21428571428571427
8156,0,0,24340,-15.137684106826782,-11.009793758392334,0.21428571428571427
8157,1,0,24339,-15.137684106826782,-11.009793758392334,0.21428571428571427
8158,1,0,24338,-15.137684106826782,-11.009793758392334,0.21428571428571427
8159,1,0,24337,-15.137684106826782,-11.009793758392334,0.21428571428571427
8160,1,0,24336,-15.137684106826782,-11.009793758392334,0.21428571428571427
8161,1,0,24335,-15.137684106826782,-11.009793758392334,0.21428571428571427
8162,1,0,24334,-15.137684106826782,-11.009793758392334,0.21428571428571427
8163,1,0,24333,-15.137684106826782,-11.009793758392334,0.21428571428571427
8164,1,0,24332,-15.137684106826782,-11.009793758392334,0.21428571428571427
8165,1,0,24331,-15.137684106826782,-11.009793758392334,0.21428571428571427
8166,1,0,24330,-15.137684106826782,-11.009793758392334,0.21428571428571427
8167,1,0,24329,-15.137684106826782,-11.009793758392334,0.21428571428571427
8168,1,0,24328,-15.137684106826782,-11.009793758392334,0.21428571428571427
8169,1,0,24327,-15.137684106826782,-11.009793758392334,0.21428571428571427
8170,1,0,24326,-15.137684106826782,-11.009793758392334,0.21428571428571427
8171,1,0,24325,-15.137684106826782,-11.009793758392334,0.21428571428571427
8172,1,0,24324,-15.137684106826782,-11.009793758392334,0.21428571428571427
8173,1,0,24323,-15.137684106826782,-11.009793758392334,0.21428571428571427
8174,1,0,24322,-15.137684106826782,-11.009793758392334,0.21428571428571427
8175,1,0,24321,-15.137684106826782,-11.009793758392334,0.21428571428571427
8176,1,0,24320,-15.137684106826782,-11.009793758392334,0.21428571428571427
8177,1,0,24341,-15.137684106826782,-11.009793758392334,0.21428571428571427
8178,1,0,24342,-15.137684106826782,-11.009793758392334,0.21428571428571427
8179,1,0,24343,-15.137684106826782,-11.009793758392334,0.21428571428571427
8180,1,0,24355,-15.137684106826782,-11.009793758392334,0.21428571428571427
8181,1,0,24364,-15.137684106826782,-11.009793758392334,0.21428571428571427
8182,1,0,24363,-15.137684106826782,-11.009793758392334,0.21428571428571427
8183,1,0,24362,-15.137684106826782,-11.009793758392334,0.21428571428571427
8184,1,0,24361,-15.137684106826782,-11.009793758392334,0.21428571428571427
8185,1,0,24360,-15.137684106826782,-11.009793758392334,0.21428571428571427
8186,1,0,24359,-15.137684106826782,-11.009793758392334,0.21428571428571427
8187,1,0,24358,-15.137684106826782,-11.009793758392334,0.21428571428571427
8188,1,0,24357,-15.137684106826782,-11.009793758392334,0.21428571428571427
8189,1,0,24356,-15.137684106826782,-11.009793758392334,0.21428571428571427
8190,1,0,24354,-15.137684106826782,-11.009793758392334,0.21428571428571427
8191,1,0,24344,-15.137684106826782,-11.009793758392334,0.21428571428571427
8192,1,0,24353,-15.137684106826782,-11.009793758392334,0.21428571428571427
8193,0,0,24352,-15.137684106826782,-11.009793758392334,0.21428571428571427
8194,1,0,24351,-15.137684106826782,-11.009793758392334,0.21428571428571427
8195,1,0,24350,-15.137684106826782,-11.009793758392334,0.21428571428571427
8196,1,0,24349,-15.137684106826782,-11.009793758392334,0.21428571428571427
8197,1,0,24348,-15.137684106826782,-11.009793758392334,0.21428571428571427
8198,1,0,24347,-15.137684106826782,-11.009793758392334,0.21428571428571427
8199,1,0,24346,-15.137684106826782,-11.009793758392334,0.21428571428571427
8200,1,0,24345,-15.137684106826782,-11.009793758392334,0.21428571428571427
8201,1,0,24609,-15.137684106826782,-11.009793758392334,0.21428571428571427
8202,1,0,24610,-15.137684106826782,-11.009793758392334,0.21428571428571427
8203,1,0,24611,-15.137684106826782,-11.009793758392334,0.21428571428571427
8204,1,0,24806,-15.137684106826782,-11.009793758392334,0.21428571428571427
8205,1,0,24877,-15.137684106826782,-11.009793758392334,0.21428571428571427
8206,1,0,24876,-15.137684106826782,-11.009793758392334,0.21428571428571427
8207,1,0,24875,-15.137684106826782,-11.009793758392334,0.21428571428571427
8208,1,0,24874,-15.137684106826782,-11.009793758392334,0.21428571428571427
8209,1,0,24873,-15.137684106826782,-11.009793758392334,0.21428571428571427
8210,1,0,24872,-15.137684106826782,-11.009793758392334,0.21428571428571427
8211,0,0,24871,-15.137684106826782,-11.009793758392334,0.21428571428571427
8212,1,0,24870,-15.137684106826782,-11.009793758392334,0.21428571428571427
8213,1,0,24869,-15.137684106826782,-11.009793758392334,0.21428571428571427
8214,1,0,24868,-15.137684106826782,-11.009793758392334,0.21428571428571427
8215,1,0,24867,-15.137684106826782,-11.009793758392334,0.21428571428571427
8216,1,0,24866,-15.137684106826782,-11.009793758392334,0.21428571428571427
8217,1,0,24865,-15.137684106826782,-11.009793758392334,0.21428571428571427
8218,1,0,24864,-15.137684106826782,-11.009793758392334,0.21428571428571427
8219,1,0,24863,-15.137684106826782,-11.009793758392334,0.21428571428571427
8220,1,0,24862,-15.137684106826782,-11.009793758392334,0.21428571428571427
8221,1,0,24861,-15.137684106826782,-11.009793758392334,0.21428571428571427
8222,1,0,24860,-15.137684106826782,-11.009793758392334,0.21428571428571427
8223,1,0,24859,-15.137684106826782,-11.009793758392334,0.21428571428571427
8224,1,0,24858,-15.137684106826782,-11.009793758392334,0.21428571428571427
8225,1,0,24857,-15.137684106826782,-11.009793758392334,0.21428571428571427
8226,1,0,24878,-15.137684106826782,-11.009793758392334,0.21428571428571427
8227,1,0,24879,-15.137684106826782,-11.009793758392334,0.21428571428571427
8228,1,0,24880,-15.137684106826782,-11.009793758392334,0.21428571428571427
8229,1,0,24892,-15.137684106826782,-11.009793758392334,0.21428571428571427
8230,1,0,24901,-15.137684106826782,-11.009793758392334,0.21428571428571427
8231,1,0,24900,-15.137684106826782,-11.009793758392334,0.21428571428571427
8232,1,0,24899,-15.137684106826782,-11.009793758392334,0.21428571428571427
8233,1,0,24898,-15.137684106826782,-11.009793758392334,0.21428571428571427
8234,1,0,24897,-15.137684106826782,-11.009793758392334,0.21428571428571427
8235,0,0,24896,-15.137684106826782,-11.009793758392334,0.21428571428571427
8236,1,0,24895,-15.137684106826782,-11.009793758392334,0.21428571428571427
8237,0,0,24894,-15.137684106826782,-11.009793758392334,0.21428571428571427
8238,1,0,24893,-15.137684106826782,-11.009793758392334,0.21428571428571427
8239,1,0,24891,-15.137684106826782,-11.009793758392334,0.21428571428571427
8240,1,0,24881,-15.137684106826782,-11.009793758392334,0.21428571428571427
8241,1,0,24890,-15.137684106826782,-11.009793758392334,0.21428571428571427
8242,1,0,24889,-15.137684106826782,-11.009793758392334,0.21428571428571427
8243,1,0,24888,-15.137684106826782,-11.009793758392334,0.21428571428571427
8244,1,0,24887,-15.137684106826782,-11.009793758392334,0.21428571428571427
8245,1,0,24886,-15.137684106826782,-11.009793758392334,0.21428571428571427
8246,1,0,24885,-15.137684106826782,-11.009793758392334,0.21428571428571427
8247,1,0,24884,-15.137684106826782,-11.009793758392334,0.21428571428571427
8248,1,0,24883,-15.137684106826782,-11.009793758392334,0.21428571428571427
8249,1,0,24882,-15.137684106826782,-11.009793758392334,0.21428571428571427
8250,1,0,24856,-15.137684106826782,-11.009793758392334,0.21428571428571427
8251,1,0,24854,-15.137684106826782,-11.009793758392334,0.21428571428571427
8252,1,0,24807,-15.137684106826782,-11.009793758392334,0.21428571428571427
8253,1,0,24853,-15.137684106826782,-11.009793758392334,0.21428571428571427
8254,1,0,24828,-15.137684106826782,-11.009793758392334,0.21428571428571427
8255,1,0,24827,-15.137684106826782,-11.009793758392334,0.21428571428571427
8256,1,0,24826,-15.137684106826782,-11.009793758392334,0.21428571428571427
8257,1,0,24825,-15.137684106826782,-11.009793758392334,0.21428571428571427
8258,1,0,24824,-15.137684106826782,-11.009793758392334,0.21428571428571427
8259,0,0,24823,-15.137684106826782,-11.009793758392334,0.21428571428571427
8260,0,0,24822,-15.137684106826782,-11.009793758392334,0.21428571428571427
8261,1,0,24821,-15.137684106826782,-11.009793758392334,0.21428571428571427
8262,1,0,24820,-15.137684106826782,-11.009793758392334,0.21428571428571427
8263,1,0,24819,-15.137684106826782,-11.009793758392334,0.21428571428571427
8264,1,0,24818,-15.137684106826782,-11.009793758392334,0.21428571428571427
8265,1,0,24817,-15.137684106826782,-11.009793758392334,0.21428571428571427
8266,1,0,24816,-15.137684106826782,-11.009793758392334,0.21428571428571427
8267,1,0,24815,-15.137684106826782,-11.009793758392334,0.21428571428571427
8268,1,0,24814,-15.137684106826782,-11.009793758392334,0.21428571428571427
8269,1,0,24813,-15.137684106826782,-11.009793758392334,0.21428571428571427
8270,1,0,24812,-15.137684106826782,-11.009793758392334,0.21428571428571427
8271,1,0,24811,-15.137684106826782,-11.009793758392334,0.21428571428571427
8272,1,0,24810,-15.137684106826782,-11.009793758392334,0.21428571428571427
8273,1,0,24809,-15.137684106826782,-11.009793758392334,0.21428571428571427
8274,1,0,24808,-15.137684106826782,-11.009793758392334,0.21428571428571427
8275,1,0,24829,-15.137684106826782,-11.009793758392334,0.21428571428571427
8276,1,0,24830,-15.137684106826782,-11.009793758392334,0.21428571428571427
8277,1,0,24831,-15.137684106826782,-11.009793758392334,0.21428571428571427
8278,0,0,24843,-15.137684106826782,-11.009793758392334,0.21428571428571427
8279,1,0,24852,-15.137684106826782,-11.009793758392334,0.21428571428571427
8280,1,0,24851,-15.137684106826782,-11.009793758392334,0.21428571428571427
8281,1,0,24850,-15.137684106826782,-11.009793758392334,0.21428571428571427
8282,1,0,24849,-15.137684106826782,-11.009793758392334,0.21428571428571427
8283,1,0,24848,-15.137684106826782,-11.009793758392334,0.21428571428571427
8284,1,0,24847,-15.137684106826782,-11.009793758392334,0.21428571428571427
8285,1,0,24846,-15.137684106826782,-11.009793758392334,0.21428571428571427
8286,1,0,24845,-15.137684106826782,-11.009793758392334,0.21428571428571427
8287,1,0,24844,-15.137684106826782,-11.009793758392334,0.21428571428571427
8288,1,0,24842,-15.137684106826782,-11.009793758392334,0.21428571428571427
8289,1,0,24832,-15.137684106826782,-11.009793758392334,0.21428571428571427
8290,1,0,24841,-15.137684106826782,-11.009793758392334,0.21428571428571427
8291,1,0,24840,-15.137684106826782,-11.009793758392334,0.21428571428571427
8292,0,0,24839,-15.137684106826782,-11.009793758392334,0.21428571428571427
8293,1,0,24838,-15.137684106826782,-11.009793758392334,0.21428571428571427
8294,1,0,24837,-15.137684106826782,-11.009793758392334,0.21428571428571427
8295,1,0,24836,-15.137684106826782,-11.009793758392334,0.21428571428571427
8296,1,0,24835,-15.137684106826782,-11.009793758392334,0.21428571428571427
8297,1,0,24834,-15.137684106826782,-11.009793758392334,0.21428571428571427
8298,0,0,24833,-15.137684106826782,-11.009793758392334,0.21428571428571427
8299,1,0,24902,-15.137684106826782,-11.009793758392334,0.21428571428571427
8300,1,0,24903,-15.137684106826782,-11.009793758392334,0.21428571428571427
8301,1,0,24904,-15.137684106826782,-11.009793758392334,0.21428571428571427
8302,1,0,24905,-15.137684106826782,-11.009793758392334,0.21428571428571427
8303,1,0,24974,-15.137684106826782,-11.009793758392334,0.21428571428571427
8304,1,0,24973,-15.137684106826782,-11.009793758392334,0.21428571428571427
8305,1,0,24972,-15.137684106826782,-11.009793758392334,0.21428571428571427
8306,1,0,24971,-15.137684106826782,-11.009793758392334,0.21428571428571427
8307,1,0,24970,-15.137684106826782,-11.009793758392334,0.21428571428571427
8308,1,0,24969,-15.137684106826782,-11.009793758392334,0.21428571428571427
8309,1,0,24968,-15.137684106826782,-11.009793758392334,0.21428571428571427
8310,1,0,24967,-15.137684106826782,-11.009793758392334,0.21428571428571427
8311,1,0,24966,-15.137684106826782,-11.009793758392334,0.21428571428571427
8312,1,0,24964,-15.137684106826782,-11.009793758392334,0.21428571428571427
8313,1,0,24954,-15.137684106826782,-11.009793758392334,0.21428571428571427
8314,1,0,24963,-15.137684106826782,-11.009793758392334,0.21428571428571427
8315,1,0,24962,-15.137684106826782,-11.009793758392334,0.21428571428571427
8316,1,0,24961,-15.137684106826782,-11.009793758392334,0.21428571428571427
8317,1,0,24960,-15.137684106826782,-11.009793758392334,0.21428571428571427
8318,1,0,24959,-15.137684106826782,-11.009793758392334,0.21428571428571427
8319,1,0,24958,-15.137684106826782,-11.009793758392334,0.21428571428571427
8320,1,0,24957,-15.137684106826782,-11.009793758392334,0.21428571428571427
8321,1,0,24956,-15.137684106826782,-11.009793758392334,0.21428571428571427
8322,1,0,24955,-15.137684106826782,-11.009793758392334,0.21428571428571427
8323,1,0,24975,-15.137684106826782,-11.009793758392334,0.21428571428571427
8324,0,0,24965,-15.137684106826782,-11.009793758392334,0.21428571428571427
8325,1,0,24976,-15.137684106826782,-11.009793758392334,0.21428571428571427
8326,1,0,24989,-15.137684106826782,-11.009793758392334,0.21428571428571427
8327,1,0,24998,-15.137684106826782,-11.009793758392334,0.21428571428571427
8328,1,0,24997,-15.137684106826782,-11.009793758392334,0.21428571428571427
8329,1,0,24996,-15.137684106826782,-11.009793758392334,0.21428571428571427
8330,1,0,24995,-15.137684106826782,-11.009793758392334,0.21428571428571427
8331,1,0,24994,-15.137684106826782,-11.009793758392334,0.21428571428571427
8332,1,0,24993,-15.137684106826782,-11.009793758392334,0.21428571428571427
8333,1,0,24992,-15.137684106826782,-11.009793758392334,0.21428571428571427
8334,1,0,24991,-15.137684106826782,-11.009793758392334,0.21428571428571427
8335,1,0,24990,-15.137684106826782,-11.009793758392334,0.21428571428571427
8336,1,0,24988,-15.137684106826782,-11.009793758392334,0.21428571428571427
8337,1,0,24978,-15.137684106826782,-11.009793758392334,0.21428571428571427
8338,1,0,24987,-15.137684106826782,-11.009793758392334,0.21428571428571427
8339,1,0,24986,-15.137684106826782,-11.009793758392334,0.21428571428571427
8340,1,0,24985,-15.137684106826782,-11.009793758392334,0.21428571428571427
8341,1,0,24984,-15.137684106826782,-11.009793758392334,0.21428571428571427
8342,1,0,24983,-15.137684106826782,-11.009793758392334,0.21428571428571427
8343,1,0,24982,-15.137684106826782,-11.009793758392334,0.21428571428571427
8344,1,0,24981,-15.137684106826782,-11.009793758392334,0.21428571428571427
8345,1,0,24980,-15.137684106826782,-11.009793758392334,0.21428571428571427
8346,1,0,24979,-15.137684106826782,-11.009793758392334,0.21428571428571427
8347,0,0,24977,-15.137684106826782,-11.009793758392334,0.21428571428571427
8348,0,0,24953,-15.137684106826782,-11.009793758392334,0.21428571428571427
8349,1,0,24952,-15.137684106826782,-11.009793758392334,0.21428571428571427
8350,1,0,24951,-15.137684106826782,-11.009793758392334,0.21428571428571427
8351,1,0,24926,-15.137684106826782,-11.009793758392334,0.21428571428571427
8352,1,0,24925,-15.137684106826782,-11.009793758392334,0.21428571428571427
8353,0,0,24924,-15.137684106826782,-11.009793758392334,0.21428571428571427
8354,1,0,24923,-15.137684106826782,-11.009793758392334,0.21428571428571427
8355,1,0,24922,-15.137684106826782,-11.009793758392334,0.21428571428571427
8356,1,0,24921,-15.137684106826782,-11.009793758392334,0.21428571428571427
8357,1,0,24920,-15.137684106826782,-11.009793758392334,0.21428571428571427
8358,1,0,24919,-15.137684106826782,-11.009793758392334,0.21428571428571427
8359,1,0,24918,-15.137684106826782,-11.009793758392334,0.21428571428571427
8360,1,0,24917,-15.137684106826782,-11.009793758392334,0.21428571428571427
8361,1,0,24916,-15.137684106826782,-11.009793758392334,0.21428571428571427
8362,1,0,24915,-15.137684106826782,-11.009793758392334,0.21428571428571427
8363,1,0,24914,-15.137684106826782,-11.009793758392334,0.21428571428571427
8364,1,0,24913,-15.137684106826782,-11.009793758392334,0.21428571428571427
8365,1,0,24912,-15.137684106826782,-11.009793758392334,0.21428571428571427
8366,1,0,24911,-15.137684106826782,-11.009793758392334,0.21428571428571427
8367,1,0,24910,-15.137684106826782,-11.009793758392334,0.21428571428571427
8368,1,0,24909,-15.137684106826782,-11.009793758392334,0.21428571428571427
8369,1,0,24908,-15.137684106826782,-11.009793758392334,0.21428571428571427
8370,1,0,24907,-15.137684106826782,-11.009793758392334,0.21428571428571427
8371,0,0,24906,-15.137684106826782,-11.009793758392334,0.21428571428571427
8372,1,0,24927,-15.137684106826782,-11.009793758392334,0.21428571428571427
8373,0,0,24928,-15.137684106826782,-11.009793758392334,0.21428571428571427
8374,1,0,24929,-15.137684106826782,-11.009793758392334,0.21428571428571427
8375,0,0,24941,-15.137684106826782,-11.009793758392334,0.21428571428571427
8376,1,0,24950,-15.137684106826782,-11.009793758392334,0.21428571428571427
8377,0,0,24949,-15.137684106826782,-11.009793758392334,0.21428571428571427
8378,1,0,24948,-15.137684106826782,-11.009793758392334,0.21428571428571427
8379,1,0,24947,-15.137684106826782,-11.009793758392334,0.21428571428571427
8380,1,0,24946,-15.137684106826782,-11.009793758392334,0.21428571428571427
8381,0,0,24945,-15.137684106826782,-11.009793758392334,0.21428571428571427
8382,1,0,24944,-15.137684106826782,-11.009793758392334,0.21428571428571427
8383,1,0,24943,-15.137684106826782,-11.009793758392334,0.21428571428571427
8384,1,0,24942,-15.137684106826782,-11.009793758392334,0.21428571428571427
8385,1,0,24940,-15.137684106826782,-11.009793758392334,0.21428571428571427
8386,1,0,24930,-15.137684106826782,-11.009793758392334,0.21428571428571427
8387,1,0,24939,-15.137684106826782,-11.009793758392334,0.21428571428571427
8388,1,0,24938,-15.137684106826782,-11.009793758392334,0.21428571428571427
8389,1,0,24937,-15.137684106826782,-11.009793758392334,0.21428571428571427
8390,1,0,24936,-15.137684106826782,-11.009793758392334,0.21428571428571427
8391,1,0,24935,-15.137684106826782,-11.009793758392334,0.21428571428571427
8392,1,0,24934,-15.137684106826782,-11.009793758392334,0.21428571428571427
8393,1,0,24933,-15.137684106826782,-11.009793758392334,0.21428571428571427
8394,1,0,24932,-15.137684106826782,-11.009793758392334,0.21428571428571427
8395,1,0,24931,-15.137684106826782,-11.009793758392334,0.21428571428571427
8396,1,0,24855,-15.137684106826782,-11.009793758392334,0.21428571428571427
8397,1,0,24805,-15.137684106826782,-11.009793758392334,0.21428571428571427
8398,1,0,24660,-15.137684106826782,-11.009793758392334,0.21428571428571427
8399,1,0,24804,-15.137684106826782,-11.009793758392334,0.21428571428571427
8400,1,0,24682,-15.137684106826782,-11.009793758392334,0.21428571428571427
8401,1,0,24681,-15.137684106826782,-11.009793758392334,0.21428571428571427
8402,1,0,24680,-15.137684106826782,-11.009793758392334,0.21428571428571427
8403,1,0,24679,-15.137684106826782,-11.009793758392334,0.21428571428571427
8404,1,0,24678,-15.137684106826782,-11.009793758392334,0.21428571428571427
8405,1,0,24677,-15.137684106826782,-11.009793758392334,0.21428571428571427
8406,0,0,24676,-15.137684106826782,-11.009793758392334,0.21428571428571427
8407,1,0,24675,-15.137684106826782,-11.009793758392334,0.21428571428571427
8408,1,0,24674,-15.137684106826782,-11.009793758392334,0.21428571428571427
8409,1,0,24673,-15.137684106826782,-11.009793758392334,0.21428571428571427
8410,1,0,24672,-15.137684106826782,-11.009793758392334,0.21428571428571427
8411,1,0,24671,-15.137684106826782,-11.009793758392334,0.21428571428571427
8412,1,0,24670,-15.137684106826782,-11.009793758392334,0.21428571428571427
8413,1,0,24669,-15.137684106826782,-11.009793758392334,0.21428571428571427
8414,1,0,24668,-15.137684106826782,-11.009793758392334,0.21428571428571427
8415,1,0,24667,-15.137684106826782,-11.009793758392334,0.21428571428571427
8416,1,0,24666,-15.137684106826782,-11.009793758392334,0.21428571428571427
8417,0,0,24665,-15.137684106826782,-11.009793758392334,0.21428571428571427
8418,1,0,24664,-15.137684106826782,-11.009793758392334,0.21428571428571427
8419,1,0,24663,-15.137684106826782,-11.009793758392334,0.21428571428571427
8420,1,0,24662,-15.137684106826782,-11.009793758392334,0.21428571428571427
8421,1,0,24683,-15.137684106826782,-11.009793758392334,0.21428571428571427
8422,1,0,24684,-15.137684106826782,-11.009793758392334,0.21428571428571427
8423,1,0,24685,-15.137684106826782,-11.009793758392334,0.21428571428571427
8424,1,0,24697,-15.137684106826782,-11.009793758392334,0.21428571428571427
8425,0,0,24706,-15.137684106826782,-11.009793758392334,0.21428571428571427
8426,1,0,24705,-15.137684106826782,-11.009793758392334,0.21428571428571427
8427,1,0,24704,-15.137684106826782,-11.009793758392334,0.21428571428571427
8428,1,0,24703,-15.137684106826782,-11.009793758392334,0.21428571428571427
8429,0,0,24702,-15.137684106826782,-11.009793758392334,0.21428571428571427
8430,1,0,24701,-15.137684106826782,-11.009793758392334,0.21428571428571427
8431,1,0,24700,-15.137684106826782,-11.009793758392334,0.21428571428571427
8432,1,0,24699,-15.137684106826782,-11.009793758392334,0.21428571428571427
8433,1,0,24698,-15.137684106826782,-11.009793758392334,0.21428571428571427
8434,1,0,24696,-15.137684106826782,-11.009793758392334,0.21428571428571427
8435,1,0,24686,-15.137684106826782,-11.009793758392334,0.21428571428571427
8436,0,0,24695,-15.137684106826782,-11.009793758392334,0.21428571428571427
8437,1,0,24694,-15.137684106826782,-11.009793758392334,0.21428571428571427
8438,1,0,24693,-15.137684106826782,-11.009793758392334,0.21428571428571427
8439,1,0,24692,-15.137684106826782,-11.009793758392334,0.21428571428571427
8440,1,0,24691,-15.137684106826782,-11.009793758392334,0.21428571428571427
8441,1,0,24690,-15.137684106826782,-11.009793758392334,0.21428571428571427
8442,1,0,24689,-15.137684106826782,-11.009793758392334,0.21428571428571427
8443,1,0,24688,-15.137684106826782,-11.009793758392334,0.21428571428571427
8444,1,0,24687,-15.137684106826782,-11.009793758392334,0.21428571428571427
8445,1,0,24661,-15.137684106826782,-11.009793758392334,0.21428571428571427
8446,1,0,24659,-15.137684106826782,-11.009793758392334,0.21428571428571427
8447,1,0,24612,-15.137684106826782,-11.009793758392334,0.21428571428571427
8448,1,0,24658,-15.137684106826782,-11.009793758392334,0.21428571428571427
8449,1,0,24633,-15.137684106826782,-11.009793758392334,0.21428571428571427
8450,1,0,24632,-15.137684106826782,-11.009793758392334,0.21428571428571427
8451,1,0,24631,-15.137684106826782,-11.009793758392334,0.21428571428571427
8452,1,0,24630,-15.137684106826782,-11.009793758392334,0.21428571428571427
8453,1,0,24629,-15.137684106826782,-11.009793758392334,0.21428571428571427
8454,1,0,24628,-15.137684106826782,-11.009793758392334,0.21428571428571427
8455,1,0,24627,-15.137684106826782,-11.009793758392334,0.21428571428571427
8456,1,0,24626,-15.137684106826782,-11.009793758392334,0.21428571428571427
8457,0,0,24625,-15.137684106826782,-11.009793758392334,0.21428571428571427
8458,1,0,24624,-15.137684106826782,-11.009793758392334,0.21428571428571427
8459,1,0,24623,-15.137684106826782,-11.009793758392334,0.21428571428571427
8460,1,0,24622,-15.137684106826782,-11.009793758392334,0.21428571428571427
8461,1,0,24621,-15.137684106826782,-11.009793758392334,0.21428571428571427
8462,1,0,24620,-15.137684106826782,-11.009793758392334,0.21428571428571427
8463,0,0,24619,-15.137684106826782,-11.009793758392334,0.21428571428571427
8464,1,0,24618,-15.137684106826782,-11.009793758392334,0.21428571428571427
8465,0,0,24617,-15.137684106826782,-11.009793758392334,0.21428571428571427
8466,1,0,24616,-15.137684106826782,-11.009793758392334,0.21428571428571427
8467,1,0,24615,-15.137684106826782,-11.009793758392334,0.21428571428571427
8468,1,0,24614,-15.137684106826782,-11.009793758392334,0.21428571428571427
8469,1,0,24613,-15.137684106826782,-11.009793758392334,0.21428571428571427
8470,1,0,24634,-15.137684106826782,-11.009793758392334,0.21428571428571427
8471,1,0,24635,-15.137684106826782,-11.009793758392334,0.21428571428571427
8472,1,0,24636,-15.137684106826782,-11.009793758392334,0.21428571428571427
8473,1,0,24648,-15.137684106826782,-11.009793758392334,0.21428571428571427
8474,1,0,24657,-15.137684106826782,-11.009793758392334,0.21428571428571427
8475,1,0,24656,-15.137684106826782,-11.009793758392334,0.21428571428571427
8476,0,0,24655,-15.137684106826782,-11.009793758392334,0.21428571428571427
8477,1,0,24654,-15.137684106826782,-11.009793758392334,0.21428571428571427
8478,1,0,24653,-15.137684106826782,-11.009793758392334,0.21428571428571427
8479,1,0,24652,-15.137684106826782,-11.009793758392334,0.21428571428571427
8480,1,0,24651,-15.137684106826782,-11.009793758392334,0.21428571428571427
8481,1,0,24650,-15.137684106826782,-11.009793758392334,0.21428571428571427
8482,1,0,24649,-15.137684106826782,-11.009793758392334,0.21428571428571427
8483,1,0,24647,-15.137684106826782,-11.009793758392334,0.21428571428571427
8484,0,0,24637,-15.137684106826782,-11.009793758392334,0.21428571428571427
8485,0,0,24646,-15.137684106826782,-11.009793758392334,0.21428571428571427
8486,1,0,24645,-15.137684106826782,-11.009793758392334,0.21428571428571427
8487,1,0,24644,-15.137684106826782,-11.009793758392334,0.21428571428571427
8488,1,0,24643,-15.137684106826782,-11.009793758392334,0.21428571428571427
8489,1,0,24642,-15.137684106826782,-11.009793758392334,0.21428571428571427
8490,1,0,24641,-15.137684106826782,-11.009793758392334,0.21428571428571427
8491,1,0,24640,-15.137684106826782,-11.009793758392334,0.21428571428571427
8492,1,0,24639,-15.137684106826782,-11.009793758392334,0.21428571428571427
8493,1,0,24638,-15.137684106826782,-11.009793758392334,0.21428571428571427
8494,1,0,24707,-15.137684106826782,-11.009793758392334,0.21428571428571427
8495,1,0,24708,-15.137684106826782,-11.009793758392334,0.21428571428571427
8496,1,0,24709,-15.137684106826782,-11.009793758392334,0.21428571428571427
8497,1,0,24710,-15.137684106826782,-11.009793758392334,0.21428571428571427
8498,1,0,24779,-15.137684106826782,-11.009793758392334,0.21428571428571427
8499,1,0,24778,-15.137684106826782,-11.009793758392334,0.21428571428571427
8500,1,0,24777,-15.137684106826782,-11.009793758392334,0.21428571428571427
8501,1,0,24776,-15.137684106826782,-11.009793758392334,0.21428571428571427
8502,1,0,24775,-15.137684106826782,-11.009793758392334,0.21428571428571427
8503,1,0,24774,-15.137684106826782,-11.009793758392334,0.21428571428571427
8504,1,0,24773,-15.137684106826782,-11.009793758392334,0.21428571428571427
8505,0,0,24772,-15.137684106826782,-11.009793758392334,0.21428571428571427
8506,1,0,24771,-15.137684106826782,-11.009793758392334,0.21428571428571427
8507,1,0,24769,-15.137684106826782,-11.009793758392334,0.21428571428571427
8508,1,0,24759,-15.137684106826782,-11.009793758392334,0.21428571428571427
8509,1,0,24768,-15.137684106826782,-11.009793758392334,0.21428571428571427
8510,1,0,24767,-15.137684106826782,-11.009793758392334,0.21428571428571427
8511,1,0,24766,-15.137684106826782,-11.009793758392334,0.21428571428571427
8512,1,0,24765,-15.137684106826782,-11.009793758392334,0.21428571428571427
8513,1,0,24764,-15.137684106826782,-11.009793758392334,0.21428571428571427
8514,1,0,24763,-15.137684106826782,-11.009793758392334,0.21428571428571427
8515,1,0,24762,-15.137684106826782,-11.009793758392334,0.21428571428571427
8516,1,0,24761,-15.137684106826782,-11.009793758392334,0.21428571428571427
8517,1,0,24760,-15.137684106826782,-11.009793758392334,0.21428571428571427
8518,1,0,24780,-15.137684106826782,-11.009793758392334,0.21428571428571427
8519,0,0,24770,-15.137684106826782,-11.009793758392334,0.21428571428571427
8520,1,0,24781,-15.137684106826782,-11.009793758392334,0.21428571428571427
8521,1,0,24794,-15.137684106826782,-11.009793758392334,0.21428571428571427
8522,1,0,24803,-15.137684106826782,-11.009793758392334,0.21428571428571427
8523,1,0,24802,-15.137684106826782,-11.009793758392334,0.21428571428571427
8524,1,0,24801,-15.137684106826782,-11.009793758392334,0.21428571428571427
8525,0,0,24800,-15.137684106826782,-11.009793758392334,0.21428571428571427
8526,1,0,24799,-15.137684106826782,-11.009793758392334,0.21428571428571427
8527,1,0,24798,-15.137684106826782,-11.009793758392334,0.21428571428571427
8528,1,0,24797,-15.137684106826782,-11.009793758392334,0.21428571428571427
8529,1,0,24796,-15.137684106826782,-11.009793758392334,0.21428571428571427
8530,1,0,24795,-15.137684106826782,-11.009793758392334,0.21428571428571427
8531,1,0,24793,-15.137684106826782,-11.009793758392334,0.21428571428571427
8532,0,0,24783,-15.137684106826782,-11.009793758392334,0.21428571428571427
8533,1,0,24792,-15.137684106826782,-11.009793758392334,0.21428571428571427
8534,0,0,24791,-15.137684106826782,-11.009793758392334,0.21428571428571427
8535,1,0,24790,-15.137684106826782,-11.009793758392334,0.21428571428571427
8536,1,0,24789,-15.137684106826782,-11.009793758392334,0.21428571428571427
8537,1,0,24788,-15.137684106826782,-11.009793758392334,0.21428571428571427
8538,0,0,24787,-15.137684106826782,-11.009793758392334,0.21428571428571427
8539,1,0,24786,-15.137684106826782,-11.009793758392334,0.21428571428571427
8540,1,0,24785,-15.137684106826782,-11.009793758392334,0.21428571428571427
8541,1,0,24784,-15.137684106826782,-11.009793758392334,0.21428571428571427
8542,1,0,24782,-15.137684106826782,-11.009793758392334,0.21428571428571427
8543,1,0,24758,-15.137684106826782,-11.009793758392334,0.21428571428571427
8544,1,0,24757,-15.137684106826782,-11.009793758392334,0.21428571428571427
8545,1,0,24756,-15.137684106826782,-11.009793758392334,0.21428571428571427
8546,1,0,24731,-15.137684106826782,-11.009793758392334,0.21428571428571427
8547,1,0,24730,-15.137684106826782,-11.009793758392334,0.21428571428571427
8548,1,0,24729,-15.137684106826782,-11.009793758392334,0.21428571428571427
8549,1,0,24728,-15.137684106826782,-11.009793758392334,0.21428571428571427
8550,1,0,24727,-15.137684106826782,-11.009793758392334,0.21428571428571427
8551,1,0,24726,-15.137684106826782,-11.009793758392334,0.21428571428571427
8552,1,0,24725,-15.137684106826782,-11.009793758392334,0.21428571428571427
8553,1,0,24724,-15.137684106826782,-11.009793758392334,0.21428571428571427
8554,1,0,24723,-15.137684106826782,-11.009793758392334,0.21428571428571427
8555,1,0,24722,-15.137684106826782,-11.009793758392334,0.21428571428571427
8556,1,0,24721,-15.137684106826782,-11.009793758392334,0.21428571428571427
8557,0,0,24720,-15.137684106826782,-11.009793758392334,0.21428571428571427
8558,1,0,24719,-15.137684106826782,-11.009793758392334,0.21428571428571427
8559,1,0,24718,-15.137684106826782,-11.009793758392334,0.21428571428571427
8560,1,0,24717,-15.137684106826782,-11.009793758392334,0.21428571428571427
8561,1,0,24716,-15.137684106826782,-11.009793758392334,0.21428571428571427
8562,1,0,24715,-15.137684106826782,-11.009793758392334,0.21428571428571427
8563,1,0,24714,-15.137684106826782,-11.009793758392334,0.21428571428571427
8564,1,0,24713,-15.137684106826782,-11.009793758392334,0.21428571428571427
8565,1,0,24712,-15.137684106826782,-11.009793758392334,0.21428571428571427
8566,1,0,24711,-15.137684106826782,-11.009793758392334,0.21428571428571427
8567,1,0,24732,-15.137684106826782,-11.009793758392334,0.21428571428571427
8568,0,0,24733,-15.137684106826782,-11.009793758392334,0.21428571428571427
8569,0,0,24734,-15.137684106826782,-11.009793758392334,0.21428571428571427
8570,1,0,24746,-15.137684106826782,-11.009793758392334,0.21428571428571427
8571,1,0,24755,-15.137684106826782,-11.009793758392334,0.21428571428571427
8572,1,0,24754,-15.137684106826782,-11.009793758392334,0.21428571428571427
8573,1,0,24753,-15.137684106826782,-11.009793758392334,0.21428571428571427
8574,1,0,24752,-15.137684106826782,-11.009793758392334,0.21428571428571427
8575,1,0,24751,-15.137684106826782,-11.009793758392334,0.21428571428571427
8576,1,0,24750,-15.137684106826782,-11.009793758392334,0.21428571428571427
8577,1,0,24749,-15.137684106826782,-11.009793758392334,0.21428571428571427
8578,1,0,24748,-15.137684106826782,-11.009793758392334,0.21428571428571427
8579,1,0,24747,-15.137684106826782,-11.009793758392334,0.21428571428571427
8580,0,0,24745,-15.137684106826782,-11.009793758392334,0.21428571428571427
8581,1,0,24735,-15.137684106826782,-11.009793758392334,0.21428571428571427
8582,1,0,24744,-15.137684106826782,-11.009793758392334,0.21428571428571427
8583,1,0,24743,-15.137684106826782,-11.009793758392334,0.21428571428571427
8584,1,0,24742,-15.137684106826782,-11.009793758392334,0.21428571428571427
8585,1,0,24741,-15.137684106826782,-11.009793758392334,0.21428571428571427
8586,1,0,24740,-15.137684106826782,-11.009793758392334,0.21428571428571427
8587,1,0,24739,-15.137684106826782,-11.009793758392334,0.21428571428571427
8588,1,0,24738,-15.137684106826782,-11.009793758392334,0.21428571428571427
8589,1,0,24737,-15.137684106826782,-11.009793758392334,0.21428571428571427
8590,1,0,24736,-15.137684106826782,-11.009793758392334,0.21428571428571427
8591,1,0,24318,-15.137684106826782,-11.009793758392334,0.21428571428571427
8592,1,0,24219,-15.137684106826782,-11.009793758392334,0.21428571428571427
8593,1,0,23537,-15.137684106826782,-11.009793758392334,0.21428571428571427
8594,1,0,24218,-15.137684106826782,-11.009793758392334,0.21428571428571427
8595,1,0,23706,-15.137684106826782,-11.009793758392334,0.21428571428571427
8596,1,0,23705,-15.137684106826782,-11.009793758392334,0.21428571428571427
8597,1,0,23704,-15.137684106826782,-11.009793758392334,0.21428571428571427
8598,0,0,23703,-15.137684106826782,-11.009793758392334,0.21428571428571427
8599,1,0,23702,-15.137684106826782,-11.009793758392334,0.21428571428571427
8600,1,0,23701,-15.137684106826782,-11.009793758392334,0.21428571428571427
8601,1,0,23700,-15.137684106826782,-11.009793758392334,0.21428571428571427
8602,1,0,23699,-15.137684106826782,-11.009793758392334,0.21428571428571427
8603,1,0,23698,-15.137684106826782,-11.009793758392334,0.21428571428571427
8604,1,0,23697,-15.137684106826782,-11.009793758392334,0.21428571428571427
8605,1,0,23696,-15.137684106826782,-11.009793758392334,0.21428571428571427
8606,1,0,23695,-15.137684106826782,-11.009793758392334,0.21428571428571427
8607,1,0,23694,-15.137684106826782,-11.009793758392334,0.21428571428571427
8608,1,0,23693,-15.137684106826782,-11.009793758392334,0.21428571428571427
8609,1,0,23692,-15.137684106826782,-11.009793758392334,0.21428571428571427
8610,0,0,23691,-15.137684106826782,-11.009793758392334,0.21428571428571427
8611,1,0,23690,-15.137684106826782,-11.009793758392334,0.21428571428571427
8612,1,0,23689,-15.137684106826782,-11.009793758392334,0.21428571428571427
8613,1,0,23688,-15.137684106826782,-11.009793758392334,0.21428571428571427
8614,1,0,23687,-15.137684106826782,-11.009793758392334,0.21428571428571427
8615,1,0,23686,-15.137684106826782,-11.009793758392334,0.21428571428571427
8616,1,0,23707,-15.137684106826782,-11.009793758392334,0.21428571428571427
8617,0,0,23708,-15.137684106826782,-11.009793758392334,0.21428571428571427
8618,0,0,23709,-15.137684106826782,-11.009793758392334,0.21428571428571427
8619,1,0,23721,-15.137684106826782,-11.009793758392334,0.21428571428571427
8620,1,0,23730,-15.137684106826782,-11.009793758392334,0.21428571428571427
8621,0,0,23729,-15.137684106826782,-11.009793758392334,0.21428571428571427
8622,1,0,23728,-15.137684106826782,-11.009793758392334,0.21428571428571427
8623,1,0,23727,-15.137684106826782,-11.009793758392334,0.21428571428571427
8624,1,0,23726,-15.137684106826782,-11.009793758392334,0.21428571428571427
8625,0,0,23725,-15.137684106826782,-11.009793758392334,0.21428571428571427
8626,1,0,23724,-15.137684106826782,-11.009793758392334,0.21428571428571427
8627,1,0,23723,-15.137684106826782,-11.009793758392334,0.21428571428571427
8628,1,0,23722,-15.137684106826782,-11.009793758392334,0.21428571428571427
8629,1,0,23720,-15.137684106826782,-11.009793758392334,0.21428571428571427
8630,1,0,23710,-15.137684106826782,-11.009793758392334,0.21428571428571427
8631,1,0,23719,-15.137684106826782,-11.009793758392334,0.21428571428571427
8632,1,0,23718,-15.137684106826782,-11.009793758392334,0.21428571428571427
8633,1,0,23717,-15.137684106826782,-11.009793758392334,0.21428571428571427
8634,0,0,23716,-15.137684106826782,-11.009793758392334,0.21428571428571427
8635,1,0,23715,-15.137684106826782,-11.009793758392334,0.21428571428571427
8636,1,0,23714,-15.137684106826782,-11.009793758392334,0.21428571428571427
8637,1,0,23713,-15.137684106826782,-11.009793758392334,0.21428571428571427
8638,1,0,23712,-15.137684106826782,-11.009793758392334,0.21428571428571427
8639,1,0,23711,-15.137684106826782,-11.009793758392334,0.21428571428571427
8640,1,0,23685,-15.137684106826782,-11.009793758392334,0.21428571428571427
8641,1,0,23683,-15.137684106826782,-11.009793758392334,0.21428571428571427
8642,1,0,23636,-15.137684106826782,-11.009793758392334,0.21428571428571427
8643,1,0,23682,-15.137684106826782,-11.009793758392334,0.21428571428571427
8644,1,0,23657,-15.137684106826782,-11.009793758392334,0.21428571428571427
8645,1,0,23656,-15.137684106826782,-11.009793758392334,0.21428571428571427
8646,0,0,23655,-15.137684106826782,-11.009793758392334,0.21428571428571427
8647,1,0,23654,-15.137684106826782,-11.009793758392334,0.21428571428571427
8648,1,0,23653,-15.137684106826782,-11.009793758392334,0.21428571428571427
8649,1,0,23652,-15.137684106826782,-11.009793758392334,0.21428571428571427
8650,1,0,23651,-15.137684106826782,-11.009793758392334,0.21428571428571427
8651,1,0,23650,-15.137684106826782,-11.009793758392334,0.21428571428571427
8652,1,0,23649,-15.137684106826782,-11.009793758392334,0.21428571428571427
8653,1,0,23648,-15.137684106826782,-11.009793758392334,0.21428571428571427
8654,1,0,23647,-15.137684106826782,-11.009793758392334,0.21428571428571427
8655,1,0,23646,-15.137684106826782,-11.009793758392334,0.21428571428571427
8656,1,0,23645,-15.137684106826782,-11.009793758392334,0.21428571428571427
8657,1,0,23644,-15.137684106826782,-11.009793758392334,0.21428571428571427
8658,0,0,23643,-15.137684106826782,-11.009793758392334,0.21428571428571427
8659,1,0,23642,-15.137684106826782,-11.009793758392334,0.21428571428571427
8660,1,0,23641,-15.137684106826782,-11.009793758392334,0.21428571428571427
8661,1,0,23640,-15.137684106826782,-11.009793758392334,0.21428571428571427
8662,1,0,23639,-15.137684106826782,-11.009793758392334,0.21428571428571427
8663,1,0,23638,-15.137684106826782,-11.009793758392334,0.21428571428571427
8664,0,0,23637,-15.137684106826782,-11.009793758392334,0.21428571428571427
8665,1,0,23658,-15.137684106826782,-11.009793758392334,0.21428571428571427
8666,1,0,23659,-15.137684106826782,-11.009793758392334,0.21428571428571427
8667,1,0,23660,-15.137684106826782,-11.009793758392334,0.21428571428571427
8668,1,0,23672,-15.137684106826782,-11.009793758392334,0.21428571428571427
8669,0,0,23681,-15.137684106826782,-11.009793758392334,0.21428571428571427
8670,1,0,23680,-15.137684106826782,-11.009793758392334,0.21428571428571427
8671,1,0,23679,-15.137684106826782,-11.009793758392334,0.21428571428571427
8672,1,0,23678,-15.137684106826782,-11.009793758392334,0.21428571428571427
8673,1,0,23677,-15.137684106826782,-11.009793758392334,0.21428571428571427
8674,1,0,23676,-15.137684106826782,-11.009793758392334,0.21428571428571427
8675,1,0,23675,-15.137684106826782,-11.009793758392334,0.21428571428571427
8676,1,0,23674,-15.137684106826782,-11.009793758392334,0.21428571428571427
8677,1,0,23673,-15.137684106826782,-11.009793758392334,0.21428571428571427
8678,1,0,23671,-15.137684106826782,-11.009793758392334,0.21428571428571427
8679,1,0,23661,-15.137684106826782,-11.009793758392334,0.21428571428571427
8680,1,0,23670,-15.137684106826782,-11.009793758392334,0.21428571428571427
8681,1,0,23669,-15.137684106826782,-11.009793758392334,0.21428571428571427
8682,1,0,23668,-15.137684106826782,-11.009793758392334,0.21428571428571427
8683,1,0,23667,-15.137684106826782,-11.009793758392334,0.21428571428571427
8684,1,0,23666,-15.137684106826782,-11.009793758392334,0.21428571428571427
8685,1,0,23665,-15.137684106826782,-11.009793758392334,0.21428571428571427
8686,1,0,23664,-15.137684106826782,-11.009793758392334,0.21428571428571427
8687,1,0,23663,-15.137684106826782,-11.009793758392334,0.21428571428571427
8688,0,0,23662,-15.137684106826782,-11.009793758392334,0.21428571428571427
8689,1,0,23731,-15.137684106826782,-11.009793758392334,0.21428571428571427
8690,1,0,23732,-15.137684106826782,-11.009793758392334,0.21428571428571427
8691,1,0,23733,-15.137684106826782,-11.009793758392334,0.21428571428571427
8692,1,0,23734,-15.137684106826782,-11.009793758392334,0.21428571428571427
8693,1,0,23803,-15.137684106826782,-11.009793758392334,0.21428571428571427
8694,1,0,23802,-15.137684106826782,-11.009793758392334,0.21428571428571427
8695,0,0,23801,-15.137684106826782,-11.009793758392334,0.21428571428571427
8696,1,0,23800,-15.137684106826782,-11.009793758392334,0.21428571428571427
8697,1,0,23799,-15.137684106826782,-11.009793758392334,0.21428571428571427
8698,1,0,23798,-15.137684106826782,-11.009793758392334,0.21428571428571427
8699,1,0,23797,-15.137684106826782,-11.009793758392334,0.21428571428571427
8700,1,0,23796,-15.137684106826782,-11.009793758392334,0.21428571428571427
8701,1,0,23795,-15.137684106826782,-11.009793758392334,0.21428571428571427
8702,1,0,23793,-15.137684106826782,-11.009793758392334,0.21428571428571427
8703,0,0,23783,-15.137684106826782,-11.009793758392334,0.21428571428571427
8704,1,0,23792,-15.137684106826782,-11.009793758392334,0.21428571428571427
8705,1,0,23791,-15.137684106826782,-11.009793758392334,0.21428571428571427
8706,0,0,23790,-15.137684106826782,-11.009793758392334,0.21428571428571427
8707,1,0,23789,-15.137684106826782,-11.009793758392334,0.21428571428571427
8708,1,0,23788,-15.137684106826782,-11.009793758392334,0.21428571428571427
8709,1,0,23787,-15.137684106826782,-11.009793758392334,0.21428571428571427
8710,0,0,23786,-15.137684106826782,-11.009793758392334,0.21428571428571427
8711,1,0,23785,-15.137684106826782,-11.009793758392334,0.21428571428571427
8712,1,0,23784,-15.137684106826782,-11.009793758392334,0.21428571428571427
8713,1,0,23804,-15.137684106826782,-11.009793758392334,0.21428571428571427
8714,0,0,23794,-15.137684106826782,-11.009793758392334,0.21428571428571427
8715,1,0,23805,-15.137684106826782,-11.009793758392334,0.21428571428571427
8716,1,0,23818,-15.137684106826782,-11.009793758392334,0.21428571428571427
8717,0,0,23827,-15.137684106826782,-11.009793758392334,0.21428571428571427
8718,0,0,23826,-15.137684106826782,-11.009793758392334,0.21428571428571427
8719,1,0,23825,-15.137684106826782,-11.009793758392334,0.21428571428571427
8720,1,0,23824,-15.137684106826782,-11.009793758392334,0.21428571428571427
8721,1,0,23823,-15.137684106826782,-11.009793758392334,0.21428571428571427
8722,1,0,23822,-15.137684106826782,-11.009793758392334,0.21428571428571427
8723,1,0,23821,-15.137684106826782,-11.009793758392334,0.21428571428571427
8724,1,0,23820,-15.137684106826782,-11.009793758392334,0.21428571428571427
8725,0,0,23819,-15.137684106826782,-11.009793758392334,0.21428571428571427
8726,1,0,23817,-15.137684106826782,-11.009793758392334,0.21428571428571427
8727,1,0,23807,-15.137684106826782,-11.009793758392334,0.21428571428571427
8728,1,0,23816,-15.137684106826782,-11.009793758392334,0.21428571428571427
8729,1,0,23815,-15.137684106826782,-11.009793758392334,0.21428571428571427
8730,1,0,23814,-15.137684106826782,-11.009793758392334,0.21428571428571427
8731,1,0,23813,-15.137684106826782,-11.009793758392334,0.21428571428571427
8732,1,0,23812,-15.137684106826782,-11.009793758392334,0.21428571428571427
8733,1,0,23811,-15.137684106826782,-11.009793758392334,0.21428571428571427
8734,1,0,23810,-15.137684106826782,-11.009793758392334,0.21428571428571427
8735,1,0,23809,-15.137684106826782,-11.009793758392334,0.21428571428571427
8736,1,0,23808,-15.137684106826782,-11.009793758392334,0.21428571428571427
8737,1,0,23806,-15.137684106826782,-11.009793758392334,0.21428571428571427
8738,1,0,23782,-15.137684106826782,-11.009793758392334,0.21428571428571427
8739,1,0,23781,-15.137684106826782,-11.009793758392334,0.21428571428571427
8740,1,0,23780,-15.137684106826782,-11.009793758392334,0.21428571428571427
8741,1,0,23755,-15.137684106826782,-11.009793758392334,0.21428571428571427
8742,1,0,23754,-15.137684106826782,-11.009793758392334,0.21428571428571427
8743,1,0,23753,-15.137684106826782,-11.009793758392334,0.21428571428571427
8744,1,0,23752,-15.137684106826782,-11.009793758392334,0.21428571428571427
8745,0,0,23751,-15.137684106826782,-11.009793758392334,0.21428571428571427
8746,1,0,23750,-15.137684106826782,-11.009793758392334,0.21428571428571427
8747,1,0,23749,-15.137684106826782,-11.009793758392334,0.21428571428571427
8748,0,0,23748,-15.137684106826782,-11.009793758392334,0.21428571428571427
8749,1,0,23747,-15.137684106826782,-11.009793758392334,0.21428571428571427
8750,1,0,23746,-15.137684106826782,-11.009793758392334,0.21428571428571427
8751,1,0,23745,-15.137684106826782,-11.009793758392334,0.21428571428571427
8752,1,0,23744,-15.137684106826782,-11.009793758392334,0.21428571428571427
8753,1,0,23743,-15.137684106826782,-11.009793758392334,0.21428571428571427
8754,1,0,23742,-15.137684106826782,-11.009793758392334,0.21428571428571427
8755,1,0,23741,-15.137684106826782,-11.009793758392334,0.21428571428571427
8756,1,0,23740,-15.137684106826782,-11.009793758392334,0.21428571428571427
8757,0,0,23739,-15.137684106826782,-11.009793758392334,0.21428571428571427
8758,0,0,23738,-15.137684106826782,-11.009793758392334,0.21428571428571427
8759,1,0,23737,-15.137684106826782,-11.009793758392334,0.21428571428571427
8760,1,0,23736,-15.137684106826782,-11.009793758392334,0.21428571428571427
8761,1,0,23735,-15.137684106826782,-11.009793758392334,0.21428571428571427
8762,0,0,23756,-15.137684106826782,-11.009793758392334,0.21428571428571427
8763,0,0,23757,-15.137684106826782,-11.009793758392334,0.21428571428571427
8764,0,0,23758,-15.137684106826782,-11.009793758392334,0.21428571428571427
8765,1,0,23770,-15.137684106826782,-11.009793758392334,0.21428571428571427
8766,1,0,23779,-15.137684106826782,-11.009793758392334,0.21428571428571427
8767,1,0,23778,-15.137684106826782,-11.009793758392334,0.21428571428571427
8768,0,0,23777,-15.137684106826782,-11.009793758392334,0.21428571428571427
8769,1,0,23776,-15.137684106826782,-11.009793758392334,0.21428571428571427
8770,1,0,23775,-15.137684106826782,-11.009793758392334,0.21428571428571427
8771,1,0,23774,-15.137684106826782,-11.009793758392334,0.21428571428571427
8772,1,0,23773,-15.137684106826782,-11.009793758392334,0.21428571428571427
8773,1,0,23772,-15.137684106826782,-11.009793758392334,0.21428571428571427
8774,0,0,23771,-15.137684106826782,-11.009793758392334,0.21428571428571427
8775,1,0,23769,-15.137684106826782,-11.009793758392334,0.21428571428571427
8776,1,0,23759,-15.137684106826782,-11.009793758392334,0.21428571428571427
8777,1,0,23768,-15.137684106826782,-11.009793758392334,0.21428571428571427
8778,1,0,23767,-15.137684106826782,-11.009793758392334,0.21428571428571427
8779,1,0,23766,-15.137684106826782,-11.009793758392334,0.21428571428571427
8780,1,0,23765,-15.137684106826782,-11.009793758392334,0.21428571428571427
8781,1,0,23764,-15.137684106826782,-11.009793758392334,0.21428571428571427
8782,1,0,23763,-15.137684106826782,-11.009793758392334,0.21428571428571427
8783,1,0,23762,-15.137684106826782,-11.009793758392334,0.21428571428571427
8784,0,0,23761,-15.137684106826782,-11.009793758392334,0.21428571428571427
8785,1,0,23760,-15.137684106826782,-11.009793758392334,0.21428571428571427
8786,1,0,23684,-15.137684106826782,-11.009793758392334,0.21428571428571427
8787,1,0,23635,-15.137684106826782,-11.009793758392334,0.21428571428571427
8788,1,0,23634,-15.137684106826782,-11.009793758392334,0.21428571428571427
8789,1,0,23633,-15.137684106826782,-11.009793758392334,0.21428571428571427
8790,1,0,23510,-15.137684106826782,-11.009793758392334,0.21428571428571427
8791,1,0,23509,-15.137684106826782,-11.009793758392334,0.21428571428571427
8792,1,0,23508,-15.137684106826782,-11.009793758392334,0.21428571428571427
8793,1,0,23507,-15.137684106826782,-11.009793758392334,0.21428571428571427
8794,1,0,23506,-15.137684106826782,-11.009793758392334,0.21428571428571427
8795,1,0,23505,-15.137684106826782,-11.009793758392334,0.21428571428571427
8796,1,0,23504,-15.137684106826782,-11.009793758392334,0.21428571428571427
8797,1,0,23503,-15.137684106826782,-11.009793758392334,0.21428571428571427
8798,1,0,23502,-15.137684106826782,-11.009793758392334,0.21428571428571427
8799,1,0,23501,-15.137684106826782,-11.009793758392334,0.21428571428571427
8800,1,0,23500,-15.137684106826782,-11.009793758392334,0.21428571428571427
8801,1,0,23499,-15.137684106826782,-11.009793758392334,0.21428571428571427
8802,1,0,23498,-15.137684106826782,-11.009793758392334,0.21428571428571427
8803,1,0,23497,-15.137684106826782,-11.009793758392334,0.21428571428571427
8804,0,0,23496,-15.137684106826782,-11.009793758392334,0.21428571428571427
8805,1,0,23495,-15.137684106826782,-11.009793758392334,0.21428571428571427
8806,0,0,23494,-15.137684106826782,-11.009793758392334,0.21428571428571427
8807,1,0,23493,-15.137684106826782,-11.009793758392334,0.21428571428571427
8808,0,0,23492,-15.137684106826782,-11.009793758392334,0.21428571428571427
8809,1,0,23491,-15.137684106826782,-11.009793758392334,0.21428571428571427
8810,1,0,23490,-15.137684106826782,-11.009793758392334,0.21428571428571427
8811,1,0,23511,-15.137684106826782,-11.009793758392334,0.21428571428571427
8812,1,0,23512,-15.137684106826782,-11.009793758392334,0.21428571428571427
8813,1,0,23513,-15.137684106826782,-11.009793758392334,0.21428571428571427
8814,1,0,23525,-15.137684106826782,-11.009793758392334,0.21428571428571427
8815,1,0,23534,-15.137684106826782,-11.009793758392334,0.21428571428571427
8816,1,0,23533,-15.137684106826782,-11.009793758392334,0.21428571428571427
8817,1,0,23532,-15.137684106826782,-11.009793758392334,0.21428571428571427
8818,0,0,23531,-15.137684106826782,-11.009793758392334,0.21428571428571427
8819,1,0,23530,-15.137684106826782,-11.009793758392334,0.21428571428571427
8820,1,0,23529,-15.137684106826782,-11.009793758392334,0.21428571428571427
8821,1,0,23528,-15.137684106826782,-11.009793758392334,0.21428571428571427
8822,1,0,23527,-15.137684106826782,-11.009793758392334,0.21428571428571427
8823,1,0,23526,-15.137684106826782,-11.009793758392334,0.21428571428571427
8824,1,0,23524,-15.137684106826782,-11.009793758392334,0.21428571428571427
8825,1,0,23514,-15.137684106826782,-11.009793758392334,0.21428571428571427
8826,1,0,23523,-15.137684106826782,-11.009793758392334,0.21428571428571427
8827,1,0,23522,-15.137684106826782,-11.009793758392334,0.21428571428571427
8828,1,0,23521,-15.137684106826782,-11.009793758392334,0.21428571428571427
8829,1,0,23520,-15.137684106826782,-11.009793758392334,0.21428571428571427
8830,1,0,23519,-15.137684106826782,-11.009793758392334,0.21428571428571427
8831,1,0,23518,-15.137684106826782,-11.009793758392334,0.21428571428571427
8832,0,0,23517,-15.137684106826782,-11.009793758392334,0.21428571428571427
8833,1,0,23516,-15.137684106826782,-11.009793758392334,0.21428571428571427
8834,1,0,23515,-15.137684106826782,-11.009793758392334,0.21428571428571427
8835,1,0,23489,-15.137684106826782,-11.009793758392334,0.21428571428571427
8836,1,0,23487,-15.137684106826782,-11.009793758392334,0.21428571428571427
8837,1,0,23440,-15.137684106826782,-11.009793758392334,0.21428571428571427
8838,1,0,23486,-15.137684106826782,-11.009793758392334,0.21428571428571427
8839,1,0,23461,-15.137684106826782,-11.009793758392334,0.21428571428571427
8840,1,0,23460,-15.137684106826782,-11.009793758392334,0.21428571428571427
8841,1,0,23459,-15.137684106826782,-11.009793758392334,0.21428571428571427
8842,1,0,23458,-15.137684106826782,-11.009793758392334,0.21428571428571427
8843,1,0,23457,-15.137684106826782,-11.009793758392334,0.21428571428571427
8844,1,0,23456,-15.137684106826782,-11.009793758392334,0.21428571428571427
8845,1,0,23455,-15.137684106826782,-11.009793758392334,0.21428571428571427
8846,1,0,23454,-15.137684106826782,-11.009793758392334,0.21428571428571427
8847,1,0,23453,-15.137684106826782,-11.009793758392334,0.21428571428571427
8848,1,0,23452,-15.137684106826782,-11.009793758392334,0.21428571428571427
8849,1,0,23451,-15.137684106826782,-11.009793758392334,0.21428571428571427
8850,1,0,23450,-15.137684106826782,-11.009793758392334,0.21428571428571427
8851,1,0,23449,-15.137684106826782,-11.009793758392334,0.21428571428571427
8852,1,0,23448,-15.137684106826782,-11.009793758392334,0.21428571428571427
8853,1,0,23447,-15.137684106826782,-11.009793758392334,0.21428571428571427
8854,1,0,23446,-15.137684106826782,-11.009793758392334,0.21428571428571427
8855,1,0,23445,-15.137684106826782,-11.009793758392334,0.21428571428571427
8856,1,0,23444,-15.137684106826782,-11.009793758392334,0.21428571428571427
8857,1,0,23443,-15.137684106826782,-11.009793758392334,0.21428571428571427
8858,0,0,23442,-15.137684106826782,-11.009793758392334,0.21428571428571427
8859,1,0,23441,-15.137684106826782,-11.009793758392334,0.21428571428571427
8860,1,0,23462,-15.137684106826782,-11.009793758392334,0.21428571428571427
8861,1,0,23463,-15.137684106826782,-11.009793758392334,0.21428571428571427
8862,1,0,23464,-15.137684106826782,-11.009793758392334,0.21428571428571427
8863,1,0,23476,-15.137684106826782,-11.009793758392334,0.21428571428571427
8864,1,0,23485,-15.137684106826782,-11.009793758392334,0.21428571428571427
8865,1,0,23484,-15.137684106826782,-11.009793758392334,0.21428571428571427
8866,1,0,23483,-15.137684106826782,-11.009793758392334,0.21428571428571427
8867,1,0,23482,-15.137684106826782,-11.009793758392334,0.21428571428571427
8868,1,0,23481,-15.137684106826782,-11.009793758392334,0.21428571428571427
8869,0,0,23480,-15.137684106826782,-11.009793758392334,0.21428571428571427
8870,1,0,23479,-15.137684106826782,-11.009793758392334,0.21428571428571427
8871,1,0,23478,-15.137684106826782,-11.009793758392334,0.21428571428571427
8872,1,0,23477,-15.137684106826782,-11.009793758392334,0.21428571428571427
8873,1,0,23475,-15.137684106826782,-11.009793758392334,0.21428571428571427
8874,1,0,23465,-15.137684106826782,-11.009793758392334,0.21428571428571427
8875,1,0,23474,-15.137684106826782,-11.009793758392334,0.21428571428571427
8876,1,0,23473,-15.137684106826782,-11.009793758392334,0.21428571428571427
8877,0,0,23472,-15.137684106826782,-11.009793758392334,0.21428571428571427
8878,1,0,23471,-15.137684106826782,-11.009793758392334,0.21428571428571427
8879,0,0,23470,-15.137684106826782,-11.009793758392334,0.21428571428571427
8880,1,0,23469,-15.137684106826782,-11.009793758392334,0.21428571428571427
8881,1,0,23468,-15.137684106826782,-11.009793758392334,0.21428571428571427
8882,1,0,23467,-15.137684106826782,-11.009793758392334,0.21428571428571427
8883,1,0,23466,-15.137684106826782,-11.009793758392334,0.21428571428571427
8884,1,0,23535,-15.137684106826782,-11.009793758392334,0.21428571428571427
8885,1,0,23488,-15.137684106826782,-11.009793758392334,0.21428571428571427
8886,1,0,23536,-15.137684106826782,-11.009793758392334,0.21428571428571427
8887,1,0,23586,-15.137684106826782,-11.009793758392334,0.21428571428571427
8888,1,0,23608,-15.137684106826782,-11.009793758392334,0.21428571428571427
8889,1,0,23607,-15.137684106826782,-11.009793758392334,0.21428571428571427
8890,1,0,23606,-15.137684106826782,-11.009793758392334,0.21428571428571427
8891,1,0,23605,-15.137684106826782,-11.009793758392334,0.21428571428571427
8892,1,0,23604,-15.137684106826782,-11.009793758392334,0.21428571428571427
8893,1,0,23603,-15.137684106826782,-11.009793758392334,0.21428571428571427
8894,1,0,23602,-15.137684106826782,-11.009793758392334,0.21428571428571427
8895,1,0,23601,-15.137684106826782,-11.009793758392334,0.21428571428571427
8896,1,0,23600,-15.137684106826782,-11.009793758392334,0.21428571428571427
8897,1,0,23599,-15.137684106826782,-11.009793758392334,0.21428571428571427
8898,1,0,23598,-15.137684106826782,-11.009793758392334,0.21428571428571427
8899,1,0,23597,-15.137684106826782,-11.009793758392334,0.21428571428571427
8900,1,0,23596,-15.137684106826782,-11.009793758392334,0.21428571428571427
8901,1,0,23595,-15.137684106826782,-11.009793758392334,0.21428571428571427
8902,1,0,23594,-15.137684106826782,-11.009793758392334,0.21428571428571427
8903,1,0,23593,-15.137684106826782,-11.009793758392334,0.21428571428571427
8904,1,0,23592,-15.137684106826782,-11.009793758392334,0.21428571428571427
8905,1,0,23591,-15.137684106826782,-11.009793758392334,0.21428571428571427
8906,0,0,23590,-15.137684106826782,-11.009793758392334,0.21428571428571427
8907,1,0,23589,-15.137684106826782,-11.009793758392334,0.21428571428571427
8908,1,0,23588,-15.137684106826782,-11.009793758392334,0.21428571428571427
8909,1,0,23609,-15.137684106826782,-11.009793758392334,0.21428571428571427
8910,1,0,23610,-15.137684106826782,-11.009793758392334,0.21428571428571427
8911,1,0,23611,-15.137684106826782,-11.009793758392334,0.21428571428571427
8912,1,0,23623,-15.137684106826782,-11.009793758392334,0.21428571428571427
8913,1,0,23632,-15.137684106826782,-11.009793758392334,0.21428571428571427
8914,0,0,23631,-15.137684106826782,-11.009793758392334,0.21428571428571427
8915,1,0,23630,-15.137684106826782,-11.009793758392334,0.21428571428571427
8916,1,0,23629,-15.137684106826782,-11.009793758392334,0.21428571428571427
8917,1,0,23628,-15.137684106826782,-11.009793758392334,0.21428571428571427
8918,1,0,23627,-15.137684106826782,-11.009793758392334,0.21428571428571427
8919,0,0,23626,-15.137684106826782,-11.009793758392334,0.21428571428571427
8920,1,0,23625,-15.137684106826782,-11.009793758392334,0.21428571428571427
8921,1,0,23624,-15.137684106826782,-11.009793758392334,0.21428571428571427
8922,1,0,23622,-15.137684106826782,-11.009793758392334,0.21428571428571427
8923,1,0,23612,-15.137684106826782,-11.009793758392334,0.21428571428571427
8924,1,0,23621,-15.137684106826782,-11.009793758392334,0.21428571428571427
8925,1,0,23620,-15.137684106826782,-11.009793758392334,0.21428571428571427
8926,1,0,23619,-15.137684106826782,-11.009793758392334,0.21428571428571427
8927,1,0,23618,-15.137684106826782,-11.009793758392334,0.21428571428571427
8928,1,0,23617,-15.137684106826782,-11.009793758392334,0.21428571428571427
8929,1,0,23616,-15.137684106826782,-11.009793758392334,0.21428571428571427
8930,1,0,23615,-15.137684106826782,-11.009793758392334,0.21428571428571427
8931,1,0,23614,-15.137684106826782,-11.009793758392334,0.21428571428571427
8932,1,0,23613,-15.137684106826782,-11.009793758392334,0.21428571428571427
8933,0,0,23587,-15.137684106826782,-11.009793758392334,0.21428571428571427
8934,1,0,23585,-15.137684106826782,-11.009793758392334,0.21428571428571427
8935,1,0,23538,-15.137684106826782,-11.009793758392334,0.21428571428571427
8936,1,0,23584,-15.137684106826782,-11.009793758392334,0.21428571428571427
8937,1,0,23559,-15.137684106826782,-11.009793758392334,0.21428571428571427
8938,1,0,23558,-15.137684106826782,-11.009793758392334,0.21428571428571427
8939,0,0,23557,-15.137684106826782,-11.009793758392334,0.21428571428571427
8940,0,0,23556,-15.137684106826782,-11.009793758392334,0.21428571428571427
8941,1,0,23555,-15.137684106826782,-11.009793758392334,0.21428571428571427
8942,1,0,23554,-15.137684106826782,-11.009793758392334,0.21428571428571427
8943,1,0,23553,-15.137684106826782,-11.009793758392334,0.21428571428571427
8944,1,0,23552,-15.137684106826782,-11.009793758392334,0.21428571428571427
8945,1,0,23551,-15.137684106826782,-11.009793758392334,0.21428571428571427
8946,0,0,23550,-15.137684106826782,-11.009793758392334,0.21428571428571427
8947,1,0,23549,-15.137684106826782,-11.009793758392334,0.21428571428571427
8948,1,0,23548,-15.137684106826782,-11.009793758392334,0.21428571428571427
8949,1,0,23547,-15.137684106826782,-11.009793758392334,0.21428571428571427
8950,1,0,23546,-15.137684106826782,-11.009793758392334,0.21428571428571427
8951,1,0,23545,-15.137684106826782,-11.009793758392334,0.21428571428571427
8952,0,0,23544,-15.137684106826782,-11.009793758392334,0.21428571428571427
8953,1,0,23543,-15.137684106826782,-11.009793758392334,0.21428571428571427
8954,1,0,23542,-15.137684106826782,-11.009793758392334,0.21428571428571427
8955,1,0,23541,-15.137684106826782,-11.009793758392334,0.21428571428571427
8956,1,0,23540,-15.137684106826782,-11.009793758392334,0.21428571428571427
8957,1,0,23539,-15.137684106826782,-11.009793758392334,0.21428571428571427
8958,0,0,23560,-15.137684106826782,-11.009793758392334,0.21428571428571427
8959,1,0,23561,-15.137684106826782,-11.009793758392334,0.21428571428571427
8960,1,0,23562,-15.137684106826782,-11.009793758392334,0.21428571428571427
8961,1,0,23574,-15.137684106826782,-11.009793758392334,0.21428571428571427
8962,1,0,23583,-15.137684106826782,-11.009793758392334,0.21428571428571427
8963,1,0,23582,-15.137684106826782,-11.009793758392334,0.21428571428571427
8964,1,0,23581,-15.137684106826782,-11.009793758392334,0.21428571428571427
8965,1,0,23580,-15.137684106826782,-11.009793758392334,0.21428571428571427
8966,1,0,23579,-15.137684106826782,-11.009793758392334,0.21428571428571427
8967,1,0,23578,-15.137684106826782,-11.009793758392334,0.21428571428571427
8968,1,0,23577,-15.137684106826782,-11.009793758392334,0.21428571428571427
8969,1,0,23576,-15.137684106826782,-11.009793758392334,0.21428571428571427
8970,1,0,23575,-15.137684106826782,-11.009793758392334,0.21428571428571427
8971,1,0,23573,-15.137684106826782,-11.009793758392334,0.21428571428571427
8972,1,0,23563,-15.137684106826782,-11.009793758392334,0.21428571428571427
8973,1,0,23572,-15.137684106826782,-11.009793758392334,0.21428571428571427
8974,1,0,23571,-15.137684106826782,-11.009793758392334,0.21428571428571427
8975,1,0,23570,-15.137684106826782,-11.009793758392334,0.21428571428571427
8976,1,0,23569,-15.137684106826782,-11.009793758392334,0.21428571428571427
8977,1,0,23568,-15.137684106826782,-11.009793758392334,0.21428571428571427
8978,1,0,23567,-15.137684106826782,-11.009793758392334,0.21428571428571427
8979,1,0,23566,-15.137684106826782,-11.009793758392334,0.21428571428571427
8980,1,0,23565,-15.137684106826782,-11.009793758392334,0.21428571428571427
8981,1,0,23564,-15.137684106826782,-11.009793758392334,0.21428571428571427
8982,1,0,23828,-15.137684106826782,-11.009793758392334,0.21428571428571427
8983,1,0,23829,-15.137684106826782,-11.009793758392334,0.21428571428571427
8984,1,0,23830,-15.137684106826782,-11.009793758392334,0.21428571428571427
8985,1,0,24025,-15.137684106826782,-11.009793758392334,0.21428571428571427
8986,1,0,24096,-15.137684106826782,-11.009793758392334,0.21428571428571427
8987,1,0,24095,-15.137684106826782,-11.009793758392334,0.21428571428571427
8988,1,0,24094,-15.137684106826782,-11.009793758392334,0.21428571428571427
8989,1,0,24093,-15.137684106826782,-11.009793758392334,0.21428571428571427
8990,1,0,24092,-15.137684106826782,-11.009793758392334,0.21428571428571427
8991,1,0,24091,-15.137684106826782,-11.009793758392334,0.21428571428571427
8992,1,0,24090,-15.137684106826782,-11.009793758392334,0.21428571428571427
8993,1,0,24089,-15.137684106826782,-11.009793758392334,0.21428571428571427
8994,1,0,24088,-15.137684106826782,-11.009793758392334,0.21428571428571427
8995,1,0,24087,-15.137684106826782,-11.009793758392334,0.21428571428571427
8996,1,0,24086,-15.137684106826782,-11.009793758392334,0.21428571428571427
8997,1,0,24085,-15.137684106826782,-11.009793758392334,0.21428571428571427
8998,1,0,24084,-15.137684106826782,-11.009793758392334,0.21428571428571427
8999,1,0,24083,-15.137684106826782,-11.009793758392334,0.21428571428571427
9000,1,0,24082,-15.137684106826782,-11.009793758392334,0.21428571428571427
9001,1,0,24081,-15.137684106826782,-11.009793758392334,0.21428571428571427
9002,1,0,24080,-15.137684106826782,-11.009793758392334,0.21428571428571427
9003,1,0,24079,-15.137684106826782,-11.009793758392334,0.21428571428571427
9004,1,0,24078,-15.137684106826782,-11.009793758392334,0.21428571428571427
9005,1,0,24077,-15.137684106826782,-11.009793758392334,0.21428571428571427
9006,1,0,24076,-15.137684106826782,-11.009793758392334,0.21428571428571427
9007,1,0,24097,-15.137684106826782,-11.009793758392334,0.21428571428571427
9008,1,0,24098,-15.137684106826782,-11.009793758392334,0.21428571428571427
9009,1,0,24099,-15.137684106826782,-11.009793758392334,0.21428571428571427
9010,1,0,24111,-15.137684106826782,-11.009793758392334,0.21428571428571427
9011,1,0,24120,-15.137684106826782,-11.009793758392334,0.21428571428571427
9012,1,0,24119,-15.137684106826782,-11.009793758392334,0.21428571428571427
9013,1,0,24118,-15.137684106826782,-11.009793758392334,0.21428571428571427
9014,1,0,24117,-15.137684106826782,-11.009793758392334,0.21428571428571427
9015,1,0,24116,-15.137684106826782,-11.009793758392334,0.21428571428571427
9016,1,0,24115,-15.137684106826782,-11.009793758392334,0.21428571428571427
9017,0,0,24114,-15.137684106826782,-11.009793758392334,0.21428571428571427
9018,1,0,24113,-15.137684106826782,-11.009793758392334,0.21428571428571427
9019,1,0,24112,-15.137684106826782,-11.009793758392334,0.21428571428571427
9020,1,0,24110,-15.137684106826782,-11.009793758392334,0.21428571428571427
9021,1,0,24100,-15.137684106826782,-11.009793758392334,0.21428571428571427
9022,1,0,24109,-15.137684106826782,-11.009793758392334,0.21428571428571427
9023,1,0,24108,-15.137684106826782,-11.009793758392334,0.21428571428571427
9024,1,0,24107,-15.137684106826782,-11.009793758392334,0.21428571428571427
9025,1,0,24106,-15.137684106826782,-11.009793758392334,0.21428571428571427
9026,1,0,24105,-15.137684106826782,-11.009793758392334,0.21428571428571427
9027,1,0,24104,-15.137684106826782,-11.009793758392334,0.21428571428571427
9028,1,0,24103,-15.137684106826782,-11.009793758392334,0.21428571428571427
9029,1,0,24102,-15.137684106826782,-11.009793758392334,0.21428571428571427
9030,1,0,24101,-15.137684106826782,-11.009793758392334,0.21428571428571427
9031,1,0,24075,-15.137684106826782,-11.009793758392334,0.21428571428571427
9032,0,0,24073,-15.137684106826782,-11.009793758392334,0.21428571428571427
9033,0,0,24026,-15.137684106826782,-11.009793758392334,0.21428571428571427
9034,1,0,24072,-15.137684106826782,-11.009793758392334,0.21428571428571427
9035,1,0,24047,-15.137684106826782,-11.009793758392334,0.21428571428571427
9036,1,0,24046,-15.137684106826782,-11.009793758392334,0.21428571428571427
9037,1,0,24045,-15.137684106826782,-11.009793758392334,0.21428571428571427
9038,1,0,24044,-15.137684106826782,-11.009793758392334,0.21428571428571427
9039,1,0,24043,-15.137684106826782,-11.009793758392334,0.21428571428571427
9040,1,0,24042,-15.137684106826782,-11.009793758392334,0.21428571428571427
9041,1,0,24041,-15.137684106826782,-11.009793758392334,0.21428571428571427
9042,1,0,24040,-15.137684106826782,-11.009793758392334,0.21428571428571427
9043,1,0,24039,-15.137684106826782,-11.009793758392334,0.21428571428571427
9044,1,0,24038,-15.137684106826782,-11.009793758392334,0.21428571428571427
9045,1,0,24037,-15.137684106826782,-11.009793758392334,0.21428571428571427
9046,1,0,24036,-15.137684106826782,-11.009793758392334,0.21428571428571427
9047,1,0,24035,-15.137684106826782,-11.009793758392334,0.21428571428571427
9048,1,0,24034,-15.137684106826782,-11.009793758392334,0.21428571428571427
9049,1,4,16,-15.137684106826782,-11.009793758392334,0.21428571428571427
9050,1,0,24033,-15.137684106826782,-11.009793758392334,0.21428571428571427
9051,1,0,24032,-15.137684106826782,-11.009793758392334,0.21428571428571427
9052,1,0,24031,-15.137684106826782,-11.009793758392334,0.21428571428571427
9053,1,0,24030,-15.137684106826782,-11.009793758392334,0.21428571428571427
9054,1,0,24029,-15.137684106826782,-11.009793758392334,0.21428571428571427
9055,1,0,24028,-15.137684106826782,-11.009793758392334,0.21428571428571427
9056,1,0,24027,-15.137684106826782,-11.009793758392334,0.21428571428571427
9057,1,0,24048,-15.137684106826782,-11.009793758392334,0.21428571428571427
9058,1,0,24049,-15.137684106826782,-11.009793758392334,0.21428571428571427
9059,1,0,24050,-15.137684106826782,-11.009793758392334,0.21428571428571427
9060,1,0,24062,-15.137684106826782,-11.009793758392334,0.21428571428571427
9061,0,0,24071,-15.137684106826782,-11.009793758392334,0.21428571428571427
9062,0,0,24070,-15.137684106826782,-11.009793758392334,0.21428571428571427
9063,1,0,24069,-15.137684106826782,-11.009793758392334,0.21428571428571427
9064,1,0,24068,-15.137684106826782,-11.009793758392334,0.21428571428571427
9065,1,0,24067,-15.137684106826782,-11.009793758392334,0.21428571428571427
9066,1,0,24066,-15.137684106826782,-11.009793758392334,0.21428571428571427
9067,1,0,24065,-15.137684106826782,-11.009793758392334,0.21428571428571427
9068,1,0,24064,-15.137684106826782,-11.009793758392334,0.21428571428571427
9069,1,0,24063,-15.137684106826782,-11.009793758392334,0.21428571428571427
9070,1,0,24061,-15.137684106826782,-11.009793758392334,0.21428571428571427
9071,0,0,24051,-15.137684106826782,-11.009793758392334,0.21428571428571427
9072,1,0,24060,-15.137684106826782,-11.009793758392334,0.21428571428571427
9073,1,0,24059,-15.137684106826782,-11.009793758392334,0.21428571428571427
9074,1,0,24058,-15.137684106826782,-11.009793758392334,0.21428571428571427
9075,1,0,24057,-15.137684106826782,-11.009793758392334,0.21428571428571427
9076,1,0,24056,-15.137684106826782,-11.009793758392334,0.21428571428571427
9077,1,0,24055,-15.137684106826782,-11.009793758392334,0.21428571428571427
9078,1,0,24054,-15.137684106826782,-11.009793758392334,0.21428571428571427
9079,1,0,24053,-15.137684106826782,-11.009793758392334,0.21428571428571427
9080,1,0,24052,-15.137684106826782,-11.009793758392334,0.21428571428571427
9081,1,0,24121,-15.137684106826782,-11.009793758392334,0.21428571428571427
9082,1,0,24122,-15.137684106826782,-11.009793758392334,0.21428571428571427
9083,1,0,24123,-15.137684106826782,-11.009793758392334,0.21428571428571427
9084,1,0,24124,-15.137684106826782,-11.009793758392334,0.21428571428571427
9085,1,0,24193,-15.137684106826782,-11.009793758392334,0.21428571428571427
9086,1,0,24192,-15.137684106826782,-11.009793758392334,0.21428571428571427
9087,0,0,24191,-15.137684106826782,-11.009793758392334,0.21428571428571427
9088,1,0,24190,-15.137684106826782,-11.009793758392334,0.21428571428571427
9089,1,0,24189,-15.137684106826782,-11.009793758392334,0.21428571428571427
9090,1,0,24188,-15.137684106826782,-11.009793758392334,0.21428571428571427
9091,1,0,24187,-15.137684106826782,-11.009793758392334,0.21428571428571427
9092,1,0,24186,-15.137684106826782,-11.009793758392334,0.21428571428571427
9093,1,0,24185,-15.137684106826782,-11.009793758392334,0.21428571428571427
9094,0,0,24183,-15.137684106826782,-11.009793758392334,0.21428571428571427
9095,1,0,24173,-15.137684106826782,-11.009793758392334,0.21428571428571427
9096,1,0,24182,-15.137684106826782,-11.009793758392334,0.21428571428571427
9097,1,0,24181,-15.137684106826782,-11.009793758392334,0.21428571428571427
9098,1,0,24180,-15.137684106826782,-11.009793758392334,0.21428571428571427
9099,1,0,24179,-15.137684106826782,-11.009793758392334,0.21428571428571427
9100,1,0,24178,-15.137684106826782,-11.009793758392334,0.21428571428571427
9101,1,0,24177,-15.137684106826782,-11.009793758392334,0.21428571428571427
9102,1,0,24176,-15.137684106826782,-11.009793758392334,0.21428571428571427
9103,1,0,24175,-15.137684106826782,-11.009793758392334,0.21428571428571427
9104,1,0,24174,-15.137684106826782,-11.009793758392334,0.21428571428571427
9105,1,0,24194,-15.137684106826782,-11.009793758392334,0.21428571428571427
9106,1,0,24184,-15.137684106826782,-11.009793758392334,0.21428571428571427
9107,1,0,24195,-15.137684106826782,-11.009793758392334,0.21428571428571427
9108,1,0,24208,-15.137684106826782,-11.009793758392334,0.21428571428571427
9109,1,0,24217,-15.137684106826782,-11.009793758392334,0.21428571428571427
9110,1,0,24216,-15.137684106826782,-11.009793758392334,0.21428571428571427
9111,1,0,24215,-15.137684106826782,-11.009793758392334,0.21428571428571427
9112,1,0,24214,-15.137684106826782,-11.009793758392334,0.21428571428571427
9113,1,0,24213,-15.137684106826782,-11.009793758392334,0.21428571428571427
9114,1,0,24212,-15.137684106826782,-11.009793758392334,0.21428571428571427
9115,1,0,24211,-15.137684106826782,-11.009793758392334,0.21428571428571427
9116,1,0,24210,-15.137684106826782,-11.009793758392334,0.21428571428571427
9117,1,0,24209,-15.137684106826782,-11.009793758392334,0.21428571428571427
9118,1,0,24207,-15.137684106826782,-11.009793758392334,0.21428571428571427
9119,1,0,24197,-15.137684106826782,-11.009793758392334,0.21428571428571427
9120,1,0,24206,-15.137684106826782,-11.009793758392334,0.21428571428571427
9121,1,0,24205,-15.137684106826782,-11.009793758392334,0.21428571428571427
9122,0,0,24204,-15.137684106826782,-11.009793758392334,0.21428571428571427
9123,1,0,24203,-15.137684106826782,-11.009793758392334,0.21428571428571427
9124,0,0,24202,-15.137684106826782,-11.009793758392334,0.21428571428571427
9125,1,0,24201,-15.137684106826782,-11.009793758392334,0.21428571428571427
9126,0,0,24200,-15.137684106826782,-11.009793758392334,0.21428571428571427
9127,1,0,24199,-15.137684106826782,-11.009793758392334,0.21428571428571427
9128,1,0,24198,-15.137684106826782,-11.009793758392334,0.21428571428571427
9129,1,0,24196,-15.137684106826782,-11.009793758392334,0.21428571428571427
9130,1,0,24172,-15.137684106826782,-11.009793758392334,0.21428571428571427
9131,1,0,24171,-15.137684106826782,-11.009793758392334,0.21428571428571427
9132,1,0,24170,-15.137684106826782,-11.009793758392334,0.21428571428571427
9133,0,0,24145,-15.137684106826782,-11.009793758392334,0.21428571428571427
9134,1,0,24144,-15.137684106826782,-11.009793758392334,0.21428571428571427
9135,1,0,24143,-15.137684106826782,-11.009793758392334,0.21428571428571427
9136,1,0,24142,-15.137684106826782,-11.009793758392334,0.21428571428571427
9137,1,0,24141,-15.137684106826782,-11.009793758392334,0.21428571428571427
9138,1,0,24140,-15.137684106826782,-11.009793758392334,0.21428571428571427
9139,1,0,24139,-15.137684106826782,-11.009793758392334,0.21428571428571427
9140,0,0,24138,-15.137684106826782,-11.009793758392334,0.21428571428571427
9141,1,0,24137,-15.137684106826782,-11.009793758392334,0.21428571428571427
9142,1,0,24136,-15.137684106826782,-11.009793758392334,0.21428571428571427
9143,1,0,24135,-15.137684106826782,-11.009793758392334,0.21428571428571427
9144,1,0,24134,-15.137684106826782,-11.009793758392334,0.21428571428571427
9145,1,0,24133,-15.137684106826782,-11.009793758392334,0.21428571428571427
9146,1,0,24132,-15.137684106826782,-11.009793758392334,0.21428571428571427
9147,1,0,24131,-15.137684106826782,-11.009793758392334,0.21428571428571427
9148,0,0,24130,-15.137684106826782,-11.009793758392334,0.21428571428571427
9149,1,0,24129,-15.137684106826782,-11.009793758392334,0.21428571428571427
9150,1,0,24128,-15.137684106826782,-11.009793758392334,0.21428571428571427
9151,1,0,24127,-15.137684106826782,-11.009793758392334,0.21428571428571427
9152,0,0,24126,-15.137684106826782,-11.009793758392334,0.21428571428571427
9153,1,0,24125,-15.137684106826782,-11.009793758392334,0.21428571428571427
9154,0,0,24146,-15.137684106826782,-11.009793758392334,0.21428571428571427
9155,1,0,24147,-15.137684106826782,-11.009793758392334,0.21428571428571427
9156,1,0,24148,-15.137684106826782,-11.009793758392334,0.21428571428571427
9157,0,0,24160,-15.137684106826782,-11.009793758392334,0.21428571428571427
9158,1,0,24169,-15.137684106826782,-11.009793758392334,0.21428571428571427
9159,1,0,24168,-15.137684106826782,-11.009793758392334,0.21428571428571427
9160,1,0,24167,-15.137684106826782,-11.009793758392334,0.21428571428571427
9161,1,0,24166,-15.137684106826782,-11.009793758392334,0.21428571428571427
9162,1,0,24165,-15.137684106826782,-11.009793758392334,0.21428571428571427
9163,1,0,24164,-15.137684106826782,-11.009793758392334,0.21428571428571427
9164,1,0,24163,-15.137684106826782,-11.009793758392334,0.21428571428571427
9165,1,0,24162,-15.137684106826782,-11.009793758392334,0.21428571428571427
9166,1,0,24161,-15.137684106826782,-11.009793758392334,0.21428571428571427
9167,1,0,24159,-15.137684106826782,-11.009793758392334,0.21428571428571427
9168,1,0,24149,-15.137684106826782,-11.009793758392334,0.21428571428571427
9169,1,0,24158,-15.137684106826782,-11.009793758392334,0.21428571428571427
9170,1,0,24157,-15.137684106826782,-11.009793758392334,0.21428571428571427
9171,0,0,24156,-15.137684106826782,-11.009793758392334,0.21428571428571427
9172,1,0,24155,-15.137684106826782,-11.009793758392334,0.21428571428571427
9173,1,0,24154,-15.137684106826782,-11.009793758392334,0.21428571428571427
9174,1,0,24153,-15.137684106826782,-11.009793758392334,0.21428571428571427
9175,1,0,24152,-15.137684106826782,-11.009793758392334,0.21428571428571427
9176,1,0,24151,-15.137684106826782,-11.009793758392334,0.21428571428571427
9177,0,0,24150,-15.137684106826782,-11.009793758392334,0.21428571428571427
9178,1,0,24074,-15.137684106826782,-11.009793758392334,0.21428571428571427
9179,0,0,24024,-15.137684106826782,-11.009793758392334,0.21428571428571427
9180,0,0,23879,-15.137684106826782,-11.009793758392334,0.21428571428571427
9181,1,0,24023,-15.137684106826782,-11.009793758392334,0.21428571428571427
9182,1,0,23901,-15.137684106826782,-11.009793758392334,0.21428571428571427
9183,1,0,23900,-15.137684106826782,-11.009793758392334,0.21428571428571427
9184,1,0,23899,-15.137684106826782,-11.009793758392334,0.21428571428571427
9185,1,0,23898,-15.137684106826782,-11.009793758392334,0.21428571428571427
9186,1,0,23897,-15.137684106826782,-11.009793758392334,0.21428571428571427
9187,1,0,23896,-15.137684106826782,-11.009793758392334,0.21428571428571427
9188,0,0,23895,-15.137684106826782,-11.009793758392334,0.21428571428571427
9189,1,0,23894,-15.137684106826782,-11.009793758392334,0.21428571428571427
9190,1,0,23893,-15.137684106826782,-11.009793758392334,0.21428571428571427
9191,1,0,23892,-15.137684106826782,-11.009793758392334,0.21428571428571427
9192,1,0,23891,-15.137684106826782,-11.009793758392334,0.21428571428571427
9193,1,0,23890,-15.137684106826782,-11.009793758392334,0.21428571428571427
9194,1,0,23889,-15.137684106826782,-11.009793758392334,0.21428571428571427
9195,1,0,23888,-15.137684106826782,-11.009793758392334,0.21428571428571427
9196,1,0,23887,-15.137684106826782,-11.009793758392334,0.21428571428571427
9197,1,0,23886,-15.137684106826782,-11.009793758392334,0.21428571428571427
9198,1,0,23885,-15.137684106826782,-11.009793758392334,0.21428571428571427
9199,1,0,23884,-15.137684106826782,-11.009793758392334,0.21428571428571427
9200,1,0,23883,-15.137684106826782,-11.009793758392334,0.21428571428571427
9201,1,0,23882,-15.137684106826782,-11.009793758392334,0.21428571428571427
9202,1,0,23881,-15.137684106826782,-11.009793758392334,0.21428571428571427
9203,1,0,23902,-15.137684106826782,-11.009793758392334,0.21428571428571427
9204,0,0,23903,-15.137684106826782,-11.009793758392334,0.21428571428571427
9205,1,0,23904,-15.137684106826782,-11.009793758392334,0.21428571428571427
9206,1,0,23916,-15.137684106826782,-11.009793758392334,0.21428571428571427
9207,1,0,23925,-15.137684106826782,-11.009793758392334,0.21428571428571427
9208,1,0,23924,-15.137684106826782,-11.009793758392334,0.21428571428571427
9209,1,0,23923,-15.137684106826782,-11.009793758392334,0.21428571428571427
9210,0,0,23922,-15.137684106826782,-11.009793758392334,0.21428571428571427
9211,0,0,23921,-15.137684106826782,-11.009793758392334,0.21428571428571427
9212,1,0,23920,-15.137684106826782,-11.009793758392334,0.21428571428571427
9213,1,0,23919,-15.137684106826782,-11.009793758392334,0.21428571428571427
9214,1,0,23918,-15.137684106826782,-11.009793758392334,0.21428571428571427
9215,1,0,23917,-15.137684106826782,-11.009793758392334,0.21428571428571427
9216,1,0,23915,-15.137684106826782,-11.009793758392334,0.21428571428571427
9217,1,0,23905,-15.137684106826782,-11.009793758392334,0.21428571428571427
9218,0,0,23914,-15.137684106826782,-11.009793758392334,0.21428571428571427
9219,1,0,23913,-15.137684106826782,-11.009793758392334,0.21428571428571427
9220,1,0,23912,-15.137684106826782,-11.009793758392334,0.21428571428571427
9221,1,0,23911,-15.137684106826782,-11.009793758392334,0.21428571428571427
9222,0,0,23910,-15.137684106826782,-11.009793758392334,0.21428571428571427
9223,1,0,23909,-15.137684106826782,-11.009793758392334,0.21428571428571427
9224,1,0,23908,-15.137684106826782,-11.009793758392334,0.21428571428571427
9225,1,0,23907,-15.137684106826782,-11.009793758392334,0.21428571428571427
9226,1,0,23906,-15.137684106826782,-11.009793758392334,0.21428571428571427
9227,0,0,23880,-15.137684106826782,-11.009793758392334,0.21428571428571427
9228,1,0,23878,-15.137684106826782,-11.009793758392334,0.21428571428571427
9229,1,0,23831,-15.137684106826782,-11.009793758392334,0.21428571428571427
9230,1,0,23877,-15.137684106826782,-11.009793758392334,0.21428571428571427
9231,1,0,23852,-15.137684106826782,-11.009793758392334,0.21428571428571427
9232,1,0,23851,-15.137684106826782,-11.009793758392334,0.21428571428571427
9233,1,0,23850,-15.137684106826782,-11.009793758392334,0.21428571428571427
9234,1,0,23849,-15.137684106826782,-11.009793758392334,0.21428571428571427
9235,1,0,23848,-15.137684106826782,-11.009793758392334,0.21428571428571427
9236,1,0,23847,-15.137684106826782,-11.009793758392334,0.21428571428571427
9237,0,0,23846,-15.137684106826782,-11.009793758392334,0.21428571428571427
9238,1,0,23845,-15.137684106826782,-11.009793758392334,0.21428571428571427
9239,1,0,23844,-15.137684106826782,-11.009793758392334,0.21428571428571427
9240,1,0,23843,-15.137684106826782,-11.009793758392334,0.21428571428571427
9241,1,0,23842,-15.137684106826782,-11.009793758392334,0.21428571428571427
9242,1,0,23841,-15.137684106826782,-11.009793758392334,0.21428571428571427
9243,1,0,23840,-15.137684106826782,-11.009793758392334,0.21428571428571427
9244,1,0,23839,-15.137684106826782,-11.009793758392334,0.21428571428571427
9245,1,0,23838,-15.137684106826782,-11.009793758392334,0.21428571428571427
9246,1,0,23837,-15.137684106826782,-11.009793758392334,0.21428571428571427
9247,0,0,23836,-15.137684106826782,-11.009793758392334,0.21428571428571427
9248,1,0,23835,-15.137684106826782,-11.009793758392334,0.21428571428571427
9249,1,0,23834,-15.137684106826782,-11.009793758392334,0.21428571428571427
9250,1,0,23833,-15.137684106826782,-11.009793758392334,0.21428571428571427
9251,0,0,23832,-15.137684106826782,-11.009793758392334,0.21428571428571427
9252,1,0,23853,-15.137684106826782,-11.009793758392334,0.21428571428571427
9253,1,0,23854,-15.137684106826782,-11.009793758392334,0.21428571428571427
9254,1,0,23855,-15.137684106826782,-11.009793758392334,0.21428571428571427
9255,1,0,23867,-15.137684106826782,-11.009793758392334,0.21428571428571427
9256,0,0,23876,-15.137684106826782,-11.009793758392334,0.21428571428571427
9257,1,0,23875,-15.137684106826782,-11.009793758392334,0.21428571428571427
9258,1,0,23874,-15.137684106826782,-11.009793758392334,0.21428571428571427
9259,1,0,23873,-15.137684106826782,-11.009793758392334,0.21428571428571427
9260,0,0,23872,-15.137684106826782,-11.009793758392334,0.21428571428571427
9261,0,0,23871,-15.137684106826782,-11.009793758392334,0.21428571428571427
9262,1,0,23870,-15.137684106826782,-11.009793758392334,0.21428571428571427
9263,1,0,23869,-15.137684106826782,-11.009793758392334,0.21428571428571427
9264,1,0,23868,-15.137684106826782,-11.009793758392334,0.21428571428571427
9265,1,0,23866,-15.137684106826782,-11.009793758392334,0.21428571428571427
9266,1,0,23856,-15.137684106826782,-11.009793758392334,0.21428571428571427
9267,1,0,23865,-15.137684106826782,-11.009793758392334,0.21428571428571427
9268,1,0,23864,-15.137684106826782,-11.009793758392334,0.21428571428571427
9269,1,0,23863,-15.137684106826782,-11.009793758392334,0.21428571428571427
9270,1,0,23862,-15.137684106826782,-11.009793758392334,0.21428571428571427
9271,1,0,23861,-15.137684106826782,-11.009793758392334,0.21428571428571427
9272,1,0,23860,-15.137684106826782,-11.009793758392334,0.21428571428571427
9273,1,0,23859,-15.137684106826782,-11.009793758392334,0.21428571428571427
9274,1,0,23858,-15.137684106826782,-11.009793758392334,0.21428571428571427
9275,1,0,23857,-15.137684106826782,-11.009793758392334,0.21428571428571427
9276,1,0,23926,-15.137684106826782,-11.009793758392334,0.21428571428571427
9277,1,0,23927,-15.137684106826782,-11.009793758392334,0.21428571428571427
9278,1,0,23928,-15.137684106826782,-11.009793758392334,0.21428571428571427
9279,1,0,23929,-15.137684106826782,-11.009793758392334,0.21428571428571427
9280,1,0,23998,-15.137684106826782,-11.009793758392334,0.21428571428571427
9281,1,0,23997,-15.137684106826782,-11.009793758392334,0.21428571428571427
9282,1,0,23996,-15.137684106826782,-11.009793758392334,0.21428571428571427
9283,1,0,23995,-15.137684106826782,-11.009793758392334,0.21428571428571427
9284,1,0,23994,-15.137684106826782,-11.009793758392334,0.21428571428571427
9285,1,0,23993,-15.137684106826782,-11.009793758392334,0.21428571428571427
9286,0,0,23992,-15.137684106826782,-11.009793758392334,0.21428571428571427
9287,1,0,23991,-15.137684106826782,-11.009793758392334,0.21428571428571427
9288,1,0,23990,-15.137684106826782,-11.009793758392334,0.21428571428571427
9289,1,0,23988,-15.137684106826782,-11.009793758392334,0.21428571428571427
9290,1,0,23978,-15.137684106826782,-11.009793758392334,0.21428571428571427
9291,0,0,23987,-15.137684106826782,-11.009793758392334,0.21428571428571427
9292,1,0,23986,-15.137684106826782,-11.009793758392334,0.21428571428571427
9293,1,0,23985,-15.137684106826782,-11.009793758392334,0.21428571428571427
9294,1,0,23984,-15.137684106826782,-11.009793758392334,0.21428571428571427
9295,1,0,23983,-15.137684106826782,-11.009793758392334,0.21428571428571427
9296,1,0,23982,-15.137684106826782,-11.009793758392334,0.21428571428571427
9297,1,0,23981,-15.137684106826782,-11.009793758392334,0.21428571428571427
9298,1,0,23980,-15.137684106826782,-11.009793758392334,0.21428571428571427
9299,1,0,23979,-15.137684106826782,-11.009793758392334,0.21428571428571427
9300,1,0,23999,-15.137684106826782,-11.009793758392334,0.21428571428571427
9301,1,0,23989,-15.137684106826782,-11.009793758392334,0.21428571428571427
9302,1,0,24000,-15.137684106826782,-11.009793758392334,0.21428571428571427
9303,1,0,24013,-15.137684106826782,-11.009793758392334,0.21428571428571427
9304,1,0,24022,-15.137684106826782,-11.009793758392334,0.21428571428571427
9305,1,0,24021,-15.137684106826782,-11.009793758392334,0.21428571428571427
9306,0,0,24020,-15.137684106826782,-11.009793758392334,0.21428571428571427
9307,1,0,24019,-15.137684106826782,-11.009793758392334,0.21428571428571427
9308,0,0,24018,-15.137684106826782,-11.009793758392334,0.21428571428571427
9309,1,0,24017,-15.137684106826782,-11.009793758392334,0.21428571428571427
9310,1,0,24016,-15.137684106826782,-11.009793758392334,0.21428571428571427
9311,1,0,24015,-15.137684106826782,-11.009793758392334,0.21428571428571427
9312,1,0,24014,-15.137684106826782,-11.009793758392334,0.21428571428571427
9313,0,0,24012,-15.137684106826782,-11.009793758392334,0.21428571428571427
9314,1,0,24002,-15.137684106826782,-11.009793758392334,0.21428571428571427
9315,1,0,24011,-15.137684106826782,-11.009793758392334,0.21428571428571427
9316,1,0,24010,-15.137684106826782,-11.009793758392334,0.21428571428571427
9317,1,0,24009,-15.137684106826782,-11.009793758392334,0.21428571428571427
9318,1,0,24008,-15.137684106826782,-11.009793758392334,0.21428571428571427
9319,1,0,24007,-15.137684106826782,-11.009793758392334,0.21428571428571427
9320,0,0,24006,-15.137684106826782,-11.009793758392334,0.21428571428571427
9321,1,0,24005,-15.137684106826782,-11.009793758392334,0.21428571428571427
9322,1,0,24004,-15.137684106826782,-11.009793758392334,0.21428571428571427
9323,1,0,24003,-15.137684106826782,-11.009793758392334,0.21428571428571427
9324,1,0,24001,-15.137684106826782,-11.009793758392334,0.21428571428571427
9325,0,0,23977,-15.137684106826782,-11.009793758392334,0.21428571428571427
9326,1,0,23976,-15.137684106826782,-11.009793758392334,0.21428571428571427
9327,1,0,23975,-15.137684106826782,-11.009793758392334,0.21428571428571427
9328,1,0,23950,-15.137684106826782,-11.009793758392334,0.21428571428571427
9329,1,0,23949,-15.137684106826782,-11.009793758392334,0.21428571428571427
9330,1,0,23948,-15.137684106826782,-11.009793758392334,0.21428571428571427
9331,1,0,23947,-15.137684106826782,-11.009793758392334,0.21428571428571427
9332,1,0,23946,-15.137684106826782,-11.009793758392334,0.21428571428571427
9333,1,0,23945,-15.137684106826782,-11.009793758392334,0.21428571428571427
9334,1,0,23944,-15.137684106826782,-11.009793758392334,0.21428571428571427
9335,1,0,23943,-15.137684106826782,-11.009793758392334,0.21428571428571427
9336,1,0,23942,-15.137684106826782,-11.009793758392334,0.21428571428571427
9337,1,0,23941,-15.137684106826782,-11.009793758392334,0.21428571428571427
9338,1,0,23940,-15.137684106826782,-11.009793758392334,0.21428571428571427
9339,1,0,23939,-15.137684106826782,-11.009793758392334,0.21428571428571427
9340,0,0,23938,-15.137684106826782,-11.009793758392334,0.21428571428571427
9341,1,0,23937,-15.137684106826782,-11.009793758392334,0.21428571428571427
9342,1,0,23936,-15.137684106826782,-11.009793758392334,0.21428571428571427
9343,1,0,23935,-15.137684106826782,-11.009793758392334,0.21428571428571427
9344,0,0,23934,-15.137684106826782,-11.009793758392334,0.21428571428571427
9345,1,0,23933,-15.137684106826782,-11.009793758392334,0.21428571428571427
9346,1,0,23932,-15.137684106826782,-11.009793758392334,0.21428571428571427
9347,1,0,23931,-15.137684106826782,-11.009793758392334,0.21428571428571427
9348,1,0,23930,-15.137684106826782,-11.009793758392334,0.21428571428571427
9349,0,0,23951,-15.137684106826782,-11.009793758392334,0.21428571428571427
9350,1,0,23952,-15.137684106826782,-11.009793758392334,0.21428571428571427
9351,1,0,23953,-15.137684106826782,-11.009793758392334,0.21428571428571427
9352,1,0,23965,-15.137684106826782,-11.009793758392334,0.21428571428571427
9353,1,0,23974,-15.137684106826782,-11.009793758392334,0.21428571428571427
9354,1,0,23973,-15.137684106826782,-11.009793758392334,0.21428571428571427
9355,1,0,23972,-15.137684106826782,-11.009793758392334,0.21428571428571427
9356,1,0,23971,-15.137684106826782,-11.009793758392334,0.21428571428571427
9357,1,0,23970,-15.137684106826782,-11.009793758392334,0.21428571428571427
9358,1,0,23969,-15.137684106826782,-11.009793758392334,0.21428571428571427
9359,1,0,23968,-15.137684106826782,-11.009793758392334,0.21428571428571427
9360,1,0,23967,-15.137684106826782,-11.009793758392334,0.21428571428571427
9361,1,0,23966,-15.137684106826782,-11.009793758392334,0.21428571428571427
9362,0,0,23964,-15.137684106826782,-11.009793758392334,0.21428571428571427
9363,1,0,23954,-15.137684106826782,-11.009793758392334,0.21428571428571427
9364,0,0,23963,-15.137684106826782,-11.009793758392334,0.21428571428571427
9365,1,0,23962,-15.137684106826782,-11.009793758392334,0.21428571428571427
9366,1,0,23961,-15.137684106826782,-11.009793758392334,0.21428571428571427
9367,1,0,23960,-15.137684106826782,-11.009793758392334,0.21428571428571427
9368,1,0,23959,-15.137684106826782,-11.009793758392334,0.21428571428571427
9369,1,0,23958,-15.137684106826782,-11.009793758392334,0.21428571428571427
9370,1,0,23957,-15.137684106826782,-11.009793758392334,0.21428571428571427
9371,1,0,23956,-15.137684106826782,-11.009793758392334,0.21428571428571427
9372,1,0,23955,-15.137684106826782,-11.009793758392334,0.21428571428571427
9373,1,0,23439,-15.137684106826782,-11.009793758392334,0.21428571428571427
9374,1,0,21876,-15.137684106826782,-11.009793758392334,0.21428571428571427
9375,1,0,20315,-15.137684106826782,-11.009793758392334,0.21428571428571427
9376,1,0,21875,-15.137684106826782,-11.009793758392334,0.21428571428571427
9377,1,0,19801,-15.137684106826782,-11.009793758392334,0.21428571428571427
9378,1,0,19800,-15.137684106826782,-11.009793758392334,0.21428571428571427
9379,1,0,19799,-15.137684106826782,-11.009793758392334,0.21428571428571427
9380,1,0,19798,-15.137684106826782,-11.009793758392334,0.21428571428571427
9381,1,0,19797,-15.137684106826782,-11.009793758392334,0.21428571428571427
9382,1,0,19796,-15.137684106826782,-11.009793758392334,0.21428571428571427
9383,1,0,19795,-15.137684106826782,-11.009793758392334,0.21428571428571427
9384,1,0,19794,-15.137684106826782,-11.009793758392334,0.21428571428571427
9385,1,0,19793,-15.137684106826782,-11.009793758392334,0.21428571428571427
9386,1,0,19792,-15.137684106826782,-11.009793758392334,0.21428571428571427
9387,1,0,19791,-15.137684106826782,-11.009793758392334,0.21428571428571427
9388,1,0,19790,-15.137684106826782,-11.009793758392334,0.21428571428571427
9389,0,0,19789,-15.137684106826782,-11.009793758392334,0.21428571428571427
9390,1,0,19788,-15.137684106826782,-11.009793758392334,0.21428571428571427
9391,1,0,19787,-15.137684106826782,-11.009793758392334,0.21428571428571427
9392,1,0,19786,-15.137684106826782,-11.009793758392334,0.21428571428571427
9393,1,0,19785,-15.137684106826782,-11.009793758392334,0.21428571428571427
9394,1,0,19784,-15.137684106826782,-11.009793758392334,0.21428571428571427
9395,1,0,19783,-15.137684106826782,-11.009793758392334,0.21428571428571427
9396,1,0,19782,-15.137684106826782,-11.009793758392334,0.21428571428571427
9397,1,0,19781,-15.137684106826782,-11.009793758392334,0.21428571428571427
9398,0,0,19802,-15.137684106826782,-11.009793758392334,0.21428571428571427
9399,1,0,19803,-15.137684106826782,-11.009793758392334,0.21428571428571427
9400,1,0,19804,-15.137684106826782,-11.009793758392334,0.21428571428571427
9401,1,0,19816,-15.137684106826782,-11.009793758392334,0.21428571428571427
9402,1,0,19825,-15.137684106826782,-11.009793758392334,0.21428571428571427
9403,1,0,19824,-15.137684106826782,-11.009793758392334,0.21428571428571427
9404,1,0,19823,-15.137684106826782,-11.009793758392334,0.21428571428571427
9405,1,0,19822,-15.137684106826782,-11.009793758392334,0.21428571428571427
9406,1,0,19821,-15.137684106826782,-11.009793758392334,0.21428571428571427
9407,1,0,19820,-15.137684106826782,-11.009793758392334,0.21428571428571427
9408,1,0,19819,-15.137684106826782,-11.009793758392334,0.21428571428571427
9409,1,0,19818,-15.137684106826782,-11.009793758392334,0.21428571428571427
9410,1,0,19817,-15.137684106826782,-11.009793758392334,0.21428571428571427
9411,1,0,19815,-15.137684106826782,-11.009793758392334,0.21428571428571427
9412,1,0,19805,-15.137684106826782,-11.009793758392334,0.21428571428571427
9413,1,0,19814,-15.137684106826782,-11.009793758392334,0.21428571428571427
9414,1,0,19813,-15.137684106826782,-11.009793758392334,0.21428571428571427
9415,1,0,19812,-15.137684106826782,-11.009793758392334,0.21428571428571427
9416,1,0,19811,-15.137684106826782,-11.009793758392334,0.21428571428571427
9417,1,0,19810,-15.137684106826782,-11.009793758392334,0.21428571428571427
9418,1,0,19809,-15.137684106826782,-11.009793758392334,0.21428571428571427
9419,1,0,19808,-15.137684106826782,-11.009793758392334,0.21428571428571427
9420,1,0,19807,-15.137684106826782,-11.009793758392334,0.21428571428571427
9421,1,0,19806,-15.137684106826782,-11.009793758392334,0.21428571428571427
9422,1,0,19780,-15.137684106826782,-11.009793758392334,0.21428571428571427
9423,1,0,19778,-15.137684106826782,-11.009793758392334,0.21428571428571427
9424,1,0,19731,-15.137684106826782,-11.009793758392334,0.21428571428571427
9425,1,0,19777,-15.137684106826782,-11.009793758392334,0.21428571428571427
9426,1,0,19752,-15.137684106826782,-11.009793758392334,0.21428571428571427
9427,1,0,19751,-15.137684106826782,-11.009793758392334,0.21428571428571427
9428,1,0,19750,-15.137684106826782,-11.009793758392334,0.21428571428571427
9429,1,0,19749,-15.137684106826782,-11.009793758392334,0.21428571428571427
9430,1,0,19748,-15.137684106826782,-11.009793758392334,0.21428571428571427
9431,1,0,19747,-15.137684106826782,-11.009793758392334,0.21428571428571427
9432,1,0,19746,-15.137684106826782,-11.009793758392334,0.21428571428571427
9433,1,0,19745,-15.137684106826782,-11.009793758392334,0.21428571428571427
9434,1,0,19744,-15.137684106826782,-11.009793758392334,0.21428571428571427
9435,1,0,19743,-15.137684106826782,-11.009793758392334,0.21428571428571427
9436,1,0,19742,-15.137684106826782,-11.009793758392334,0.21428571428571427
9437,1,0,19741,-15.137684106826782,-11.009793758392334,0.21428571428571427
9438,1,0,19740,-15.137684106826782,-11.009793758392334,0.21428571428571427
9439,1,0,19739,-15.137684106826782,-11.009793758392334,0.21428571428571427
9440,1,0,19738,-15.137684106826782,-11.009793758392334,0.21428571428571427
9441,1,0,19737,-15.137684106826782,-11.009793758392334,0.21428571428571427
9442,1,0,19736,-15.137684106826782,-11.009793758392334,0.21428571428571427
9443,1,0,19735,-15.137684106826782,-11.009793758392334,0.21428571428571427
9444,1,0,19734,-15.137684106826782,-11.009793758392334,0.21428571428571427
9445,0,0,19733,-15.137684106826782,-11.009793758392334,0.21428571428571427
9446,1,0,19732,-15.137684106826782,-11.009793758392334,0.21428571428571427
9447,1,0,19753,-15.137684106826782,-11.009793758392334,0.21428571428571427
9448,1,0,19754,-15.137684106826782,-11.009793758392334,0.21428571428571427
9449,0,0,19755,-15.137684106826782,-11.009793758392334,0.21428571428571427
9450,1,0,19767,-15.137684106826782,-11.009793758392334,0.21428571428571427
9451,1,0,19776,-15.137684106826782,-11.009793758392334,0.21428571428571427
9452,1,0,19775,-15.137684106826782,-11.009793758392334,0.21428571428571427
9453,1,0,19774,-15.137684106826782,-11.009793758392334,0.21428571428571427
9454,1,0,19773,-15.137684106826782,-11.009793758392334,0.21428571428571427
9455,0,0,19772,-15.137684106826782,-11.009793758392334,0.21428571428571427
9456,1,0,19771,-15.137684106826782,-11.009793758392334,0.21428571428571427
9457,1,0,19770,-15.137684106826782,-11.009793758392334,0.21428571428571427
9458,1,0,19769,-15.137684106826782,-11.009793758392334,0.21428571428571427
9459,1,0,19768,-15.137684106826782,-11.009793758392334,0.21428571428571427
9460,1,0,19766,-15.137684106826782,-11.009793758392334,0.21428571428571427
9461,1,0,19756,-15.137684106826782,-11.009793758392334,0.21428571428571427
9462,1,0,19765,-15.137684106826782,-11.009793758392334,0.21428571428571427
9463,1,0,19764,-15.137684106826782,-11.009793758392334,0.21428571428571427
9464,1,0,19763,-15.137684106826782,-11.009793758392334,0.21428571428571427
9465,1,0,19762,-15.137684106826782,-11.009793758392334,0.21428571428571427
9466,1,0,19761,-15.137684106826782,-11.009793758392334,0.21428571428571427
9467,1,0,19760,-15.137684106826782,-11.009793758392334,0.21428571428571427
9468,1,0,19759,-15.137684106826782,-11.009793758392334,0.21428571428571427
9469,1,0,19758,-15.137684106826782,-11.009793758392334,0.21428571428571427
9470,1,0,19757,-15.137684106826782,-11.009793758392334,0.21428571428571427
9471,1,0,19826,-15.137684106826782,-11.009793758392334,0.21428571428571427
9472,1,0,19827,-15.137684106826782,-11.009793758392334,0.21428571428571427
9473,1,0,19828,-15.137684106826782,-11.009793758392334,0.21428571428571427
9474,1,0,19829,-15.137684106826782,-11.009793758392334,0.21428571428571427
9475,1,0,19898,-15.137684106826782,-11.009793758392334,0.21428571428571427
9476,1,0,19897,-15.137684106826782,-11.009793758392334,0.21428571428571427
9477,1,0,19896,-15.137684106826782,-11.009793758392334,0.21428571428571427
9478,1,0,19895,-15.137684106826782,-11.009793758392334,0.21428571428571427
9479,1,0,19894,-15.137684106826782,-11.009793758392334,0.21428571428571427
9480,1,0,19893,-15.137684106826782,-11.009793758392334,0.21428571428571427
9481,1,0,19892,-15.137684106826782,-11.009793758392334,0.21428571428571427
9482,1,0,19891,-15.137684106826782,-11.009793758392334,0.21428571428571427
9483,1,0,19890,-15.137684106826782,-11.009793758392334,0.21428571428571427
9484,1,0,19888,-15.137684106826782,-11.009793758392334,0.21428571428571427
9485,1,0,19878,-15.137684106826782,-11.009793758392334,0.21428571428571427
9486,1,0,19887,-15.137684106826782,-11.009793758392334,0.21428571428571427
9487,0,0,19886,-15.137684106826782,-11.009793758392334,0.21428571428571427
9488,1,0,19885,-15.137684106826782,-11.009793758392334,0.21428571428571427
9489,1,0,19884,-15.137684106826782,-11.009793758392334,0.21428571428571427
9490,1,0,19883,-15.137684106826782,-11.009793758392334,0.21428571428571427
9491,1,0,19882,-15.137684106826782,-11.009793758392334,0.21428571428571427
9492,1,0,19881,-15.137684106826782,-11.009793758392334,0.21428571428571427
9493,1,0,19880,-15.137684106826782,-11.009793758392334,0.21428571428571427
9494,1,0,19879,-15.137684106826782,-11.009793758392334,0.21428571428571427
9495,1,0,19899,-15.137684106826782,-11.009793758392334,0.21428571428571427
9496,0,0,19889,-15.137684106826782,-11.009793758392334,0.21428571428571427
9497,1,0,19900,-15.137684106826782,-11.009793758392334,0.21428571428571427
9498,1,0,19913,-15.137684106826782,-11.009793758392334,0.21428571428571427
9499,0,0,19922,-15.137684106826782,-11.009793758392334,0.21428571428571427
9500,1,0,19921,-15.137684106826782,-11.009793758392334,0.21428571428571427
9501,1,0,19920,-15.137684106826782,-11.009793758392334,0.21428571428571427
9502,0,0,19919,-15.137684106826782,-11.009793758392334,0.21428571428571427
9503,1,0,19918,-15.137684106826782,-11.009793758392334,0.21428571428571427
9504,1,0,19917,-15.137684106826782,-11.009793758392334,0.21428571428571427
9505,1,0,19916,-15.137684106826782,-11.009793758392334,0.21428571428571427
9506,1,0,19915,-15.137684106826782,-11.009793758392334,0.21428571428571427
9507,1,0,19914,-15.137684106826782,-11.009793758392334,0.21428571428571427
9508,1,0,19912,-15.137684106826782,-11.009793758392334,0.21428571428571427
9509,1,0,19902,-15.137684106826782,-11.009793758392334,0.21428571428571427
9510,1,0,19911,-15.137684106826782,-11.009793758392334,0.21428571428571427
9511,1,0,19910,-15.137684106826782,-11.009793758392334,0.21428571428571427
9512,0,0,19909,-15.137684106826782,-11.009793758392334,0.21428571428571427
9513,1,0,19908,-15.137684106826782,-11.009793758392334,0.21428571428571427
9514,1,0,19907,-15.137684106826782,-11.009793758392334,0.21428571428571427
9515,1,0,19906,-15.137684106826782,-11.009793758392334,0.21428571428571427
9516,1,0,19905,-15.137684106826782,-11.009793758392334,0.21428571428571427
9517,1,0,19904,-15.137684106826782,-11.009793758392334,0.21428571428571427
9518,1,0,19903,-15.137684106826782,-11.009793758392334,0.21428571428571427
9519,1,0,19901,-15.137684106826782,-11.009793758392334,0.21428571428571427
9520,1,0,19877,-15.137684106826782,-11.009793758392334,0.21428571428571427
9521,1,0,19876,-15.137684106826782,-11.009793758392334,0.21428571428571427
9522,1,0,19875,-15.137684106826782,-11.009793758392334,0.21428571428571427
9523,1,0,19850,-15.137684106826782,-11.009793758392334,0.21428571428571427
9524,0,0,19849,-15.137684106826782,-11.009793758392334,0.21428571428571427
9525,1,0,19848,-15.137684106826782,-11.009793758392334,0.21428571428571427
9526,1,0,19847,-15.137684106826782,-11.009793758392334,0.21428571428571427
9527,1,0,19846,-15.137684106826782,-11.009793758392334,0.21428571428571427
9528,1,0,19845,-15.137684106826782,-11.009793758392334,0.21428571428571427
9529,1,0,19844,-15.137684106826782,-11.009793758392334,0.21428571428571427
9530,1,0,19843,-15.137684106826782,-11.009793758392334,0.21428571428571427
9531,0,0,19842,-15.137684106826782,-11.009793758392334,0.21428571428571427
9532,1,0,19841,-15.137684106826782,-11.009793758392334,0.21428571428571427
9533,1,0,19840,-15.137684106826782,-11.009793758392334,0.21428571428571427
9534,1,0,19839,-15.137684106826782,-11.009793758392334,0.21428571428571427
9535,1,0,19838,-15.137684106826782,-11.009793758392334,0.21428571428571427
9536,1,0,19837,-15.137684106826782,-11.009793758392334,0.21428571428571427
9537,0,0,19836,-15.137684106826782,-11.009793758392334,0.21428571428571427
9538,0,0,19835,-15.137684106826782,-11.009793758392334,0.21428571428571427
9539,0,0,19834,-15.137684106826782,-11.009793758392334,0.21428571428571427
9540,1,0,19833,-15.137684106826782,-11.009793758392334,0.21428571428571427
9541,1,0,19832,-15.137684106826782,-11.009793758392334,0.21428571428571427
9542,1,0,19831,-15.137684106826782,-11.009793758392334,0.21428571428571427
9543,1,0,19830,-15.137684106826782,-11.009793758392334,0.21428571428571427
9544,1,0,19851,-15.137684106826782,-11.009793758392334,0.21428571428571427
9545,0,0,19852,-15.137684106826782,-11.009793758392334,0.21428571428571427
9546,1,0,19853,-15.137684106826782,-11.009793758392334,0.21428571428571427
9547,1,0,19865,-15.137684106826782,-11.009793758392334,0.21428571428571427
9548,1,0,19874,-15.137684106826782,-11.009793758392334,0.21428571428571427
9549,1,0,19873,-15.137684106826782,-11.009793758392334,0.21428571428571427
9550,1,0,19872,-15.137684106826782,-11.009793758392334,0.21428571428571427
9551,1,0,19871,-15.137684106826782,-11.009793758392334,0.21428571428571427
9552,1,0,19870,-15.137684106826782,-11.009793758392334,0.21428571428571427
9553,1,0,19869,-15.137684106826782,-11.009793758392334,0.21428571428571427
9554,0,0,19868,-15.137684106826782,-11.009793758392334,0.21428571428571427
9555,1,0,19867,-15.137684106826782,-11.009793758392334,0.21428571428571427
9556,1,0,19866,-15.137684106826782,-11.009793758392334,0.21428571428571427
9557,1,0,19864,-15.137684106826782,-11.009793758392334,0.21428571428571427
9558,1,0,19854,-15.137684106826782,-11.009793758392334,0.21428571428571427
9559,1,0,19863,-15.137684106826782,-11.009793758392334,0.21428571428571427
9560,1,0,19862,-15.137684106826782,-11.009793758392334,0.21428571428571427
9561,1,0,19861,-15.137684106826782,-11.009793758392334,0.21428571428571427
9562,1,0,19860,-15.137684106826782,-11.009793758392334,0.21428571428571427
9563,1,0,19859,-15.137684106826782,-11.009793758392334,0.21428571428571427
9564,1,0,19858,-15.137684106826782,-11.009793758392334,0.21428571428571427
9565,1,0,19857,-15.137684106826782,-11.009793758392334,0.21428571428571427
9566,1,0,19856,-15.137684106826782,-11.009793758392334,0.21428571428571427
9567,1,0,19855,-15.137684106826782,-11.009793758392334,0.21428571428571427
9568,1,0,19779,-15.137684106826782,-11.009793758392334,0.21428571428571427
9569,1,0,19730,-15.137684106826782,-11.009793758392334,0.21428571428571427
9570,1,0,19729,-15.137684106826782,-11.009793758392334,0.21428571428571427
9571,1,0,19728,-15.137684106826782,-11.009793758392334,0.21428571428571427
9572,1,0,19605,-15.137684106826782,-11.009793758392334,0.21428571428571427
9573,0,0,19604,-15.137684106826782,-11.009793758392334,0.21428571428571427
9574,0,0,19603,-15.137684106826782,-11.009793758392334,0.21428571428571427
9575,1,0,19602,-15.137684106826782,-11.009793758392334,0.21428571428571427
9576,1,0,19601,-15.137684106826782,-11.009793758392334,0.21428571428571427
9577,1,0,19600,-15.137684106826782,-11.009793758392334,0.21428571428571427
9578,1,0,19599,-15.137684106826782,-11.009793758392334,0.21428571428571427
9579,1,0,19598,-15.137684106826782,-11.009793758392334,0.21428571428571427
9580,0,0,19597,-15.137684106826782,-11.009793758392334,0.21428571428571427
9581,1,0,19596,-15.137684106826782,-11.009793758392334,0.21428571428571427
9582,0,0,19595,-15.137684106826782,-11.009793758392334,0.21428571428571427
9583,1,0,19594,-15.137684106826782,-11.009793758392334,0.21428571428571427
9584,1,0,19593,-15.137684106826782,-11.009793758392334,0.21428571428571427
9585,1,0,19592,-15.137684106826782,-11.009793758392334,0.21428571428571427
9586,1,0,19591,-15.137684106826782,-11.009793758392334,0.21428571428571427
9587,1,0,19590,-15.137684106826782,-11.009793758392334,0.21428571428571427
9588,1,0,19589,-15.137684106826782,-11.009793758392334,0.21428571428571427
9589,1,0,19588,-15.137684106826782,-11.009793758392334,0.21428571428571427
9590,1,0,19587,-15.137684106826782,-11.009793758392334,0.21428571428571427
9591,1,0,19586,-15.137684106826782,-11.009793758392334,0.21428571428571427
9592,1,0,19585,-15.137684106826782,-11.009793758392334,0.21428571428571427
9593,1,0,19606,-15.137684106826782,-11.009793758392334,0.21428571428571427
9594,1,0,19607,-15.137684106826782,-11.009793758392334,0.21428571428571427
9595,1,0,19608,-15.137684106826782,-11.009793758392334,0.21428571428571427
9596,1,0,19620,-15.137684106826782,-11.009793758392334,0.21428571428571427
9597,1,0,19629,-15.137684106826782,-11.009793758392334,0.21428571428571427
9598,1,0,19628,-15.137684106826782,-11.009793758392334,0.21428571428571427
9599,1,0,19627,-15.137684106826782,-11.009793758392334,0.21428571428571427
9600,1,0,19626,-15.137684106826782,-11.009793758392334,0.21428571428571427
9601,0,0,19625,-15.137684106826782,-11.009793758392334,0.21428571428571427
9602,1,0,19624,-15.137684106826782,-11.009793758392334,0.21428571428571427
9603,1,0,19623,-15.137684106826782,-11.009793758392334,0.21428571428571427
9604,0,0,19622,-15.137684106826782,-11.009793758392334,0.21428571428571427
9605,1,0,19621,-15.137684106826782,-11.009793758392334,0.21428571428571427
9606,1,0,19619,-15.137684106826782,-11.009793758392334,0.21428571428571427
9607,1,0,19609,-15.137684106826782,-11.009793758392334,0.21428571428571427
9608,1,0,19618,-15.137684106826782,-11.009793758392334,0.21428571428571427
9609,1,0,19617,-15.137684106826782,-11.009793758392334,0.21428571428571427
9610,1,0,19616,-15.137684106826782,-11.009793758392334,0.21428571428571427
9611,1,0,19615,-15.137684106826782,-11.009793758392334,0.21428571428571427
9612,1,0,19614,-15.137684106826782,-11.009793758392334,0.21428571428571427
9613,1,0,19613,-15.137684106826782,-11.009793758392334,0.21428571428571427
9614,1,0,19612,-15.137684106826782,-11.009793758392334,0.21428571428571427
9615,1,0,19611,-15.137684106826782,-11.009793758392334,0.21428571428571427
9616,1,0,19610,-15.137684106826782,-11.009793758392334,0.21428571428571427
9617,1,0,19584,-15.137684106826782,-11.009793758392334,0.21428571428571427
9618,1,0,19582,-15.137684106826782,-11.009793758392334,0.21428571428571427
9619,1,0,19535,-15.137684106826782,-11.009793758392334,0.21428571428571427
9620,1,0,19581,-15.137684106826782,-11.009793758392334,0.21428571428571427
9621,1,0,19556,-15.137684106826782,-11.009793758392334,0.21428571428571427
9622,1,0,19555,-15.137684106826782,-11.009793758392334,0.21428571428571427
9623,1,0,19554,-15.137684106826782,-11.009793758392334,0.21428571428571427
9624,1,0,19553,-15.137684106826782,-11.009793758392334,0.21428571428571427
9625,1,0,19552,-15.137684106826782,-11.009793758392334,0.21428571428571427
9626,1,0,19551,-15.137684106826782,-11.009793758392334,0.21428571428571427
9627,0,0,19550,-15.137684106826782,-11.009793758392334,0.21428571428571427
9628,1,0,19549,-15.137684106826782,-11.009793758392334,0.21428571428571427
9629,1,0,19548,-15.137684106826782,-11.009793758392334,0.21428571428571427
9630,1,0,19547,-15.137684106826782,-11.009793758392334,0.21428571428571427
9631,1,0,19546,-15.137684106826782,-11.009793758392334,0.21428571428571427
9632,1,0,19545,-15.137684106826782,-11.009793758392334,0.21428571428571427
9633,1,0,19544,-15.137684106826782,-11.009793758392334,0.21428571428571427
9634,1,0,19543,-15.137684106826782,-11.009793758392334,0.21428571428571427
9635,1,0,19542,-15.137684106826782,-11.009793758392334,0.21428571428571427
9636,1,0,19541,-15.137684106826782,-11.009793758392334,0.21428571428571427
9637,1,0,19540,-15.137684106826782,-11.009793758392334,0.21428571428571427
9638,1,0,19539,-15.137684106826782,-11.009793758392334,0.21428571428571427
9639,1,0,19538,-15.137684106826782,-11.009793758392334,0.21428571428571427
9640,1,0,19537,-15.137684106826782,-11.009793758392334,0.21428571428571427
9641,1,0,19536,-15.137684106826782,-11.009793758392334,0.21428571428571427
9642,1,0,19557,-15.137684106826782,-11.009793758392334,0.21428571428571427
9643,1,0,19558,-15.137684106826782,-11.009793758392334,0.21428571428571427
9644,0,0,19559,-15.137684106826782,-11.009793758392334,0.21428571428571427
9645,1,0,19571,-15.137684106826782,-11.009793758392334,0.21428571428571427
9646,1,0,19580,-15.137684106826782,-11.009793758392334,0.21428571428571427
9647,1,0,19579,-15.137684106826782,-11.009793758392334,0.21428571428571427
9648,1,0,19578,-15.137684106826782,-11.009793758392334,0.21428571428571427
9649,1,0,19577,-15.137684106826782,-11.009793758392334,0.21428571428571427
9650,1,0,19576,-15.137684106826782,-11.009793758392334,0.21428571428571427
9651,1,0,19575,-15.137684106826782,-11.009793758392334,0.21428571428571427
9652,1,0,19574,-15.137684106826782,-11.009793758392334,0.21428571428571427
9653,1,0,19573,-15.137684106826782,-11.009793758392334,0.21428571428571427
9654,1,0,19572,-15.137684106826782,-11.009793758392334,0.21428571428571427
9655,1,0,19570,-15.137684106826782,-11.009793758392334,0.21428571428571427
9656,1,0,19560,-15.137684106826782,-11.009793758392334,0.21428571428571427
9657,1,0,19569,-15.137684106826782,-11.009793758392334,0.21428571428571427
9658,1,0,19568,-15.137684106826782,-11.009793758392334,0.21428571428571427
9659,1,0,19567,-15.137684106826782,-11.009793758392334,0.21428571428571427
9660,1,0,19566,-15.137684106826782,-11.009793758392334,0.21428571428571427
9661,1,0,19565,-15.137684106826782,-11.009793758392334,0.21428571428571427
9662,0,0,19564,-15.137684106826782,-11.009793758392334,0.21428571428571427
9663,0,0,19563,-15.137684106826782,-11.009793758392334,0.21428571428571427
9664,1,0,19562,-15.137684106826782,-11.009793758392334,0.21428571428571427
9665,1,0,19561,-15.137684106826782,-11.009793758392334,0.21428571428571427
9666,1,0,19630,-15.137684106826782,-11.009793758392334,0.21428571428571427
9667,1,0,19583,-15.137684106826782,-11.009793758392334,0.21428571428571427
9668,1,0,19631,-15.137684106826782,-11.009793758392334,0.21428571428571427
9669,1,0,19681,-15.137684106826782,-11.009793758392334,0.21428571428571427
9670,1,0,19703,-15.137684106826782,-11.009793758392334,0.21428571428571427
9671,1,0,19702,-15.137684106826782,-11.009793758392334,0.21428571428571427
9672,1,0,19701,-15.137684106826782,-11.009793758392334,0.21428571428571427
9673,1,0,19700,-15.137684106826782,-11.009793758392334,0.21428571428571427
9674,1,0,19699,-15.137684106826782,-11.009793758392334,0.21428571428571427
9675,1,0,19698,-15.137684106826782,-11.009793758392334,0.21428571428571427
9676,1,0,19697,-15.137684106826782,-11.009793758392334,0.21428571428571427
9677,1,0,19696,-15.137684106826782,-11.009793758392334,0.21428571428571427
9678,1,0,19695,-15.137684106826782,-11.009793758392334,0.21428571428571427
9679,0,0,19694,-15.137684106826782,-11.009793758392334,0.21428571428571427
9680,1,0,19693,-15.137684106826782,-11.009793758392334,0.21428571428571427
9681,1,0,19692,-15.137684106826782,-11.009793758392334,0.21428571428571427
9682,1,0,19691,-15.137684106826782,-11.009793758392334,0.21428571428571427
9683,1,0,19690,-15.137684106826782,-11.009793758392334,0.21428571428571427
9684,0,0,19689,-15.137684106826782,-11.009793758392334,0.21428571428571427
9685,1,0,19688,-15.137684106826782,-11.009793758392334,0.21428571428571427
9686,1,0,19687,-15.137684106826782,-11.009793758392334,0.21428571428571427
9687,0,0,19686,-15.137684106826782,-11.009793758392334,0.21428571428571427
9688,1,0,19685,-15.137684106826782,-11.009793758392334,0.21428571428571427
9689,1,0,19684,-15.137684106826782,-11.009793758392334,0.21428571428571427
9690,0,0,19683,-15.137684106826782,-11.009793758392334,0.21428571428571427
9691,1,0,19704,-15.137684106826782,-11.009793758392334,0.21428571428571427
9692,1,0,19705,-15.137684106826782,-11.009793758392334,0.21428571428571427
9693,1,0,19706,-15.137684106826782,-11.009793758392334,0.21428571428571427
9694,1,0,19718,-15.137684106826782,-11.009793758392334,0.21428571428571427
9695,1,0,19727,-15.137684106826782,-11.009793758392334,0.21428571428571427
9696,1,0,19726,-15.137684106826782,-11.009793758392334,0.21428571428571427
9697,1,0,19725,-15.137684106826782,-11.009793758392334,0.21428571428571427
9698,1,0,19724,-15.137684106826782,-11.009793758392334,0.21428571428571427
9699,1,0,19723,-15.137684106826782,-11.009793758392334,0.21428571428571427
9700,1,0,19722,-15.137684106826782,-11.009793758392334,0.21428571428571427
9701,1,0,19721,-15.137684106826782,-11.009793758392334,0.21428571428571427
9702,1,0,19720,-15.137684106826782,-11.009793758392334,0.21428571428571427
9703,1,0,19719,-15.137684106826782,-11.009793758392334,0.21428571428571427
9704,1,0,19717,-15.137684106826782,-11.009793758392334,0.21428571428571427
9705,0,0,19707,-15.137684106826782,-11.009793758392334,0.21428571428571427
9706,1,0,19716,-15.137684106826782,-11.009793758392334,0.21428571428571427
9707,1,0,19715,-15.137684106826782,-11.009793758392334,0.21428571428571427
9708,1,0,19714,-15.137684106826782,-11.009793758392334,0.21428571428571427
9709,1,0,19713,-15.137684106826782,-11.009793758392334,0.21428571428571427
9710,1,0,19712,-15.137684106826782,-11.009793758392334,0.21428571428571427
9711,1,0,19711,-15.137684106826782,-11.009793758392334,0.21428571428571427
9712,1,0,19710,-15.137684106826782,-11.009793758392334,0.21428571428571427
9713,1,0,19709,-15.137684106826782,-11.009793758392334,0.21428571428571427
9714,0,0,19708,-15.137684106826782,-11.009793758392334,0.21428571428571427
9715,1,0,19682,-15.137684106826782,-11.009793758392334,0.21428571428571427
9716,1,0,19680,-15.137684106826782,-11.009793758392334,0.21428571428571427
9717,1,0,19633,-15.137684106826782,-11.009793758392334,0.21428571428571427
9718,1,0,19679,-15.137684106826782,-11.009793758392334,0.21428571428571427
9719,0,0,19654,-15.137684106826782,-11.009793758392334,0.21428571428571427
9720,1,0,19653,-15.137684106826782,-11.009793758392334,0.21428571428571427
9721,1,0,19652,-15.137684106826782,-11.009793758392334,0.21428571428571427
9722,1,0,19651,-15.137684106826782,-11.009793758392334,0.21428571428571427
9723,1,0,19650,-15.137684106826782,-11.009793758392334,0.21428571428571427
9724,1,0,19649,-15.137684106826782,-11.009793758392334,0.21428571428571427
9725,1,0,19648,-15.137684106826782,-11.009793758392334,0.21428571428571427
9726,1,0,19647,-15.137684106826782,-11.009793758392334,0.21428571428571427
9727,1,0,19646,-15.137684106826782,-11.009793758392334,0.21428571428571427
9728,1,0,19645,-15.137684106826782,-11.009793758392334,0.21428571428571427
9729,0,0,19644,-15.137684106826782,-11.009793758392334,0.21428571428571427
9730,1,0,19643,-15.137684106826782,-11.009793758392334,0.21428571428571427
9731,1,0,19642,-15.137684106826782,-11.009793758392334,0.21428571428571427
9732,1,0,19641,-15.137684106826782,-11.009793758392334,0.21428571428571427
9733,1,0,19640,-15.137684106826782,-11.009793758392334,0.21428571428571427
9734,1,0,19639,-15.137684106826782,-11.009793758392334,0.21428571428571427
9735,1,0,19638,-15.137684106826782,-11.009793758392334,0.21428571428571427
9736,1,0,19637,-15.137684106826782,-11.009793758392334,0.21428571428571427
9737,1,0,19636,-15.137684106826782,-11.009793758392334,0.21428571428571427
9738,1,0,19635,-15.137684106826782,-11.009793758392334,0.21428571428571427
9739,1,0,19634,-15.137684106826782,-11.009793758392334,0.21428571428571427
9740,1,0,19655,-15.137684106826782,-11.009793758392334,0.21428571428571427
9741,1,0,19656,-15.137684106826782,-11.009793758392334,0.21428571428571427
9742,1,0,19657,-15.137684106826782,-11.009793758392334,0.21428571428571427
9743,1,0,19669,-15.137684106826782,-11.009793758392334,0.21428571428571427
9744,1,0,19678,-15.137684106826782,-11.009793758392334,0.21428571428571427
9745,1,0,19677,-15.137684106826782,-11.009793758392334,0.21428571428571427
9746,1,0,19676,-15.137684106826782,-11.009793758392334,0.21428571428571427
9747,1,0,19675,-15.137684106826782,-11.009793758392334,0.21428571428571427
9748,0,0,19674,-15.137684106826782,-11.009793758392334,0.21428571428571427
9749,1,0,19673,-15.137684106826782,-11.009793758392334,0.21428571428571427
9750,1,0,19672,-15.137684106826782,-11.009793758392334,0.21428571428571427
9751,1,0,19671,-15.137684106826782,-11.009793758392334,0.21428571428571427
9752,1,0,19670,-15.137684106826782,-11.009793758392334,0.21428571428571427
9753,1,0,19668,-15.137684106826782,-11.009793758392334,0.21428571428571427
9754,1,0,19658,-15.137684106826782,-11.009793758392334,0.21428571428571427
9755,1,0,19667,-15.137684106826782,-11.009793758392334,0.21428571428571427
9756,1,0,19666,-15.137684106826782,-11.009793758392334,0.21428571428571427
9757,0,0,19665,-15.137684106826782,-11.009793758392334,0.21428571428571427
9758,1,0,19664,-15.137684106826782,-11.009793758392334,0.21428571428571427
9759,1,0,19663,-15.137684106826782,-11.009793758392334,0.21428571428571427
9760,1,0,19662,-15.137684106826782,-11.009793758392334,0.21428571428571427
9761,1,0,19661,-15.137684106826782,-11.009793758392334,0.21428571428571427
9762,1,0,19660,-15.137684106826782,-11.009793758392334,0.21428571428571427
9763,1,0,19659,-15.137684106826782,-11.009793758392334,0.21428571428571427
9764,1,0,19923,-15.137684106826782,-11.009793758392334,0.21428571428571427
9765,1,0,19924,-15.137684106826782,-11.009793758392334,0.21428571428571427
9766,1,0,19925,-15.137684106826782,-11.009793758392334,0.21428571428571427
9767,1,0,20120,-15.137684106826782,-11.009793758392334,0.21428571428571427
9768,1,0,20191,-15.137684106826782,-11.009793758392334,0.21428571428571427
9769,1,0,20190,-15.137684106826782,-11.009793758392334,0.21428571428571427
9770,1,0,20189,-15.137684106826782,-11.009793758392334,0.21428571428571427
9771,1,0,20188,-15.137684106826782,-11.009793758392334,0.21428571428571427
9772,1,0,20187,-15.137684106826782,-11.009793758392334,0.21428571428571427
9773,1,0,20186,-15.137684106826782,-11.009793758392334,0.21428571428571427
9774,1,0,20185,-15.137684106826782,-11.009793758392334,0.21428571428571427
9775,1,0,20184,-15.137684106826782,-11.009793758392334,0.21428571428571427
9776,1,0,20183,-15.137684106826782,-11.009793758392334,0.21428571428571427
9777,1,0,20182,-15.137684106826782,-11.009793758392334,0.21428571428571427
9778,1,0,20181,-15.137684106826782,-11.009793758392334,0.21428571428571427
9779,1,0,20180,-15.137684106826782,-11.009793758392334,0.21428571428571427
9780,1,0,20179,-15.137684106826782,-11.009793758392334,0.21428571428571427
9781,0,0,20178,-15.137684106826782,-11.009793758392334,0.21428571428571427
9782,1,0,20177,-15.137684106826782,-11.009793758392334,0.21428571428571427
9783,1,0,20176,-15.137684106826782,-11.009793758392334,0.21428571428571427
9784,1,0,20175,-15.137684106826782,-11.009793758392334,0.21428571428571427
9785,1,0,20174,-15.137684106826782,-11.009793758392334,0.21428571428571427
9786,1,0,20173,-15.137684106826782,-11.009793758392334,0.21428571428571427
9787,1,0,20172,-15.137684106826782,-11.009793758392334,0.21428571428571427
9788,1,0,20171,-15.137684106826782,-11.009793758392334,0.21428571428571427
9789,1,0,20192,-15.137684106826782,-11.009793758392334,0.21428571428571427
9790,1,0,20193,-15.137684106826782,-11.009793758392334,0.21428571428571427
9791,0,0,20194,-15.137684106826782,-11.009793758392334,0.21428571428571427
9792,1,0,20206,-15.137684106826782,-11.009793758392334,0.21428571428571427
9793,1,0,20215,-15.137684106826782,-11.009793758392334,0.21428571428571427
9794,1,0,20214,-15.137684106826782,-11.009793758392334,0.21428571428571427
9795,0,0,20213,-15.137684106826782,-11.009793758392334,0.21428571428571427
9796,1,0,20212,-15.137684106826782,-11.009793758392334,0.21428571428571427
9797,0,0,20211,-15.137684106826782,-11.009793758392334,0.21428571428571427
9798,1,0,20210,-15.137684106826782,-11.009793758392334,0.21428571428571427
9799,1,0,20209,-15.137684106826782,-11.009793758392334,0.21428571428571427
9800,1,0,20208,-15.137684106826782,-11.009793758392334,0.21428571428571427
9801,1,0,20207,-15.137684106826782,-11.009793758392334,0.21428571428571427
9802,1,0,20205,-15.137684106826782,-11.009793758392334,0.21428571428571427
9803,1,0,20195,-15.137684106826782,-11.009793758392334,0.21428571428571427
9804,1,0,20204,-15.137684106826782,-11.009793758392334,0.21428571428571427
9805,1,0,20203,-15.137684106826782,-11.009793758392334,0.21428571428571427
9806,1,0,20202,-15.137684106826782,-11.009793758392334,0.21428571428571427
9807,1,0,20201,-15.137684106826782,-11.009793758392334,0.21428571428571427
9808,1,0,20200,-15.137684106826782,-11.009793758392334,0.21428571428571427
9809,0,0,20199,-15.137684106826782,-11.009793758392334,0.21428571428571427
9810,1,0,20198,-15.137684106826782,-11.009793758392334,0.21428571428571427
9811,1,0,20197,-15.137684106826782,-11.009793758392334,0.21428571428571427
9812,1,0,20196,-15.137684106826782,-11.009793758392334,0.21428571428571427
9813,1,0,20170,-15.137684106826782,-11.009793758392334,0.21428571428571427
9814,1,0,20168,-15.137684106826782,-11.009793758392334,0.21428571428571427
9815,1,0,20121,-15.137684106826782,-11.009793758392334,0.21428571428571427
9816,1,0,20167,-15.137684106826782,-11.009793758392334,0.21428571428571427
9817,1,0,20142,-15.137684106826782,-11.009793758392334,0.21428571428571427
9818,1,0,20141,-15.137684106826782,-11.009793758392334,0.21428571428571427
9819,1,0,20140,-15.137684106826782,-11.009793758392334,0.21428571428571427
9820,1,0,20139,-15.137684106826782,-11.009793758392334,0.21428571428571427
9821,1,0,20138,-15.137684106826782,-11.009793758392334,0.21428571428571427
9822,1,0,20137,-15.137684106826782,-11.009793758392334,0.21428571428571427
9823,1,0,20136,-15.137684106826782,-11.009793758392334,0.21428571428571427
9824,1,0,20135,-15.137684106826782,-11.009793758392334,0.21428571428571427
9825,1,0,20134,-15.137684106826782,-11.009793758392334,0.21428571428571427
9826,1,0,20133,-15.137684106826782,-11.009793758392334,0.21428571428571427
9827,1,0,20132,-15.137684106826782,-11.009793758392334,0.21428571428571427
9828,1,0,20131,-15.137684106826782,-11.009793758392334,0.21428571428571427
9829,1,0,20130,-15.137684106826782,-11.009793758392334,0.21428571428571427
9830,1,0,20129,-15.137684106826782,-11.009793758392334,0.21428571428571427
9831,1,0,20128,-15.137684106826782,-11.009793758392334,0.21428571428571427
9832,1,0,20127,-15.137684106826782,-11.009793758392334,0.21428571428571427
9833,1,0,20126,-15.137684106826782,-11.009793758392334,0.21428571428571427
9834,1,0,20125,-15.137684106826782,-11.009793758392334,0.21428571428571427
9835,0,0,20124,-15.137684106826782,-11.009793758392334,0.21428571428571427
9836,1,0,20123,-15.137684106826782,-11.009793758392334,0.21428571428571427
9837,1,0,20122,-15.137684106826782,-11.009793758392334,0.21428571428571427
9838,1,0,20143,-15.137684106826782,-11.009793758392334,0.21428571428571427
9839,1,0,20144,-15.137684106826782,-11.009793758392334,0.21428571428571427
9840,1,0,20145,-15.137684106826782,-11.009793758392334,0.21428571428571427
9841,1,0,20157,-15.137684106826782,-11.009793758392334,0.21428571428571427
9842,1,0,20166,-15.137684106826782,-11.009793758392334,0.21428571428571427
9843,1,0,20165,-15.137684106826782,-11.009793758392334,0.21428571428571427
9844,1,0,20164,-15.137684106826782,-11.009793758392334,0.21428571428571427
9845,1,0,20163,-15.137684106826782,-11.009793758392334,0.21428571428571427
9846,1,0,20162,-15.137684106826782,-11.009793758392334,0.21428571428571427
9847,1,0,20161,-15.137684106826782,-11.009793758392334,0.21428571428571427
9848,1,0,20160,-15.137684106826782,-11.009793758392334,0.21428571428571427
9849,1,0,20159,-15.137684106826782,-11.009793758392334,0.21428571428571427
9850,1,0,20158,-15.137684106826782,-11.009793758392334,0.21428571428571427
9851,1,0,20156,-15.137684106826782,-11.009793758392334,0.21428571428571427
9852,0,0,20146,-15.137684106826782,-11.009793758392334,0.21428571428571427
9853,1,0,20155,-15.137684106826782,-11.009793758392334,0.21428571428571427
9854,1,0,20154,-15.137684106826782,-11.009793758392334,0.21428571428571427
9855,1,0,20153,-15.137684106826782,-11.009793758392334,0.21428571428571427
9856,0,0,20152,-15.137684106826782,-11.009793758392334,0.21428571428571427
9857,1,0,20151,-15.137684106826782,-11.009793758392334,0.21428571428571427
9858,1,0,20150,-15.137684106826782,-11.009793758392334,0.21428571428571427
9859,1,0,20149,-15.137684106826782,-11.009793758392334,0.21428571428571427
9860,1,0,20148,-15.137684106826782,-11.009793758392334,0.21428571428571427
9861,1,0,20147,-15.137684106826782,-11.009793758392334,0.21428571428571427
9862,1,0,20216,-15.137684106826782,-11.009793758392334,0.21428571428571427
9863,1,0,20217,-15.137684106826782,-11.009793758392334,0.21428571428571427
9864,1,0,20218,-15.137684106826782,-11.009793758392334,0.21428571428571427
9865,1,0,20219,-15.137684106826782,-11.009793758392334,0.21428571428571427
9866,1,0,20288,-15.137684106826782,-11.009793758392334,0.21428571428571427
9867,1,0,20287,-15.137684106826782,-11.009793758392334,0.21428571428571427
9868,1,0,20286,-15.137684106826782,-11.009793758392334,0.21428571428571427
9869,1,0,20285,-15.137684106826782,-11.009793758392334,0.21428571428571427
9870,1,0,20284,-15.137684106826782,-11.009793758392334,0.21428571428571427
9871,1,0,20283,-15.137684106826782,-11.009793758392334,0.21428571428571427
9872,1,0,20282,-15.137684106826782,-11.009793758392334,0.21428571428571427
9873,1,0,20281,-15.137684106826782,-11.009793758392334,0.21428571428571427
9874,1,0,20280,-15.137684106826782,-11.009793758392334,0.21428571428571427
9875,1,0,20278,-15.137684106826782,-11.009793758392334,0.21428571428571427
9876,1,0,20268,-15.137684106826782,-11.009793758392334,0.21428571428571427
9877,1,0,20277,-15.137684106826782,-11.009793758392334,0.21428571428571427
9878,1,0,20276,-15.137684106826782,-11.009793758392334,0.21428571428571427
9879,1,0,20275,-15.137684106826782,-11.009793758392334,0.21428571428571427
9880,0,0,20274,-15.137684106826782,-11.009793758392334,0.21428571428571427
9881,1,0,20273,-15.137684106826782,-11.009793758392334,0.21428571428571427
9882,1,0,20272,-15.137684106826782,-11.009793758392334,0.21428571428571427
9883,1,0,20271,-15.137684106826782,-11.009793758392334,0.21428571428571427
9884,1,0,20270,-15.137684106826782,-11.009793758392334,0.21428571428571427
9885,1,0,20269,-15.137684106826782,-11.009793758392334,0.21428571428571427
9886,1,0,20289,-15.137684106826782,-11.009793758392334,0.21428571428571427
9887,1,0,20279,-15.137684106826782,-11.009793758392334,0.21428571428571427
9888,1,0,20290,-15.137684106826782,-11.009793758392334,0.21428571428571427
9889,1,0,20303,-15.137684106826782,-11.009793758392334,0.21428571428571427
9890,1,0,20312,-15.137684106826782,-11.009793758392334,0.21428571428571427
9891,1,0,20311,-15.137684106826782,-11.009793758392334,0.21428571428571427
9892,1,0,20310,-15.137684106826782,-11.009793758392334,0.21428571428571427
9893,0,0,20309,-15.137684106826782,-11.009793758392334,0.21428571428571427
9894,1,0,20308,-15.137684106826782,-11.009793758392334,0.21428571428571427
9895,1,0,20307,-15.137684106826782,-11.009793758392334,0.21428571428571427
9896,1,0,20306,-15.137684106826782,-11.009793758392334,0.21428571428571427
9897,1,0,20305,-15.137684106826782,-11.009793758392334,0.21428571428571427
9898,1,0,20304,-15.137684106826782,-11.009793758392334,0.21428571428571427
9899,1,0,20302,-15.137684106826782,-11.009793758392334,0.21428571428571427
9900,1,0,20292,-15.137684106826782,-11.009793758392334,0.21428571428571427
9901,1,0,20301,-15.137684106826782,-11.009793758392334,0.21428571428571427
9902,1,0,20300,-15.137684106826782,-11.009793758392334,0.21428571428571427
9903,1,0,20299,-15.137684106826782,-11.009793758392334,0.21428571428571427
9904,0,0,20298,-15.137684106826782,-11.009793758392334,0.21428571428571427
9905,1,0,20297,-15.137684106826782,-11.009793758392334,0.21428571428571427
9906,1,0,20296,-15.137684106826782,-11.009793758392334,0.21428571428571427
9907,1,0,20295,-15.137684106826782,-11.009793758392334,0.21428571428571427
9908,1,0,20294,-15.137684106826782,-11.009793758392334,0.21428571428571427
9909,1,0,20293,-15.137684106826782,-11.009793758392334,0.21428571428571427
9910,1,0,20291,-15.137684106826782,-11.009793758392334,0.21428571428571427
9911,1,0,20267,-15.137684106826782,-11.009793758392334,0.21428571428571427
9912,1,0,20266,-15.137684106826782,-11.009793758392334,0.21428571428571427
9913,0,0,20265,-15.137684106826782,-11.009793758392334,0.21428571428571427
9914,1,0,20240,-15.137684106826782,-11.009793758392334,0.21428571428571427
9915,1,0,20239,-15.137684106826782,-11.009793758392334,0.21428571428571427
9916,1,0,20238,-15.137684106826782,-11.009793758392334,0.21428571428571427
9917,1,0,20237,-15.137684106826782,-11.009793758392334,0.21428571428571427
9918,1,0,20236,-15.137684106826782,-11.009793758392334,0.21428571428571427
9919,1,0,20235,-15.137684106826782,-11.009793758392334,0.21428571428571427
9920,1,0,20234,-15.137684106826782,-11.009793758392334,0.21428571428571427
9921,1,0,20233,-15.137684106826782,-11.009793758392334,0.21428571428571427
9922,1,0,20232,-15.137684106826782,-11.009793758392334,0.21428571428571427
9923,1,0,20231,-15.137684106826782,-11.009793758392334,0.21428571428571427
9924,1,0,20230,-15.137684106826782,-11.009793758392334,0.21428571428571427
9925,1,0,20229,-15.137684106826782,-11.009793758392334,0.21428571428571427
9926,1,0,20228,-15.137684106826782,-11.009793758392334,0.21428571428571427
9927,1,0,20227,-15.137684106826782,-11.009793758392334,0.21428571428571427
9928,1,0,20226,-15.137684106826782,-11.009793758392334,0.21428571428571427
9929,1,0,20225,-15.137684106826782,-11.009793758392334,0.21428571428571427
9930,1,0,20224,-15.137684106826782,-11.009793758392334,0.21428571428571427
9931,1,0,20223,-15.137684106826782,-11.009793758392334,0.21428571428571427
9932,1,0,20222,-15.137684106826782,-11.009793758392334,0.21428571428571427
9933,1,0,20221,-15.137684106826782,-11.009793758392334,0.21428571428571427
9934,1,0,20220,-15.137684106826782,-11.009793758392334,0.21428571428571427
9935,1,0,20241,-15.137684106826782,-11.009793758392334,0.21428571428571427
9936,1,0,20242,-15.137684106826782,-11.009793758392334,0.21428571428571427
9937,1,0,20243,-15.137684106826782,-11.009793758392334,0.21428571428571427
9938,1,0,20255,-15.137684106826782,-11.009793758392334,0.21428571428571427
9939,1,0,20264,-15.137684106826782,-11.009793758392334,0.21428571428571427
9940,1,0,20263,-15.137684106826782,-11.009793758392334,0.21428571428571427
9941,1,0,20262,-15.137684106826782,-11.009793758392334,0.21428571428571427
9942,1,0,20261,-15.137684106826782,-11.009793758392334,0.21428571428571427
9943,1,0,20260,-15.137684106826782,-11.009793758392334,0.21428571428571427
9944,1,0,20259,-15.137684106826782,-11.009793758392334,0.21428571428571427
9945,1,0,20258,-15.137684106826782,-11.009793758392334,0.21428571428571427
9946,0,0,20257,-15.137684106826782,-11.009793758392334,0.21428571428571427
9947,0,0,20256,-15.137684106826782,-11.009793758392334,0.21428571428571427
9948,1,0,20254,-15.137684106826782,-11.009793758392334,0.21428571428571427
9949,1,0,20244,-15.137684106826782,-11.009793758392334,0.21428571428571427
9950,1,0,20253,-15.137684106826782,-11.009793758392334,0.21428571428571427
9951,1,0,20252,-15.137684106826782,-11.009793758392334,0.21428571428571427
9952,1,0,20251,-15.137684106826782,-11.009793758392334,0.21428571428571427
9953,0,0,20250,-15.137684106826782,-11.009793758392334,0.21428571428571427
9954,1,0,20249,-15.137684106826782,-11.009793758392334,0.21428571428571427
9955,0,0,20248,-15.137684106826782,-11.009793758392334,0.21428571428571427
9956,1,0,20247,-15.137684106826782,-11.009793758392334,0.21428571428571427
9957,1,0,20246,-15.137684106826782,-11.009793758392334,0.21428571428571427
9958,1,0,20245,-15.137684106826782,-11.009793758392334,0.21428571428571427
9959,1,0,20169,-15.137684106826782,-11.009793758392334,0.21428571428571427
9960,1,0,20119,-15.137684106826782,-11.009793758392334,0.21428571428571427
9961,0,0,19974,-15.137684106826782,-11.009793758392334,0.21428571428571427
9962,1,0,20118,-15.137684106826782,-11.009793758392334,0.21428571428571427
9963,1,0,19996,-15.137684106826782,-11.009793758392334,0.21428571428571427
9964,1,0,19995,-15.137684106826782,-11.009793758392334,0.21428571428571427
9965,1,0,19994,-15.137684106826782,-11.009793758392334,0.21428571428571427
9966,1,0,19993,-15.137684106826782,-11.009793758392334,0.21428571428571427
9967,1,0,19992,-15.137684106826782,-11.009793758392334,0.21428571428571427
9968,1,0,19991,-15.137684106826782,-11.009793758392334,0.21428571428571427
9969,0,0,19990,-15.137684106826782,-11.009793758392334,0.21428571428571427
9970,1,0,19989,-15.137684106826782,-11.009793758392334,0.21428571428571427
9971,1,0,19988,-15.137684106826782,-11.009793758392334,0.21428571428571427
9972,0,0,19987,-15.137684106826782,-11.009793758392334,0.21428571428571427
9973,1,0,19986,-15.137684106826782,-11.009793758392334,0.21428571428571427
9974,1,0,19985,-15.137684106826782,-11.009793758392334,0.21428571428571427
9975,1,0,19984,-15.137684106826782,-11.009793758392334,0.21428571428571427
9976,1,0,19983,-15.137684106826782,-11.009793758392334,0.21428571428571427
9977,0,0,19982,-15.137684106826782,-11.009793758392334,0.21428571428571427
9978,1,0,19981,-15.137684106826782,-11.009793758392334,0.21428571428571427
9979,1,0,19980,-15.137684106826782,-11.009793758392334,0.21428571428571427
9980,1,0,19979,-15.137684106826782,-11.009793758392334,0.21428571428571427
9981,1,0,19978,-15.137684106826782,-11.009793758392334,0.21428571428571427
9982,1,0,19977,-15.137684106826782,-11.009793758392334,0.21428571428571427
9983,1,0,19976,-15.137684106826782,-11.009793758392334,0.21428571428571427
9984,1,0,19997,-15.137684106826782,-11.009793758392334,0.21428571428571427
9985,1,0,19998,-15.137684106826782,-11.009793758392334,0.21428571428571427
9986,1,0,19999,-15.137684106826782,-11.009793758392334,0.21428571428571427
9987,1,0,20011,-15.137684106826782,-11.009793758392334,0.21428571428571427
9988,1,0,20020,-15.137684106826782,-11.009793758392334,0.21428571428571427
9989,0,0,20019,-15.137684106826782,-11.009793758392334,0.21428571428571427
9990,1,0,20018,-15.137684106826782,-11.009793758392334,0.21428571428571427
9991,0,0,20017,-15.137684106826782,-11.009793758392334,0.21428571428571427
9992,1,0,20016,-15.137684106826782,-11.009793758392334,0.21428571428571427
9993,1,0,20015,-15.137684106826782,-11.009793758392334,0.21428571428571427
9994,1,0,20014,-15.137684106826782,-11.009793758392334,0.21428571428571427
9995,1,0,20013,-15.137684106826782,-11.009793758392334,0.21428571428571427
9996,1,0,20012,-15.137684106826782,-11.009793758392334,0.21428571428571427
9997,1,0,20010,-15.137684106826782,-11.009793758392334,0.21428571428571427
9998,1,0,20000,-15.137684106826782,-11.009793758392334,0.21428571428571427
9999,1,0,20009,-15.137684106826782,-11.009793758392334,0.21428571428571427
10000,0,0,20008,-15.137684106826782,-11.009793758392334,0.21428571428571427
10001,0,0,20007,-15.137684106826782,-11.009793758392334,0.21428571428571427
10002,0,0,20006,-15.137684106826782,-11.009793758392334,0.21428571428571427
10003,0,0,20005,-15.137684106826782,-11.009793758392334,0.21428571428571427
10004,0,0,20004,-15.137684106826782,-11.009793758392334,0.21428571428571427
10005,0,0,20003,-15.137684106826782,-11.009793758392334,0.21428571428571427
10006,0,0,20002,-15.137684106826782,-11.009793758392334,0.21428571428571427
10007,0,0,20001,-15.137684106826782,-11.009793758392334,0.21428571428571427
10008,0,0,19975,-15.137684106826782,-11.009793758392334,0.21428571428571427
10009,0,0,19973,-15.137684106826782,-11.009793758392334,0.21428571428571427
10010,0,0,19926,-15.137684106826782,-11.009793758392334,0.21428571428571427
10011,0,0,19972,-15.137684106826782,-11.009793758392334,0.21428571428571427
10012,0,0,19947,-15.137684106826782,-11.009793758392334,0.21428571428571427
10013,0,0,19946,-15.137684106826782,-11.009793758392334,0.21428571428571427
10014,0,0,19945,-15.137684106826782,-11.009793758392334,0.21428571428571427
10015,0,0,19944,-15.137684106826782,-11.009793758392334,0.21428571428571427
10016,0,0,19943,-15.137684106826782,-11.009793758392334,0.21428571428571427
10017,0,0,19942,-15.137684106826782,-11.009793758392334,0.21428571428571427
10018,0,0,19941,-15.137684106826782,-11.009793758392334,0.21428571428571427
10019,0,0,19940,-15.137684106826782,-11.009793758392334,0.21428571428571427
10020,0,0,19939,-15.137684106826782,-11.009793758392334,0.21428571428571427
10021,0,0,19938,-15.137684106826782,-11.009793758392334,0.21428571428571427
10022,0,0,19937,-15.137684106826782,-11.009793758392334,0.21428571428571427
10023,0,0,19936,-15.137684106826782,-11.009793758392334,0.21428571428571427
10024,0,0,19935,-15.137684106826782,-11.009793758392334,0.21428571428571427
10025,0,0,19934,-15.137684106826782,-11.009793758392334,0.21428571428571427
10026,0,0,19933,-15.137684106826782,-11.009793758392334,0.21428571428571427
10027,0,0,19932,-15.137684106826782,-11.009793758392334,0.21428571428571427
10028,0,0,19931,-15.137684106826782,-11.009793758392334,0.21428571428571427
10029,0,0,19930,-15.137684106826782,-11.009793758392334,0.21428571428571427
10030,0,0,19929,-15.137684106826782,-11.009793758392334,0.21428571428571427
10031,0,0,19928,-15.137684106826782,-11.009793758392334,0.21428571428571427
10032,0,0,19927,-15.137684106826782,-11.009793758392334,0.21428571428571427
10033,0,0,19948,-15.137684106826782,-11.009793758392334,0.21428571428571427
10034,0,0,19949,-15.137684106826782,-11.009793758392334,0.21428571428571427
10035,0,0,19950,-15.137684106826782,-11.009793758392334,0.21428571428571427
10036,0,0,19962,-15.137684106826782,-11.009793758392334,0.21428571428571427
10037,0,0,19971,-15.137684106826782,-11.009793758392334,0.21428571428571427
10038,0,0,19970,-15.137684106826782,-11.009793758392334,0.21428571428571427
10039,0,0,19969,-15.137684106826782,-11.009793758392334,0.21428571428571427
10040,0,0,19968,-15.137684106826782,-11.009793758392334,0.21428571428571427
10041,0,0,19967,-15.137684106826782,-11.009793758392334,0.21428571428571427
10042,0,0,19966,-15.137684106826782,-11.009793758392334,0.21428571428571427
10043,0,0,19965,-15.137684106826782,-11.009793758392334,0.21428571428571427
10044,0,0,19964,-15.137684106826782,-11.009793758392334,0.21428571428571427
10045,0,0,19963,-15.137684106826782,-11.009793758392334,0.21428571428571427
10046,0,0,19961,-15.137684106826782,-11.009793758392334,0.21428571428571427
10047,0,0,19951,-15.137684106826782,-11.009793758392334,0.21428571428571427
10048,0,0,19960,-15.137684106826782,-11.009793758392334,0.21428571428571427
10049,0,0,19959,-15.137684106826782,-11.009793758392334,0.21428571428571427
10050,0,0,19958,-15.137684106826782,-11.009793758392334,0.21428571428571427
10051,0,0,19957,-15.137684106826782,-11.009793758392334,0.21428571428571427
10052,0,0,19956,-15.137684106826782,-11.009793758392334,0.21428571428571427
10053,0,0,19955,-15.137684106826782,-11.009793758392334,0.21428571428571427
10054,0,0,19954,-15.137684106826782,-11.009793758392334,0.21428571428571427
10055,0,0,19953,-15.137684106826782,-11.009793758392334,0.21428571428571427
10056,0,0,19952,-15.137684106826782,-11.009793758392334,0.21428571428571427
10057,0,0,20021,-15.137684106826782,-11.009793758392334,0.21428571428571427
10058,0,0,20022,-15.137684106826782,-11.009793758392334,0.21428571428571427
10059,0,0,20023,-15.137684106826782,-11.009793758392334,0.21428571428571427
10060,0,0,20024,-15.137684106826782,-11.009793758392334,0.21428571428571427
10061,0,0,20093,-15.137684106826782,-11.009793758392334,0.21428571428571427
10062,0,0,20092,-15.137684106826782,-11.009793758392334,0.21428571428571427
10063,0,0,20091,-15.137684106826782,-11.009793758392334,0.21428571428571427
10064,0,0,20090,-15.137684106826782,-11.009793758392334,0.21428571428571427
10065,0,0,20089,-15.137684106826782,-11.009793758392334,0.21428571428571427
10066,0,0,20088,-15.137684106826782,-11.009793758392334,0.21428571428571427
10067,0,0,20087,-15.137684106826782,-11.009793758392334,0.21428571428571427
10068,0,0,20086,-15.137684106826782,-11.009793758392334,0.21428571428571427
10069,0,0,20085,-15.137684106826782,-11.009793758392334,0.21428571428571427
10070,0,0,20083,-15.137684106826782,-11.009793758392334,0.21428571428571427
10071,0,0,20073,-15.137684106826782,-11.009793758392334,0.21428571428571427
10072,0,0,20082,-15.137684106826782,-11.009793758392334,0.21428571428571427
10073,0,0,20081,-15.137684106826782,-11.009793758392334,0.21428571428571427
10074,0,0,20080,-15.137684106826782,-11.009793758392334,0.21428571428571427
10075,0,0,20079,-15.137684106826782,-11.009793758392334,0.21428571428571427
10076,0,0,20078,-15.137684106826782,-11.009793758392334,0.21428571428571427
10077,0,0,20077,-15.137684106826782,-11.009793758392334,0.21428571428571427
10078,0,0,20076,-15.137684106826782,-11.009793758392334,0.21428571428571427
10079,0,0,20075,-15.137684106826782,-11.009793758392334,0.21428571428571427
10080,0,0,20074,-15.137684106826782,-11.009793758392334,0.21428571428571427
10081,0,0,20094,-15.137684106826782,-11.009793758392334,0.21428571428571427
10082,0,0,20084,-15.137684106826782,-11.009793758392334,0.21428571428571427
10083,0,0,20095,-15.137684106826782,-11.009793758392334,0.21428571428571427
10084,0,0,20108,-15.137684106826782,-11.009793758392334,0.21428571428571427
10085,0,0,20117,-15.137684106826782,-11.009793758392334,0.21428571428571427
10086,0,0,20116,-15.137684106826782,-11.009793758392334,0.21428571428571427
10087,0,0,20115,-15.137684106826782,-11.009793758392334,0.21428571428571427
10088,0,0,20114,-15.137684106826782,-11.009793758392334,0.21428571428571427
10089,0,0,20113,-15.137684106826782,-11.009793758392334,0.21428571428571427
10090,0,0,20112,-15.137684106826782,-11.009793758392334,0.21428571428571427
10091,0,0,20111,-15.137684106826782,-11.009793758392334,0.21428571428571427
10092,0,0,20110,-15.137684106826782,-11.009793758392334,0.21428571428571427
10093,0,0,20109,-15.137684106826782,-11.009793758392334,0.21428571428571427
10094,0,0,20107,-15.137684106826782,-11.009793758392334,0.21428571428571427
10095,0,0,20097,-15.137684106826782,-11.009793758392334,0.21428571428571427
10096,0,0,20106,-15.137684106826782,-11.009793758392334,0.21428571428571427
10097,0,0,20105,-15.137684106826782,-11.009793758392334,0.21428571428571427
10098,0,0,20104,-15.137684106826782,-11.009793758392334,0.21428571428571427
10099,0,0,20103,-15.137684106826782,-11.009793758392334,0.21428571428571427
10100,0,0,20102,-15.137684106826782,-11.009793758392334,0.21428571428571427
10101,0,0,20101,-15.137684106826782,-11.009793758392334,0.21428571428571427
10102,0,0,20100,-15.137684106826782,-11.009793758392334,0.21428571428571427
10103,0,0,20099,-15.137684106826782,-11.009793758392334,0.21428571428571427
10104,0,0,20098,-15.137684106826782,-11.009793758392334,0.21428571428571427
10105,0,0,20096,-15.137684106826782,-11.009793758392334,0.21428571428571427
10106,0,0,20072,-15.137684106826782,-11.009793758392334,0.21428571428571427
10107,0,0,20071,-15.137684106826782,-11.009793758392334,0.21428571428571427
10108,0,0,20070,-15.137684106826782,-11.009793758392334,0.21428571428571427
10109,0,0,20045,-15.137684106826782,-11.009793758392334,0.21428571428571427
10110,0,0,20044,-15.137684106826782,-11.009793758392334,0.21428571428571427
10111,0,0,20043,-15.137684106826782,-11.009793758392334,0.21428571428571427
10112,0,0,20042,-15.137684106826782,-11.009793758392334,0.21428571428571427
10113,0,0,20041,-15.137684106826782,-11.009793758392334,0.21428571428571427
10114,0,0,20040,-15.137684106826782,-11.009793758392334,0.21428571428571427
10115,0,0,20039,-15.137684106826782,-11.009793758392334,0.21428571428571427
10116,0,0,20038,-15.137684106826782,-11.009793758392334,0.21428571428571427
10117,0,0,20037,-15.137684106826782,-11.009793758392334,0.21428571428571427
10118,0,0,20036,-15.137684106826782,-11.009793758392334,0.21428571428571427
10119,0,0,20035,-15.137684106826782,-11.009793758392334,0.21428571428571427
10120,0,0,20034,-15.137684106826782,-11.009793758392334,0.21428571428571427
10121,0,0,20033,-15.137684106826782,-11.009793758392334,0.21428571428571427
10122,0,0,20032,-15.137684106826782,-11.009793758392334,0.21428571428571427
10123,0,0,20031,-15.137684106826782,-11.009793758392334,0.21428571428571427
10124,0,0,20030,-15.137684106826782,-11.009793758392334,0.21428571428571427
10125,0,0,20029,-15.137684106826782,-11.009793758392334,0.21428571428571427
10126,0,0,20028,-15.137684106826782,-11.009793758392334,0.21428571428571427
10127,0,0,20027,-15.137684106826782,-11.009793758392334,0.21428571428571427
10128,0,0,20026,-15.137684106826782,-11.009793758392334,0.21428571428571427
10129,0,0,20025,-15.137684106826782,-11.009793758392334,0.21428571428571427
10130,0,0,20046,-15.137684106826782,-11.009793758392334,0.21428571428571427
10131,0,0,20047,-15.137684106826782,-11.009793758392334,0.21428571428571427
10132,0,0,20048,-15.137684106826782,-11.009793758392334,0.21428571428571427
10133,0,0,20060,-15.137684106826782,-11.009793758392334,0.21428571428571427
10134,0,0,20069,-15.137684106826782,-11.009793758392334,0.21428571428571427
10135,0,0,20068,-15.137684106826782,-11.009793758392334,0.21428571428571427
10136,0,0,20067,-15.137684106826782,-11.009793758392334,0.21428571428571427
10137,0,0,20066,-15.137684106826782,-11.009793758392334,0.21428571428571427
10138,0,0,20065,-15.137684106826782,-11.009793758392334,0.21428571428571427
10139,0,0,20064,-15.137684106826782,-11.009793758392334,0.21428571428571427
10140,0,0,20063,-15.137684106826782,-11.009793758392334,0.21428571428571427
10141,0,0,20062,-15.137684106826782,-11.009793758392334,0.21428571428571427
10142,0,0,20061,-15.137684106826782,-11.009793758392334,0.21428571428571427
10143,0,0,20059,-15.137684106826782,-11.009793758392334,0.21428571428571427
10144,0,0,20049,-15.137684106826782,-11.009793758392334,0.21428571428571427
10145,0,0,20058,-15.137684106826782,-11.009793758392334,0.21428571428571427
10146,0,0,20057,-15.137684106826782,-11.009793758392334,0.21428571428571427
10147,0,0,20056,-15.137684106826782,-11.009793758392334,0.21428571428571427
10148,0,0,20055,-15.137684106826782,-11.009793758392334,0.21428571428571427
10149,0,0,20054,-15.137684106826782,-11.009793758392334,0.21428571428571427
10150,0,0,20053,-15.137684106826782,-11.009793758392334,0.21428571428571427
10151,0,0,20052,-15.137684106826782,-11.009793758392334,0.21428571428571427
10152,0,0,20051,-15.137684106826782,-11.009793758392334,0.21428571428571427
10153,0,0,20050,-15.137684106826782,-11.009793758392334,0.21428571428571427
10154,0,0,19632,-15.137684106826782,-11.009793758392334,0.21428571428571427
10155,0,0,19533,-15.137684106826782,-11.009793758392334,0.21428571428571427
10156,0,0,18851,-15.137684106826782,-11.009793758392334,0.21428571428571427
10157,0,0,19532,-15.137684106826782,-11.009793758392334,0.21428571428571427
10158,0,0,19020,-15.137684106826782,-11.009793758392334,0.21428571428571427
10159,0,0,19019,-15.137684106826782,-11.009793758392334,0.21428571428571427
10160,0,0,19018,-15.137684106826782,-11.009793758392334,0.21428571428571427
10161,0,0,19017,-15.137684106826782,-11.009793758392334,0.21428571428571427
10162,0,0,19016,-15.137684106826782,-11.009793758392334,0.21428571428571427
10163,0,0,19015,-15.137684106826782,-11.009793758392334,0.21428571428571427
10164,0,0,19014,-15.137684106826782,-11.009793758392334,0.21428571428571427
10165,0,0,19013,-15.137684106826782,-11.009793758392334,0.21428571428571427
10166,0,0,19012,-15.137684106826782,-11.009793758392334,0.21428571428571427
10167,0,0,19011,-15.137684106826782,-11.009793758392334,0.21428571428571427
10168,0,0,19010,-15.137684106826782,-11.009793758392334,0.21428571428571427
10169,0,0,19009,-15.137684106826782,-11.009793758392334,0.21428571428571427
10170,0,0,19008,-15.137684106826782,-11.009793758392334,0.21428571428571427
10171,0,0,19007,-15.137684106826782,-11.009793758392334,0.21428571428571427
10172,0,0,19006,-15.137684106826782,-11.009793758392334,0.21428571428571427
10173,0,0,19005,-15.137684106826782,-11.009793758392334,0.21428571428571427
10174,0,0,19004,-15.137684106826782,-11.009793758392334,0.21428571428571427
10175,0,0,19003,-15.137684106826782,-11.009793758392334,0.21428571428571427
10176,0,0,19002,-15.137684106826782,-11.009793758392334,0.21428571428571427
10177,0,0,19001,-15.137684106826782,-11.009793758392334,0.21428571428571427
10178,0,0,19000,-15.137684106826782,-11.009793758392334,0.21428571428571427
10179,0,0,19021,-15.137684106826782,-11.009793758392334,0.21428571428571427
10180,0,0,19022,-15.137684106826782,-11.009793758392334,0.21428571428571427
10181,0,0,19023,-15.137684106826782,-11.009793758392334,0.21428571428571427
10182,0,0,19035,-15.137684106826782,-11.009793758392334,0.21428571428571427
10183,0,0,19044,-15.137684106826782,-11.009793758392334,0.21428571428571427
10184,0,0,19043,-15.137684106826782,-11.009793758392334,0.21428571428571427
10185,0,0,19042,-15.137684106826782,-11.009793758392334,0.21428571428571427
10186,0,0,19041,-15.137684106826782,-11.009793758392334,0.21428571428571427
10187,0,0,19040,-15.137684106826782,-11.009793758392334,0.21428571428571427
10188,0,0,19039,-15.137684106826782,-11.009793758392334,0.21428571428571427
10189,0,0,19038,-15.137684106826782,-11.009793758392334,0.21428571428571427
10190,0,0,19037,-15.137684106826782,-11.009793758392334,0.21428571428571427
10191,0,0,19036,-15.137684106826782,-11.009793758392334,0.21428571428571427
10192,0,0,19034,-15.137684106826782,-11.009793758392334,0.21428571428571427
10193,0,0,19024,-15.137684106826782,-11.009793758392334,0.21428571428571427
10194,0,0,19033,-15.137684106826782,-11.009793758392334,0.21428571428571427
10195,0,0,19032,-15.137684106826782,-11.009793758392334,0.21428571428571427
10196,0,0,19031,-15.137684106826782,-11.009793758392334,0.21428571428571427
10197,0,0,19030,-15.137684106826782,-11.009793758392334,0.21428571428571427
10198,0,0,19029,-15.137684106826782,-11.009793758392334,0.21428571428571427
10199,0,0,19028,-15.137684106826782,-11.009793758392334,0.21428571428571427
10200,0,0,19027,-15.137684106826782,-11.009793758392334,0.21428571428571427
10201,0,0,19026,-15.137684106826782,-11.009793758392334,0.21428571428571427
10202,0,0,19025,-15.137684106826782,-11.009793758392334,0.21428571428571427
10203,0,0,18999,-15.137684106826782,-11.009793758392334,0.21428571428571427
10204,0,0,18997,-15.137684106826782,-11.009793758392334,0.21428571428571427
10205,0,0,18950,-15.137684106826782,-11.009793758392334,0.21428571428571427
10206,0,0,18996,-15.137684106826782,-11.009793758392334,0.21428571428571427
10207,0,0,18971,-15.137684106826782,-11.009793758392334,0.21428571428571427
10208,0,0,18970,-15.137684106826782,-11.009793758392334,0.21428571428571427
10209,0,0,18969,-15.137684106826782,-11.009793758392334,0.21428571428571427
10210,0,0,18968,-15.137684106826782,-11.009793758392334,0.21428571428571427
10211,0,0,18967,-15.137684106826782,-11.009793758392334,0.21428571428571427
10212,0,0,18966,-15.137684106826782,-11.009793758392334,0.21428571428571427
10213,0,0,18965,-15.137684106826782,-11.009793758392334,0.21428571428571427
10214,0,0,18964,-15.137684106826782,-11.009793758392334,0.21428571428571427
10215,0,0,18963,-15.137684106826782,-11.009793758392334,0.21428571428571427
10216,0,0,18962,-15.137684106826782,-11.009793758392334,0.21428571428571427
10217,0,0,18961,-15.137684106826782,-11.009793758392334,0.21428571428571427
10218,0,0,18960,-15.137684106826782,-11.009793758392334,0.21428571428571427
10219,0,0,18959,-15.137684106826782,-11.009793758392334,0.21428571428571427
10220,0,0,18958,-15.137684106826782,-11.009793758392334,0.21428571428571427
10221,0,0,18957,-15.137684106826782,-11.009793758392334,0.21428571428571427
10222,0,0,18956,-15.137684106826782,-11.009793758392334,0.21428571428571427
10223,0,0,18955,-15.137684106826782,-11.009793758392334,0.21428571428571427
10224,0,0,18954,-15.137684106826782,-11.009793758392334,0.21428571428571427
10225,0,0,18953,-15.137684106826782,-11.009793758392334,0.21428571428571427
10226,0,0,18952,-15.137684106826782,-11.009793758392334,0.21428571428571427
10227,0,0,18951,-15.137684106826782,-11.009793758392334,0.21428571428571427
10228,0,0,18972,-15.137684106826782,-11.009793758392334,0.21428571428571427
10229,0,0,18973,-15.137684106826782,-11.009793758392334,0.21428571428571427
10230,0,0,18974,-15.137684106826782,-11.009793758392334,0.21428571428571427
10231,0,0,18986,-15.137684106826782,-11.009793758392334,0.21428571428571427
10232,0,0,18995,-15.137684106826782,-11.009793758392334,0.21428571428571427
10233,0,0,18994,-15.137684106826782,-11.009793758392334,0.21428571428571427
10234,0,0,18993,-15.137684106826782,-11.009793758392334,0.21428571428571427
10235,0,0,18992,-15.137684106826782,-11.009793758392334,0.21428571428571427
10236,0,0,18991,-15.137684106826782,-11.009793758392334,0.21428571428571427
10237,0,0,18990,-15.137684106826782,-11.009793758392334,0.21428571428571427
10238,0,0,18989,-15.137684106826782,-11.009793758392334,0.21428571428571427
10239,0,0,18988,-15.137684106826782,-11.009793758392334,0.21428571428571427
10240,0,0,18987,-15.137684106826782,-11.009793758392334,0.21428571428571427
10241,0,0,18985,-15.137684106826782,-11.009793758392334,0.21428571428571427
10242,0,0,18975,-15.137684106826782,-11.009793758392334,0.21428571428571427
10243,0,0,18984,-15.137684106826782,-11.009793758392334,0.21428571428571427
10244,0,0,18983,-15.137684106826782,-11.009793758392334,0.21428571428571427
10245,0,0,18982,-15.137684106826782,-11.009793758392334,0.21428571428571427
10246,0,0,18981,-15.137684106826782,-11.009793758392334,0.21428571428571427
10247,0,0,18980,-15.137684106826782,-11.009793758392334,0.21428571428571427
10248,0,0,18979,-15.137684106826782,-11.009793758392334,0.21428571428571427
10249,0,0,18978,-15.137684106826782,-11.009793758392334,0.21428571428571427
10250,0,0,18977,-15.137684106826782,-11.009793758392334,0.21428571428571427
10251,0,0,18976,-15.137684106826782,-11.009793758392334,0.21428571428571427
10252,0,0,19045,-15.137684106826782,-11.009793758392334,0.21428571428571427
10253,0,0,19046,-15.137684106826782,-11.009793758392334,0.21428571428571427
10254,0,0,19047,-15.137684106826782,-11.009793758392334,0.21428571428571427
10255,0,0,19048,-15.137684106826782,-11.009793758392334,0.21428571428571427
10256,0,0,19117,-15.137684106826782,-11.009793758392334,0.21428571428571427
10257,0,0,19116,-15.137684106826782,-11.009793758392334,0.21428571428571427
10258,0,0,19115,-15.137684106826782,-11.009793758392334,0.21428571428571427
10259,0,0,19114,-15.137684106826782,-11.009793758392334,0.21428571428571427
10260,0,0,19113,-15.137684106826782,-11.009793758392334,0.21428571428571427
10261,0,0,19112,-15.137684106826782,-11.009793758392334,0.21428571428571427
10262,0,0,19111,-15.137684106826782,-11.009793758392334,0.21428571428571427
10263,0,0,19110,-15.137684106826782,-11.009793758392334,0.21428571428571427
10264,0,0,19109,-15.137684106826782,-11.009793758392334,0.21428571428571427
10265,0,0,19107,-15.137684106826782,-11.009793758392334,0.21428571428571427
10266,0,0,19097,-15.137684106826782,-11.009793758392334,0.21428571428571427
10267,0,0,19106,-15.137684106826782,-11.009793758392334,0.21428571428571427
10268,0,0,19105,-15.137684106826782,-11.009793758392334,0.21428571428571427
10269,0,0,19104,-15.137684106826782,-11.009793758392334,0.21428571428571427
10270,0,0,19103,-15.137684106826782,-11.009793758392334,0.21428571428571427
10271,0,0,19102,-15.137684106826782,-11.009793758392334,0.21428571428571427
10272,0,0,19101,-15.137684106826782,-11.009793758392334,0.21428571428571427
10273,0,0,19100,-15.137684106826782,-11.009793758392334,0.21428571428571427
10274,0,0,19099,-15.137684106826782,-11.009793758392334,0.21428571428571427
10275,0,0,19098,-15.137684106826782,-11.009793758392334,0.21428571428571427
10276,0,0,19118,-15.137684106826782,-11.009793758392334,0.21428571428571427
10277,0,0,19108,-15.137684106826782,-11.009793758392334,0.21428571428571427
10278,0,0,19119,-15.137684106826782,-11.009793758392334,0.21428571428571427
10279,0,0,19132,-15.137684106826782,-11.009793758392334,0.21428571428571427
10280,0,0,19141,-15.137684106826782,-11.009793758392334,0.21428571428571427
10281,0,0,19140,-15.137684106826782,-11.009793758392334,0.21428571428571427
10282,0,0,19139,-15.137684106826782,-11.009793758392334,0.21428571428571427
10283,0,0,19138,-15.137684106826782,-11.009793758392334,0.21428571428571427
10284,0,0,19137,-15.137684106826782,-11.009793758392334,0.21428571428571427
10285,0,0,19136,-15.137684106826782,-11.009793758392334,0.21428571428571427
10286,0,0,19135,-15.137684106826782,-11.009793758392334,0.21428571428571427
10287,0,0,19134,-15.137684106826782,-11.009793758392334,0.21428571428571427
10288,0,0,19133,-15.137684106826782,-11.009793758392334,0.21428571428571427
10289,0,0,19131,-15.137684106826782,-11.009793758392334,0.21428571428571427
10290,0,0,19121,-15.137684106826782,-11.009793758392334,0.21428571428571427
10291,0,0,19130,-15.137684106826782,-11.009793758392334,0.21428571428571427
10292,0,0,19129,-15.137684106826782,-11.009793758392334,0.21428571428571427
10293,0,0,19128,-15.137684106826782,-11.009793758392334,0.21428571428571427
10294,0,0,19127,-15.137684106826782,-11.009793758392334,0.21428571428571427
10295,0,0,19126,-15.137684106826782,-11.009793758392334,0.21428571428571427
10296,0,0,19125,-15.137684106826782,-11.009793758392334,0.21428571428571427
10297,0,0,19124,-15.137684106826782,-11.009793758392334,0.21428571428571427
10298,0,0,19123,-15.137684106826782,-11.009793758392334,0.21428571428571427
10299,0,0,19122,-15.137684106826782,-11.009793758392334,0.21428571428571427
10300,0,0,19120,-15.137684106826782,-11.009793758392334,0.21428571428571427
10301,0,0,19096,-15.137684106826782,-11.009793758392334,0.21428571428571427
10302,0,0,19095,-15.137684106826782,-11.009793758392334,0.21428571428571427
10303,0,0,19094,-15.137684106826782,-11.009793758392334,0.21428571428571427
10304,0,0,19069,-15.137684106826782,-11.009793758392334,0.21428571428571427
10305,0,0,19068,-15.137684106826782,-11.009793758392334,0.21428571428571427
10306,0,0,19067,-15.137684106826782,-11.009793758392334,0.21428571428571427
10307,0,0,19066,-15.137684106826782,-11.009793758392334,0.21428571428571427
10308,0,0,19065,-15.137684106826782,-11.009793758392334,0.21428571428571427
10309,0,0,19064,-15.137684106826782,-11.009793758392334,0.21428571428571427
10310,0,0,19063,-15.137684106826782,-11.009793758392334,0.21428571428571427
10311,0,0,19062,-15.137684106826782,-11.009793758392334,0.21428571428571427
10312,0,0,19061,-15.137684106826782,-11.009793758392334,0.21428571428571427
10313,0,0,19060,-15.137684106826782,-11.009793758392334,0.21428571428571427
10314,0,0,19059,-15.137684106826782,-11.009793758392334,0.21428571428571427
10315,0,0,19058,-15.137684106826782,-11.009793758392334,0.21428571428571427
10316,0,0,19057,-15.137684106826782,-11.009793758392334,0.21428571428571427
10317,0,0,19056,-15.137684106826782,-11.009793758392334,0.21428571428571427
10318,0,0,19055,-15.137684106826782,-11.009793758392334,0.21428571428571427
10319,0,0,19054,-15.137684106826782,-11.009793758392334,0.21428571428571427
10320,0,0,19053,-15.137684106826782,-11.009793758392334,0.21428571428571427
10321,0,0,19052,-15.137684106826782,-11.009793758392334,0.21428571428571427
10322,0,0,19051,-15.137684106826782,-11.009793758392334,0.21428571428571427
10323,0,0,19050,-15.137684106826782,-11.009793758392334,0.21428571428571427
10324,0,0,19049,-15.137684106826782,-11.009793758392334,0.21428571428571427
10325,0,0,19070,-15.137684106826782,-11.009793758392334,0.21428571428571427
10326,0,0,19071,-15.137684106826782,-11.009793758392334,0.21428571428571427
10327,0,0,19072,-15.137684106826782,-11.009793758392334,0.21428571428571427
10328,0,0,19084,-15.137684106826782,-11.009793758392334,0.21428571428571427
10329,0,0,19093,-15.137684106826782,-11.009793758392334,0.21428571428571427
10330,0,0,19092,-15.137684106826782,-11.009793758392334,0.21428571428571427
10331,0,0,19091,-15.137684106826782,-11.009793758392334,0.21428571428571427
10332,0,0,19090,-15.137684106826782,-11.009793758392334,0.21428571428571427
10333,0,0,19089,-15.137684106826782,-11.009793758392334,0.21428571428571427
10334,0,0,19088,-15.137684106826782,-11.009793758392334,0.21428571428571427
10335,0,0,19087,-15.137684106826782,-11.009793758392334,0.21428571428571427
10336,0,0,19086,-15.137684106826782,-11.009793758392334,0.21428571428571427
10337,0,0,19085,-15.137684106826782,-11.009793758392334,0.21428571428571427
10338,0,0,19083,-15.137684106826782,-11.009793758392334,0.21428571428571427
10339,0,0,19073,-15.137684106826782,-11.009793758392334,0.21428571428571427
10340,0,0,19082,-15.137684106826782,-11.009793758392334,0.21428571428571427
10341,0,0,19081,-15.137684106826782,-11.009793758392334,0.21428571428571427
10342,0,0,19080,-15.137684106826782,-11.009793758392334,0.21428571428571427
10343,0,0,19079,-15.137684106826782,-11.009793758392334,0.21428571428571427
10344,0,0,19078,-15.137684106826782,-11.009793758392334,0.21428571428571427
10345,0,0,19077,-15.137684106826782,-11.009793758392334,0.21428571428571427
10346,0,0,19076,-15.137684106826782,-11.009793758392334,0.21428571428571427
10347,0,0,19075,-15.137684106826782,-11.009793758392334,0.21428571428571427
10348,0,0,19074,-15.137684106826782,-11.009793758392334,0.21428571428571427
10349,0,0,18998,-15.137684106826782,-11.009793758392334,0.21428571428571427
10350,0,0,18949,-15.137684106826782,-11.009793758392334,0.21428571428571427
10351,0,0,18948,-15.137684106826782,-11.009793758392334,0.21428571428571427
10352,0,0,18947,-15.137684106826782,-11.009793758392334,0.21428571428571427
10353,0,0,18824,-15.137684106826782,-11.009793758392334,0.21428571428571427
10354,0,0,18823,-15.137684106826782,-11.009793758392334,0.21428571428571427
10355,0,0,18822,-15.137684106826782,-11.009793758392334,0.21428571428571427
10356,0,0,18821,-15.137684106826782,-11.009793758392334,0.21428571428571427
10357,0,0,18820,-15.137684106826782,-11.009793758392334,0.21428571428571427
10358,0,0,18819,-15.137684106826782,-11.009793758392334,0.21428571428571427
10359,0,0,18818,-15.137684106826782,-11.009793758392334,0.21428571428571427
10360,0,0,18817,-15.137684106826782,-11.009793758392334,0.21428571428571427
10361,0,0,18816,-15.137684106826782,-11.009793758392334,0.21428571428571427
10362,0,0,18815,-15.137684106826782,-11.009793758392334,0.21428571428571427
10363,0,0,18814,-15.137684106826782,-11.009793758392334,0.21428571428571427
10364,0,0,18813,-15.137684106826782,-11.009793758392334,0.21428571428571427
10365,0,0,18812,-15.137684106826782,-11.009793758392334,0.21428571428571427
10366,0,0,18811,-15.137684106826782,-11.009793758392334,0.21428571428571427
10367,0,0,18810,-15.137684106826782,-11.009793758392334,0.21428571428571427
10368,0,0,18809,-15.137684106826782,-11.009793758392334,0.21428571428571427
10369,0,0,18808,-15.137684106826782,-11.009793758392334,0.21428571428571427
10370,0,0,18807,-15.137684106826782,-11.009793758392334,0.21428571428571427
10371,0,0,18806,-15.137684106826782,-11.009793758392334,0.21428571428571427
10372,0,0,18805,-15.137684106826782,-11.009793758392334,0.21428571428571427
10373,0,0,18804,-15.137684106826782,-11.009793758392334,0.21428571428571427
10374,0,0,18825,-15.137684106826782,-11.009793758392334,0.21428571428571427
10375,0,0,18826,-15.137684106826782,-11.009793758392334,0.21428571428571427
10376,0,0,18827,-15.137684106826782,-11.009793758392334,0.21428571428571427
10377,0,0,18839,-15.137684106826782,-11.009793758392334,0.21428571428571427
10378,0,0,18848,-15.137684106826782,-11.009793758392334,0.21428571428571427
10379,0,0,18847,-15.137684106826782,-11.009793758392334,0.21428571428571427
10380,0,0,18846,-15.137684106826782,-11.009793758392334,0.21428571428571427
10381,0,0,18845,-15.137684106826782,-11.009793758392334,0.21428571428571427
10382,0,0,18844,-15.137684106826782,-11.009793758392334,0.21428571428571427
10383,0,0,18843,-15.137684106826782,-11.009793758392334,0.21428571428571427
10384,0,0,18842,-15.137684106826782,-11.009793758392334,0.21428571428571427
10385,0,0,18841,-15.137684106826782,-11.009793758392334,0.21428571428571427
10386,0,0,18840,-15.137684106826782,-11.009793758392334,0.21428571428571427
10387,0,0,18838,-15.137684106826782,-11.009793758392334,0.21428571428571427
10388,0,0,18828,-15.137684106826782,-11.009793758392334,0.21428571428571427
10389,0,0,18837,-15.137684106826782,-11.009793758392334,0.21428571428571427
10390,0,0,18836,-15.137684106826782,-11.009793758392334,0.21428571428571427
10391,0,0,18835,-15.137684106826782,-11.009793758392334,0.21428571428571427
10392,0,0,18834,-15.137684106826782,-11.009793758392334,0.21428571428571427
10393,0,0,18833,-15.137684106826782,-11.009793758392334,0.21428571428571427
10394,0,0,18832,-15.137684106826782,-11.009793758392334,0.21428571428571427
10395,0,0,18831,-15.137684106826782,-11.009793758392334,0.21428571428571427
10396,0,0,18830,-15.137684106826782,-11.009793758392334,0.21428571428571427
10397,0,0,18829,-15.137684106826782,-11.009793758392334,0.21428571428571427
10398,0,0,18803,-15.137684106826782,-11.009793758392334,0.21428571428571427
10399,0,0,18801,-15.137684106826782,-11.009793758392334,0.21428571428571427
10400,0,0,18754,-15.137684106826782,-11.009793758392334,0.21428571428571427
10401,0,0,18800,-15.137684106826782,-11.009793758392334,0.21428571428571427
10402,0,0,18775,-15.137684106826782,-11.009793758392334,0.21428571428571427
10403,0,0,18774,-15.137684106826782,-11.009793758392334,0.21428571428571427
10404,0,0,18773,-15.137684106826782,-11.009793758392334,0.21428571428571427
10405,0,0,18772,-15.137684106826782,-11.009793758392334,0.21428571428571427
10406,0,0,18771,-15.137684106826782,-11.009793758392334,0.21428571428571427
10407,0,0,18770,-15.137684106826782,-11.009793758392334,0.21428571428571427
10408,0,0,18769,-15.137684106826782,-11.009793758392334,0.21428571428571427
10409,0,0,18768,-15.137684106826782,-11.009793758392334,0.21428571428571427
10410,0,0,18767,-15.137684106826782,-11.009793758392334,0.21428571428571427
10411,0,0,18766,-15.137684106826782,-11.009793758392334,0.21428571428571427
10412,0,0,18765,-15.137684106826782,-11.009793758392334,0.21428571428571427
10413,0,0,18764,-15.137684106826782,-11.009793758392334,0.21428571428571427
10414,0,0,18763,-15.137684106826782,-11.009793758392334,0.21428571428571427
10415,0,0,18762,-15.137684106826782,-11.009793758392334,0.21428571428571427
10416,0,0,18761,-15.137684106826782,-11.009793758392334,0.21428571428571427
10417,0,0,18760,-15.137684106826782,-11.009793758392334,0.21428571428571427
10418,0,0,18759,-15.137684106826782,-11.009793758392334,0.21428571428571427
10419,0,0,18758,-15.137684106826782,-11.009793758392334,0.21428571428571427
10420,0,0,18757,-15.137684106826782,-11.009793758392334,0.21428571428571427
10421,0,0,18756,-15.137684106826782,-11.009793758392334,0.21428571428571427
10422,0,0,18755,-15.137684106826782,-11.009793758392334,0.21428571428571427
10423,0,0,18776,-15.137684106826782,-11.009793758392334,0.21428571428571427
10424,0,0,18777,-15.137684106826782,-11.009793758392334,0.21428571428571427
10425,0,0,18778,-15.137684106826782,-11.009793758392334,0.21428571428571427
10426,0,0,18790,-15.137684106826782,-11.009793758392334,0.21428571428571427
10427,0,0,18799,-15.137684106826782,-11.009793758392334,0.21428571428571427
10428,0,0,18798,-15.137684106826782,-11.009793758392334,0.21428571428571427
10429,0,0,18797,-15.137684106826782,-11.009793758392334,0.21428571428571427
10430,0,0,18796,-15.137684106826782,-11.009793758392334,0.21428571428571427
10431,0,0,18795,-15.137684106826782,-11.009793758392334,0.21428571428571427
10432,0,0,18794,-15.137684106826782,-11.009793758392334,0.21428571428571427
10433,0,0,18793,-15.137684106826782,-11.009793758392334,0.21428571428571427
10434,0,0,18792,-15.137684106826782,-11.009793758392334,0.21428571428571427
10435,0,0,18791,-15.137684106826782,-11.009793758392334,0.21428571428571427
10436,0,0,18789,-15.137684106826782,-11.009793758392334,0.21428571428571427
10437,0,0,18779,-15.137684106826782,-11.009793758392334,0.21428571428571427
10438,0,0,18788,-15.137684106826782,-11.009793758392334,0.21428571428571427
10439,0,0,18787,-15.137684106826782,-11.009793758392334,0.21428571428571427
10440,0,0,18786,-15.137684106826782,-11.009793758392334,0.21428571428571427
10441,0,0,18785,-15.137684106826782,-11.009793758392334,0.21428571428571427
10442,0,0,18784,-15.137684106826782,-11.009793758392334,0.21428571428571427
10443,0,0,18783,-15.137684106826782,-11.009793758392334,0.21428571428571427
10444,0,0,18782,-15.137684106826782,-11.009793758392334,0.21428571428571427
10445,0,0,18781,-15.137684106826782,-11.009793758392334,0.21428571428571427
10446,0,0,18780,-15.137684106826782,-11.009793758392334,0.21428571428571427
10447,0,0,18849,-15.137684106826782,-11.009793758392334,0.21428571428571427
10448,0,0,18802,-15.137684106826782,-11.009793758392334,0.21428571428571427
10449,0,0,18850,-15.137684106826782,-11.009793758392334,0.21428571428571427
10450,0,0,18900,-15.137684106826782,-11.009793758392334,0.21428571428571427
10451,0,0,18922,-15.137684106826782,-11.009793758392334,0.21428571428571427
10452,0,0,18921,-15.137684106826782,-11.009793758392334,0.21428571428571427
10453,0,0,18920,-15.137684106826782,-11.009793758392334,0.21428571428571427
10454,0,0,18919,-15.137684106826782,-11.009793758392334,0.21428571428571427
10455,0,0,18918,-15.137684106826782,-11.009793758392334,0.21428571428571427
10456,0,0,18917,-15.137684106826782,-11.009793758392334,0.21428571428571427
10457,0,0,18916,-15.137684106826782,-11.009793758392334,0.21428571428571427
10458,0,0,18915,-15.137684106826782,-11.009793758392334,0.21428571428571427
10459,0,0,18914,-15.137684106826782,-11.009793758392334,0.21428571428571427
10460,0,0,18913,-15.137684106826782,-11.009793758392334,0.21428571428571427
10461,0,0,18912,-15.137684106826782,-11.009793758392334,0.21428571428571427
10462,0,0,18911,-15.137684106826782,-11.009793758392334,0.21428571428571427
10463,0,0,18910,-15.137684106826782,-11.009793758392334,0.21428571428571427
10464,0,0,18909,-15.137684106826782,-11.009793758392334,0.21428571428571427
10465,0,0,18908,-15.137684106826782,-11.009793758392334,0.21428571428571427
10466,0,0,18907,-15.137684106826782,-11.009793758392334,0.21428571428571427
10467,0,0,18906,-15.137684106826782,-11.009793758392334,0.21428571428571427
10468,0,0,18905,-15.137684106826782,-11.009793758392334,0.21428571428571427
10469,0,0,18904,-15.137684106826782,-11.009793758392334,0.21428571428571427
10470,0,0,18903,-15.137684106826782,-11.009793758392334,0.21428571428571427
10471,0,0,18902,-15.137684106826782,-11.009793758392334,0.21428571428571427
10472,0,0,18923,-15.137684106826782,-11.009793758392334,0.21428571428571427
10473,0,0,18924,-15.137684106826782,-11.009793758392334,0.21428571428571427
10474,0,0,18925,-15.137684106826782,-11.009793758392334,0.21428571428571427
10475,0,0,18937,-15.137684106826782,-11.009793758392334,0.21428571428571427
10476,0,0,18946,-15.137684106826782,-11.009793758392334,0.21428571428571427
10477,0,0,18945,-15.137684106826782,-11.009793758392334,0.21428571428571427
10478,0,0,18944,-15.137684106826782,-11.009793758392334,0.21428571428571427
10479,0,0,18943,-15.137684106826782,-11.009793758392334,0.21428571428571427
10480,0,0,18942,-15.137684106826782,-11.009793758392334,0.21428571428571427
10481,0,0,18941,-15.137684106826782,-11.009793758392334,0.21428571428571427
10482,0,0,18940,-15.137684106826782,-11.009793758392334,0.21428571428571427
10483,0,0,18939,-15.137684106826782,-11.009793758392334,0.21428571428571427
10484,0,0,18938,-15.137684106826782,-11.009793758392334,0.21428571428571427
10485,0,0,18936,-15.137684106826782,-11.009793758392334,0.21428571428571427
10486,0,0,18926,-15.137684106826782,-11.009793758392334,0.21428571428571427
10487,0,0,18935,-15.137684106826782,-11.009793758392334,0.21428571428571427
10488,0,0,18934,-15.137684106826782,-11.009793758392334,0.21428571428571427
10489,0,0,18933,-15.137684106826782,-11.009793758392334,0.21428571428571427
10490,0,0,18932,-15.137684106826782,-11.009793758392334,0.21428571428571427
10491,0,0,18931,-15.137684106826782,-11.009793758392334,0.21428571428571427
10492,0,0,18930,-15.137684106826782,-11.009793758392334,0.21428571428571427
10493,0,0,18929,-15.137684106826782,-11.009793758392334,0.21428571428571427
10494,0,0,18928,-15.137684106826782,-11.009793758392334,0.21428571428571427
10495,0,0,18927,-15.137684106826782,-11.009793758392334,0.21428571428571427
10496,0,0,18901,-15.137684106826782,-11.009793758392334,0.21428571428571427
10497,0,0,18899,-15.137684106826782,-11.009793758392334,0.21428571428571427
10498,0,0,18852,-15.137684106826782,-11.009793758392334,0.21428571428571427
10499,0,0,18898,-15.137684106826782,-11.009793758392334,0.21428571428571427
10500,0,0,18873,-15.137684106826782,-11.009793758392334,0.21428571428571427
10501,0,0,18872,-15.137684106826782,-11.009793758392334,0.21428571428571427
10502,0,0,18871,-15.137684106826782,-11.009793758392334,0.21428571428571427
10503,0,0,18870,-15.137684106826782,-11.009793758392334,0.21428571428571427
10504,0,0,18869,-15.137684106826782,-11.009793758392334,0.21428571428571427
10505,0,0,18868,-15.137684106826782,-11.009793758392334,0.21428571428571427
10506,0,0,18867,-15.137684106826782,-11.009793758392334,0.21428571428571427
10507,0,0,18866,-15.137684106826782,-11.009793758392334,0.21428571428571427
10508,0,0,18865,-15.137684106826782,-11.009793758392334,0.21428571428571427
10509,0,0,18864,-15.137684106826782,-11.009793758392334,0.21428571428571427
10510,0,0,18863,-15.137684106826782,-11.009793758392334,0.21428571428571427
10511,0,0,18862,-15.137684106826782,-11.009793758392334,0.21428571428571427
10512,0,0,18861,-15.137684106826782,-11.009793758392334,0.21428571428571427
10513,0,0,18860,-15.137684106826782,-11.009793758392334,0.21428571428571427
10514,0,0,18859,-15.137684106826782,-11.009793758392334,0.21428571428571427
10515,0,0,18858,-15.137684106826782,-11.009793758392334,0.21428571428571427
10516,0,0,18857,-15.137684106826782,-11.009793758392334,0.21428571428571427
10517,0,0,18856,-15.137684106826782,-11.009793758392334,0.21428571428571427
10518,0,0,18855,-15.137684106826782,-11.009793758392334,0.21428571428571427
10519,0,0,18854,-15.137684106826782,-11.009793758392334,0.21428571428571427
10520,0,0,18853,-15.137684106826782,-11.009793758392334,0.21428571428571427
10521,0,0,18874,-15.137684106826782,-11.009793758392334,0.21428571428571427
10522,0,0,18875,-15.137684106826782,-11.009793758392334,0.21428571428571427
10523,0,0,18876,-15.137684106826782,-11.009793758392334,0.21428571428571427
10524,0,0,18888,-15.137684106826782,-11.009793758392334,0.21428571428571427
10525,0,0,18897,-15.137684106826782,-11.009793758392334,0.21428571428571427
10526,0,0,18896,-15.137684106826782,-11.009793758392334,0.21428571428571427
10527,0,0,18895,-15.137684106826782,-11.009793758392334,0.21428571428571427
10528,0,0,18894,-15.137684106826782,-11.009793758392334,0.21428571428571427
10529,0,0,18893,-15.137684106826782,-11.009793758392334,0.21428571428571427
10530,0,0,18892,-15.137684106826782,-11.009793758392334,0.21428571428571427
10531,0,0,18891,-15.137684106826782,-11.009793758392334,0.21428571428571427
10532,0,0,18890,-15.137684106826782,-11.009793758392334,0.21428571428571427
10533,0,0,18889,-15.137684106826782,-11.009793758392334,0.21428571428571427
10534,0,0,18887,-15.137684106826782,-11.009793758392334,0.21428571428571427
10535,0,0,18877,-15.137684106826782,-11.009793758392334,0.21428571428571427
10536,0,0,18886,-15.137684106826782,-11.009793758392334,0.21428571428571427
10537,0,0,18885,-15.137684106826782,-11.009793758392334,0.21428571428571427
10538,0,0,18884,-15.137684106826782,-11.009793758392334,0.21428571428571427
10539,0,0,18883,-15.137684106826782,-11.009793758392334,0.21428571428571427
10540,0,0,18882,-15.137684106826782,-11.009793758392334,0.21428571428571427
10541,0,0,18881,-15.137684106826782,-11.009793758392334,0.21428571428571427
10542,0,0,18880,-15.137684106826782,-11.009793758392334,0.21428571428571427
10543,0,0,18879,-15.137684106826782,-11.009793758392334,0.21428571428571427
10544,0,0,18878,-15.137684106826782,-11.009793758392334,0.21428571428571427
10545,0,0,19142,-15.137684106826782,-11.009793758392334,0.21428571428571427
10546,0,0,19143,-15.137684106826782,-11.009793758392334,0.21428571428571427
10547,0,0,19144,-15.137684106826782,-11.009793758392334,0.21428571428571427
10548,0,0,19339,-15.137684106826782,-11.009793758392334,0.21428571428571427
10549,0,0,19410,-15.137684106826782,-11.009793758392334,0.21428571428571427
10550,0,0,19409,-15.137684106826782,-11.009793758392334,0.21428571428571427
10551,0,0,19408,-15.137684106826782,-11.009793758392334,0.21428571428571427
10552,0,0,19407,-15.137684106826782,-11.009793758392334,0.21428571428571427
10553,0,0,19406,-15.137684106826782,-11.009793758392334,0.21428571428571427
10554,0,0,19405,-15.137684106826782,-11.009793758392334,0.21428571428571427
10555,0,0,19404,-15.137684106826782,-11.009793758392334,0.21428571428571427
10556,0,0,19403,-15.137684106826782,-11.009793758392334,0.21428571428571427
10557,0,0,19402,-15.137684106826782,-11.009793758392334,0.21428571428571427
10558,0,0,19401,-15.137684106826782,-11.009793758392334,0.21428571428571427
10559,0,0,19400,-15.137684106826782,-11.009793758392334,0.21428571428571427
10560,0,0,19399,-15.137684106826782,-11.009793758392334,0.21428571428571427
10561,0,0,19398,-15.137684106826782,-11.009793758392334,0.21428571428571427
10562,0,0,19397,-15.137684106826782,-11.009793758392334,0.21428571428571427
10563,0,0,19396,-15.137684106826782,-11.009793758392334,0.21428571428571427
10564,0,0,19395,-15.137684106826782,-11.009793758392334,0.21428571428571427
10565,0,0,19394,-15.137684106826782,-11.009793758392334,0.21428571428571427
10566,0,0,19393,-15.137684106826782,-11.009793758392334,0.21428571428571427
10567,0,0,19392,-15.137684106826782,-11.009793758392334,0.21428571428571427
10568,0,0,19391,-15.137684106826782,-11.009793758392334,0.21428571428571427
10569,0,0,19390,-15.137684106826782,-11.009793758392334,0.21428571428571427
10570,0,0,19411,-15.137684106826782,-11.009793758392334,0.21428571428571427
10571,0,0,19412,-15.137684106826782,-11.009793758392334,0.21428571428571427
10572,0,0,19413,-15.137684106826782,-11.009793758392334,0.21428571428571427
10573,0,0,19425,-15.137684106826782,-11.009793758392334,0.21428571428571427
10574,0,0,19434,-15.137684106826782,-11.009793758392334,0.21428571428571427
10575,0,0,19433,-15.137684106826782,-11.009793758392334,0.21428571428571427
10576,0,0,19432,-15.137684106826782,-11.009793758392334,0.21428571428571427
10577,0,0,19431,-15.137684106826782,-11.009793758392334,0.21428571428571427
10578,0,0,19430,-15.137684106826782,-11.009793758392334,0.21428571428571427
10579,0,0,19429,-15.137684106826782,-11.009793758392334,0.21428571428571427
10580,0,0,19428,-15.137684106826782,-11.009793758392334,0.21428571428571427
10581,0,0,19427,-15.137684106826782,-11.009793758392334,0.21428571428571427
10582,0,0,19426,-15.137684106826782,-11.009793758392334,0.21428571428571427
10583,0,0,19424,-15.137684106826782,-11.009793758392334,0.21428571428571427
10584,0,0,19414,-15.137684106826782,-11.009793758392334,0.21428571428571427
10585,0,0,19423,-15.137684106826782,-11.009793758392334,0.21428571428571427
10586,0,0,19422,-15.137684106826782,-11.009793758392334,0.21428571428571427
10587,0,0,19421,-15.137684106826782,-11.009793758392334,0.21428571428571427
10588,0,0,19420,-15.137684106826782,-11.009793758392334,0.21428571428571427
10589,0,0,19419,-15.137684106826782,-11.009793758392334,0.21428571428571427
10590,0,0,19418,-15.137684106826782,-11.009793758392334,0.21428571428571427
10591,0,0,19417,-15.137684106826782,-11.009793758392334,0.21428571428571427
10592,0,0,19416,-15.137684106826782,-11.009793758392334,0.21428571428571427
10593,0,0,19415,-15.137684106826782,-11.009793758392334,0.21428571428571427
10594,0,0,19389,-15.137684106826782,-11.009793758392334,0.21428571428571427
10595,0,0,19387,-15.137684106826782,-11.009793758392334,0.21428571428571427
10596,0,0,19340,-15.137684106826782,-11.009793758392334,0.21428571428571427
10597,0,0,19386,-15.137684106826782,-11.009793758392334,0.21428571428571427
10598,0,0,19361,-15.137684106826782,-11.009793758392334,0.21428571428571427
10599,0,0,19360,-15.137684106826782,-11.009793758392334,0.21428571428571427
10600,0,0,19359,-15.137684106826782,-11.009793758392334,0.21428571428571427
10601,0,0,19358,-15.137684106826782,-11.009793758392334,0.21428571428571427
10602,0,0,19357,-15.137684106826782,-11.009793758392334,0.21428571428571427
10603,0,0,19356,-15.137684106826782,-11.009793758392334,0.21428571428571427
10604,0,0,19355,-15.137684106826782,-11.009793758392334,0.21428571428571427
10605,0,0,19354,-15.137684106826782,-11.009793758392334,0.21428571428571427
10606,0,0,19353,-15.137684106826782,-11.009793758392334,0.21428571428571427
10607,0,0,19352,-15.137684106826782,-11.009793758392334,0.21428571428571427
10608,0,0,19351,-15.137684106826782,-11.009793758392334,0.21428571428571427
10609,0,0,19350,-15.137684106826782,-11.009793758392334,0.21428571428571427
10610,0,0,19349,-15.137684106826782,-11.009793758392334,0.21428571428571427
10611,0,0,19348,-15.137684106826782,-11.009793758392334,0.21428571428571427
10612,0,0,19347,-15.137684106826782,-11.009793758392334,0.21428571428571427
10613,0,0,19346,-15.137684106826782,-11.009793758392334,0.21428571428571427
10614,0,0,19345,-15.137684106826782,-11.009793758392334,0.21428571428571427
10615,0,0,19344,-15.137684106826782,-11.009793758392334,0.21428571428571427
10616,0,0,19343,-15.137684106826782,-11.009793758392334,0.21428571428571427
10617,0,0,19342,-15.137684106826782,-11.009793758392334,0.21428571428571427
10618,0,0,19341,-15.137684106826782,-11.009793758392334,0.21428571428571427
10619,0,0,19362,-15.137684106826782,-11.009793758392334,0.21428571428571427
10620,0,0,19363,-15.137684106826782,-11.009793758392334,0.21428571428571427
10621,0,0,19364,-15.137684106826782,-11.009793758392334,0.21428571428571427
10622,0,0,19376,-15.137684106826782,-11.009793758392334,0.21428571428571427
10623,0,0,19385,-15.137684106826782,-11.009793758392334,0.21428571428571427
10624,0,0,19384,-15.137684106826782,-11.009793758392334,0.21428571428571427
10625,0,0,19383,-15.137684106826782,-11.009793758392334,0.21428571428571427
10626,0,0,19382,-15.137684106826782,-11.009793758392334,0.21428571428571427
10627,0,0,19381,-15.137684106826782,-11.009793758392334,0.21428571428571427
10628,0,0,19380,-15.137684106826782,-11.009793758392334,0.21428571428571427
10629,0,0,19379,-15.137684106826782,-11.009793758392334,0.21428571428571427
10630,0,0,19378,-15.137684106826782,-11.009793758392334,0.21428571428571427
10631,0,0,19377,-15.137684106826782,-11.009793758392334,0.21428571428571427
10632,0,0,19375,-15.137684106826782,-11.009793758392334,0.21428571428571427
10633,0,0,19365,-15.137684106826782,-11.009793758392334,0.21428571428571427
10634,0,0,19374,-15.137684106826782,-11.009793758392334,0.21428571428571427
10635,0,0,19373,-15.137684106826782,-11.009793758392334,0.21428571428571427
10636,0,0,19372,-15.137684106826782,-11.009793758392334,0.21428571428571427
10637,0,0,19371,-15.137684106826782,-11.009793758392334,0.21428571428571427
10638,0,0,19370,-15.137684106826782,-11.009793758392334,0.21428571428571427
10639,0,0,19369,-15.137684106826782,-11.009793758392334,0.21428571428571427
10640,0,0,19368,-15.137684106826782,-11.009793758392334,0.21428571428571427
10641,0,0,19367,-15.137684106826782,-11.009793758392334,0.21428571428571427
10642,0,0,19366,-15.137684106826782,-11.009793758392334,0.21428571428571427
10643,0,0,19435,-15.137684106826782,-11.009793758392334,0.21428571428571427
10644,0,0,19436,-15.137684106826782,-11.009793758392334,0.21428571428571427
10645,0,0,19437,-15.137684106826782,-11.009793758392334,0.21428571428571427
10646,0,0,19438,-15.137684106826782,-11.009793758392334,0.21428571428571427
10647,0,0,19507,-15.137684106826782,-11.009793758392334,0.21428571428571427
10648,0,0,19506,-15.137684106826782,-11.009793758392334,0.21428571428571427
10649,0,0,19505,-15.137684106826782,-11.009793758392334,0.21428571428571427
10650,0,0,19504,-15.137684106826782,-11.009793758392334,0.21428571428571427
10651,0,0,19503,-15.137684106826782,-11.009793758392334,0.21428571428571427
10652,0,0,19502,-15.137684106826782,-11.009793758392334,0.21428571428571427
10653,0,0,19501,-15.137684106826782,-11.009793758392334,0.21428571428571427
10654,0,0,19500,-15.137684106826782,-11.009793758392334,0.21428571428571427
10655,0,0,19499,-15.137684106826782,-11.009793758392334,0.21428571428571427
10656,0,0,19497,-15.137684106826782,-11.009793758392334,0.21428571428571427
10657,0,0,19487,-15.137684106826782,-11.009793758392334,0.21428571428571427
10658,0,0,19496,-15.137684106826782,-11.009793758392334,0.21428571428571427
10659,0,0,19495,-15.137684106826782,-11.009793758392334,0.21428571428571427
10660,0,0,19494,-15.137684106826782,-11.009793758392334,0.21428571428571427
10661,0,0,19493,-15.137684106826782,-11.009793758392334,0.21428571428571427
10662,0,0,19492,-15.137684106826782,-11.009793758392334,0.21428571428571427
10663,0,0,19491,-15.137684106826782,-11.009793758392334,0.21428571428571427
10664,0,0,19490,-15.137684106826782,-11.009793758392334,0.21428571428571427
10665,0,0,19489,-15.137684106826782,-11.009793758392334,0.21428571428571427
10666,0,0,19488,-15.137684106826782,-11.009793758392334,0.21428571428571427
10667,0,0,19508,-15.137684106826782,-11.009793758392334,0.21428571428571427
10668,0,0,19498,-15.137684106826782,-11.009793758392334,0.21428571428571427
10669,0,0,19509,-15.137684106826782,-11.009793758392334,0.21428571428571427
10670,0,0,19522,-15.137684106826782,-11.009793758392334,0.21428571428571427
10671,0,0,19531,-15.137684106826782,-11.009793758392334,0.21428571428571427
10672,0,0,19530,-15.137684106826782,-11.009793758392334,0.21428571428571427
10673,0,0,19529,-15.137684106826782,-11.009793758392334,0.21428571428571427
10674,0,0,19528,-15.137684106826782,-11.009793758392334,0.21428571428571427
10675,0,0,19527,-15.137684106826782,-11.009793758392334,0.21428571428571427
10676,0,0,19526,-15.137684106826782,-11.009793758392334,0.21428571428571427
10677,0,0,19525,-15.137684106826782,-11.009793758392334,0.21428571428571427
10678,0,0,19524,-15.137684106826782,-11.009793758392334,0.21428571428571427
10679,0,0,19523,-15.137684106826782,-11.009793758392334,0.21428571428571427
10680,0,0,19521,-15.137684106826782,-11.009793758392334,0.21428571428571427
10681,0,0,19511,-15.137684106826782,-11.009793758392334,0.21428571428571427
10682,0,0,19520,-15.137684106826782,-11.009793758392334,0.21428571428571427
10683,0,0,19519,-15.137684106826782,-11.009793758392334,0.21428571428571427
10684,0,0,19518,-15.137684106826782,-11.009793758392334,0.21428571428571427
10685,0,0,19517,-15.137684106826782,-11.009793758392334,0.21428571428571427
10686,0,0,19516,-15.137684106826782,-11.009793758392334,0.21428571428571427
10687,0,0,19515,-15.137684106826782,-11.009793758392334,0.21428571428571427
10688,0,0,19514,-15.137684106826782,-11.009793758392334,0.21428571428571427
10689,0,0,19513,-15.137684106826782,-11.009793758392334,0.21428571428571427
10690,0,0,19512,-15.137684106826782,-11.009793758392334,0.21428571428571427
10691,0,0,19510,-15.137684106826782,-11.009793758392334,0.21428571428571427
10692,0,0,19486,-15.137684106826782,-11.009793758392334,0.21428571428571427
10693,0,0,19485,-15.137684106826782,-11.009793758392334,0.21428571428571427
10694,0,0,19484,-15.137684106826782,-11.009793758392334,0.21428571428571427
10695,0,0,19459,-15.137684106826782,-11.009793758392334,0.21428571428571427
10696,0,0,19458,-15.137684106826782,-11.009793758392334,0.21428571428571427
10697,0,0,19457,-15.137684106826782,-11.009793758392334,0.21428571428571427
10698,0,0,19456,-15.137684106826782,-11.009793758392334,0.21428571428571427
10699,0,0,19455,-15.137684106826782,-11.009793758392334,0.21428571428571427
10700,0,0,19454,-15.137684106826782,-11.009793758392334,0.21428571428571427
10701,0,0,19453,-15.137684106826782,-11.009793758392334,0.21428571428571427
10702,0,0,19452,-15.137684106826782,-11.009793758392334,0.21428571428571427
10703,0,0,19451,-15.137684106826782,-11.009793758392334,0.21428571428571427
10704,0,0,19450,-15.137684106826782,-11.009793758392334,0.21428571428571427
10705,0,0,19449,-15.137684106826782,-11.009793758392334,0.21428571428571427
10706,0,0,19448,-15.137684106826782,-11.009793758392334,0.21428571428571427
10707,0,0,19447,-15.137684106826782,-11.009793758392334,0.21428571428571427
10708,0,0,19446,-15.137684106826782,-11.009793758392334,0.21428571428571427
10709,0,0,19445,-15.137684106826782,-11.009793758392334,0.21428571428571427
10710,0,0,19444,-15.137684106826782,-11.009793758392334,0.21428571428571427
10711,0,0,19443,-15.137684106826782,-11.009793758392334,0.21428571428571427
10712,0,0,19442,-15.137684106826782,-11.009793758392334,0.21428571428571427
10713,0,0,19441,-15.137684106826782,-11.009793758392334,0.21428571428571427
10714,0,0,19440,-15.137684106826782,-11.009793758392334,0.21428571428571427
10715,0,0,19439,-15.137684106826782,-11.009793758392334,0.21428571428571427
10716,0,0,19460,-15.137684106826782,-11.009793758392334,0.21428571428571427
10717,0,0,19461,-15.137684106826782,-11.009793758392334,0.21428571428571427
10718,0,0,19462,-15.137684106826782,-11.009793758392334,0.21428571428571427
10719,0,0,19474,-15.137684106826782,-11.009793758392334,0.21428571428571427
10720,0,0,19483,-15.137684106826782,-11.009793758392334,0.21428571428571427
10721,0,0,19482,-15.137684106826782,-11.009793758392334,0.21428571428571427
10722,0,0,19481,-15.137684106826782,-11.009793758392334,0.21428571428571427
10723,0,0,19480,-15.137684106826782,-11.009793758392334,0.21428571428571427
10724,0,0,19479,-15.137684106826782,-11.009793758392334,0.21428571428571427
10725,0,0,19478,-15.137684106826782,-11.009793758392334,0.21428571428571427
10726,0,0,19477,-15.137684106826782,-11.009793758392334,0.21428571428571427
10727,0,0,19476,-15.137684106826782,-11.009793758392334,0.21428571428571427
10728,0,0,19475,-15.137684106826782,-11.009793758392334,0.21428571428571427
10729,0,0,19473,-15.137684106826782,-11.009793758392334,0.21428571428571427
10730,0,0,19463,-15.137684106826782,-11.009793758392334,0.21428571428571427
10731,0,0,19472,-15.137684106826782,-11.009793758392334,0.21428571428571427
10732,0,0,19471,-15.137684106826782,-11.009793758392334,0.21428571428571427
10733,0,0,19470,-15.137684106826782,-11.009793758392334,0.21428571428571427
10734,0,0,19469,-15.137684106826782,-11.009793758392334,0.21428571428571427
10735,0,0,19468,-15.137684106826782,-11.009793758392334,0.21428571428571427
10736,0,0,19467,-15.137684106826782,-11.009793758392334,0.21428571428571427
10737,0,0,19466,-15.137684106826782,-11.009793758392334,0.21428571428571427
10738,0,0,19465,-15.137684106826782,-11.009793758392334,0.21428571428571427
10739,0,0,19464,-15.137684106826782,-11.009793758392334,0.21428571428571427
10740,0,0,19388,-15.137684106826782,-11.009793758392334,0.21428571428571427
10741,0,0,19338,-15.137684106826782,-11.009793758392334,0.21428571428571427
10742,0,0,19193,-15.137684106826782,-11.009793758392334,0.21428571428571427
10743,0,0,19337,-15.137684106826782,-11.009793758392334,0.21428571428571427
10744,0,0,19215,-15.137684106826782,-11.009793758392334,0.21428571428571427
10745,0,0,19214,-15.137684106826782,-11.009793758392334,0.21428571428571427
10746,0,0,19213,-15.137684106826782,-11.009793758392334,0.21428571428571427
10747,0,0,19212,-15.137684106826782,-11.009793758392334,0.21428571428571427
10748,0,0,19211,-15.137684106826782,-11.009793758392334,0.21428571428571427
10749,0,0,19210,-15.137684106826782,-11.009793758392334,0.21428571428571427
10750,0,0,19209,-15.137684106826782,-11.009793758392334,0.21428571428571427
10751,0,0,19208,-15.137684106826782,-11.009793758392334,0.21428571428571427
10752,0,0,19207,-15.137684106826782,-11.009793758392334,0.21428571428571427
10753,0,0,19206,-15.137684106826782,-11.009793758392334,0.21428571428571427
10754,0,0,19205,-15.137684106826782,-11.009793758392334,0.21428571428571427
10755,0,0,19204,-15.137684106826782,-11.009793758392334,0.21428571428571427
10756,0,0,19203,-15.137684106826782,-11.009793758392334,0.21428571428571427
10757,0,0,19202,-15.137684106826782,-11.009793758392334,0.21428571428571427
10758,0,0,19201,-15.137684106826782,-11.009793758392334,0.21428571428571427
10759,0,0,19200,-15.137684106826782,-11.009793758392334,0.21428571428571427
10760,0,0,19199,-15.137684106826782,-11.009793758392334,0.21428571428571427
10761,0,0,19198,-15.137684106826782,-11.009793758392334,0.21428571428571427
10762,0,0,19197,-15.137684106826782,-11.009793758392334,0.21428571428571427
10763,0,0,19196,-15.137684106826782,-11.009793758392334,0.21428571428571427
10764,0,0,19195,-15.137684106826782,-11.009793758392334,0.21428571428571427
10765,0,0,19216,-15.137684106826782,-11.009793758392334,0.21428571428571427
10766,0,0,19217,-15.137684106826782,-11.009793758392334,0.21428571428571427
10767,0,0,19218,-15.137684106826782,-11.009793758392334,0.21428571428571427
10768,0,0,19230,-15.137684106826782,-11.009793758392334,0.21428571428571427
10769,0,0,19239,-15.137684106826782,-11.009793758392334,0.21428571428571427
10770,0,0,19238,-15.137684106826782,-11.009793758392334,0.21428571428571427
10771,0,0,19237,-15.137684106826782,-11.009793758392334,0.21428571428571427
10772,0,0,19236,-15.137684106826782,-11.009793758392334,0.21428571428571427
10773,0,0,19235,-15.137684106826782,-11.009793758392334,0.21428571428571427
10774,0,0,19234,-15.137684106826782,-11.009793758392334,0.21428571428571427
10775,0,0,19233,-15.137684106826782,-11.009793758392334,0.21428571428571427
10776,0,0,19232,-15.137684106826782,-11.009793758392334,0.21428571428571427
10777,0,0,19231,-15.137684106826782,-11.009793758392334,0.21428571428571427
10778,0,0,19229,-15.137684106826782,-11.009793758392334,0.21428571428571427
10779,0,0,19219,-15.137684106826782,-11.009793758392334,0.21428571428571427
10780,0,0,19228,-15.137684106826782,-11.009793758392334,0.21428571428571427
10781,0,0,19227,-15.137684106826782,-11.009793758392334,0.21428571428571427
10782,0,0,19226,-15.137684106826782,-11.009793758392334,0.21428571428571427
10783,0,0,19225,-15.137684106826782,-11.009793758392334,0.21428571428571427
10784,0,0,19224,-15.137684106826782,-11.009793758392334,0.21428571428571427
10785,0,0,19223,-15.137684106826782,-11.009793758392334,0.21428571428571427
10786,0,0,19222,-15.137684106826782,-11.009793758392334,0.21428571428571427
10787,0,0,19221,-15.137684106826782,-11.009793758392334,0.21428571428571427
10788,0,0,19220,-15.137684106826782,-11.009793758392334,0.21428571428571427
10789,0,0,19194,-15.137684106826782,-11.009793758392334,0.21428571428571427
10790,0,0,19192,-15.137684106826782,-11.009793758392334,0.21428571428571427
10791,0,0,19145,-15.137684106826782,-11.009793758392334,0.21428571428571427
10792,0,0,19191,-15.137684106826782,-11.009793758392334,0.21428571428571427
10793,0,0,19166,-15.137684106826782,-11.009793758392334,0.21428571428571427
10794,0,0,19165,-15.137684106826782,-11.009793758392334,0.21428571428571427
10795,0,0,19164,-15.137684106826782,-11.009793758392334,0.21428571428571427
10796,0,0,19163,-15.137684106826782,-11.009793758392334,0.21428571428571427
10797,0,0,19162,-15.137684106826782,-11.009793758392334,0.21428571428571427
10798,0,0,19161,-15.137684106826782,-11.009793758392334,0.21428571428571427
10799,0,0,19160,-15.137684106826782,-11.009793758392334,0.21428571428571427
10800,0,0,19159,-15.137684106826782,-11.009793758392334,0.21428571428571427
10801,0,0,19158,-15.137684106826782,-11.009793758392334,0.21428571428571427
10802,0,0,19157,-15.137684106826782,-11.009793758392334,0.21428571428571427
10803,0,0,19156,-15.137684106826782,-11.009793758392334,0.21428571428571427
10804,0,0,19155,-15.137684106826782,-11.009793758392334,0.21428571428571427
10805,0,0,19154,-15.137684106826782,-11.009793758392334,0.21428571428571427
10806,0,0,19153,-15.137684106826782,-11.009793758392334,0.21428571428571427
10807,0,0,19152,-15.137684106826782,-11.009793758392334,0.21428571428571427
10808,0,0,19151,-15.137684106826782,-11.009793758392334,0.21428571428571427
10809,0,0,19150,-15.137684106826782,-11.009793758392334,0.21428571428571427
10810,0,0,19149,-15.137684106826782,-11.009793758392334,0.21428571428571427
10811,0,0,19148,-15.137684106826782,-11.009793758392334,0.21428571428571427
10812,0,0,19147,-15.137684106826782,-11.009793758392334,0.21428571428571427
10813,0,0,19146,-15.137684106826782,-11.009793758392334,0.21428571428571427
10814,0,0,19167,-15.137684106826782,-11.009793758392334,0.21428571428571427
10815,0,0,19168,-15.137684106826782,-11.009793758392334,0.21428571428571427
10816,0,0,19169,-15.137684106826782,-11.009793758392334,0.21428571428571427
10817,0,0,19181,-15.137684106826782,-11.009793758392334,0.21428571428571427
10818,0,0,19190,-15.137684106826782,-11.009793758392334,0.21428571428571427
10819,0,0,19189,-15.137684106826782,-11.009793758392334,0.21428571428571427
10820,0,0,19188,-15.137684106826782,-11.009793758392334,0.21428571428571427
10821,0,0,19187,-15.137684106826782,-11.009793758392334,0.21428571428571427
10822,0,0,19186,-15.137684106826782,-11.009793758392334,0.21428571428571427
10823,0,0,19185,-15.137684106826782,-11.009793758392334,0.21428571428571427
10824,0,0,19184,-15.137684106826782,-11.009793758392334,0.21428571428571427
10825,0,0,19183,-15.137684106826782,-11.009793758392334,0.21428571428571427
10826,0,0,19182,-15.137684106826782,-11.009793758392334,0.21428571428571427
10827,0,0,19180,-15.137684106826782,-11.009793758392334,0.21428571428571427
10828,0,0,19170,-15.137684106826782,-11.009793758392334,0.21428571428571427
10829,0,0,19179,-15.137684106826782,-11.009793758392334,0.21428571428571427
10830,0,0,19178,-15.137684106826782,-11.009793758392334,0.21428571428571427
10831,0,0,19177,-15.137684106826782,-11.009793758392334,0.21428571428571427
10832,0,0,19176,-15.137684106826782,-11.009793758392334,0.21428571428571427
10833,0,0,19175,-15.137684106826782,-11.009793758392334,0.21428571428571427
10834,0,0,19174,-15.137684106826782,-11.009793758392334,0.21428571428571427
10835,0,0,19173,-15.137684106826782,-11.009793758392334,0.21428571428571427
10836,0,0,19172,-15.137684106826782,-11.009793758392334,0.21428571428571427
10837,0,0,19171,-15.137684106826782,-11.009793758392334,0.21428571428571427
10838,0,0,19240,-15.137684106826782,-11.009793758392334,0.21428571428571427
10839,0,0,19241,-15.137684106826782,-11.009793758392334,0.21428571428571427
10840,0,0,19242,-15.137684106826782,-11.009793758392334,0.21428571428571427
10841,0,0,19243,-15.137684106826782,-11.009793758392334,0.21428571428571427
10842,0,0,19312,-15.137684106826782,-11.009793758392334,0.21428571428571427
10843,0,0,19311,-15.137684106826782,-11.009793758392334,0.21428571428571427
10844,0,0,19310,-15.137684106826782,-11.009793758392334,0.21428571428571427
10845,0,0,19309,-15.137684106826782,-11.009793758392334,0.21428571428571427
10846,0,0,19308,-15.137684106826782,-11.009793758392334,0.21428571428571427
10847,0,0,19307,-15.137684106826782,-11.009793758392334,0.21428571428571427
10848,0,0,19306,-15.137684106826782,-11.009793758392334,0.21428571428571427
10849,0,0,19305,-15.137684106826782,-11.009793758392334,0.21428571428571427
10850,0,0,19304,-15.137684106826782,-11.009793758392334,0.21428571428571427
10851,0,0,19302,-15.137684106826782,-11.009793758392334,0.21428571428571427
10852,0,0,19292,-15.137684106826782,-11.009793758392334,0.21428571428571427
10853,0,0,19301,-15.137684106826782,-11.009793758392334,0.21428571428571427
10854,0,0,19300,-15.137684106826782,-11.009793758392334,0.21428571428571427
10855,0,0,19299,-15.137684106826782,-11.009793758392334,0.21428571428571427
10856,0,0,19298,-15.137684106826782,-11.009793758392334,0.21428571428571427
10857,0,0,19297,-15.137684106826782,-11.009793758392334,0.21428571428571427
10858,0,0,19296,-15.137684106826782,-11.009793758392334,0.21428571428571427
10859,0,0,19295,-15.137684106826782,-11.009793758392334,0.21428571428571427
10860,0,0,19294,-15.137684106826782,-11.009793758392334,0.21428571428571427
10861,0,0,19293,-15.137684106826782,-11.009793758392334,0.21428571428571427
10862,0,0,19313,-15.137684106826782,-11.009793758392334,0.21428571428571427
10863,0,0,19303,-15.137684106826782,-11.009793758392334,0.21428571428571427
10864,0,0,19314,-15.137684106826782,-11.009793758392334,0.21428571428571427
10865,0,0,19327,-15.137684106826782,-11.009793758392334,0.21428571428571427
10866,0,0,19336,-15.137684106826782,-11.009793758392334,0.21428571428571427
10867,0,0,19335,-15.137684106826782,-11.009793758392334,0.21428571428571427
10868,0,0,19334,-15.137684106826782,-11.009793758392334,0.21428571428571427
10869,0,0,19333,-15.137684106826782,-11.009793758392334,0.21428571428571427
10870,0,0,19332,-15.137684106826782,-11.009793758392334,0.21428571428571427
10871,0,0,19331,-15.137684106826782,-11.009793758392334,0.21428571428571427
10872,0,0,19330,-15.137684106826782,-11.009793758392334,0.21428571428571427
10873,0,0,19329,-15.137684106826782,-11.009793758392334,0.21428571428571427
10874,0,0,19328,-15.137684106826782,-11.009793758392334,0.21428571428571427
10875,0,0,19326,-15.137684106826782,-11.009793758392334,0.21428571428571427
10876,0,0,19316,-15.137684106826782,-11.009793758392334,0.21428571428571427
10877,0,0,19325,-15.137684106826782,-11.009793758392334,0.21428571428571427
10878,0,0,19324,-15.137684106826782,-11.009793758392334,0.21428571428571427
10879,0,0,19323,-15.137684106826782,-11.009793758392334,0.21428571428571427
10880,0,0,19322,-15.137684106826782,-11.009793758392334,0.21428571428571427
10881,0,0,19321,-15.137684106826782,-11.009793758392334,0.21428571428571427
10882,0,0,19320,-15.137684106826782,-11.009793758392334,0.21428571428571427
10883,0,0,19319,-15.137684106826782,-11.009793758392334,0.21428571428571427
10884,0,0,19318,-15.137684106826782,-11.009793758392334,0.21428571428571427
10885,0,0,19317,-15.137684106826782,-11.009793758392334,0.21428571428571427
10886,0,0,19315,-15.137684106826782,-11.009793758392334,0.21428571428571427
10887,0,0,19291,-15.137684106826782,-11.009793758392334,0.21428571428571427
10888,0,0,19290,-15.137684106826782,-11.009793758392334,0.21428571428571427
10889,0,0,19289,-15.137684106826782,-11.009793758392334,0.21428571428571427
10890,0,0,19264,-15.137684106826782,-11.009793758392334,0.21428571428571427
10891,0,0,19263,-15.137684106826782,-11.009793758392334,0.21428571428571427
10892,0,0,19262,-15.137684106826782,-11.009793758392334,0.21428571428571427
10893,0,0,19261,-15.137684106826782,-11.009793758392334,0.21428571428571427
10894,0,0,19260,-15.137684106826782,-11.009793758392334,0.21428571428571427
10895,0,0,19259,-15.137684106826782,-11.009793758392334,0.21428571428571427
10896,0,0,19258,-15.137684106826782,-11.009793758392334,0.21428571428571427
10897,0,0,19257,-15.137684106826782,-11.009793758392334,0.21428571428571427
10898,0,0,19256,-15.137684106826782,-11.009793758392334,0.21428571428571427
10899,0,0,19255,-15.137684106826782,-11.009793758392334,0.21428571428571427
10900,0,0,19254,-15.137684106826782,-11.009793758392334,0.21428571428571427
10901,0,0,19253,-15.137684106826782,-11.009793758392334,0.21428571428571427
10902,0,0,19252,-15.137684106826782,-11.009793758392334,0.21428571428571427
10903,0,0,19251,-15.137684106826782,-11.009793758392334,0.21428571428571427
10904,0,0,19250,-15.137684106826782,-11.009793758392334,0.21428571428571427
10905,0,0,19249,-15.137684106826782,-11.009793758392334,0.21428571428571427
10906,0,0,19248,-15.137684106826782,-11.009793758392334,0.21428571428571427
10907,0,0,19247,-15.137684106826782,-11.009793758392334,0.21428571428571427
10908,0,0,19246,-15.137684106826782,-11.009793758392334,0.21428571428571427
10909,0,0,19245,-15.137684106826782,-11.009793758392334,0.21428571428571427
10910,0,0,19244,-15.137684106826782,-11.009793758392334,0.21428571428571427
10911,0,0,19265,-15.137684106826782,-11.009793758392334,0.21428571428571427
10912,0,0,19266,-15.137684106826782,-11.009793758392334,0.21428571428571427
10913,0,0,19267,-15.137684106826782,-11.009793758392334,0.21428571428571427
10914,0,0,19279,-15.137684106826782,-11.009793758392334,0.21428571428571427
10915,0,0,19288,-15.137684106826782,-11.009793758392334,0.21428571428571427
10916,0,0,19287,-15.137684106826782,-11.009793758392334,0.21428571428571427
10917,0,0,19286,-15.137684106826782,-11.009793758392334,0.21428571428571427
10918,0,0,19285,-15.137684106826782,-11.009793758392334,0.21428571428571427
10919,0,0,19284,-15.137684106826782,-11.009793758392334,0.21428571428571427
10920,0,0,19283,-15.137684106826782,-11.009793758392334,0.21428571428571427
10921,0,0,19282,-15.137684106826782,-11.009793758392334,0.21428571428571427
10922,0,0,19281,-15.137684106826782,-11.009793758392334,0.21428571428571427
10923,0,0,19280,-15.137684106826782,-11.009793758392334,0.21428571428571427
10924,0,0,19278,-15.137684106826782,-11.009793758392334,0.21428571428571427
10925,0,0,19268,-15.137684106826782,-11.009793758392334,0.21428571428571427
10926,0,0,19277,-15.137684106826782,-11.009793758392334,0.21428571428571427
10927,0,0,19276,-15.137684106826782,-11.009793758392334,0.21428571428571427
10928,0,0,19275,-15.137684106826782,-11.009793758392334,0.21428571428571427
10929,0,0,19274,-15.137684106826782,-11.009793758392334,0.21428571428571427
10930,0,0,19273,-15.137684106826782,-11.009793758392334,0.21428571428571427
10931,0,0,19272,-15.137684106826782,-11.009793758392334,0.21428571428571427
10932,0,0,19271,-15.137684106826782,-11.009793758392334,0.21428571428571427
10933,0,0,19270,-15.137684106826782,-11.009793758392334,0.21428571428571427
10934,0,0,19269,-15.137684106826782,-11.009793758392334,0.21428571428571427
10935,0,0,20313,-15.137684106826782,-11.009793758392334,0.21428571428571427
10936,0,0,19534,-15.137684106826782,-11.009793758392334,0.21428571428571427
10937,0,0,20314,-15.137684106826782,-11.009793758392334,0.21428571428571427
10938,0,0,21096,-15.137684106826782,-11.009793758392334,0.21428571428571427
10939,0,0,21363,-15.137684106826782,-11.009793758392334,0.21428571428571427
10940,0,0,21362,-15.137684106826782,-11.009793758392334,0.21428571428571427
10941,0,0,21361,-15.137684106826782,-11.009793758392334,0.21428571428571427
10942,0,0,21360,-15.137684106826782,-11.009793758392334,0.21428571428571427
10943,0,0,21359,-15.137684106826782,-11.009793758392334,0.21428571428571427
10944,0,0,21358,-15.137684106826782,-11.009793758392334,0.21428571428571427
10945,0,0,21357,-15.137684106826782,-11.009793758392334,0.21428571428571427
10946,0,0,21356,-15.137684106826782,-11.009793758392334,0.21428571428571427
10947,0,0,21355,-15.137684106826782,-11.009793758392334,0.21428571428571427
10948,0,0,21354,-15.137684106826782,-11.009793758392334,0.21428571428571427
10949,0,0,21353,-15.137684106826782,-11.009793758392334,0.21428571428571427
10950,0,0,21352,-15.137684106826782,-11.009793758392334,0.21428571428571427
10951,0,0,21351,-15.137684106826782,-11.009793758392334,0.21428571428571427
10952,0,0,21350,-15.137684106826782,-11.009793758392334,0.21428571428571427
10953,0,0,21349,-15.137684106826782,-11.009793758392334,0.21428571428571427
10954,0,0,21348,-15.137684106826782,-11.009793758392334,0.21428571428571427
10955,0,0,21347,-15.137684106826782,-11.009793758392334,0.21428571428571427
10956,0,0,21346,-15.137684106826782,-11.009793758392334,0.21428571428571427
10957,0,0,21345,-15.137684106826782,-11.009793758392334,0.21428571428571427
10958,0,0,21344,-15.137684106826782,-11.009793758392334,0.21428571428571427
10959,0,0,21343,-15.137684106826782,-11.009793758392334,0.21428571428571427
10960,0,0,21364,-15.137684106826782,-11.009793758392334,0.21428571428571427
10961,0,0,21365,-15.137684106826782,-11.009793758392334,0.21428571428571427
10962,0,0,21366,-15.137684106826782,-11.009793758392334,0.21428571428571427
10963,0,0,21378,-15.137684106826782,-11.009793758392334,0.21428571428571427
10964,0,0,21387,-15.137684106826782,-11.009793758392334,0.21428571428571427
10965,0,0,21386,-15.137684106826782,-11.009793758392334,0.21428571428571427
10966,0,0,21385,-15.137684106826782,-11.009793758392334,0.21428571428571427
10967,0,0,21384,-15.137684106826782,-11.009793758392334,0.21428571428571427
10968,0,0,21383,-15.137684106826782,-11.009793758392334,0.21428571428571427
10969,0,0,21382,-15.137684106826782,-11.009793758392334,0.21428571428571427
10970,0,0,21381,-15.137684106826782,-11.009793758392334,0.21428571428571427
10971,0,0,21380,-15.137684106826782,-11.009793758392334,0.21428571428571427
10972,0,0,21379,-15.137684106826782,-11.009793758392334,0.21428571428571427
10973,0,0,21377,-15.137684106826782,-11.009793758392334,0.21428571428571427
10974,0,0,21367,-15.137684106826782,-11.009793758392334,0.21428571428571427
10975,0,0,21376,-15.137684106826782,-11.009793758392334,0.21428571428571427
10976,0,0,21375,-15.137684106826782,-11.009793758392334,0.21428571428571427
10977,0,0,21374,-15.137684106826782,-11.009793758392334,0.21428571428571427
10978,0,0,21373,-15.137684106826782,-11.009793758392334,0.21428571428571427
10979,0,0,21372,-15.137684106826782,-11.009793758392334,0.21428571428571427
10980,0,0,21371,-15.137684106826782,-11.009793758392334,0.21428571428571427
10981,0,0,21370,-15.137684106826782,-11.009793758392334,0.21428571428571427
10982,0,0,21369,-15.137684106826782,-11.009793758392334,0.21428571428571427
10983,0,0,21368,-15.137684106826782,-11.009793758392334,0.21428571428571427
10984,0,0,21342,-15.137684106826782,-11.009793758392334,0.21428571428571427
10985,0,0,21340,-15.137684106826782,-11.009793758392334,0.21428571428571427
10986,0,0,21293,-15.137684106826782,-11.009793758392334,0.21428571428571427
10987,0,0,21339,-15.137684106826782,-11.009793758392334,0.21428571428571427
10988,0,0,21314,-15.137684106826782,-11.009793758392334,0.21428571428571427
10989,0,0,21313,-15.137684106826782,-11.009793758392334,0.21428571428571427
10990,0,0,21312,-15.137684106826782,-11.009793758392334,0.21428571428571427
10991,0,0,21311,-15.137684106826782,-11.009793758392334,0.21428571428571427
10992,0,0,21310,-15.137684106826782,-11.009793758392334,0.21428571428571427
10993,0,0,21309,-15.137684106826782,-11.009793758392334,0.21428571428571427
10994,0,0,21308,-15.137684106826782,-11.009793758392334,0.21428571428571427
10995,0,0,21307,-15.137684106826782,-11.009793758392334,0.21428571428571427
10996,0,0,21306,-15.137684106826782,-11.009793758392334,0.21428571428571427
10997,0,0,21305,-15.137684106826782,-11.009793758392334,0.21428571428571427
10998,0,0,21304,-15.137684106826782,-11.009793758392334,0.21428571428571427
10999,0,0,21303,-15.137684106826782,-11.009793758392334,0.21428571428571427
11000,0,0,21302,-15.137684106826782,-11.009793758392334,0.21428571428571427
11001,0,0,21301,-15.137684106826782,-11.009793758392334,0.21428571428571427
11002,0,0,21300,-15.137684106826782,-11.009793758392334,0.21428571428571427
11003,0,0,21299,-15.137684106826782,-11.009793758392334,0.21428571428571427
11004,0,0,21298,-15.137684106826782,-11.009793758392334,0.21428571428571427
11005,0,0,21297,-15.137684106826782,-11.009793758392334,0.21428571428571427
11006,0,0,21296,-15.137684106826782,-11.009793758392334,0.21428571428571427
11007,0,0,21295,-15.137684106826782,-11.009793758392334,0.21428571428571427
11008,0,0,21294,-15.137684106826782,-11.009793758392334,0.21428571428571427
11009,0,0,21315,-15.137684106826782,-11.009793758392334,0.21428571428571427
11010,0,0,21316,-15.137684106826782,-11.009793758392334,0.21428571428571427
11011,0,0,21317,-15.137684106826782,-11.009793758392334,0.21428571428571427
11012,0,0,21329,-15.137684106826782,-11.009793758392334,0.21428571428571427
11013,0,0,21338,-15.137684106826782,-11.009793758392334,0.21428571428571427
11014,0,0,21337,-15.137684106826782,-11.009793758392334,0.21428571428571427
11015,0,0,21336,-15.137684106826782,-11.009793758392334,0.21428571428571427
11016,0,0,21335,-15.137684106826782,-11.009793758392334,0.21428571428571427
11017,0,0,21334,-15.137684106826782,-11.009793758392334,0.21428571428571427
11018,0,0,21333,-15.137684106826782,-11.009793758392334,0.21428571428571427
11019,0,0,21332,-15.137684106826782,-11.009793758392334,0.21428571428571427
11020,0,0,21331,-15.137684106826782,-11.009793758392334,0.21428571428571427
11021,0,0,21330,-15.137684106826782,-11.009793758392334,0.21428571428571427
11022,0,0,21328,-15.137684106826782,-11.009793758392334,0.21428571428571427
11023,0,0,21318,-15.137684106826782,-11.009793758392334,0.21428571428571427
11024,0,0,21327,-15.137684106826782,-11.009793758392334,0.21428571428571427
11025,0,0,21326,-15.137684106826782,-11.009793758392334,0.21428571428571427
11026,0,0,21325,-15.137684106826782,-11.009793758392334,0.21428571428571427
11027,0,0,21324,-15.137684106826782,-11.009793758392334,0.21428571428571427
11028,0,0,21323,-15.137684106826782,-11.009793758392334,0.21428571428571427
11029,0,0,21322,-15.137684106826782,-11.009793758392334,0.21428571428571427
11030,0,0,21321,-15.137684106826782,-11.009793758392334,0.21428571428571427
11031,0,0,21320,-15.137684106826782,-11.009793758392334,0.21428571428571427
11032,0,0,21319,-15.137684106826782,-11.009793758392334,0.21428571428571427
11033,0,0,21388,-15.137684106826782,-11.009793758392334,0.21428571428571427
11034,0,0,21389,-15.137684106826782,-11.009793758392334,0.21428571428571427
11035,0,0,21390,-15.137684106826782,-11.009793758392334,0.21428571428571427
11036,0,0,21391,-15.137684106826782,-11.009793758392334,0.21428571428571427
11037,0,0,21460,-15.137684106826782,-11.009793758392334,0.21428571428571427
11038,0,0,21459,-15.137684106826782,-11.009793758392334,0.21428571428571427
11039,0,0,21458,-15.137684106826782,-11.009793758392334,0.21428571428571427
11040,0,0,21457,-15.137684106826782,-11.009793758392334,0.21428571428571427
11041,0,0,21456,-15.137684106826782,-11.009793758392334,0.21428571428571427
11042,0,0,21455,-15.137684106826782,-11.009793758392334,0.21428571428571427
11043,0,0,21454,-15.137684106826782,-11.009793758392334,0.21428571428571427
11044,0,0,21453,-15.137684106826782,-11.009793758392334,0.21428571428571427
11045,0,0,21452,-15.137684106826782,-11.009793758392334,0.21428571428571427
11046,0,0,21450,-15.137684106826782,-11.009793758392334,0.21428571428571427
11047,0,0,21440,-15.137684106826782,-11.009793758392334,0.21428571428571427
11048,0,0,21449,-15.137684106826782,-11.009793758392334,0.21428571428571427
11049,0,0,21448,-15.137684106826782,-11.009793758392334,0.21428571428571427
11050,0,0,21447,-15.137684106826782,-11.009793758392334,0.21428571428571427
11051,0,0,21446,-15.137684106826782,-11.009793758392334,0.21428571428571427
11052,0,0,21445,-15.137684106826782,-11.009793758392334,0.21428571428571427
11053,0,0,21444,-15.137684106826782,-11.009793758392334,0.21428571428571427
11054,0,0,21443,-15.137684106826782,-11.009793758392334,0.21428571428571427
11055,0,0,21442,-15.137684106826782,-11.009793758392334,0.21428571428571427
11056,0,0,21441,-15.137684106826782,-11.009793758392334,0.21428571428571427
11057,0,0,21461,-15.137684106826782,-11.009793758392334,0.21428571428571427
11058,0,0,21451,-15.137684106826782,-11.009793758392334,0.21428571428571427
11059,0,0,21462,-15.137684106826782,-11.009793758392334,0.21428571428571427
11060,0,0,21475,-15.137684106826782,-11.009793758392334,0.21428571428571427
11061,0,0,21484,-15.137684106826782,-11.009793758392334,0.21428571428571427
11062,0,0,21483,-15.137684106826782,-11.009793758392334,0.21428571428571427
11063,0,0,21482,-15.137684106826782,-11.009793758392334,0.21428571428571427
11064,0,0,21481,-15.137684106826782,-11.009793758392334,0.21428571428571427
11065,0,0,21480,-15.137684106826782,-11.009793758392334,0.21428571428571427
11066,0,0,21479,-15.137684106826782,-11.009793758392334,0.21428571428571427
11067,0,0,21478,-15.137684106826782,-11.009793758392334,0.21428571428571427
11068,0,0,21477,-15.137684106826782,-11.009793758392334,0.21428571428571427
11069,0,0,21476,-15.137684106826782,-11.009793758392334,0.21428571428571427
11070,0,0,21474,-15.137684106826782,-11.009793758392334,0.21428571428571427
11071,0,0,21464,-15.137684106826782,-11.009793758392334,0.21428571428571427
11072,0,0,21473,-15.137684106826782,-11.009793758392334,0.21428571428571427
11073,0,0,21472,-15.137684106826782,-11.009793758392334,0.21428571428571427
11074,0,0,21471,-15.137684106826782,-11.009793758392334,0.21428571428571427
11075,0,0,21470,-15.137684106826782,-11.009793758392334,0.21428571428571427
11076,0,0,21469,-15.137684106826782,-11.009793758392334,0.21428571428571427
11077,0,0,21468,-15.137684106826782,-11.009793758392334,0.21428571428571427
11078,0,0,21467,-15.137684106826782,-11.009793758392334,0.21428571428571427
11079,0,0,21466,-15.137684106826782,-11.009793758392334,0.21428571428571427
11080,0,0,21465,-15.137684106826782,-11.009793758392334,0.21428571428571427
11081,0,0,21463,-15.137684106826782,-11.009793758392334,0.21428571428571427
11082,0,0,21439,-15.137684106826782,-11.009793758392334,0.21428571428571427
11083,0,0,21438,-15.137684106826782,-11.009793758392334,0.21428571428571427
11084,0,0,21437,-15.137684106826782,-11.009793758392334,0.21428571428571427
11085,0,0,21412,-15.137684106826782,-11.009793758392334,0.21428571428571427
11086,0,0,21411,-15.137684106826782,-11.009793758392334,0.21428571428571427
11087,0,0,21410,-15.137684106826782,-11.009793758392334,0.21428571428571427
11088,0,0,21409,-15.137684106826782,-11.009793758392334,0.21428571428571427
11089,0,0,21408,-15.137684106826782,-11.009793758392334,0.21428571428571427
11090,0,0,21407,-15.137684106826782,-11.009793758392334,0.21428571428571427
11091,0,0,21406,-15.137684106826782,-11.009793758392334,0.21428571428571427
11092,0,0,21405,-15.137684106826782,-11.009793758392334,0.21428571428571427
11093,0,0,21404,-15.137684106826782,-11.009793758392334,0.21428571428571427
11094,0,0,21403,-15.137684106826782,-11.009793758392334,0.21428571428571427
11095,0,0,21402,-15.137684106826782,-11.009793758392334,0.21428571428571427
11096,0,0,21401,-15.137684106826782,-11.009793758392334,0.21428571428571427
11097,0,0,21400,-15.137684106826782,-11.009793758392334,0.21428571428571427
11098,0,0,21399,-15.137684106826782,-11.009793758392334,0.21428571428571427
11099,0,0,21398,-15.137684106826782,-11.009793758392334,0.21428571428571427
11100,0,0,21397,-15.137684106826782,-11.009793758392334,0.21428571428571427
11101,0,0,21396,-15.137684106826782,-11.009793758392334,0.21428571428571427
11102,0,0,21395,-15.137684106826782,-11.009793758392334,0.21428571428571427
11103,0,0,21394,-15.137684106826782,-11.009793758392334,0.21428571428571427
11104,0,0,21393,-15.137684106826782,-11.009793758392334,0.21428571428571427
11105,0,0,21392,-15.137684106826782,-11.009793758392334,0.21428571428571427
11106,0,0,21413,-15.137684106826782,-11.009793758392334,0.21428571428571427
11107,0,0,21414,-15.137684106826782,-11.009793758392334,0.21428571428571427
11108,0,0,21415,-15.137684106826782,-11.009793758392334,0.21428571428571427
11109,0,0,21427,-15.137684106826782,-11.009793758392334,0.21428571428571427
11110,0,0,21436,-15.137684106826782,-11.009793758392334,0.21428571428571427
11111,0,0,21435,-15.137684106826782,-11.009793758392334,0.21428571428571427
11112,0,0,21434,-15.137684106826782,-11.009793758392334,0.21428571428571427
11113,0,0,21433,-15.137684106826782,-11.009793758392334,0.21428571428571427
11114,0,0,21432,-15.137684106826782,-11.009793758392334,0.21428571428571427
11115,0,0,21431,-15.137684106826782,-11.009793758392334,0.21428571428571427
11116,0,0,21430,-15.137684106826782,-11.009793758392334,0.21428571428571427
11117,0,0,21429,-15.137684106826782,-11.009793758392334,0.21428571428571427
11118,0,0,21428,-15.137684106826782,-11.009793758392334,0.21428571428571427
11119,0,0,21426,-15.137684106826782,-11.009793758392334,0.21428571428571427
11120,0,0,21416,-15.137684106826782,-11.009793758392334,0.21428571428571427
11121,0,0,21425,-15.137684106826782,-11.009793758392334,0.21428571428571427
11122,0,0,21424,-15.137684106826782,-11.009793758392334,0.21428571428571427
11123,0,0,21423,-15.137684106826782,-11.009793758392334,0.21428571428571427
11124,0,0,21422,-15.137684106826782,-11.009793758392334,0.21428571428571427
11125,0,0,21421,-15.137684106826782,-11.009793758392334,0.21428571428571427
11126,0,0,21420,-15.137684106826782,-11.009793758392334,0.21428571428571427
11127,0,0,21419,-15.137684106826782,-11.009793758392334,0.21428571428571427
11128,0,0,21418,-15.137684106826782,-11.009793758392334,0.21428571428571427
11129,0,0,21417,-15.137684106826782,-11.009793758392334,0.21428571428571427
11130,0,0,21341,-15.137684106826782,-11.009793758392334,0.21428571428571427
11131,0,0,21292,-15.137684106826782,-11.009793758392334,0.21428571428571427
11132,0,0,21291,-15.137684106826782,-11.009793758392334,0.21428571428571427
11133,0,0,21290,-15.137684106826782,-11.009793758392334,0.21428571428571427
11134,0,0,21167,-15.137684106826782,-11.009793758392334,0.21428571428571427
11135,0,0,21166,-15.137684106826782,-11.009793758392334,0.21428571428571427
11136,0,0,21165,-15.137684106826782,-11.009793758392334,0.21428571428571427
11137,0,0,21164,-15.137684106826782,-11.009793758392334,0.21428571428571427
11138,0,0,21163,-15.137684106826782,-11.009793758392334,0.21428571428571427
11139,0,0,21162,-15.137684106826782,-11.009793758392334,0.21428571428571427
11140,0,0,21161,-15.137684106826782,-11.009793758392334,0.21428571428571427
11141,0,0,21160,-15.137684106826782,-11.009793758392334,0.21428571428571427
11142,0,0,21159,-15.137684106826782,-11.009793758392334,0.21428571428571427
11143,0,0,21158,-15.137684106826782,-11.009793758392334,0.21428571428571427
11144,0,0,21157,-15.137684106826782,-11.009793758392334,0.21428571428571427
11145,0,0,21156,-15.137684106826782,-11.009793758392334,0.21428571428571427
11146,0,0,21155,-15.137684106826782,-11.009793758392334,0.21428571428571427
11147,0,0,21154,-15.137684106826782,-11.009793758392334,0.21428571428571427
11148,0,0,21153,-15.137684106826782,-11.009793758392334,0.21428571428571427
11149,0,0,21152,-15.137684106826782,-11.009793758392334,0.21428571428571427
11150,0,0,21151,-15.137684106826782,-11.009793758392334,0.21428571428571427
11151,0,0,21150,-15.137684106826782,-11.009793758392334,0.21428571428571427
11152,0,0,21149,-15.137684106826782,-11.009793758392334,0.21428571428571427
11153,0,0,21148,-15.137684106826782,-11.009793758392334,0.21428571428571427
11154,0,0,21147,-15.137684106826782,-11.009793758392334,0.21428571428571427
11155,0,0,21168,-15.137684106826782,-11.009793758392334,0.21428571428571427
11156,0,0,21169,-15.137684106826782,-11.009793758392334,0.21428571428571427
11157,0,0,21170,-15.137684106826782,-11.009793758392334,0.21428571428571427
11158,0,0,21182,-15.137684106826782,-11.009793758392334,0.21428571428571427
11159,0,0,21191,-15.137684106826782,-11.009793758392334,0.21428571428571427
11160,0,0,21190,-15.137684106826782,-11.009793758392334,0.21428571428571427
11161,0,0,21189,-15.137684106826782,-11.009793758392334,0.21428571428571427
11162,0,0,21188,-15.137684106826782,-11.009793758392334,0.21428571428571427
11163,0,0,21187,-15.137684106826782,-11.009793758392334,0.21428571428571427
11164,0,0,21186,-15.137684106826782,-11.009793758392334,0.21428571428571427
11165,0,0,21185,-15.137684106826782,-11.009793758392334,0.21428571428571427
11166,0,0,21184,-15.137684106826782,-11.009793758392334,0.21428571428571427
11167,0,0,21183,-15.137684106826782,-11.009793758392334,0.21428571428571427
11168,0,0,21181,-15.137684106826782,-11.009793758392334,0.21428571428571427
11169,0,0,21171,-15.137684106826782,-11.009793758392334,0.21428571428571427
11170,0,0,21180,-15.137684106826782,-11.009793758392334,0.21428571428571427
11171,0,0,21179,-15.137684106826782,-11.009793758392334,0.21428571428571427
11172,0,0,21178,-15.137684106826782,-11.009793758392334,0.21428571428571427
11173,0,0,21177,-15.137684106826782,-11.009793758392334,0.21428571428571427
11174,0,0,21176,-15.137684106826782,-11.009793758392334,0.21428571428571427
11175,0,0,21175,-15.137684106826782,-11.009793758392334,0.21428571428571427
11176,0,0,21174,-15.137684106826782,-11.009793758392334,0.21428571428571427
11177,0,0,21173,-15.137684106826782,-11.009793758392334,0.21428571428571427
11178,0,0,21172,-15.137684106826782,-11.009793758392334,0.21428571428571427
11179,0,0,21146,-15.137684106826782,-11.009793758392334,0.21428571428571427
11180,0,0,21144,-15.137684106826782,-11.009793758392334,0.21428571428571427
11181,0,0,21097,-15.137684106826782,-11.009793758392334,0.21428571428571427
11182,0,0,21143,-15.137684106826782,-11.009793758392334,0.21428571428571427
11183,0,0,21118,-15.137684106826782,-11.009793758392334,0.21428571428571427
11184,0,0,21117,-15.137684106826782,-11.009793758392334,0.21428571428571427
11185,0,0,21116,-15.137684106826782,-11.009793758392334,0.21428571428571427
11186,0,0,21115,-15.137684106826782,-11.009793758392334,0.21428571428571427
11187,0,0,21114,-15.137684106826782,-11.009793758392334,0.21428571428571427
11188,0,0,21113,-15.137684106826782,-11.009793758392334,0.21428571428571427
11189,0,0,21112,-15.137684106826782,-11.009793758392334,0.21428571428571427
11190,0,0,21111,-15.137684106826782,-11.009793758392334,0.21428571428571427
11191,0,0,21110,-15.137684106826782,-11.009793758392334,0.21428571428571427
11192,0,0,21109,-15.137684106826782,-11.009793758392334,0.21428571428571427
11193,0,0,21108,-15.137684106826782,-11.009793758392334,0.21428571428571427
11194,0,0,21107,-15.137684106826782,-11.009793758392334,0.21428571428571427
11195,0,0,21106,-15.137684106826782,-11.009793758392334,0.21428571428571427
11196,0,0,21105,-15.137684106826782,-11.009793758392334,0.21428571428571427
11197,0,0,21104,-15.137684106826782,-11.009793758392334,0.21428571428571427
11198,0,0,21103,-15.137684106826782,-11.009793758392334,0.21428571428571427
11199,0,0,21102,-15.137684106826782,-11.009793758392334,0.21428571428571427
11200,0,0,21101,-15.137684106826782,-11.009793758392334,0.21428571428571427
11201,0,0,21100,-15.137684106826782,-11.009793758392334,0.21428571428571427
11202,0,0,21099,-15.137684106826782,-11.009793758392334,0.21428571428571427
11203,0,0,21098,-15.137684106826782,-11.009793758392334,0.21428571428571427
11204,0,0,21119,-15.137684106826782,-11.009793758392334,0.21428571428571427
11205,0,0,21120,-15.137684106826782,-11.009793758392334,0.21428571428571427
11206,0,0,21121,-15.137684106826782,-11.009793758392334,0.21428571428571427
11207,0,0,21133,-15.137684106826782,-11.009793758392334,0.21428571428571427
11208,0,0,21142,-15.137684106826782,-11.009793758392334,0.21428571428571427
11209,0,0,21141,-15.137684106826782,-11.009793758392334,0.21428571428571427
11210,0,0,21140,-15.137684106826782,-11.009793758392334,0.21428571428571427
11211,0,0,21139,-15.137684106826782,-11.009793758392334,0.21428571428571427
11212,0,0,21138,-15.137684106826782,-11.009793758392334,0.21428571428571427
11213,0,0,21137,-15.137684106826782,-11.009793758392334,0.21428571428571427
11214,0,0,21136,-15.137684106826782,-11.009793758392334,0.21428571428571427
11215,0,0,21135,-15.137684106826782,-11.009793758392334,0.21428571428571427
11216,0,0,21134,-15.137684106826782,-11.009793758392334,0.21428571428571427
11217,0,0,21132,-15.137684106826782,-11.009793758392334,0.21428571428571427
11218,0,0,21122,-15.137684106826782,-11.009793758392334,0.21428571428571427
11219,0,0,21131,-15.137684106826782,-11.009793758392334,0.21428571428571427
11220,0,0,21130,-15.137684106826782,-11.009793758392334,0.21428571428571427
11221,0,0,21129,-15.137684106826782,-11.009793758392334,0.21428571428571427
11222,0,0,21128,-15.137684106826782,-11.009793758392334,0.21428571428571427
11223,0,0,21127,-15.137684106826782,-11.009793758392334,0.21428571428571427
11224,0,0,21126,-15.137684106826782,-11.009793758392334,0.21428571428571427
11225,0,0,21125,-15.137684106826782,-11.009793758392334,0.21428571428571427
11226,0,0,21124,-15.137684106826782,-11.009793758392334,0.21428571428571427
11227,0,0,21123,-15.137684106826782,-11.009793758392334,0.21428571428571427
11228,0,0,21192,-15.137684106826782,-11.009793758392334,0.21428571428571427
11229,0,0,21145,-15.137684106826782,-11.009793758392334,0.21428571428571427
11230,0,0,21193,-15.137684106826782,-11.009793758392334,0.21428571428571427
11231,0,0,21243,-15.137684106826782,-11.009793758392334,0.21428571428571427
11232,0,0,21265,-15.137684106826782,-11.009793758392334,0.21428571428571427
11233,0,0,21264,-15.137684106826782,-11.009793758392334,0.21428571428571427
11234,0,0,21263,-15.137684106826782,-11.009793758392334,0.21428571428571427
11235,0,0,21262,-15.137684106826782,-11.009793758392334,0.21428571428571427
11236,0,0,21261,-15.137684106826782,-11.009793758392334,0.21428571428571427
11237,0,0,21260,-15.137684106826782,-11.009793758392334,0.21428571428571427
11238,0,0,21259,-15.137684106826782,-11.009793758392334,0.21428571428571427
11239,0,0,21258,-15.137684106826782,-11.009793758392334,0.21428571428571427
11240,0,0,21257,-15.137684106826782,-11.009793758392334,0.21428571428571427
11241,0,0,21256,-15.137684106826782,-11.009793758392334,0.21428571428571427
11242,0,0,21255,-15.137684106826782,-11.009793758392334,0.21428571428571427
11243,0,0,21254,-15.137684106826782,-11.009793758392334,0.21428571428571427
11244,0,0,21253,-15.137684106826782,-11.009793758392334,0.21428571428571427
11245,0,0,21252,-15.137684106826782,-11.009793758392334,0.21428571428571427
11246,0,0,21251,-15.137684106826782,-11.009793758392334,0.21428571428571427
11247,0,0,21250,-15.137684106826782,-11.009793758392334,0.21428571428571427
11248,0,0,21249,-15.137684106826782,-11.009793758392334,0.21428571428571427
11249,0,0,21248,-15.137684106826782,-11.009793758392334,0.21428571428571427
11250,0,0,21247,-15.137684106826782,-11.009793758392334,0.21428571428571427
11251,0,0,21246,-15.137684106826782,-11.009793758392334,0.21428571428571427
11252,0,0,21245,-15.137684106826782,-11.009793758392334,0.21428571428571427
11253,0,0,21266,-15.137684106826782,-11.009793758392334,0.21428571428571427
11254,0,0,21267,-15.137684106826782,-11.009793758392334,0.21428571428571427
11255,0,0,21268,-15.137684106826782,-11.009793758392334,0.21428571428571427
11256,0,0,21280,-15.137684106826782,-11.009793758392334,0.21428571428571427
11257,0,0,21289,-15.137684106826782,-11.009793758392334,0.21428571428571427
11258,0,0,21288,-15.137684106826782,-11.009793758392334,0.21428571428571427
11259,0,0,21287,-15.137684106826782,-11.009793758392334,0.21428571428571427
11260,0,0,21286,-15.137684106826782,-11.009793758392334,0.21428571428571427
11261,0,0,21285,-15.137684106826782,-11.009793758392334,0.21428571428571427
11262,0,0,21284,-15.137684106826782,-11.009793758392334,0.21428571428571427
11263,0,0,21283,-15.137684106826782,-11.009793758392334,0.21428571428571427
11264,0,0,21282,-15.137684106826782,-11.009793758392334,0.21428571428571427
11265,0,0,21281,-15.137684106826782,-11.009793758392334,0.21428571428571427
11266,0,0,21279,-15.137684106826782,-11.009793758392334,0.21428571428571427
11267,0,0,21269,-15.137684106826782,-11.009793758392334,0.21428571428571427
11268,0,0,21278,-15.137684106826782,-11.009793758392334,0.21428571428571427
11269,0,0,21277,-15.137684106826782,-11.009793758392334,0.21428571428571427
11270,0,0,21276,-15.137684106826782,-11.009793758392334,0.21428571428571427
11271,0,0,21275,-15.137684106826782,-11.009793758392334,0.21428571428571427
11272,0,0,21274,-15.137684106826782,-11.009793758392334,0.21428571428571427
11273,0,0,21273,-15.137684106826782,-11.009793758392334,0.21428571428571427
11274,0,0,21272,-15.137684106826782,-11.009793758392334,0.21428571428571427
11275,0,0,21271,-15.137684106826782,-11.009793758392334,0.21428571428571427
11276,0,0,21270,-15.137684106826782,-11.009793758392334,0.21428571428571427
11277,0,0,21244,-15.137684106826782,-11.009793758392334,0.21428571428571427
11278,0,0,21242,-15.137684106826782,-11.009793758392334,0.21428571428571427
11279,0,0,21195,-15.137684106826782,-11.009793758392334,0.21428571428571427
11280,0,0,21241,-15.137684106826782,-11.009793758392334,0.21428571428571427
11281,0,0,21216,-15.137684106826782,-11.009793758392334,0.21428571428571427
11282,0,0,21215,-15.137684106826782,-11.009793758392334,0.21428571428571427
11283,0,0,21214,-15.137684106826782,-11.009793758392334,0.21428571428571427
11284,0,0,21213,-15.137684106826782,-11.009793758392334,0.21428571428571427
11285,0,0,21212,-15.137684106826782,-11.009793758392334,0.21428571428571427
11286,0,0,21211,-15.137684106826782,-11.009793758392334,0.21428571428571427
11287,0,0,21210,-15.137684106826782,-11.009793758392334,0.21428571428571427
11288,0,0,21209,-15.137684106826782,-11.009793758392334,0.21428571428571427
11289,0,0,21208,-15.137684106826782,-11.009793758392334,0.21428571428571427
11290,0,0,21207,-15.137684106826782,-11.009793758392334,0.21428571428571427
11291,0,0,21206,-15.137684106826782,-11.009793758392334,0.21428571428571427
11292,0,0,21205,-15.137684106826782,-11.009793758392334,0.21428571428571427
11293,0,0,21204,-15.137684106826782,-11.009793758392334,0.21428571428571427
11294,0,0,21203,-15.137684106826782,-11.009793758392334,0.21428571428571427
11295,0,0,21202,-15.137684106826782,-11.009793758392334,0.21428571428571427
11296,0,0,21201,-15.137684106826782,-11.009793758392334,0.21428571428571427
11297,0,0,21200,-15.137684106826782,-11.009793758392334,0.21428571428571427
11298,0,0,21199,-15.137684106826782,-11.009793758392334,0.21428571428571427
11299,0,0,21198,-15.137684106826782,-11.009793758392334,0.21428571428571427
11300,0,0,21197,-15.137684106826782,-11.009793758392334,0.21428571428571427
11301,0,0,21196,-15.137684106826782,-11.009793758392334,0.21428571428571427
11302,0,0,21217,-15.137684106826782,-11.009793758392334,0.21428571428571427
11303,0,0,21218,-15.137684106826782,-11.009793758392334,0.21428571428571427
11304,0,0,21219,-15.137684106826782,-11.009793758392334,0.21428571428571427
11305,0,0,21231,-15.137684106826782,-11.009793758392334,0.21428571428571427
11306,0,0,21240,-15.137684106826782,-11.009793758392334,0.21428571428571427
11307,0,0,21239,-15.137684106826782,-11.009793758392334,0.21428571428571427
11308,0,0,21238,-15.137684106826782,-11.009793758392334,0.21428571428571427
11309,0,0,21237,-15.137684106826782,-11.009793758392334,0.21428571428571427
11310,0,0,21236,-15.137684106826782,-11.009793758392334,0.21428571428571427
11311,0,0,21235,-15.137684106826782,-11.009793758392334,0.21428571428571427
11312,0,0,21234,-15.137684106826782,-11.009793758392334,0.21428571428571427
11313,0,0,21233,-15.137684106826782,-11.009793758392334,0.21428571428571427
11314,0,0,21232,-15.137684106826782,-11.009793758392334,0.21428571428571427
11315,0,0,21230,-15.137684106826782,-11.009793758392334,0.21428571428571427
11316,0,0,21220,-15.137684106826782,-11.009793758392334,0.21428571428571427
11317,0,0,21229,-15.137684106826782,-11.009793758392334,0.21428571428571427
11318,0,0,21228,-15.137684106826782,-11.009793758392334,0.21428571428571427
11319,0,0,21227,-15.137684106826782,-11.009793758392334,0.21428571428571427
11320,0,0,21226,-15.137684106826782,-11.009793758392334,0.21428571428571427
11321,0,0,21225,-15.137684106826782,-11.009793758392334,0.21428571428571427
11322,0,0,21224,-15.137684106826782,-11.009793758392334,0.21428571428571427
11323,0,0,21223,-15.137684106826782,-11.009793758392334,0.21428571428571427
11324,0,0,21222,-15.137684106826782,-11.009793758392334,0.21428571428571427
11325,0,0,21221,-15.137684106826782,-11.009793758392334,0.21428571428571427
11326,0,0,21485,-15.137684106826782,-11.009793758392334,0.21428571428571427
11327,0,0,21486,-15.137684106826782,-11.009793758392334,0.21428571428571427
11328,0,0,21487,-15.137684106826782,-11.009793758392334,0.21428571428571427
11329,0,0,21682,-15.137684106826782,-11.009793758392334,0.21428571428571427
11330,0,0,21753,-15.137684106826782,-11.009793758392334,0.21428571428571427
11331,0,0,21752,-15.137684106826782,-11.009793758392334,0.21428571428571427
11332,0,0,21751,-15.137684106826782,-11.009793758392334,0.21428571428571427
11333,0,0,21750,-15.137684106826782,-11.009793758392334,0.21428571428571427
11334,0,0,21749,-15.137684106826782,-11.009793758392334,0.21428571428571427
11335,0,0,21748,-15.137684106826782,-11.009793758392334,0.21428571428571427
11336,0,0,21747,-15.137684106826782,-11.009793758392334,0.21428571428571427
11337,0,0,21746,-15.137684106826782,-11.009793758392334,0.21428571428571427
11338,0,0,21745,-15.137684106826782,-11.009793758392334,0.21428571428571427
11339,0,0,21744,-15.137684106826782,-11.009793758392334,0.21428571428571427
11340,0,0,21743,-15.137684106826782,-11.009793758392334,0.21428571428571427
11341,0,0,21742,-15.137684106826782,-11.009793758392334,0.21428571428571427
11342,0,0,21741,-15.137684106826782,-11.009793758392334,0.21428571428571427
11343,0,0,21740,-15.137684106826782,-11.009793758392334,0.21428571428571427
11344,0,0,21739,-15.137684106826782,-11.009793758392334,0.21428571428571427
11345,0,0,21738,-15.137684106826782,-11.009793758392334,0.21428571428571427
11346,0,0,21737,-15.137684106826782,-11.009793758392334,0.21428571428571427
11347,0,0,21736,-15.137684106826782,-11.009793758392334,0.21428571428571427
11348,0,0,21735,-15.137684106826782,-11.009793758392334,0.21428571428571427
11349,0,0,21734,-15.137684106826782,-11.009793758392334,0.21428571428571427
11350,0,0,21733,-15.137684106826782,-11.009793758392334,0.21428571428571427
11351,0,0,21754,-15.137684106826782,-11.009793758392334,0.21428571428571427
11352,0,0,21755,-15.137684106826782,-11.009793758392334,0.21428571428571427
11353,0,0,21756,-15.137684106826782,-11.009793758392334,0.21428571428571427
11354,0,0,21768,-15.137684106826782,-11.009793758392334,0.21428571428571427
11355,0,0,21777,-15.137684106826782,-11.009793758392334,0.21428571428571427
11356,0,0,21776,-15.137684106826782,-11.009793758392334,0.21428571428571427
11357,0,0,21775,-15.137684106826782,-11.009793758392334,0.21428571428571427
11358,0,0,21774,-15.137684106826782,-11.009793758392334,0.21428571428571427
11359,0,0,21773,-15.137684106826782,-11.009793758392334,0.21428571428571427
11360,0,0,21772,-15.137684106826782,-11.009793758392334,0.21428571428571427
11361,0,0,21771,-15.137684106826782,-11.009793758392334,0.21428571428571427
11362,0,0,21770,-15.137684106826782,-11.009793758392334,0.21428571428571427
11363,0,0,21769,-15.137684106826782,-11.009793758392334,0.21428571428571427
11364,0,0,21767,-15.137684106826782,-11.009793758392334,0.21428571428571427
11365,0,0,21757,-15.137684106826782,-11.009793758392334,0.21428571428571427
11366,0,0,21766,-15.137684106826782,-11.009793758392334,0.21428571428571427
11367,0,0,21765,-15.137684106826782,-11.009793758392334,0.21428571428571427
11368,0,0,21764,-15.137684106826782,-11.009793758392334,0.21428571428571427
11369,0,0,21763,-15.137684106826782,-11.009793758392334,0.21428571428571427
11370,0,0,21762,-15.137684106826782,-11.009793758392334,0.21428571428571427
11371,0,0,21761,-15.137684106826782,-11.009793758392334,0.21428571428571427
11372,0,0,21760,-15.137684106826782,-11.009793758392334,0.21428571428571427
11373,0,0,21759,-15.137684106826782,-11.009793758392334,0.21428571428571427
11374,0,0,21758,-15.137684106826782,-11.009793758392334,0.21428571428571427
11375,0,0,21732,-15.137684106826782,-11.009793758392334,0.21428571428571427
11376,0,0,21730,-15.137684106826782,-11.009793758392334,0.21428571428571427
11377,0,0,21683,-15.137684106826782,-11.009793758392334,0.21428571428571427
11378,0,0,21729,-15.137684106826782,-11.009793758392334,0.21428571428571427
11379,0,0,21704,-15.137684106826782,-11.009793758392334,0.21428571428571427
11380,0,0,21703,-15.137684106826782,-11.009793758392334,0.21428571428571427
11381,0,0,21702,-15.137684106826782,-11.009793758392334,0.21428571428571427
11382,0,0,21701,-15.137684106826782,-11.009793758392334,0.21428571428571427
11383,0,0,21700,-15.137684106826782,-11.009793758392334,0.21428571428571427
11384,0,0,21699,-15.137684106826782,-11.009793758392334,0.21428571428571427
11385,0,0,21698,-15.137684106826782,-11.009793758392334,0.21428571428571427
11386,0,0,21697,-15.137684106826782,-11.009793758392334,0.21428571428571427
11387,0,0,21696,-15.137684106826782,-11.009793758392334,0.21428571428571427
11388,0,0,21695,-15.137684106826782,-11.009793758392334,0.21428571428571427
11389,0,0,21694,-15.137684106826782,-11.009793758392334,0.21428571428571427
11390,0,0,21693,-15.137684106826782,-11.009793758392334,0.21428571428571427
11391,0,0,21692,-15.137684106826782,-11.009793758392334,0.21428571428571427
11392,0,0,21691,-15.137684106826782,-11.009793758392334,0.21428571428571427
11393,0,0,21690,-15.137684106826782,-11.009793758392334,0.21428571428571427
11394,0,0,21689,-15.137684106826782,-11.009793758392334,0.21428571428571427
11395,0,0,21688,-15.137684106826782,-11.009793758392334,0.21428571428571427
11396,0,0,21687,-15.137684106826782,-11.009793758392334,0.21428571428571427
11397,0,0,21686,-15.137684106826782,-11.009793758392334,0.21428571428571427
11398,0,0,21685,-15.137684106826782,-11.009793758392334,0.21428571428571427
11399,0,0,21684,-15.137684106826782,-11.009793758392334,0.21428571428571427
11400,0,0,21705,-15.137684106826782,-11.009793758392334,0.21428571428571427
11401,0,0,21706,-15.137684106826782,-11.009793758392334,0.21428571428571427
11402,0,0,21707,-15.137684106826782,-11.009793758392334,0.21428571428571427
11403,0,0,21719,-15.137684106826782,-11.009793758392334,0.21428571428571427
11404,0,0,21728,-15.137684106826782,-11.009793758392334,0.21428571428571427
11405,0,0,21727,-15.137684106826782,-11.009793758392334,0.21428571428571427
11406,0,0,21726,-15.137684106826782,-11.009793758392334,0.21428571428571427
11407,0,0,21725,-15.137684106826782,-11.009793758392334,0.21428571428571427
11408,0,0,21724,-15.137684106826782,-11.009793758392334,0.21428571428571427
11409,0,0,21723,-15.137684106826782,-11.009793758392334,0.21428571428571427
11410,0,0,21722,-15.137684106826782,-11.009793758392334,0.21428571428571427
11411,0,0,21721,-15.137684106826782,-11.009793758392334,0.21428571428571427
11412,0,0,21720,-15.137684106826782,-11.009793758392334,0.21428571428571427
11413,0,0,21718,-15.137684106826782,-11.009793758392334,0.21428571428571427
11414,0,0,21708,-15.137684106826782,-11.009793758392334,0.21428571428571427
11415,0,0,21717,-15.137684106826782,-11.009793758392334,0.21428571428571427
11416,0,0,21716,-15.137684106826782,-11.009793758392334,0.21428571428571427
11417,0,0,21715,-15.137684106826782,-11.009793758392334,0.21428571428571427
11418,0,0,21714,-15.137684106826782,-11.009793758392334,0.21428571428571427
11419,0,0,21713,-15.137684106826782,-11.009793758392334,0.21428571428571427
11420,0,0,21712,-15.137684106826782,-11.009793758392334,0.21428571428571427
11421,0,0,21711,-15.137684106826782,-11.009793758392334,0.21428571428571427
11422,0,0,21710,-15.137684106826782,-11.009793758392334,0.21428571428571427
11423,0,0,21709,-15.137684106826782,-11.009793758392334,0.21428571428571427
11424,0,0,21778,-15.137684106826782,-11.009793758392334,0.21428571428571427
11425,0,0,21779,-15.137684106826782,-11.009793758392334,0.21428571428571427
11426,0,0,21780,-15.137684106826782,-11.009793758392334,0.21428571428571427
11427,0,0,21781,-15.137684106826782,-11.009793758392334,0.21428571428571427
11428,0,0,21850,-15.137684106826782,-11.009793758392334,0.21428571428571427
11429,0,0,21849,-15.137684106826782,-11.009793758392334,0.21428571428571427
11430,0,0,21848,-15.137684106826782,-11.009793758392334,0.21428571428571427
11431,0,0,21847,-15.137684106826782,-11.009793758392334,0.21428571428571427
11432,0,0,21846,-15.137684106826782,-11.009793758392334,0.21428571428571427
11433,0,0,21845,-15.137684106826782,-11.009793758392334,0.21428571428571427
11434,0,0,21844,-15.137684106826782,-11.009793758392334,0.21428571428571427
11435,0,0,21843,-15.137684106826782,-11.009793758392334,0.21428571428571427
11436,0,0,21842,-15.137684106826782,-11.009793758392334,0.21428571428571427
11437,0,0,21840,-15.137684106826782,-11.009793758392334,0.21428571428571427
11438,0,0,21830,-15.137684106826782,-11.009793758392334,0.21428571428571427
11439,0,0,21839,-15.137684106826782,-11.009793758392334,0.21428571428571427
11440,0,0,21838,-15.137684106826782,-11.009793758392334,0.21428571428571427
11441,0,0,21837,-15.137684106826782,-11.009793758392334,0.21428571428571427
11442,0,0,21836,-15.137684106826782,-11.009793758392334,0.21428571428571427
11443,0,0,21835,-15.137684106826782,-11.009793758392334,0.21428571428571427
11444,0,0,21834,-15.137684106826782,-11.009793758392334,0.21428571428571427
11445,0,0,21833,-15.137684106826782,-11.009793758392334,0.21428571428571427
11446,0,0,21832,-15.137684106826782,-11.009793758392334,0.21428571428571427
11447,0,0,21831,-15.137684106826782,-11.009793758392334,0.21428571428571427
11448,0,0,21851,-15.137684106826782,-11.009793758392334,0.21428571428571427
11449,0,0,21841,-15.137684106826782,-11.009793758392334,0.21428571428571427
11450,0,0,21852,-15.137684106826782,-11.009793758392334,0.21428571428571427
11451,0,0,21865,-15.137684106826782,-11.009793758392334,0.21428571428571427
11452,0,0,21874,-15.137684106826782,-11.009793758392334,0.21428571428571427
11453,0,0,21873,-15.137684106826782,-11.009793758392334,0.21428571428571427
11454,0,0,21872,-15.137684106826782,-11.009793758392334,0.21428571428571427
11455,0,0,21871,-15.137684106826782,-11.009793758392334,0.21428571428571427
11456,0,0,21870,-15.137684106826782,-11.009793758392334,0.21428571428571427
11457,0,0,21869,-15.137684106826782,-11.009793758392334,0.21428571428571427
11458,0,0,21868,-15.137684106826782,-11.009793758392334,0.21428571428571427
11459,0,0,21867,-15.137684106826782,-11.009793758392334,0.21428571428571427
11460,0,0,21866,-15.137684106826782,-11.009793758392334,0.21428571428571427
11461,0,0,21864,-15.137684106826782,-11.009793758392334,0.21428571428571427
11462,0,0,21854,-15.137684106826782,-11.009793758392334,0.21428571428571427
11463,0,0,21863,-15.137684106826782,-11.009793758392334,0.21428571428571427
11464,0,0,21862,-15.137684106826782,-11.009793758392334,0.21428571428571427
11465,0,0,21861,-15.137684106826782,-11.009793758392334,0.21428571428571427
11466,0,0,21860,-15.137684106826782,-11.009793758392334,0.21428571428571427
11467,0,0,21859,-15.137684106826782,-11.009793758392334,0.21428571428571427
11468,0,0,21858,-15.137684106826782,-11.009793758392334,0.21428571428571427
11469,0,0,21857,-15.137684106826782,-11.009793758392334,0.21428571428571427
11470,0,0,21856,-15.137684106826782,-11.009793758392334,0.21428571428571427
11471,0,0,21855,-15.137684106826782,-11.009793758392334,0.21428571428571427
11472,0,0,21853,-15.137684106826782,-11.009793758392334,0.21428571428571427
11473,0,0,21829,-15.137684106826782,-11.009793758392334,0.21428571428571427
11474,0,0,21828,-15.137684106826782,-11.009793758392334,0.21428571428571427
11475,0,0,21827,-15.137684106826782,-11.009793758392334,0.21428571428571427
11476,0,0,21802,-15.137684106826782,-11.009793758392334,0.21428571428571427
11477,0,0,21801,-15.137684106826782,-11.009793758392334,0.21428571428571427
11478,0,0,21800,-15.137684106826782,-11.009793758392334,0.21428571428571427
11479,0,0,21799,-15.137684106826782,-11.009793758392334,0.21428571428571427
11480,0,0,21798,-15.137684106826782,-11.009793758392334,0.21428571428571427
11481,0,0,21797,-15.137684106826782,-11.009793758392334,0.21428571428571427
11482,0,0,21796,-15.137684106826782,-11.009793758392334,0.21428571428571427
11483,0,0,21795,-15.137684106826782,-11.009793758392334,0.21428571428571427
11484,0,0,21794,-15.137684106826782,-11.009793758392334,0.21428571428571427
11485,0,0,21793,-15.137684106826782,-11.009793758392334,0.21428571428571427
11486,0,0,21792,-15.137684106826782,-11.009793758392334,0.21428571428571427
11487,0,0,21791,-15.137684106826782,-11.009793758392334,0.21428571428571427
11488,0,0,21790,-15.137684106826782,-11.009793758392334,0.21428571428571427
11489,0,0,21789,-15.137684106826782,-11.009793758392334,0.21428571428571427
11490,0,0,21788,-15.137684106826782,-11.009793758392334,0.21428571428571427
11491,0,0,21787,-15.137684106826782,-11.009793758392334,0.21428571428571427
11492,0,0,21786,-15.137684106826782,-11.009793758392334,0.21428571428571427
11493,0,0,21785,-15.137684106826782,-11.009793758392334,0.21428571428571427
11494,0,0,21784,-15.137684106826782,-11.009793758392334,0.21428571428571427
11495,0,0,21783,-15.137684106826782,-11.009793758392334,0.21428571428571427
11496,0,0,21782,-15.137684106826782,-11.009793758392334,0.21428571428571427
11497,0,0,21803,-15.137684106826782,-11.009793758392334,0.21428571428571427
11498,0,0,21804,-15.137684106826782,-11.009793758392334,0.21428571428571427
11499,0,0,21805,-15.137684106826782,-11.009793758392334,0.21428571428571427
11500,0,0,21817,-15.137684106826782,-11.009793758392334,0.21428571428571427
11501,0,0,21826,-15.137684106826782,-11.009793758392334,0.21428571428571427
11502,0,0,21825,-15.137684106826782,-11.009793758392334,0.21428571428571427
11503,0,0,21824,-15.137684106826782,-11.009793758392334,0.21428571428571427
11504,0,0,21823,-15.137684106826782,-11.009793758392334,0.21428571428571427
11505,0,0,21822,-15.137684106826782,-11.009793758392334,0.21428571428571427
11506,0,0,21821,-15.137684106826782,-11.009793758392334,0.21428571428571427
11507,0,0,21820,-15.137684106826782,-11.009793758392334,0.21428571428571427
11508,0,0,21819,-15.137684106826782,-11.009793758392334,0.21428571428571427
11509,0,0,21818,-15.137684106826782,-11.009793758392334,0.21428571428571427
11510,0,0,21816,-15.137684106826782,-11.009793758392334,0.21428571428571427
11511,0,0,21806,-15.137684106826782,-11.009793758392334,0.21428571428571427
11512,0,0,21815,-15.137684106826782,-11.009793758392334,0.21428571428571427
11513,0,0,21814,-15.137684106826782,-11.009793758392334,0.21428571428571427
11514,0,0,21813,-15.137684106826782,-11.009793758392334,0.21428571428571427
11515,0,0,21812,-15.137684106826782,-11.009793758392334,0.21428571428571427
11516,0,0,21811,-15.137684106826782,-11.009793758392334,0.21428571428571427
11517,0,0,21810,-15.137684106826782,-11.009793758392334,0.21428571428571427
11518,0,0,21809,-15.137684106826782,-11.009793758392334,0.21428571428571427
11519,0,0,21808,-15.137684106826782,-11.009793758392334,0.21428571428571427
11520,0,0,21807,-15.137684106826782,-11.009793758392334,0.21428571428571427
11521,0,0,21731,-15.137684106826782,-11.009793758392334,0.21428571428571427
11522,0,0,21681,-15.137684106826782,-11.009793758392334,0.21428571428571427
11523,0,0,21536,-15.137684106826782,-11.009793758392334,0.21428571428571427
11524,0,0,21680,-15.137684106826782,-11.009793758392334,0.21428571428571427
11525,0,0,21558,-15.137684106826782,-11.009793758392334,0.21428571428571427
11526,0,0,21557,-15.137684106826782,-11.009793758392334,0.21428571428571427
11527,0,0,21556,-15.137684106826782,-11.009793758392334,0.21428571428571427
11528,0,0,21555,-15.137684106826782,-11.009793758392334,0.21428571428571427
11529,0,0,21554,-15.137684106826782,-11.009793758392334,0.21428571428571427
11530,0,0,21553,-15.137684106826782,-11.009793758392334,0.21428571428571427
11531,0,0,21552,-15.137684106826782,-11.009793758392334,0.21428571428571427
11532,0,0,21551,-15.137684106826782,-11.009793758392334,0.21428571428571427
11533,0,0,21550,-15.137684106826782,-11.009793758392334,0.21428571428571427
11534,0,0,21549,-15.137684106826782,-11.009793758392334,0.21428571428571427
11535,0,0,21548,-15.137684106826782,-11.009793758392334,0.21428571428571427
11536,0,0,21547,-15.137684106826782,-11.009793758392334,0.21428571428571427
11537,0,0,21546,-15.137684106826782,-11.009793758392334,0.21428571428571427
11538,0,0,21545,-15.137684106826782,-11.009793758392334,0.21428571428571427
11539,0,0,21544,-15.137684106826782,-11.009793758392334,0.21428571428571427
11540,0,0,21543,-15.137684106826782,-11.009793758392334,0.21428571428571427
11541,0,0,21542,-15.137684106826782,-11.009793758392334,0.21428571428571427
11542,0,0,21541,-15.137684106826782,-11.009793758392334,0.21428571428571427
11543,0,0,21540,-15.137684106826782,-11.009793758392334,0.21428571428571427
11544,0,0,21539,-15.137684106826782,-11.009793758392334,0.21428571428571427
11545,0,0,21538,-15.137684106826782,-11.009793758392334,0.21428571428571427
11546,0,0,21559,-15.137684106826782,-11.009793758392334,0.21428571428571427
11547,0,0,21560,-15.137684106826782,-11.009793758392334,0.21428571428571427
11548,0,0,21561,-15.137684106826782,-11.009793758392334,0.21428571428571427
11549,0,0,21573,-15.137684106826782,-11.009793758392334,0.21428571428571427
11550,0,0,21582,-15.137684106826782,-11.009793758392334,0.21428571428571427
11551,0,0,21581,-15.137684106826782,-11.009793758392334,0.21428571428571427
11552,0,0,21580,-15.137684106826782,-11.009793758392334,0.21428571428571427
11553,0,0,21579,-15.137684106826782,-11.009793758392334,0.21428571428571427
11554,0,0,21578,-15.137684106826782,-11.009793758392334,0.21428571428571427
11555,0,0,21577,-15.137684106826782,-11.009793758392334,0.21428571428571427
11556,0,0,21576,-15.137684106826782,-11.009793758392334,0.21428571428571427
11557,0,0,21575,-15.137684106826782,-11.009793758392334,0.21428571428571427
11558,0,0,21574,-15.137684106826782,-11.009793758392334,0.21428571428571427
11559,0,0,21572,-15.137684106826782,-11.009793758392334,0.21428571428571427
11560,0,0,21562,-15.137684106826782,-11.009793758392334,0.21428571428571427
11561,0,0,21571,-15.137684106826782,-11.009793758392334,0.21428571428571427
11562,0,0,21570,-15.137684106826782,-11.009793758392334,0.21428571428571427
11563,0,0,21569,-15.137684106826782,-11.009793758392334,0.21428571428571427
11564,0,0,21568,-15.137684106826782,-11.009793758392334,0.21428571428571427
11565,0,0,21567,-15.137684106826782,-11.009793758392334,0.21428571428571427
11566,0,0,21566,-15.137684106826782,-11.009793758392334,0.21428571428571427
11567,0,0,21565,-15.137684106826782,-11.009793758392334,0.21428571428571427
11568,0,0,21564,-15.137684106826782,-11.009793758392334,0.21428571428571427
11569,0,0,21563,-15.137684106826782,-11.009793758392334,0.21428571428571427
11570,0,0,21537,-15.137684106826782,-11.009793758392334,0.21428571428571427
11571,0,0,21535,-15.137684106826782,-11.009793758392334,0.21428571428571427
11572,0,0,21488,-15.137684106826782,-11.009793758392334,0.21428571428571427
11573,0,0,21534,-15.137684106826782,-11.009793758392334,0.21428571428571427
11574,0,0,21509,-15.137684106826782,-11.009793758392334,0.21428571428571427
11575,0,0,21508,-15.137684106826782,-11.009793758392334,0.21428571428571427
11576,0,0,21507,-15.137684106826782,-11.009793758392334,0.21428571428571427
11577,0,0,21506,-15.137684106826782,-11.009793758392334,0.21428571428571427
11578,0,0,21505,-15.137684106826782,-11.009793758392334,0.21428571428571427
11579,0,0,21504,-15.137684106826782,-11.009793758392334,0.21428571428571427
11580,0,0,21503,-15.137684106826782,-11.009793758392334,0.21428571428571427
11581,0,0,21502,-15.137684106826782,-11.009793758392334,0.21428571428571427
11582,0,0,21501,-15.137684106826782,-11.009793758392334,0.21428571428571427
11583,0,0,21500,-15.137684106826782,-11.009793758392334,0.21428571428571427
11584,0,0,21499,-15.137684106826782,-11.009793758392334,0.21428571428571427
11585,0,0,21498,-15.137684106826782,-11.009793758392334,0.21428571428571427
11586,0,0,21497,-15.137684106826782,-11.009793758392334,0.21428571428571427
11587,0,0,21496,-15.137684106826782,-11.009793758392334,0.21428571428571427
11588,0,0,21495,-15.137684106826782,-11.009793758392334,0.21428571428571427
11589,0,0,21494,-15.137684106826782,-11.009793758392334,0.21428571428571427
11590,0,0,21493,-15.137684106826782,-11.009793758392334,0.21428571428571427
11591,0,0,21492,-15.137684106826782,-11.009793758392334,0.21428571428571427
11592,0,0,21491,-15.137684106826782,-11.009793758392334,0.21428571428571427
11593,0,0,21490,-15.137684106826782,-11.009793758392334,0.21428571428571427
11594,0,0,21489,-15.137684106826782,-11.009793758392334,0.21428571428571427
11595,0,0,21510,-15.137684106826782,-11.009793758392334,0.21428571428571427
11596,0,0,21511,-15.137684106826782,-11.009793758392334,0.21428571428571427
11597,0,0,21512,-15.137684106826782,-11.009793758392334,0.21428571428571427
11598,0,0,21524,-15.137684106826782,-11.009793758392334,0.21428571428571427
11599,0,0,21533,-15.137684106826782,-11.009793758392334,0.21428571428571427
11600,0,0,21532,-15.137684106826782,-11.009793758392334,0.21428571428571427
11601,0,0,21531,-15.137684106826782,-11.009793758392334,0.21428571428571427
11602,0,0,21530,-15.137684106826782,-11.009793758392334,0.21428571428571427
11603,0,0,21529,-15.137684106826782,-11.009793758392334,0.21428571428571427
11604,0,0,21528,-15.137684106826782,-11.009793758392334,0.21428571428571427
11605,0,0,21527,-15.137684106826782,-11.009793758392334,0.21428571428571427
11606,0,0,21526,-15.137684106826782,-11.009793758392334,0.21428571428571427
11607,0,0,21525,-15.137684106826782,-11.009793758392334,0.21428571428571427
11608,0,0,21523,-15.137684106826782,-11.009793758392334,0.21428571428571427
11609,0,0,21513,-15.137684106826782,-11.009793758392334,0.21428571428571427
11610,0,0,21522,-15.137684106826782,-11.009793758392334,0.21428571428571427
11611,0,0,21521,-15.137684106826782,-11.009793758392334,0.21428571428571427
11612,0,0,21520,-15.137684106826782,-11.009793758392334,0.21428571428571427
11613,0,0,21519,-15.137684106826782,-11.009793758392334,0.21428571428571427
11614,0,0,21518,-15.137684106826782,-11.009793758392334,0.21428571428571427
11615,0,0,21517,-15.137684106826782,-11.009793758392334,0.21428571428571427
11616,0,0,21516,-15.137684106826782,-11.009793758392334,0.21428571428571427
11617,0,0,21515,-15.137684106826782,-11.009793758392334,0.21428571428571427
11618,0,0,21514,-15.137684106826782,-11.009793758392334,0.21428571428571427
11619,0,0,21583,-15.137684106826782,-11.009793758392334,0.21428571428571427
11620,0,0,21584,-15.137684106826782,-11.009793758392334,0.21428571428571427
11621,0,0,21585,-15.137684106826782,-11.009793758392334,0.21428571428571427
11622,0,0,21586,-15.137684106826782,-11.009793758392334,0.21428571428571427
11623,0,0,21655,-15.137684106826782,-11.009793758392334,0.21428571428571427
11624,0,0,21654,-15.137684106826782,-11.009793758392334,0.21428571428571427
11625,0,0,21653,-15.137684106826782,-11.009793758392334,0.21428571428571427
11626,0,0,21652,-15.137684106826782,-11.009793758392334,0.21428571428571427
11627,0,0,21651,-15.137684106826782,-11.009793758392334,0.21428571428571427
11628,0,0,21650,-15.137684106826782,-11.009793758392334,0.21428571428571427
11629,0,0,21649,-15.137684106826782,-11.009793758392334,0.21428571428571427
11630,0,0,21648,-15.137684106826782,-11.009793758392334,0.21428571428571427
11631,0,0,21647,-15.137684106826782,-11.009793758392334,0.21428571428571427
11632,0,0,21645,-15.137684106826782,-11.009793758392334,0.21428571428571427
11633,0,0,21635,-15.137684106826782,-11.009793758392334,0.21428571428571427
11634,0,0,21644,-15.137684106826782,-11.009793758392334,0.21428571428571427
11635,0,0,21643,-15.137684106826782,-11.009793758392334,0.21428571428571427
11636,0,0,21642,-15.137684106826782,-11.009793758392334,0.21428571428571427
11637,0,0,21641,-15.137684106826782,-11.009793758392334,0.21428571428571427
11638,0,0,21640,-15.137684106826782,-11.009793758392334,0.21428571428571427
11639,0,0,21639,-15.137684106826782,-11.009793758392334,0.21428571428571427
11640,0,0,21638,-15.137684106826782,-11.009793758392334,0.21428571428571427
11641,0,0,21637,-15.137684106826782,-11.009793758392334,0.21428571428571427
11642,0,0,21636,-15.137684106826782,-11.009793758392334,0.21428571428571427
11643,0,0,21656,-15.137684106826782,-11.009793758392334,0.21428571428571427
11644,0,0,21646,-15.137684106826782,-11.009793758392334,0.21428571428571427
11645,0,0,21657,-15.137684106826782,-11.009793758392334,0.21428571428571427
11646,0,0,21670,-15.137684106826782,-11.009793758392334,0.21428571428571427
11647,0,0,21679,-15.137684106826782,-11.009793758392334,0.21428571428571427
11648,0,0,21678,-15.137684106826782,-11.009793758392334,0.21428571428571427
11649,0,0,21677,-15.137684106826782,-11.009793758392334,0.21428571428571427
11650,0,0,21676,-15.137684106826782,-11.009793758392334,0.21428571428571427
11651,0,0,21675,-15.137684106826782,-11.009793758392334,0.21428571428571427
11652,0,0,21674,-15.137684106826782,-11.009793758392334,0.21428571428571427
11653,0,0,21673,-15.137684106826782,-11.009793758392334,0.21428571428571427
11654,0,0,21672,-15.137684106826782,-11.009793758392334,0.21428571428571427
11655,0,0,21671,-15.137684106826782,-11.009793758392334,0.21428571428571427
11656,0,0,21669,-15.137684106826782,-11.009793758392334,0.21428571428571427
11657,0,0,21659,-15.137684106826782,-11.009793758392334,0.21428571428571427
11658,0,0,21668,-15.137684106826782,-11.009793758392334,0.21428571428571427
11659,0,0,21667,-15.137684106826782,-11.009793758392334,0.21428571428571427
11660,0,0,21666,-15.137684106826782,-11.009793758392334,0.21428571428571427
11661,0,0,21665,-15.137684106826782,-11.009793758392334,0.21428571428571427
11662,0,0,21664,-15.137684106826782,-11.009793758392334,0.21428571428571427
11663,0,0,21663,-15.137684106826782,-11.009793758392334,0.21428571428571427
11664,0,0,21662,-15.137684106826782,-11.009793758392334,0.21428571428571427
11665,0,0,21661,-15.137684106826782,-11.009793758392334,0.21428571428571427
11666,0,0,21660,-15.137684106826782,-11.009793758392334,0.21428571428571427
11667,0,0,21658,-15.137684106826782,-11.009793758392334,0.21428571428571427
11668,0,0,21634,-15.137684106826782,-11.009793758392334,0.21428571428571427
11669,0,0,21633,-15.137684106826782,-11.009793758392334,0.21428571428571427
11670,0,0,21632,-15.137684106826782,-11.009793758392334,0.21428571428571427
11671,0,0,21607,-15.137684106826782,-11.009793758392334,0.21428571428571427
11672,0,0,21606,-15.137684106826782,-11.009793758392334,0.21428571428571427
11673,0,0,21605,-15.137684106826782,-11.009793758392334,0.21428571428571427
11674,0,0,21604,-15.137684106826782,-11.009793758392334,0.21428571428571427
11675,0,0,21603,-15.137684106826782,-11.009793758392334,0.21428571428571427
11676,0,0,21602,-15.137684106826782,-11.009793758392334,0.21428571428571427
11677,0,0,21601,-15.137684106826782,-11.009793758392334,0.21428571428571427
11678,0,0,21600,-15.137684106826782,-11.009793758392334,0.21428571428571427
11679,0,0,21599,-15.137684106826782,-11.009793758392334,0.21428571428571427
11680,0,0,21598,-15.137684106826782,-11.009793758392334,0.21428571428571427
11681,0,0,21597,-15.137684106826782,-11.009793758392334,0.21428571428571427
11682,0,0,21596,-15.137684106826782,-11.009793758392334,0.21428571428571427
11683,0,0,21595,-15.137684106826782,-11.009793758392334,0.21428571428571427
11684,0,0,21594,-15.137684106826782,-11.009793758392334,0.21428571428571427
11685,0,0,21593,-15.137684106826782,-11.009793758392334,0.21428571428571427
11686,0,0,21592,-15.137684106826782,-11.009793758392334,0.21428571428571427
11687,0,0,21591,-15.137684106826782,-11.009793758392334,0.21428571428571427
11688,0,0,21590,-15.137684106826782,-11.009793758392334,0.21428571428571427
11689,0,0,21589,-15.137684106826782,-11.009793758392334,0.21428571428571427
11690,0,0,21588,-15.137684106826782,-11.009793758392334,0.21428571428571427
11691,0,0,21587,-15.137684106826782,-11.009793758392334,0.21428571428571427
11692,0,0,21608,-15.137684106826782,-11.009793758392334,0.21428571428571427
11693,0,0,21609,-15.137684106826782,-11.009793758392334,0.21428571428571427
11694,0,0,21610,-15.137684106826782,-11.009793758392334,0.21428571428571427
11695,0,0,21622,-15.137684106826782,-11.009793758392334,0.21428571428571427
11696,0,0,21631,-15.137684106826782,-11.009793758392334,0.21428571428571427
11697,0,0,21630,-15.137684106826782,-11.009793758392334,0.21428571428571427
11698,0,0,21629,-15.137684106826782,-11.009793758392334,0.21428571428571427
11699,0,0,21628,-15.137684106826782,-11.009793758392334,0.21428571428571427
11700,0,0,21627,-15.137684106826782,-11.009793758392334,0.21428571428571427
11701,0,0,21626,-15.137684106826782,-11.009793758392334,0.21428571428571427
11702,0,0,21625,-15.137684106826782,-11.009793758392334,0.21428571428571427
11703,0,0,21624,-15.137684106826782,-11.009793758392334,0.21428571428571427
11704,0,0,21623,-15.137684106826782,-11.009793758392334,0.21428571428571427
11705,0,0,21621,-15.137684106826782,-11.009793758392334,0.21428571428571427
11706,0,0,21611,-15.137684106826782,-11.009793758392334,0.21428571428571427
11707,0,0,21620,-15.137684106826782,-11.009793758392334,0.21428571428571427
11708,0,0,21619,-15.137684106826782,-11.009793758392334,0.21428571428571427
11709,0,0,21618,-15.137684106826782,-11.009793758392334,0.21428571428571427
11710,0,0,21617,-15.137684106826782,-11.009793758392334,0.21428571428571427
11711,0,0,21616,-15.137684106826782,-11.009793758392334,0.21428571428571427
11712,0,0,21615,-15.137684106826782,-11.009793758392334,0.21428571428571427
11713,0,0,21614,-15.137684106826782,-11.009793758392334,0.21428571428571427
11714,0,0,21613,-15.137684106826782,-11.009793758392334,0.21428571428571427
11715,0,0,21612,-15.137684106826782,-11.009793758392334,0.21428571428571427
11716,0,0,21194,-15.137684106826782,-11.009793758392334,0.21428571428571427
11717,0,0,21095,-15.137684106826782,-11.009793758392334,0.21428571428571427
11718,0,0,20413,-15.137684106826782,-11.009793758392334,0.21428571428571427
11719,0,0,21094,-15.137684106826782,-11.009793758392334,0.21428571428571427
11720,0,0,20582,-15.137684106826782,-11.009793758392334,0.21428571428571427
11721,0,0,20581,-15.137684106826782,-11.009793758392334,0.21428571428571427
11722,0,0,20580,-15.137684106826782,-11.009793758392334,0.21428571428571427
11723,0,0,20579,-15.137684106826782,-11.009793758392334,0.21428571428571427
11724,0,0,20578,-15.137684106826782,-11.009793758392334,0.21428571428571427
11725,0,0,20577,-15.137684106826782,-11.009793758392334,0.21428571428571427
11726,0,0,20576,-15.137684106826782,-11.009793758392334,0.21428571428571427
11727,0,0,20575,-15.137684106826782,-11.009793758392334,0.21428571428571427
11728,0,0,20574,-15.137684106826782,-11.009793758392334,0.21428571428571427
11729,0,0,20573,-15.137684106826782,-11.009793758392334,0.21428571428571427
11730,0,0,20572,-15.137684106826782,-11.009793758392334,0.21428571428571427
11731,0,0,20571,-15.137684106826782,-11.009793758392334,0.21428571428571427
11732,0,0,20570,-15.137684106826782,-11.009793758392334,0.21428571428571427
11733,0,0,20569,-15.137684106826782,-11.009793758392334,0.21428571428571427
11734,0,0,20568,-15.137684106826782,-11.009793758392334,0.21428571428571427
11735,0,0,20567,-15.137684106826782,-11.009793758392334,0.21428571428571427
11736,0,0,20566,-15.137684106826782,-11.009793758392334,0.21428571428571427
11737,0,0,20565,-15.137684106826782,-11.009793758392334,0.21428571428571427
11738,0,0,20564,-15.137684106826782,-11.009793758392334,0.21428571428571427
11739,0,0,20563,-15.137684106826782,-11.009793758392334,0.21428571428571427
11740,0,0,20562,-15.137684106826782,-11.009793758392334,0.21428571428571427
11741,0,0,20583,-15.137684106826782,-11.009793758392334,0.21428571428571427
11742,0,0,20584,-15.137684106826782,-11.009793758392334,0.21428571428571427
11743,0,0,20585,-15.137684106826782,-11.009793758392334,0.21428571428571427
11744,0,0,20597,-15.137684106826782,-11.009793758392334,0.21428571428571427
11745,0,0,20606,-15.137684106826782,-11.009793758392334,0.21428571428571427
11746,0,0,20605,-15.137684106826782,-11.009793758392334,0.21428571428571427
11747,0,0,20604,-15.137684106826782,-11.009793758392334,0.21428571428571427
11748,0,0,20603,-15.137684106826782,-11.009793758392334,0.21428571428571427
11749,0,0,20602,-15.137684106826782,-11.009793758392334,0.21428571428571427
11750,0,0,20601,-15.137684106826782,-11.009793758392334,0.21428571428571427
11751,0,0,20600,-15.137684106826782,-11.009793758392334,0.21428571428571427
11752,0,0,20599,-15.137684106826782,-11.009793758392334,0.21428571428571427
11753,0,0,20598,-15.137684106826782,-11.009793758392334,0.21428571428571427
11754,0,0,20596,-15.137684106826782,-11.009793758392334,0.21428571428571427
11755,0,0,20586,-15.137684106826782,-11.009793758392334,0.21428571428571427
11756,0,0,20595,-15.137684106826782,-11.009793758392334,0.21428571428571427
11757,0,0,20594,-15.137684106826782,-11.009793758392334,0.21428571428571427
11758,0,0,20593,-15.137684106826782,-11.009793758392334,0.21428571428571427
11759,0,0,20592,-15.137684106826782,-11.009793758392334,0.21428571428571427
11760,0,0,20591,-15.137684106826782,-11.009793758392334,0.21428571428571427
11761,0,0,20590,-15.137684106826782,-11.009793758392334,0.21428571428571427
11762,0,0,20589,-15.137684106826782,-11.009793758392334,0.21428571428571427
11763,0,0,20588,-15.137684106826782,-11.009793758392334,0.21428571428571427
11764,0,0,20587,-15.137684106826782,-11.009793758392334,0.21428571428571427
11765,0,0,20561,-15.137684106826782,-11.009793758392334,0.21428571428571427
11766,0,0,20559,-15.137684106826782,-11.009793758392334,0.21428571428571427
11767,0,0,20512,-15.137684106826782,-11.009793758392334,0.21428571428571427
11768,0,0,20558,-15.137684106826782,-11.009793758392334,0.21428571428571427
11769,0,0,20533,-15.137684106826782,-11.009793758392334,0.21428571428571427
11770,0,0,20532,-15.137684106826782,-11.009793758392334,0.21428571428571427
11771,0,0,20531,-15.137684106826782,-11.009793758392334,0.21428571428571427
11772,0,0,20530,-15.137684106826782,-11.009793758392334,0.21428571428571427
11773,0,0,20529,-15.137684106826782,-11.009793758392334,0.21428571428571427
11774,0,0,20528,-15.137684106826782,-11.009793758392334,0.21428571428571427
11775,0,0,20527,-15.137684106826782,-11.009793758392334,0.21428571428571427
11776,0,0,20526,-15.137684106826782,-11.009793758392334,0.21428571428571427
11777,0,0,20525,-15.137684106826782,-11.009793758392334,0.21428571428571427
11778,0,0,20524,-15.137684106826782,-11.009793758392334,0.21428571428571427
11779,0,0,20523,-15.137684106826782,-11.009793758392334,0.21428571428571427
11780,0,0,20522,-15.137684106826782,-11.009793758392334,0.21428571428571427
11781,0,0,20521,-15.137684106826782,-11.009793758392334,0.21428571428571427
11782,0,0,20520,-15.137684106826782,-11.009793758392334,0.21428571428571427
11783,0,0,20519,-15.137684106826782,-11.009793758392334,0.21428571428571427
11784,0,0,20518,-15.137684106826782,-11.009793758392334,0.21428571428571427
11785,0,0,20517,-15.137684106826782,-11.009793758392334,0.21428571428571427
11786,0,0,20516,-15.137684106826782,-11.009793758392334,0.21428571428571427
11787,0,0,20515,-15.137684106826782,-11.009793758392334,0.21428571428571427
11788,0,0,20514,-15.137684106826782,-11.009793758392334,0.21428571428571427
11789,0,0,20513,-15.137684106826782,-11.009793758392334,0.21428571428571427
11790,0,0,20534,-15.137684106826782,-11.009793758392334,0.21428571428571427
11791,0,0,20535,-15.137684106826782,-11.009793758392334,0.21428571428571427
11792,0,0,20536,-15.137684106826782,-11.009793758392334,0.21428571428571427
11793,0,0,20548,-15.137684106826782,-11.009793758392334,0.21428571428571427
11794,0,0,20557,-15.137684106826782,-11.009793758392334,0.21428571428571427
11795,0,0,20556,-15.137684106826782,-11.009793758392334,0.21428571428571427
11796,0,0,20555,-15.137684106826782,-11.009793758392334,0.21428571428571427
11797,0,0,20554,-15.137684106826782,-11.009793758392334,0.21428571428571427
11798,0,0,20553,-15.137684106826782,-11.009793758392334,0.21428571428571427
11799,0,0,20552,-15.137684106826782,-11.009793758392334,0.21428571428571427
11800,0,0,20551,-15.137684106826782,-11.009793758392334,0.21428571428571427
11801,0,0,20550,-15.137684106826782,-11.009793758392334,0.21428571428571427
11802,0,0,20549,-15.137684106826782,-11.009793758392334,0.21428571428571427
11803,0,0,20547,-15.137684106826782,-11.009793758392334,0.21428571428571427
11804,0,0,20537,-15.137684106826782,-11.009793758392334,0.21428571428571427
11805,0,0,20546,-15.137684106826782,-11.009793758392334,0.21428571428571427
11806,0,0,20545,-15.137684106826782,-11.009793758392334,0.21428571428571427
11807,0,0,20544,-15.137684106826782,-11.009793758392334,0.21428571428571427
11808,0,0,20543,-15.137684106826782,-11.009793758392334,0.21428571428571427
11809,0,0,20542,-15.137684106826782,-11.009793758392334,0.21428571428571427
11810,0,0,20541,-15.137684106826782,-11.009793758392334,0.21428571428571427
11811,0,0,20540,-15.137684106826782,-11.009793758392334,0.21428571428571427
11812,0,0,20539,-15.137684106826782,-11.009793758392334,0.21428571428571427
11813,0,0,20538,-15.137684106826782,-11.009793758392334,0.21428571428571427
11814,0,0,20607,-15.137684106826782,-11.009793758392334,0.21428571428571427
11815,0,0,20608,-15.137684106826782,-11.009793758392334,0.21428571428571427
11816,0,0,20609,-15.137684106826782,-11.009793758392334,0.21428571428571427
11817,0,0,20610,-15.137684106826782,-11.009793758392334,0.21428571428571427
11818,0,0,20679,-15.137684106826782,-11.009793758392334,0.21428571428571427
11819,0,0,20678,-15.137684106826782,-11.009793758392334,0.21428571428571427
11820,0,0,20677,-15.137684106826782,-11.009793758392334,0.21428571428571427
11821,0,0,20676,-15.137684106826782,-11.009793758392334,0.21428571428571427
11822,0,0,20675,-15.137684106826782,-11.009793758392334,0.21428571428571427
11823,0,0,20674,-15.137684106826782,-11.009793758392334,0.21428571428571427
11824,0,0,20673,-15.137684106826782,-11.009793758392334,0.21428571428571427
11825,0,0,20672,-15.137684106826782,-11.009793758392334,0.21428571428571427
11826,0,0,20671,-15.137684106826782,-11.009793758392334,0.21428571428571427
11827,0,0,20669,-15.137684106826782,-11.009793758392334,0.21428571428571427
11828,0,0,20659,-15.137684106826782,-11.009793758392334,0.21428571428571427
11829,0,0,20668,-15.137684106826782,-11.009793758392334,0.21428571428571427
11830,0,0,20667,-15.137684106826782,-11.009793758392334,0.21428571428571427
11831,0,0,20666,-15.137684106826782,-11.009793758392334,0.21428571428571427
11832,0,0,20665,-15.137684106826782,-11.009793758392334,0.21428571428571427
11833,0,0,20664,-15.137684106826782,-11.009793758392334,0.21428571428571427
11834,0,0,20663,-15.137684106826782,-11.009793758392334,0.21428571428571427
11835,0,0,20662,-15.137684106826782,-11.009793758392334,0.21428571428571427
11836,0,0,20661,-15.137684106826782,-11.009793758392334,0.21428571428571427
11837,0,0,20660,-15.137684106826782,-11.009793758392334,0.21428571428571427
11838,0,0,20680,-15.137684106826782,-11.009793758392334,0.21428571428571427
11839,0,0,20670,-15.137684106826782,-11.009793758392334,0.21428571428571427
11840,0,0,20681,-15.137684106826782,-11.009793758392334,0.21428571428571427
11841,0,0,20694,-15.137684106826782,-11.009793758392334,0.21428571428571427
11842,0,0,20703,-15.137684106826782,-11.009793758392334,0.21428571428571427
11843,0,0,20702,-15.137684106826782,-11.009793758392334,0.21428571428571427
11844,0,0,20701,-15.137684106826782,-11.009793758392334,0.21428571428571427
11845,0,0,20700,-15.137684106826782,-11.009793758392334,0.21428571428571427
11846,0,0,20699,-15.137684106826782,-11.009793758392334,0.21428571428571427
11847,0,0,20698,-15.137684106826782,-11.009793758392334,0.21428571428571427
11848,0,0,20697,-15.137684106826782,-11.009793758392334,0.21428571428571427
11849,0,0,20696,-15.137684106826782,-11.009793758392334,0.21428571428571427
11850,0,0,20695,-15.137684106826782,-11.009793758392334,0.21428571428571427
11851,0,0,20693,-15.137684106826782,-11.009793758392334,0.21428571428571427
11852,0,0,20683,-15.137684106826782,-11.009793758392334,0.21428571428571427
11853,0,0,20692,-15.137684106826782,-11.009793758392334,0.21428571428571427
11854,0,0,20691,-15.137684106826782,-11.009793758392334,0.21428571428571427
11855,0,0,20690,-15.137684106826782,-11.009793758392334,0.21428571428571427
11856,0,0,20689,-15.137684106826782,-11.009793758392334,0.21428571428571427
11857,0,0,20688,-15.137684106826782,-11.009793758392334,0.21428571428571427
11858,0,0,20687,-15.137684106826782,-11.009793758392334,0.21428571428571427
11859,0,0,20686,-15.137684106826782,-11.009793758392334,0.21428571428571427
11860,0,0,20685,-15.137684106826782,-11.009793758392334,0.21428571428571427
11861,0,0,20684,-15.137684106826782,-11.009793758392334,0.21428571428571427
11862,0,0,20682,-15.137684106826782,-11.009793758392334,0.21428571428571427
11863,0,0,20658,-15.137684106826782,-11.009793758392334,0.21428571428571427
11864,0,0,20657,-15.137684106826782,-11.009793758392334,0.21428571428571427
11865,0,0,20656,-15.137684106826782,-11.009793758392334,0.21428571428571427
11866,0,0,20631,-15.137684106826782,-11.009793758392334,0.21428571428571427
11867,0,0,20630,-15.137684106826782,-11.009793758392334,0.21428571428571427
11868,0,0,20629,-15.137684106826782,-11.009793758392334,0.21428571428571427
11869,0,0,20628,-15.137684106826782,-11.009793758392334,0.21428571428571427
11870,0,0,20627,-15.137684106826782,-11.009793758392334,0.21428571428571427
11871,0,0,20626,-15.137684106826782,-11.009793758392334,0.21428571428571427
11872,0,0,20625,-15.137684106826782,-11.009793758392334,0.21428571428571427
11873,0,0,20624,-15.137684106826782,-11.009793758392334,0.21428571428571427
11874,0,0,20623,-15.137684106826782,-11.009793758392334,0.21428571428571427
11875,0,0,20622,-15.137684106826782,-11.009793758392334,0.21428571428571427
11876,0,0,20621,-15.137684106826782,-11.009793758392334,0.21428571428571427
11877,0,0,20620,-15.137684106826782,-11.009793758392334,0.21428571428571427
11878,0,0,20619,-15.137684106826782,-11.009793758392334,0.21428571428571427
11879,0,0,20618,-15.137684106826782,-11.009793758392334,0.21428571428571427
11880,0,0,20617,-15.137684106826782,-11.009793758392334,0.21428571428571427
11881,0,0,20616,-15.137684106826782,-11.009793758392334,0.21428571428571427
11882,0,0,20615,-15.137684106826782,-11.009793758392334,0.21428571428571427
11883,0,0,20614,-15.137684106826782,-11.009793758392334,0.21428571428571427
11884,0,0,20613,-15.137684106826782,-11.009793758392334,0.21428571428571427
11885,0,0,20612,-15.137684106826782,-11.009793758392334,0.21428571428571427
11886,0,0,20611,-15.137684106826782,-11.009793758392334,0.21428571428571427
11887,0,0,20632,-15.137684106826782,-11.009793758392334,0.21428571428571427
11888,0,0,20633,-15.137684106826782,-11.009793758392334,0.21428571428571427
11889,0,0,20634,-15.137684106826782,-11.009793758392334,0.21428571428571427
11890,0,0,20646,-15.137684106826782,-11.009793758392334,0.21428571428571427
11891,0,0,20655,-15.137684106826782,-11.009793758392334,0.21428571428571427
11892,0,0,20654,-15.137684106826782,-11.009793758392334,0.21428571428571427
11893,0,0,20653,-15.137684106826782,-11.009793758392334,0.21428571428571427
11894,0,0,20652,-15.137684106826782,-11.009793758392334,0.21428571428571427
11895,0,0,20651,-15.137684106826782,-11.009793758392334,0.21428571428571427
11896,0,0,20650,-15.137684106826782,-11.009793758392334,0.21428571428571427
11897,0,0,20649,-15.137684106826782,-11.009793758392334,0.21428571428571427
11898,0,0,20648,-15.137684106826782,-11.009793758392334,0.21428571428571427
11899,0,0,20647,-15.137684106826782,-11.009793758392334,0.21428571428571427
11900,0,0,20645,-15.137684106826782,-11.009793758392334,0.21428571428571427
11901,0,0,20635,-15.137684106826782,-11.009793758392334,0.21428571428571427
11902,0,0,20644,-15.137684106826782,-11.009793758392334,0.21428571428571427
11903,0,0,20643,-15.137684106826782,-11.009793758392334,0.21428571428571427
11904,0,0,20642,-15.137684106826782,-11.009793758392334,0.21428571428571427
11905,0,0,20641,-15.137684106826782,-11.009793758392334,0.21428571428571427
11906,0,0,20640,-15.137684106826782,-11.009793758392334,0.21428571428571427
11907,0,0,20639,-15.137684106826782,-11.009793758392334,0.21428571428571427
11908,0,0,20638,-15.137684106826782,-11.009793758392334,0.21428571428571427
11909,0,0,20637,-15.137684106826782,-11.009793758392334,0.21428571428571427
11910,0,0,20636,-15.137684106826782,-11.009793758392334,0.21428571428571427
11911,0,0,20560,-15.137684106826782,-11.009793758392334,0.21428571428571427
11912,0,0,20511,-15.137684106826782,-11.009793758392334,0.21428571428571427
11913,0,0,20510,-15.137684106826782,-11.009793758392334,0.21428571428571427
11914,0,0,20509,-15.137684106826782,-11.009793758392334,0.21428571428571427
11915,0,0,20386,-15.137684106826782,-11.009793758392334,0.21428571428571427
11916,0,0,20385,-15.137684106826782,-11.009793758392334,0.21428571428571427
11917,0,0,20384,-15.137684106826782,-11.009793758392334,0.21428571428571427
11918,0,0,20383,-15.137684106826782,-11.009793758392334,0.21428571428571427
11919,0,0,20382,-15.137684106826782,-11.009793758392334,0.21428571428571427
11920,0,0,20381,-15.137684106826782,-11.009793758392334,0.21428571428571427
11921,0,0,20380,-15.137684106826782,-11.009793758392334,0.21428571428571427
11922,0,0,20379,-15.137684106826782,-11.009793758392334,0.21428571428571427
11923,0,0,20378,-15.137684106826782,-11.009793758392334,0.21428571428571427
11924,0,0,20377,-15.137684106826782,-11.009793758392334,0.21428571428571427
11925,0,0,20376,-15.137684106826782,-11.009793758392334,0.21428571428571427
11926,0,0,20375,-15.137684106826782,-11.009793758392334,0.21428571428571427
11927,0,0,20374,-15.137684106826782,-11.009793758392334,0.21428571428571427
11928,0,0,20373,-15.137684106826782,-11.009793758392334,0.21428571428571427
11929,0,0,20372,-15.137684106826782,-11.009793758392334,0.21428571428571427
11930,0,0,20371,-15.137684106826782,-11.009793758392334,0.21428571428571427
11931,0,0,20370,-15.137684106826782,-11.009793758392334,0.21428571428571427
11932,0,0,20369,-15.137684106826782,-11.009793758392334,0.21428571428571427
11933,0,0,20368,-15.137684106826782,-11.009793758392334,0.21428571428571427
11934,0,0,20367,-15.137684106826782,-11.009793758392334,0.21428571428571427
11935,0,0,20366,-15.137684106826782,-11.009793758392334,0.21428571428571427
11936,0,0,20387,-15.137684106826782,-11.009793758392334,0.21428571428571427
11937,0,0,20388,-15.137684106826782,-11.009793758392334,0.21428571428571427
11938,0,0,20389,-15.137684106826782,-11.009793758392334,0.21428571428571427
11939,0,0,20401,-15.137684106826782,-11.009793758392334,0.21428571428571427
11940,0,0,20410,-15.137684106826782,-11.009793758392334,0.21428571428571427
11941,0,0,20409,-15.137684106826782,-11.009793758392334,0.21428571428571427
11942,0,0,20408,-15.137684106826782,-11.009793758392334,0.21428571428571427
11943,0,0,20407,-15.137684106826782,-11.009793758392334,0.21428571428571427
11944,0,0,20406,-15.137684106826782,-11.009793758392334,0.21428571428571427
11945,0,0,20405,-15.137684106826782,-11.009793758392334,0.21428571428571427
11946,0,0,20404,-15.137684106826782,-11.009793758392334,0.21428571428571427
11947,0,0,20403,-15.137684106826782,-11.009793758392334,0.21428571428571427
11948,0,0,20402,-15.137684106826782,-11.009793758392334,0.21428571428571427
11949,0,0,20400,-15.137684106826782,-11.009793758392334,0.21428571428571427
11950,0,0,20390,-15.137684106826782,-11.009793758392334,0.21428571428571427
11951,0,0,20399,-15.137684106826782,-11.009793758392334,0.21428571428571427
11952,0,0,20398,-15.137684106826782,-11.009793758392334,0.21428571428571427
11953,0,0,20397,-15.137684106826782,-11.009793758392334,0.21428571428571427
11954,0,0,20396,-15.137684106826782,-11.009793758392334,0.21428571428571427
11955,0,0,20395,-15.137684106826782,-11.009793758392334,0.21428571428571427
11956,0,0,20394,-15.137684106826782,-11.009793758392334,0.21428571428571427
11957,0,0,20393,-15.137684106826782,-11.009793758392334,0.21428571428571427
11958,0,0,20392,-15.137684106826782,-11.009793758392334,0.21428571428571427
11959,0,0,20391,-15.137684106826782,-11.009793758392334,0.21428571428571427
11960,0,0,20365,-15.137684106826782,-11.009793758392334,0.21428571428571427
11961,0,0,20363,-15.137684106826782,-11.009793758392334,0.21428571428571427
11962,0,0,20316,-15.137684106826782,-11.009793758392334,0.21428571428571427
11963,0,0,20362,-15.137684106826782,-11.009793758392334,0.21428571428571427
11964,0,0,20337,-15.137684106826782,-11.009793758392334,0.21428571428571427
11965,0,0,20336,-15.137684106826782,-11.009793758392334,0.21428571428571427
11966,0,0,20335,-15.137684106826782,-11.009793758392334,0.21428571428571427
11967,0,0,20334,-15.137684106826782,-11.009793758392334,0.21428571428571427
11968,0,0,20333,-15.137684106826782,-11.009793758392334,0.21428571428571427
11969,0,0,20332,-15.137684106826782,-11.009793758392334,0.21428571428571427
11970,0,0,20331,-15.137684106826782,-11.009793758392334,0.21428571428571427
11971,0,0,20330,-15.137684106826782,-11.009793758392334,0.21428571428571427
11972,0,0,20329,-15.137684106826782,-11.009793758392334,0.21428571428571427
11973,0,0,20328,-15.137684106826782,-11.009793758392334,0.21428571428571427
11974,0,0,20327,-15.137684106826782,-11.009793758392334,0.21428571428571427
11975,0,0,20326,-15.137684106826782,-11.009793758392334,0.21428571428571427
11976,0,0,20325,-15.137684106826782,-11.009793758392334,0.21428571428571427
11977,0,0,20324,-15.137684106826782,-11.009793758392334,0.21428571428571427
11978,0,0,20323,-15.137684106826782,-11.009793758392334,0.21428571428571427
11979,0,0,20322,-15.137684106826782,-11.009793758392334,0.21428571428571427
11980,0,0,20321,-15.137684106826782,-11.009793758392334,0.21428571428571427
11981,0,0,20320,-15.137684106826782,-11.009793758392334,0.21428571428571427
11982,0,0,20319,-15.137684106826782,-11.009793758392334,0.21428571428571427
11983,0,0,20318,-15.137684106826782,-11.009793758392334,0.21428571428571427
11984,0,0,20317,-15.137684106826782,-11.009793758392334,0.21428571428571427
11985,0,0,20338,-15.137684106826782,-11.009793758392334,0.21428571428571427
11986,0,0,20339,-15.137684106826782,-11.009793758392334,0.21428571428571427
11987,0,0,20340,-15.137684106826782,-11.009793758392334,0.21428571428571427
11988,0,0,20352,-15.137684106826782,-11.009793758392334,0.21428571428571427
11989,0,0,20361,-15.137684106826782,-11.009793758392334,0.21428571428571427
11990,0,0,20360,-15.137684106826782,-11.009793758392334,0.21428571428571427
11991,0,0,20359,-15.137684106826782,-11.009793758392334,0.21428571428571427
11992,0,0,20358,-15.137684106826782,-11.009793758392334,0.21428571428571427
11993,0,0,20357,-15.137684106826782,-11.009793758392334,0.21428571428571427
11994,0,0,20356,-15.137684106826782,-11.009793758392334,0.21428571428571427
11995,0,0,20355,-15.137684106826782,-11.009793758392334,0.21428571428571427
11996,0,0,20354,-15.137684106826782,-11.009793758392334,0.21428571428571427
11997,0,0,20353,-15.137684106826782,-11.009793758392334,0.21428571428571427
11998,0,0,20351,-15.137684106826782,-11.009793758392334,0.21428571428571427
11999,0,0,20341,-15.137684106826782,-11.009793758392334,0.21428571428571427
12000,0,0,20350,-15.137684106826782,-11.009793758392334,0.21428571428571427
12001,0,0,20349,-15.137684106826782,-11.009793758392334,0.21428571428571427
12002,0,0,20348,-15.137684106826782,-11.009793758392334,0.21428571428571427
12003,0,0,20347,-15.137684106826782,-11.009793758392334,0.21428571428571427
12004,0,0,20346,-15.137684106826782,-11.009793758392334,0.21428571428571427
12005,0,0,20345,-15.137684106826782,-11.009793758392334,0.21428571428571427
12006,0,0,20344,-15.137684106826782,-11.009793758392334,0.21428571428571427
12007,0,0,20343,-15.137684106826782,-11.009793758392334,0.21428571428571427
12008,0,0,20342,-15.137684106826782,-11.009793758392334,0.21428571428571427
12009,0,0,20411,-15.137684106826782,-11.009793758392334,0.21428571428571427
12010,0,0,20364,-15.137684106826782,-11.009793758392334,0.21428571428571427
12011,0,0,20412,-15.137684106826782,-11.009793758392334,0.21428571428571427
12012,0,0,20462,-15.137684106826782,-11.009793758392334,0.21428571428571427
12013,0,0,20484,-15.137684106826782,-11.009793758392334,0.21428571428571427
12014,0,0,20483,-15.137684106826782,-11.009793758392334,0.21428571428571427
12015,0,0,20482,-15.137684106826782,-11.009793758392334,0.21428571428571427
12016,0,0,20481,-15.137684106826782,-11.009793758392334,0.21428571428571427
12017,0,0,20480,-15.137684106826782,-11.009793758392334,0.21428571428571427
12018,0,0,20479,-15.137684106826782,-11.009793758392334,0.21428571428571427
12019,0,0,20478,-15.137684106826782,-11.009793758392334,0.21428571428571427
12020,0,0,20477,-15.137684106826782,-11.009793758392334,0.21428571428571427
12021,0,0,20476,-15.137684106826782,-11.009793758392334,0.21428571428571427
12022,0,0,20475,-15.137684106826782,-11.009793758392334,0.21428571428571427
12023,0,0,20474,-15.137684106826782,-11.009793758392334,0.21428571428571427
12024,0,0,20473,-15.137684106826782,-11.009793758392334,0.21428571428571427
12025,0,0,20472,-15.137684106826782,-11.009793758392334,0.21428571428571427
12026,0,0,20471,-15.137684106826782,-11.009793758392334,0.21428571428571427
12027,0,0,20470,-15.137684106826782,-11.009793758392334,0.21428571428571427
12028,0,0,20469,-15.137684106826782,-11.009793758392334,0.21428571428571427
12029,0,0,20468,-15.137684106826782,-11.009793758392334,0.21428571428571427
12030,0,0,20467,-15.137684106826782,-11.009793758392334,0.21428571428571427
12031,0,0,20466,-15.137684106826782,-11.009793758392334,0.21428571428571427
12032,0,0,20465,-15.137684106826782,-11.009793758392334,0.21428571428571427
12033,0,0,20464,-15.137684106826782,-11.009793758392334,0.21428571428571427
12034,0,0,20485,-15.137684106826782,-11.009793758392334,0.21428571428571427
12035,0,0,20486,-15.137684106826782,-11.009793758392334,0.21428571428571427
12036,0,0,20487,-15.137684106826782,-11.009793758392334,0.21428571428571427
12037,0,0,20499,-15.137684106826782,-11.009793758392334,0.21428571428571427
12038,0,0,20508,-15.137684106826782,-11.009793758392334,0.21428571428571427
12039,0,0,20507,-15.137684106826782,-11.009793758392334,0.21428571428571427
12040,0,0,20506,-15.137684106826782,-11.009793758392334,0.21428571428571427
12041,0,0,20505,-15.137684106826782,-11.009793758392334,0.21428571428571427
12042,0,0,20504,-15.137684106826782,-11.009793758392334,0.21428571428571427
12043,0,0,20503,-15.137684106826782,-11.009793758392334,0.21428571428571427
12044,0,0,20502,-15.137684106826782,-11.009793758392334,0.21428571428571427
12045,0,0,20501,-15.137684106826782,-11.009793758392334,0.21428571428571427
12046,0,0,20500,-15.137684106826782,-11.009793758392334,0.21428571428571427
12047,0,0,20498,-15.137684106826782,-11.009793758392334,0.21428571428571427
12048,0,0,20488,-15.137684106826782,-11.009793758392334,0.21428571428571427
12049,0,0,20497,-15.137684106826782,-11.009793758392334,0.21428571428571427
12050,0,0,20496,-15.137684106826782,-11.009793758392334,0.21428571428571427
12051,0,0,20495,-15.137684106826782,-11.009793758392334,0.21428571428571427
12052,0,0,20494,-15.137684106826782,-11.009793758392334,0.21428571428571427
12053,0,0,20493,-15.137684106826782,-11.009793758392334,0.21428571428571427
12054,0,0,20492,-15.137684106826782,-11.009793758392334,0.21428571428571427
12055,0,0,20491,-15.137684106826782,-11.009793758392334,0.21428571428571427
12056,0,0,20490,-15.137684106826782,-11.009793758392334,0.21428571428571427
12057,0,0,20489,-15.137684106826782,-11.009793758392334,0.21428571428571427
12058,0,0,20463,-15.137684106826782,-11.009793758392334,0.21428571428571427
12059,0,0,20461,-15.137684106826782,-11.009793758392334,0.21428571428571427
12060,0,0,20414,-15.137684106826782,-11.009793758392334,0.21428571428571427
12061,0,0,20460,-15.137684106826782,-11.009793758392334,0.21428571428571427
12062,0,0,20435,-15.137684106826782,-11.009793758392334,0.21428571428571427
12063,0,0,20434,-15.137684106826782,-11.009793758392334,0.21428571428571427
12064,0,0,20433,-15.137684106826782,-11.009793758392334,0.21428571428571427
12065,0,0,20432,-15.137684106826782,-11.009793758392334,0.21428571428571427
12066,0,0,20431,-15.137684106826782,-11.009793758392334,0.21428571428571427
12067,0,0,20430,-15.137684106826782,-11.009793758392334,0.21428571428571427
12068,0,0,20429,-15.137684106826782,-11.009793758392334,0.21428571428571427
12069,0,0,20428,-15.137684106826782,-11.009793758392334,0.21428571428571427
12070,0,0,20427,-15.137684106826782,-11.009793758392334,0.21428571428571427
12071,0,0,20426,-15.137684106826782,-11.009793758392334,0.21428571428571427
12072,0,0,20425,-15.137684106826782,-11.009793758392334,0.21428571428571427
12073,0,0,20424,-15.137684106826782,-11.009793758392334,0.21428571428571427
12074,0,0,20423,-15.137684106826782,-11.009793758392334,0.21428571428571427
12075,0,0,20422,-15.137684106826782,-11.009793758392334,0.21428571428571427
12076,0,0,20421,-15.137684106826782,-11.009793758392334,0.21428571428571427
12077,0,0,20420,-15.137684106826782,-11.009793758392334,0.21428571428571427
12078,0,0,20419,-15.137684106826782,-11.009793758392334,0.21428571428571427
12079,0,0,20418,-15.137684106826782,-11.009793758392334,0.21428571428571427
12080,0,0,20417,-15.137684106826782,-11.009793758392334,0.21428571428571427
12081,0,0,20416,-15.137684106826782,-11.009793758392334,0.21428571428571427
12082,0,0,20415,-15.137684106826782,-11.009793758392334,0.21428571428571427
12083,0,0,20436,-15.137684106826782,-11.009793758392334,0.21428571428571427
12084,0,0,20437,-15.137684106826782,-11.009793758392334,0.21428571428571427
12085,0,0,20438,-15.137684106826782,-11.009793758392334,0.21428571428571427
12086,0,0,20450,-15.137684106826782,-11.009793758392334,0.21428571428571427
12087,0,0,20459,-15.137684106826782,-11.009793758392334,0.21428571428571427
12088,0,0,20458,-15.137684106826782,-11.009793758392334,0.21428571428571427
12089,0,0,20457,-15.137684106826782,-11.009793758392334,0.21428571428571427
12090,0,0,20456,-15.137684106826782,-11.009793758392334,0.21428571428571427
12091,0,0,20455,-15.137684106826782,-11.009793758392334,0.21428571428571427
12092,0,0,20454,-15.137684106826782,-11.009793758392334,0.21428571428571427
12093,0,0,20453,-15.137684106826782,-11.009793758392334,0.21428571428571427
12094,0,0,20452,-15.137684106826782,-11.009793758392334,0.21428571428571427
12095,0,0,20451,-15.137684106826782,-11.009793758392334,0.21428571428571427
12096,0,0,20449,-15.137684106826782,-11.009793758392334,0.21428571428571427
12097,0,0,20439,-15.137684106826782,-11.009793758392334,0.21428571428571427
12098,0,0,20448,-15.137684106826782,-11.009793758392334,0.21428571428571427
12099,0,0,20447,-15.137684106826782,-11.009793758392334,0.21428571428571427
12100,0,0,20446,-15.137684106826782,-11.009793758392334,0.21428571428571427
12101,0,0,20445,-15.137684106826782,-11.009793758392334,0.21428571428571427
12102,0,0,20444,-15.137684106826782,-11.009793758392334,0.21428571428571427
12103,0,0,20443,-15.137684106826782,-11.009793758392334,0.21428571428571427
12104,0,0,20442,-15.137684106826782,-11.009793758392334,0.21428571428571427
12105,0,0,20441,-15.137684106826782,-11.009793758392334,0.21428571428571427
12106,0,0,20440,-15.137684106826782,-11.009793758392334,0.21428571428571427
12107,0,0,20704,-15.137684106826782,-11.009793758392334,0.21428571428571427
12108,0,0,20705,-15.137684106826782,-11.009793758392334,0.21428571428571427
12109,0,0,20706,-15.137684106826782,-11.009793758392334,0.21428571428571427
12110,0,0,20901,-15.137684106826782,-11.009793758392334,0.21428571428571427
12111,0,0,20972,-15.137684106826782,-11.009793758392334,0.21428571428571427
12112,0,0,20971,-15.137684106826782,-11.009793758392334,0.21428571428571427
12113,0,0,20970,-15.137684106826782,-11.009793758392334,0.21428571428571427
12114,0,0,20969,-15.137684106826782,-11.009793758392334,0.21428571428571427
12115,0,0,20968,-15.137684106826782,-11.009793758392334,0.21428571428571427
12116,0,0,20967,-15.137684106826782,-11.009793758392334,0.21428571428571427
12117,0,0,20966,-15.137684106826782,-11.009793758392334,0.21428571428571427
12118,0,0,20965,-15.137684106826782,-11.009793758392334,0.21428571428571427
12119,0,0,20964,-15.137684106826782,-11.009793758392334,0.21428571428571427
12120,0,0,20963,-15.137684106826782,-11.009793758392334,0.21428571428571427
12121,0,0,20962,-15.137684106826782,-11.009793758392334,0.21428571428571427
12122,0,0,20961,-15.137684106826782,-11.009793758392334,0.21428571428571427
12123,0,0,20960,-15.137684106826782,-11.009793758392334,0.21428571428571427
12124,0,0,20959,-15.137684106826782,-11.009793758392334,0.21428571428571427
12125,0,0,20958,-15.137684106826782,-11.009793758392334,0.21428571428571427
12126,0,0,20957,-15.137684106826782,-11.009793758392334,0.21428571428571427
12127,0,0,20956,-15.137684106826782,-11.009793758392334,0.21428571428571427
12128,0,0,20955,-15.137684106826782,-11.009793758392334,0.21428571428571427
12129,0,0,20954,-15.137684106826782,-11.009793758392334,0.21428571428571427
12130,0,0,20953,-15.137684106826782,-11.009793758392334,0.21428571428571427
12131,0,0,20952,-15.137684106826782,-11.009793758392334,0.21428571428571427
12132,0,0,20973,-15.137684106826782,-11.009793758392334,0.21428571428571427
12133,0,0,20974,-15.137684106826782,-11.009793758392334,0.21428571428571427
12134,0,0,20975,-15.137684106826782,-11.009793758392334,0.21428571428571427
12135,0,0,20987,-15.137684106826782,-11.009793758392334,0.21428571428571427
12136,0,0,20996,-15.137684106826782,-11.009793758392334,0.21428571428571427
12137,0,0,20995,-15.137684106826782,-11.009793758392334,0.21428571428571427
12138,0,0,20994,-15.137684106826782,-11.009793758392334,0.21428571428571427
12139,0,0,20993,-15.137684106826782,-11.009793758392334,0.21428571428571427
12140,0,0,20992,-15.137684106826782,-11.009793758392334,0.21428571428571427
12141,0,0,20991,-15.137684106826782,-11.009793758392334,0.21428571428571427
12142,0,0,20990,-15.137684106826782,-11.009793758392334,0.21428571428571427
12143,0,0,20989,-15.137684106826782,-11.009793758392334,0.21428571428571427
12144,0,0,20988,-15.137684106826782,-11.009793758392334,0.21428571428571427
12145,0,0,20986,-15.137684106826782,-11.009793758392334,0.21428571428571427
12146,0,0,20976,-15.137684106826782,-11.009793758392334,0.21428571428571427
12147,0,0,20985,-15.137684106826782,-11.009793758392334,0.21428571428571427
12148,0,0,20984,-15.137684106826782,-11.009793758392334,0.21428571428571427
12149,0,0,20983,-15.137684106826782,-11.009793758392334,0.21428571428571427
12150,0,0,20982,-15.137684106826782,-11.009793758392334,0.21428571428571427
12151,0,0,20981,-15.137684106826782,-11.009793758392334,0.21428571428571427
12152,0,0,20980,-15.137684106826782,-11.009793758392334,0.21428571428571427
12153,0,0,20979,-15.137684106826782,-11.009793758392334,0.21428571428571427
12154,0,0,20978,-15.137684106826782,-11.009793758392334,0.21428571428571427
12155,0,0,20977,-15.137684106826782,-11.009793758392334,0.21428571428571427
12156,0,0,20951,-15.137684106826782,-11.009793758392334,0.21428571428571427
12157,0,0,20949,-15.137684106826782,-11.009793758392334,0.21428571428571427
12158,0,0,20902,-15.137684106826782,-11.009793758392334,0.21428571428571427
12159,0,0,20948,-15.137684106826782,-11.009793758392334,0.21428571428571427
12160,0,0,20923,-15.137684106826782,-11.009793758392334,0.21428571428571427
12161,0,0,20922,-15.137684106826782,-11.009793758392334,0.21428571428571427
12162,0,0,20921,-15.137684106826782,-11.009793758392334,0.21428571428571427
12163,0,0,20920,-15.137684106826782,-11.009793758392334,0.21428571428571427
12164,0,0,20919,-15.137684106826782,-11.009793758392334,0.21428571428571427
12165,0,0,20918,-15.137684106826782,-11.009793758392334,0.21428571428571427
12166,0,0,20917,-15.137684106826782,-11.009793758392334,0.21428571428571427
12167,0,0,20916,-15.137684106826782,-11.009793758392334,0.21428571428571427
12168,0,0,20915,-15.137684106826782,-11.009793758392334,0.21428571428571427
12169,0,0,20914,-15.137684106826782,-11.009793758392334,0.21428571428571427
12170,0,0,20913,-15.137684106826782,-11.009793758392334,0.21428571428571427
12171,0,0,20912,-15.137684106826782,-11.009793758392334,0.21428571428571427
12172,0,0,20911,-15.137684106826782,-11.009793758392334,0.21428571428571427
12173,0,0,20910,-15.137684106826782,-11.009793758392334,0.21428571428571427
12174,0,0,20909,-15.137684106826782,-11.009793758392334,0.21428571428571427
12175,0,0,20908,-15.137684106826782,-11.009793758392334,0.21428571428571427
12176,0,0,20907,-15.137684106826782,-11.009793758392334,0.21428571428571427
12177,0,0,20906,-15.137684106826782,-11.009793758392334,0.21428571428571427
12178,0,0,20905,-15.137684106826782,-11.009793758392334,0.21428571428571427
12179,0,0,20904,-15.137684106826782,-11.009793758392334,0.21428571428571427
12180,0,0,20903,-15.137684106826782,-11.009793758392334,0.21428571428571427
12181,0,0,20924,-15.137684106826782,-11.009793758392334,0.21428571428571427
12182,0,0,20925,-15.137684106826782,-11.009793758392334,0.21428571428571427
12183,0,0,20926,-15.137684106826782,-11.009793758392334,0.21428571428571427
12184,0,0,20938,-15.137684106826782,-11.009793758392334,0.21428571428571427
12185,0,0,20947,-15.137684106826782,-11.009793758392334,0.21428571428571427
12186,0,0,20946,-15.137684106826782,-11.009793758392334,0.21428571428571427
12187,0,0,20945,-15.137684106826782,-11.009793758392334,0.21428571428571427
12188,0,0,20944,-15.137684106826782,-11.009793758392334,0.21428571428571427
12189,0,0,20943,-15.137684106826782,-11.009793758392334,0.21428571428571427
12190,0,0,20942,-15.137684106826782,-11.009793758392334,0.21428571428571427
12191,0,0,20941,-15.137684106826782,-11.009793758392334,0.21428571428571427
12192,0,0,20940,-15.137684106826782,-11.009793758392334,0.21428571428571427
12193,0,0,20939,-15.137684106826782,-11.009793758392334,0.21428571428571427
12194,0,0,20937,-15.137684106826782,-11.009793758392334,0.21428571428571427
12195,0,0,20927,-15.137684106826782,-11.009793758392334,0.21428571428571427
12196,0,0,20936,-15.137684106826782,-11.009793758392334,0.21428571428571427
12197,0,0,20935,-15.137684106826782,-11.009793758392334,0.21428571428571427
12198,0,0,20934,-15.137684106826782,-11.009793758392334,0.21428571428571427
12199,0,0,20933,-15.137684106826782,-11.009793758392334,0.21428571428571427
12200,0,0,20932,-15.137684106826782,-11.009793758392334,0.21428571428571427
12201,0,0,20931,-15.137684106826782,-11.009793758392334,0.21428571428571427
12202,0,0,20930,-15.137684106826782,-11.009793758392334,0.21428571428571427
12203,0,0,20929,-15.137684106826782,-11.009793758392334,0.21428571428571427
12204,0,0,20928,-15.137684106826782,-11.009793758392334,0.21428571428571427
12205,0,0,20997,-15.137684106826782,-11.009793758392334,0.21428571428571427
12206,0,0,20998,-15.137684106826782,-11.009793758392334,0.21428571428571427
12207,0,0,20999,-15.137684106826782,-11.009793758392334,0.21428571428571427
12208,0,0,21000,-15.137684106826782,-11.009793758392334,0.21428571428571427
12209,0,0,21069,-15.137684106826782,-11.009793758392334,0.21428571428571427
12210,0,0,21068,-15.137684106826782,-11.009793758392334,0.21428571428571427
12211,0,0,21067,-15.137684106826782,-11.009793758392334,0.21428571428571427
12212,0,0,21066,-15.137684106826782,-11.009793758392334,0.21428571428571427
12213,0,0,21065,-15.137684106826782,-11.009793758392334,0.21428571428571427
12214,0,0,21064,-15.137684106826782,-11.009793758392334,0.21428571428571427
12215,0,0,21063,-15.137684106826782,-11.009793758392334,0.21428571428571427
12216,0,0,21062,-15.137684106826782,-11.009793758392334,0.21428571428571427
12217,0,0,21061,-15.137684106826782,-11.009793758392334,0.21428571428571427
12218,0,0,21059,-15.137684106826782,-11.009793758392334,0.21428571428571427
12219,0,0,21049,-15.137684106826782,-11.009793758392334,0.21428571428571427
12220,0,0,21058,-15.137684106826782,-11.009793758392334,0.21428571428571427
12221,0,0,21057,-15.137684106826782,-11.009793758392334,0.21428571428571427
12222,0,0,21056,-15.137684106826782,-11.009793758392334,0.21428571428571427
12223,0,0,21055,-15.137684106826782,-11.009793758392334,0.21428571428571427
12224,0,0,21054,-15.137684106826782,-11.009793758392334,0.21428571428571427
12225,0,0,21053,-15.137684106826782,-11.009793758392334,0.21428571428571427
12226,0,0,21052,-15.137684106826782,-11.009793758392334,0.21428571428571427
12227,0,0,21051,-15.137684106826782,-11.009793758392334,0.21428571428571427
12228,0,0,21050,-15.137684106826782,-11.009793758392334,0.21428571428571427
12229,0,0,21070,-15.137684106826782,-11.009793758392334,0.21428571428571427
12230,0,0,21060,-15.137684106826782,-11.009793758392334,0.21428571428571427
12231,0,0,21071,-15.137684106826782,-11.009793758392334,0.21428571428571427
12232,0,0,21084,-15.137684106826782,-11.009793758392334,0.21428571428571427
12233,0,0,21093,-15.137684106826782,-11.009793758392334,0.21428571428571427
12234,0,0,21092,-15.137684106826782,-11.009793758392334,0.21428571428571427
12235,0,0,21091,-15.137684106826782,-11.009793758392334,0.21428571428571427
12236,0,0,21090,-15.137684106826782,-11.009793758392334,0.21428571428571427
12237,0,0,21089,-15.137684106826782,-11.009793758392334,0.21428571428571427
12238,0,0,21088,-15.137684106826782,-11.009793758392334,0.21428571428571427
12239,0,0,21087,-15.137684106826782,-11.009793758392334,0.21428571428571427
12240,0,0,21086,-15.137684106826782,-11.009793758392334,0.21428571428571427
12241,0,0,21085,-15.137684106826782,-11.009793758392334,0.21428571428571427
12242,0,0,21083,-15.137684106826782,-11.009793758392334,0.21428571428571427
12243,0,0,21073,-15.137684106826782,-11.009793758392334,0.21428571428571427
12244,0,0,21082,-15.137684106826782,-11.009793758392334,0.21428571428571427
12245,0,0,21081,-15.137684106826782,-11.009793758392334,0.21428571428571427
12246,0,0,21080,-15.137684106826782,-11.009793758392334,0.21428571428571427
12247,0,0,21079,-15.137684106826782,-11.009793758392334,0.21428571428571427
12248,0,0,21078,-15.137684106826782,-11.009793758392334,0.21428571428571427
12249,0,0,21077,-15.137684106826782,-11.009793758392334,0.21428571428571427
12250,0,0,21076,-15.137684106826782,-11.009793758392334,0.21428571428571427
12251,0,0,21075,-15.137684106826782,-11.009793758392334,0.21428571428571427
12252,0,0,21074,-15.137684106826782,-11.009793758392334,0.21428571428571427
12253,0,0,21072,-15.137684106826782,-11.009793758392334,0.21428571428571427
12254,0,0,21048,-15.137684106826782,-11.009793758392334,0.21428571428571427
12255,0,0,21047,-15.137684106826782,-11.009793758392334,0.21428571428571427
12256,0,0,21046,-15.137684106826782,-11.009793758392334,0.21428571428571427
12257,0,0,21021,-15.137684106826782,-11.009793758392334,0.21428571428571427
12258,0,0,21020,-15.137684106826782,-11.009793758392334,0.21428571428571427
12259,0,0,21019,-15.137684106826782,-11.009793758392334,0.21428571428571427
12260,0,0,21018,-15.137684106826782,-11.009793758392334,0.21428571428571427
12261,0,0,21017,-15.137684106826782,-11.009793758392334,0.21428571428571427
12262,0,0,21016,-15.137684106826782,-11.009793758392334,0.21428571428571427
12263,0,0,21015,-15.137684106826782,-11.009793758392334,0.21428571428571427
12264,0,0,21014,-15.137684106826782,-11.009793758392334,0.21428571428571427
12265,0,0,21013,-15.137684106826782,-11.009793758392334,0.21428571428571427
12266,0,0,21012,-15.137684106826782,-11.009793758392334,0.21428571428571427
12267,0,0,21011,-15.137684106826782,-11.009793758392334,0.21428571428571427
12268,0,0,21010,-15.137684106826782,-11.009793758392334,0.21428571428571427
12269,0,0,21009,-15.137684106826782,-11.009793758392334,0.21428571428571427
12270,0,0,21008,-15.137684106826782,-11.009793758392334,0.21428571428571427
12271,0,0,21007,-15.137684106826782,-11.009793758392334,0.21428571428571427
12272,0,0,21006,-15.137684106826782,-11.009793758392334,0.21428571428571427
12273,0,0,21005,-15.137684106826782,-11.009793758392334,0.21428571428571427
12274,0,0,21004,-15.137684106826782,-11.009793758392334,0.21428571428571427
12275,0,0,21003,-15.137684106826782,-11.009793758392334,0.21428571428571427
12276,0,0,21002,-15.137684106826782,-11.009793758392334,0.21428571428571427
12277,0,0,21001,-15.137684106826782,-11.009793758392334,0.21428571428571427
12278,0,0,21022,-15.137684106826782,-11.009793758392334,0.21428571428571427
12279,0,0,21023,-15.137684106826782,-11.009793758392334,0.21428571428571427
12280,0,0,21024,-15.137684106826782,-11.009793758392334,0.21428571428571427
12281,0,0,21036,-15.137684106826782,-11.009793758392334,0.21428571428571427
12282,0,0,21045,-15.137684106826782,-11.009793758392334,0.21428571428571427
12283,0,0,21044,-15.137684106826782,-11.009793758392334,0.21428571428571427
12284,0,0,21043,-15.137684106826782,-11.009793758392334,0.21428571428571427
12285,0,0,21042,-15.137684106826782,-11.009793758392334,0.21428571428571427
12286,0,0,21041,-15.137684106826782,-11.009793758392334,0.21428571428571427
12287,0,0,21040,-15.137684106826782,-11.009793758392334,0.21428571428571427
12288,0,0,21039,-15.137684106826782,-11.009793758392334,0.21428571428571427
12289,0,0,21038,-15.137684106826782,-11.009793758392334,0.21428571428571427
12290,0,0,21037,-15.137684106826782,-11.009793758392334,0.21428571428571427
12291,0,0,21035,-15.137684106826782,-11.009793758392334,0.21428571428571427
12292,0,0,21025,-15.137684106826782,-11.009793758392334,0.21428571428571427
12293,0,0,21034,-15.137684106826782,-11.009793758392334,0.21428571428571427
12294,0,0,21033,-15.137684106826782,-11.009793758392334,0.21428571428571427
12295,0,0,21032,-15.137684106826782,-11.009793758392334,0.21428571428571427
12296,0,0,21031,-15.137684106826782,-11.009793758392334,0.21428571428571427
12297,0,0,21030,-15.137684106826782,-11.009793758392334,0.21428571428571427
12298,0,0,21029,-15.137684106826782,-11.009793758392334,0.21428571428571427
12299,0,0,21028,-15.137684106826782,-11.009793758392334,0.21428571428571427
12300,0,0,21027,-15.137684106826782,-11.009793758392334,0.21428571428571427
12301,0,0,21026,-15.137684106826782,-11.009793758392334,0.21428571428571427
12302,0,0,20950,-15.137684106826782,-11.009793758392334,0.21428571428571427
12303,0,0,20900,-15.137684106826782,-11.009793758392334,0.21428571428571427
12304,0,0,20755,-15.137684106826782,-11.009793758392334,0.21428571428571427
12305,0,0,20899,-15.137684106826782,-11.009793758392334,0.21428571428571427
12306,0,0,20777,-15.137684106826782,-11.009793758392334,0.21428571428571427
12307,0,0,20776,-15.137684106826782,-11.009793758392334,0.21428571428571427
12308,0,0,20775,-15.137684106826782,-11.009793758392334,0.21428571428571427
12309,0,0,20774,-15.137684106826782,-11.009793758392334,0.21428571428571427
12310,0,0,20773,-15.137684106826782,-11.009793758392334,0.21428571428571427
12311,0,0,20772,-15.137684106826782,-11.009793758392334,0.21428571428571427
12312,0,0,20771,-15.137684106826782,-11.009793758392334,0.21428571428571427
12313,0,0,20770,-15.137684106826782,-11.009793758392334,0.21428571428571427
12314,0,0,20769,-15.137684106826782,-11.009793758392334,0.21428571428571427
12315,0,0,20768,-15.137684106826782,-11.009793758392334,0.21428571428571427
12316,0,0,20767,-15.137684106826782,-11.009793758392334,0.21428571428571427
12317,0,0,20766,-15.137684106826782,-11.009793758392334,0.21428571428571427
12318,0,0,20765,-15.137684106826782,-11.009793758392334,0.21428571428571427
12319,0,0,20764,-15.137684106826782,-11.009793758392334,0.21428571428571427
12320,0,0,20763,-15.137684106826782,-11.009793758392334,0.21428571428571427
12321,0,0,20762,-15.137684106826782,-11.009793758392334,0.21428571428571427
12322,0,0,20761,-15.137684106826782,-11.009793758392334,0.21428571428571427
12323,0,0,20760,-15.137684106826782,-11.009793758392334,0.21428571428571427
12324,0,0,20759,-15.137684106826782,-11.009793758392334,0.21428571428571427
12325,0,0,20758,-15.137684106826782,-11.009793758392334,0.21428571428571427
12326,0,0,20757,-15.137684106826782,-11.009793758392334,0.21428571428571427
12327,0,0,20778,-15.137684106826782,-11.009793758392334,0.21428571428571427
12328,0,0,20779,-15.137684106826782,-11.009793758392334,0.21428571428571427
12329,0,0,20780,-15.137684106826782,-11.009793758392334,0.21428571428571427
12330,0,0,20792,-15.137684106826782,-11.009793758392334,0.21428571428571427
12331,0,0,20801,-15.137684106826782,-11.009793758392334,0.21428571428571427
12332,0,0,20800,-15.137684106826782,-11.009793758392334,0.21428571428571427
12333,0,0,20799,-15.137684106826782,-11.009793758392334,0.21428571428571427
12334,0,0,20798,-15.137684106826782,-11.009793758392334,0.21428571428571427
12335,0,0,20797,-15.137684106826782,-11.009793758392334,0.21428571428571427
12336,0,0,20796,-15.137684106826782,-11.009793758392334,0.21428571428571427
12337,0,0,20795,-15.137684106826782,-11.009793758392334,0.21428571428571427
12338,0,0,20794,-15.137684106826782,-11.009793758392334,0.21428571428571427
12339,0,0,20793,-15.137684106826782,-11.009793758392334,0.21428571428571427
12340,0,0,20791,-15.137684106826782,-11.009793758392334,0.21428571428571427
12341,0,0,20781,-15.137684106826782,-11.009793758392334,0.21428571428571427
12342,0,0,20790,-15.137684106826782,-11.009793758392334,0.21428571428571427
12343,0,0,20789,-15.137684106826782,-11.009793758392334,0.21428571428571427
12344,0,0,20788,-15.137684106826782,-11.009793758392334,0.21428571428571427
12345,0,0,20787,-15.137684106826782,-11.009793758392334,0.21428571428571427
12346,0,0,20786,-15.137684106826782,-11.009793758392334,0.21428571428571427
12347,0,0,20785,-15.137684106826782,-11.009793758392334,0.21428571428571427
12348,0,0,20784,-15.137684106826782,-11.009793758392334,0.21428571428571427
12349,0,0,20783,-15.137684106826782,-11.009793758392334,0.21428571428571427
12350,0,0,20782,-15.137684106826782,-11.009793758392334,0.21428571428571427
12351,0,0,20756,-15.137684106826782,-11.009793758392334,0.21428571428571427
12352,0,0,20754,-15.137684106826782,-11.009793758392334,0.21428571428571427
12353,0,0,20707,-15.137684106826782,-11.009793758392334,0.21428571428571427
12354,0,0,20753,-15.137684106826782,-11.009793758392334,0.21428571428571427
12355,0,0,20728,-15.137684106826782,-11.009793758392334,0.21428571428571427
12356,0,0,20727,-15.137684106826782,-11.009793758392334,0.21428571428571427
12357,0,0,20726,-15.137684106826782,-11.009793758392334,0.21428571428571427
12358,0,0,20725,-15.137684106826782,-11.009793758392334,0.21428571428571427
12359,0,0,20724,-15.137684106826782,-11.009793758392334,0.21428571428571427
12360,0,0,20723,-15.137684106826782,-11.009793758392334,0.21428571428571427
12361,0,0,20722,-15.137684106826782,-11.009793758392334,0.21428571428571427
12362,0,0,20721,-15.137684106826782,-11.009793758392334,0.21428571428571427
12363,0,0,20720,-15.137684106826782,-11.009793758392334,0.21428571428571427
12364,0,0,20719,-15.137684106826782,-11.009793758392334,0.21428571428571427
12365,0,0,20718,-15.137684106826782,-11.009793758392334,0.21428571428571427
12366,0,0,20717,-15.137684106826782,-11.009793758392334,0.21428571428571427
12367,0,0,20716,-15.137684106826782,-11.009793758392334,0.21428571428571427
12368,0,0,20715,-15.137684106826782,-11.009793758392334,0.21428571428571427
12369,0,0,20714,-15.137684106826782,-11.009793758392334,0.21428571428571427
12370,0,0,20713,-15.137684106826782,-11.009793758392334,0.21428571428571427
12371,0,0,20712,-15.137684106826782,-11.009793758392334,0.21428571428571427
12372,0,0,20711,-15.137684106826782,-11.009793758392334,0.21428571428571427
12373,0,0,20710,-15.137684106826782,-11.009793758392334,0.21428571428571427
12374,0,0,20709,-15.137684106826782,-11.009793758392334,0.21428571428571427
12375,0,0,20708,-15.137684106826782,-11.009793758392334,0.21428571428571427
12376,0,0,20729,-15.137684106826782,-11.009793758392334,0.21428571428571427
12377,0,0,20730,-15.137684106826782,-11.009793758392334,0.21428571428571427
12378,0,0,20731,-15.137684106826782,-11.009793758392334,0.21428571428571427
12379,0,0,20743,-15.137684106826782,-11.009793758392334,0.21428571428571427
12380,0,0,20752,-15.137684106826782,-11.009793758392334,0.21428571428571427
12381,0,0,20751,-15.137684106826782,-11.009793758392334,0.21428571428571427
12382,0,0,20750,-15.137684106826782,-11.009793758392334,0.21428571428571427
12383,0,0,20749,-15.137684106826782,-11.009793758392334,0.21428571428571427
12384,0,0,20748,-15.137684106826782,-11.009793758392334,0.21428571428571427
12385,0,0,20747,-15.137684106826782,-11.009793758392334,0.21428571428571427
12386,0,0,20746,-15.137684106826782,-11.009793758392334,0.21428571428571427
12387,0,0,20745,-15.137684106826782,-11.009793758392334,0.21428571428571427
12388,0,0,20744,-15.137684106826782,-11.009793758392334,0.21428571428571427
12389,0,0,20742,-15.137684106826782,-11.009793758392334,0.21428571428571427
12390,0,0,20732,-15.137684106826782,-11.009793758392334,0.21428571428571427
12391,0,0,20741,-15.137684106826782,-11.009793758392334,0.21428571428571427
12392,0,0,20740,-15.137684106826782,-11.009793758392334,0.21428571428571427
12393,0,0,20739,-15.137684106826782,-11.009793758392334,0.21428571428571427
12394,0,0,20738,-15.137684106826782,-11.009793758392334,0.21428571428571427
12395,0,0,20737,-15.137684106826782,-11.009793758392334,0.21428571428571427
12396,0,0,20736,-15.137684106826782,-11.009793758392334,0.21428571428571427
12397,0,0,20735,-15.137684106826782,-11.009793758392334,0.21428571428571427
12398,0,0,20734,-15.137684106826782,-11.009793758392334,0.21428571428571427
12399,0,0,20733,-15.137684106826782,-11.009793758392334,0.21428571428571427
12400,0,0,20802,-15.137684106826782,-11.009793758392334,0.21428571428571427
12401,0,0,20803,-15.137684106826782,-11.009793758392334,0.21428571428571427
12402,0,0,20804,-15.137684106826782,-11.009793758392334,0.21428571428571427
12403,0,0,20805,-15.137684106826782,-11.009793758392334,0.21428571428571427
12404,0,0,20874,-15.137684106826782,-11.009793758392334,0.21428571428571427
12405,0,0,20873,-15.137684106826782,-11.009793758392334,0.21428571428571427
12406,0,0,20872,-15.137684106826782,-11.009793758392334,0.21428571428571427
12407,0,0,20871,-15.137684106826782,-11.009793758392334,0.21428571428571427
12408,0,0,20870,-15.137684106826782,-11.009793758392334,0.21428571428571427
12409,0,0,20869,-15.137684106826782,-11.009793758392334,0.21428571428571427
12410,0,0,20868,-15.137684106826782,-11.009793758392334,0.21428571428571427
12411,0,0,20867,-15.137684106826782,-11.009793758392334,0.21428571428571427
12412,0,0,20866,-15.137684106826782,-11.009793758392334,0.21428571428571427
12413,0,0,20864,-15.137684106826782,-11.009793758392334,0.21428571428571427
12414,0,0,20854,-15.137684106826782,-11.009793758392334,0.21428571428571427
12415,0,0,20863,-15.137684106826782,-11.009793758392334,0.21428571428571427
12416,0,0,20862,-15.137684106826782,-11.009793758392334,0.21428571428571427
12417,0,0,20861,-15.137684106826782,-11.009793758392334,0.21428571428571427
12418,0,0,20860,-15.137684106826782,-11.009793758392334,0.21428571428571427
12419,0,0,20859,-15.137684106826782,-11.009793758392334,0.21428571428571427
12420,0,0,20858,-15.137684106826782,-11.009793758392334,0.21428571428571427
12421,0,0,20857,-15.137684106826782,-11.009793758392334,0.21428571428571427
12422,0,0,20856,-15.137684106826782,-11.009793758392334,0.21428571428571427
12423,0,0,20855,-15.137684106826782,-11.009793758392334,0.21428571428571427
12424,0,0,20875,-15.137684106826782,-11.009793758392334,0.21428571428571427
12425,0,0,20865,-15.137684106826782,-11.009793758392334,0.21428571428571427
12426,0,0,20876,-15.137684106826782,-11.009793758392334,0.21428571428571427
12427,0,0,20889,-15.137684106826782,-11.009793758392334,0.21428571428571427
12428,0,0,20898,-15.137684106826782,-11.009793758392334,0.21428571428571427
12429,0,0,20897,-15.137684106826782,-11.009793758392334,0.21428571428571427
12430,0,0,20896,-15.137684106826782,-11.009793758392334,0.21428571428571427
12431,0,0,20895,-15.137684106826782,-11.009793758392334,0.21428571428571427
12432,0,0,20894,-15.137684106826782,-11.009793758392334,0.21428571428571427
12433,0,0,20893,-15.137684106826782,-11.009793758392334,0.21428571428571427
12434,0,0,20892,-15.137684106826782,-11.009793758392334,0.21428571428571427
12435,0,0,20891,-15.137684106826782,-11.009793758392334,0.21428571428571427
12436,0,0,20890,-15.137684106826782,-11.009793758392334,0.21428571428571427
12437,0,0,20888,-15.137684106826782,-11.009793758392334,0.21428571428571427
12438,0,0,20878,-15.137684106826782,-11.009793758392334,0.21428571428571427
12439,0,0,20887,-15.137684106826782,-11.009793758392334,0.21428571428571427
12440,0,0,20886,-15.137684106826782,-11.009793758392334,0.21428571428571427
12441,0,0,20885,-15.137684106826782,-11.009793758392334,0.21428571428571427
12442,0,0,20884,-15.137684106826782,-11.009793758392334,0.21428571428571427
12443,0,0,20883,-15.137684106826782,-11.009793758392334,0.21428571428571427
12444,0,0,20882,-15.137684106826782,-11.009793758392334,0.21428571428571427
12445,0,0,20881,-15.137684106826782,-11.009793758392334,0.21428571428571427
12446,0,0,20880,-15.137684106826782,-11.009793758392334,0.21428571428571427
12447,0,0,20879,-15.137684106826782,-11.009793758392334,0.21428571428571427
12448,0,0,20877,-15.137684106826782,-11.009793758392334,0.21428571428571427
12449,0,0,20853,-15.137684106826782,-11.009793758392334,0.21428571428571427
12450,0,0,20852,-15.137684106826782,-11.009793758392334,0.21428571428571427
12451,0,0,20851,-15.137684106826782,-11.009793758392334,0.21428571428571427
12452,0,0,20826,-15.137684106826782,-11.009793758392334,0.21428571428571427
12453,0,0,20825,-15.137684106826782,-11.009793758392334,0.21428571428571427
12454,0,0,20824,-15.137684106826782,-11.009793758392334,0.21428571428571427
12455,0,0,20823,-15.137684106826782,-11.009793758392334,0.21428571428571427
12456,0,0,20822,-15.137684106826782,-11.009793758392334,0.21428571428571427
12457,0,0,20821,-15.137684106826782,-11.009793758392334,0.21428571428571427
12458,0,0,20820,-15.137684106826782,-11.009793758392334,0.21428571428571427
12459,0,0,20819,-15.137684106826782,-11.009793758392334,0.21428571428571427
12460,0,0,20818,-15.137684106826782,-11.009793758392334,0.21428571428571427
12461,0,0,20817,-15.137684106826782,-11.009793758392334,0.21428571428571427
12462,0,0,20816,-15.137684106826782,-11.009793758392334,0.21428571428571427
12463,0,0,20815,-15.137684106826782,-11.009793758392334,0.21428571428571427
12464,0,0,20814,-15.137684106826782,-11.009793758392334,0.21428571428571427
12465,0,0,20813,-15.137684106826782,-11.009793758392334,0.21428571428571427
12466,0,0,20812,-15.137684106826782,-11.009793758392334,0.21428571428571427
12467,0,0,20811,-15.137684106826782,-11.009793758392334,0.21428571428571427
12468,0,0,20810,-15.137684106826782,-11.009793758392334,0.21428571428571427
12469,0,0,20809,-15.137684106826782,-11.009793758392334,0.21428571428571427
12470,0,0,20808,-15.137684106826782,-11.009793758392334,0.21428571428571427
12471,0,0,20807,-15.137684106826782,-11.009793758392334,0.21428571428571427
12472,0,0,20806,-15.137684106826782,-11.009793758392334,0.21428571428571427
12473,0,0,20827,-15.137684106826782,-11.009793758392334,0.21428571428571427
12474,0,0,20828,-15.137684106826782,-11.009793758392334,0.21428571428571427
12475,0,0,20829,-15.137684106826782,-11.009793758392334,0.21428571428571427
12476,0,0,20841,-15.137684106826782,-11.009793758392334,0.21428571428571427
12477,0,0,20850,-15.137684106826782,-11.009793758392334,0.21428571428571427
12478,0,0,20849,-15.137684106826782,-11.009793758392334,0.21428571428571427
12479,0,0,20848,-15.137684106826782,-11.009793758392334,0.21428571428571427
12480,0,0,20847,-15.137684106826782,-11.009793758392334,0.21428571428571427
12481,0,0,20846,-15.137684106826782,-11.009793758392334,0.21428571428571427
12482,0,0,20845,-15.137684106826782,-11.009793758392334,0.21428571428571427
12483,0,0,20844,-15.137684106826782,-11.009793758392334,0.21428571428571427
12484,0,0,20843,-15.137684106826782,-11.009793758392334,0.21428571428571427
12485,0,0,20842,-15.137684106826782,-11.009793758392334,0.21428571428571427
12486,0,0,20840,-15.137684106826782,-11.009793758392334,0.21428571428571427
12487,0,0,20830,-15.137684106826782,-11.009793758392334,0.21428571428571427
12488,0,0,20839,-15.137684106826782,-11.009793758392334,0.21428571428571427
12489,0,0,20838,-15.137684106826782,-11.009793758392334,0.21428571428571427
12490,0,0,20837,-15.137684106826782,-11.009793758392334,0.21428571428571427
12491,0,0,20836,-15.137684106826782,-11.009793758392334,0.21428571428571427
12492,0,0,20835,-15.137684106826782,-11.009793758392334,0.21428571428571427
12493,0,0,20834,-15.137684106826782,-11.009793758392334,0.21428571428571427
12494,0,0,20833,-15.137684106826782,-11.009793758392334,0.21428571428571427
12495,0,0,12504,-15.137684106826782,-11.009793758392334,0.21428571428571427
12496,0,0,20831,-15.137684106826782,-11.009793758392334,0.21428571428571427
12497,0,0,18753,-15.137684106826782,-11.009793758392334,0.21428571428571427
12498,0,0,12505,-15.137684106826782,-11.009793758392334,0.21428571428571427
12499,0,0,10428,-15.137684106826782,-11.009793758392334,0.21428571428571427
12500,0,0,12503,-15.137684106826782,-11.009793758392334,0.21428571428571427
12501,0,0,4181,-15.137684106826782,-11.009793758392334,0.21428571428571427
12502,0,0,4180,-15.137684106826782,-11.009793758392334,0.21428571428571427
12503,0,0,4179,-15.137684106826782,-11.009793758392334,0.21428571428571427
12504,0,0,4178,-15.137684106826782,-11.009793758392334,0.21428571428571427
12505,0,0,4177,-15.137684106826782,-11.009793758392334,0.21428571428571427
12506,0,0,4176,-15.137684106826782,-11.009793758392334,0.21428571428571427
12507,0,0,4175,-15.137684106826782,-11.009793758392334,0.21428571428571427
12508,0,0,4174,-15.137684106826782,-11.009793758392334,0.21428571428571427
12509,0,0,4173,-15.137684106826782,-11.009793758392334,0.21428571428571427
12510,0,0,4172,-15.137684106826782,-11.009793758392334,0.21428571428571427
12511,0,0,4171,-15.137684106826782,-11.009793758392334,0.21428571428571427
12512,0,0,4170,-15.137684106826782,-11.009793758392334,0.21428571428571427
12513,0,0,4169,-15.137684106826782,-11.009793758392334,0.21428571428571427
12514,0,0,4168,-15.137684106826782,-11.009793758392334,0.21428571428571427
12515,0,0,4167,-15.137684106826782,-11.009793758392334,0.21428571428571427
12516,0,0,4166,-15.137684106826782,-11.009793758392334,0.21428571428571427
12517,0,0,4165,-15.137684106826782,-11.009793758392334,0.21428571428571427
12518,0,0,4164,-15.137684106826782,-11.009793758392334,0.21428571428571427
12519,0,0,4163,-15.137684106826782,-11.009793758392334,0.21428571428571427
12520,0,0,4162,-15.137684106826782,-11.009793758392334,0.21428571428571427
12521,0,0,4161,-15.137684106826782,-11.009793758392334,0.21428571428571427
12522,0,0,4182,-15.137684106826782,-11.009793758392334,0.21428571428571427
12523,0,0,4183,-15.137684106826782,-11.009793758392334,0.21428571428571427
12524,0,0,4184,-15.137684106826782,-11.009793758392334,0.21428571428571427
12525,0,0,4196,-15.137684106826782,-11.009793758392334,0.21428571428571427
12526,0,0,4205,-15.137684106826782,-11.009793758392334,0.21428571428571427
12527,0,0,4204,-15.137684106826782,-11.009793758392334,0.21428571428571427
12528,0,0,4203,-15.137684106826782,-11.009793758392334,0.21428571428571427
12529,0,0,4202,-15.137684106826782,-11.009793758392334,0.21428571428571427
12530,0,0,4201,-15.137684106826782,-11.009793758392334,0.21428571428571427
12531,0,0,4200,-15.137684106826782,-11.009793758392334,0.21428571428571427
12532,0,0,4199,-15.137684106826782,-11.009793758392334,0.21428571428571427
12533,0,0,4198,-15.137684106826782,-11.009793758392334,0.21428571428571427
12534,0,0,4197,-15.137684106826782,-11.009793758392334,0.21428571428571427
12535,0,0,4195,-15.137684106826782,-11.009793758392334,0.21428571428571427
12536,0,0,4185,-15.137684106826782,-11.009793758392334,0.21428571428571427
12537,0,0,4194,-15.137684106826782,-11.009793758392334,0.21428571428571427
12538,0,0,4193,-15.137684106826782,-11.009793758392334,0.21428571428571427
12539,0,0,4192,-15.137684106826782,-11.009793758392334,0.21428571428571427
12540,0,0,4191,-15.137684106826782,-11.009793758392334,0.21428571428571427
12541,0,0,4190,-15.137684106826782,-11.009793758392334,0.21428571428571427
12542,0,0,4189,-15.137684106826782,-11.009793758392334,0.21428571428571427
12543,0,0,4188,-15.137684106826782,-11.009793758392334,0.21428571428571427
12544,0,0,4187,-15.137684106826782,-11.009793758392334,0.21428571428571427
12545,0,0,4186,-15.137684106826782,-11.009793758392334,0.21428571428571427
12546,0,0,4160,-15.137684106826782,-11.009793758392334,0.21428571428571427
12547,0,0,4158,-15.137684106826782,-11.009793758392334,0.21428571428571427
12548,0,0,4111,-15.137684106826782,-11.009793758392334,0.21428571428571427
12549,0,0,4157,-15.137684106826782,-11.009793758392334,0.21428571428571427
12550,0,0,4132,-15.137684106826782,-11.009793758392334,0.21428571428571427
12551,0,0,4131,-15.137684106826782,-11.009793758392334,0.21428571428571427
12552,0,0,4130,-15.137684106826782,-11.009793758392334,0.21428571428571427
12553,0,0,4129,-15.137684106826782,-11.009793758392334,0.21428571428571427
12554,0,0,4128,-15.137684106826782,-11.009793758392334,0.21428571428571427
12555,0,0,4127,-15.137684106826782,-11.009793758392334,0.21428571428571427
12556,0,0,4126,-15.137684106826782,-11.009793758392334,0.21428571428571427
12557,0,0,4125,-15.137684106826782,-11.009793758392334,0.21428571428571427
12558,0,0,4124,-15.137684106826782,-11.009793758392334,0.21428571428571427
12559,0,0,4123,-15.137684106826782,-11.009793758392334,0.21428571428571427
12560,0,0,4122,-15.137684106826782,-11.009793758392334,0.21428571428571427
12561,0,0,4121,-15.137684106826782,-11.009793758392334,0.21428571428571427
12562,0,0,4120,-15.137684106826782,-11.009793758392334,0.21428571428571427
12563,0,0,4119,-15.137684106826782,-11.009793758392334,0.21428571428571427
12564,0,0,4118,-15.137684106826782,-11.009793758392334,0.21428571428571427
12565,0,0,4117,-15.137684106826782,-11.009793758392334,0.21428571428571427
12566,0,0,4116,-15.137684106826782,-11.009793758392334,0.21428571428571427
12567,0,0,4115,-15.137684106826782,-11.009793758392334,0.21428571428571427
12568,0,0,4114,-15.137684106826782,-11.009793758392334,0.21428571428571427
12569,0,0,4113,-15.137684106826782,-11.009793758392334,0.21428571428571427
12570,0,0,4112,-15.137684106826782,-11.009793758392334,0.21428571428571427
12571,0,0,4133,-15.137684106826782,-11.009793758392334,0.21428571428571427
12572,0,0,4134,-15.137684106826782,-11.009793758392334,0.21428571428571427
12573,0,0,4135,-15.137684106826782,-11.009793758392334,0.21428571428571427
12574,0,0,4147,-15.137684106826782,-11.009793758392334,0.21428571428571427
12575,0,0,4156,-15.137684106826782,-11.009793758392334,0.21428571428571427
12576,0,0,4155,-15.137684106826782,-11.009793758392334,0.21428571428571427
12577,0,0,4154,-15.137684106826782,-11.009793758392334,0.21428571428571427
12578,0,0,4153,-15.137684106826782,-11.009793758392334,0.21428571428571427
12579,0,0,4152,-15.137684106826782,-11.009793758392334,0.21428571428571427
12580,0,0,4151,-15.137684106826782,-11.009793758392334,0.21428571428571427
12581,0,0,4150,-15.137684106826782,-11.009793758392334,0.21428571428571427
12582,0,0,4149,-15.137684106826782,-11.009793758392334,0.21428571428571427
12583,0,0,4148,-15.137684106826782,-11.009793758392334,0.21428571428571427
12584,0,0,4146,-15.137684106826782,-11.009793758392334,0.21428571428571427
12585,0,0,4136,-15.137684106826782,-11.009793758392334,0.21428571428571427
12586,0,0,4145,-15.137684106826782,-11.009793758392334,0.21428571428571427
12587,0,0,4144,-15.137684106826782,-11.009793758392334,0.21428571428571427
12588,0,0,4143,-15.137684106826782,-11.009793758392334,0.21428571428571427
12589,0,0,4142,-15.137684106826782,-11.009793758392334,0.21428571428571427
12590,0,0,4141,-15.137684106826782,-11.009793758392334,0.21428571428571427
12591,0,0,4140,-15.137684106826782,-11.009793758392334,0.21428571428571427
12592,0,0,4139,-15.137684106826782,-11.009793758392334,0.21428571428571427
12593,0,0,4138,-15.137684106826782,-11.009793758392334,0.21428571428571427
12594,0,0,4137,-15.137684106826782,-11.009793758392334,0.21428571428571427
12595,0,0,4206,-15.137684106826782,-11.009793758392334,0.21428571428571427
12596,0,0,4207,-15.137684106826782,-11.009793758392334,0.21428571428571427
12597,0,0,4208,-15.137684106826782,-11.009793758392334,0.21428571428571427
12598,0,0,4209,-15.137684106826782,-11.009793758392334,0.21428571428571427
12599,0,0,4278,-15.137684106826782,-11.009793758392334,0.21428571428571427
12600,0,0,4277,-15.137684106826782,-11.009793758392334,0.21428571428571427
12601,0,0,4276,-15.137684106826782,-11.009793758392334,0.21428571428571427
12602,0,0,4275,-15.137684106826782,-11.009793758392334,0.21428571428571427
12603,0,0,4274,-15.137684106826782,-11.009793758392334,0.21428571428571427
12604,0,0,4273,-15.137684106826782,-11.009793758392334,0.21428571428571427
12605,0,0,4272,-15.137684106826782,-11.009793758392334,0.21428571428571427
12606,0,0,4271,-15.137684106826782,-11.009793758392334,0.21428571428571427
12607,0,0,4270,-15.137684106826782,-11.009793758392334,0.21428571428571427
12608,0,0,4268,-15.137684106826782,-11.009793758392334,0.21428571428571427
12609,0,0,4258,-15.137684106826782,-11.009793758392334,0.21428571428571427
12610,0,0,4267,-15.137684106826782,-11.009793758392334,0.21428571428571427
12611,0,0,4266,-15.137684106826782,-11.009793758392334,0.21428571428571427
12612,0,0,4265,-15.137684106826782,-11.009793758392334,0.21428571428571427
12613,0,0,4264,-15.137684106826782,-11.009793758392334,0.21428571428571427
12614,0,0,4263,-15.137684106826782,-11.009793758392334,0.21428571428571427
12615,0,0,4262,-15.137684106826782,-11.009793758392334,0.21428571428571427
12616,0,0,4261,-15.137684106826782,-11.009793758392334,0.21428571428571427
12617,0,0,4260,-15.137684106826782,-11.009793758392334,0.21428571428571427
12618,0,0,4259,-15.137684106826782,-11.009793758392334,0.21428571428571427
12619,0,0,4279,-15.137684106826782,-11.009793758392334,0.21428571428571427
12620,0,0,4269,-15.137684106826782,-11.009793758392334,0.21428571428571427
12621,0,0,4280,-15.137684106826782,-11.009793758392334,0.21428571428571427
12622,0,0,4293,-15.137684106826782,-11.009793758392334,0.21428571428571427
12623,0,0,4302,-15.137684106826782,-11.009793758392334,0.21428571428571427
12624,0,0,4301,-15.137684106826782,-11.009793758392334,0.21428571428571427
12625,0,0,4300,-15.137684106826782,-11.009793758392334,0.21428571428571427
12626,0,0,4299,-15.137684106826782,-11.009793758392334,0.21428571428571427
12627,0,0,4298,-15.137684106826782,-11.009793758392334,0.21428571428571427
12628,0,0,4297,-15.137684106826782,-11.009793758392334,0.21428571428571427
12629,0,0,4296,-15.137684106826782,-11.009793758392334,0.21428571428571427
12630,0,0,4295,-15.137684106826782,-11.009793758392334,0.21428571428571427
12631,0,0,4294,-15.137684106826782,-11.009793758392334,0.21428571428571427
12632,0,0,4292,-15.137684106826782,-11.009793758392334,0.21428571428571427
12633,0,0,4282,-15.137684106826782,-11.009793758392334,0.21428571428571427
12634,0,0,4291,-15.137684106826782,-11.009793758392334,0.21428571428571427
12635,0,0,4290,-15.137684106826782,-11.009793758392334,0.21428571428571427
12636,0,0,4289,-15.137684106826782,-11.009793758392334,0.21428571428571427
12637,0,0,4288,-15.137684106826782,-11.009793758392334,0.21428571428571427
12638,0,0,4287,-15.137684106826782,-11.009793758392334,0.21428571428571427
12639,0,0,4286,-15.137684106826782,-11.009793758392334,0.21428571428571427
12640,0,0,4285,-15.137684106826782,-11.009793758392334,0.21428571428571427
12641,0,0,4284,-15.137684106826782,-11.009793758392334,0.21428571428571427
12642,0,0,4283,-15.137684106826782,-11.009793758392334,0.21428571428571427
12643,0,0,4281,-15.137684106826782,-11.009793758392334,0.21428571428571427
12644,0,0,4257,-15.137684106826782,-11.009793758392334,0.21428571428571427
12645,0,0,4256,-15.137684106826782,-11.009793758392334,0.21428571428571427
12646,0,0,4255,-15.137684106826782,-11.009793758392334,0.21428571428571427
12647,0,0,4230,-15.137684106826782,-11.009793758392334,0.21428571428571427
12648,0,0,4229,-15.137684106826782,-11.009793758392334,0.21428571428571427
12649,0,0,4228,-15.137684106826782,-11.009793758392334,0.21428571428571427
12650,0,0,4227,-15.137684106826782,-11.009793758392334,0.21428571428571427
12651,0,0,4226,-15.137684106826782,-11.009793758392334,0.21428571428571427
12652,0,0,4225,-15.137684106826782,-11.009793758392334,0.21428571428571427
12653,0,0,4224,-15.137684106826782,-11.009793758392334,0.21428571428571427
12654,0,0,4223,-15.137684106826782,-11.009793758392334,0.21428571428571427
12655,0,0,4222,-15.137684106826782,-11.009793758392334,0.21428571428571427
12656,0,0,4221,-15.137684106826782,-11.009793758392334,0.21428571428571427
12657,0,0,4220,-15.137684106826782,-11.009793758392334,0.21428571428571427
12658,0,0,4219,-15.137684106826782,-11.009793758392334,0.21428571428571427
12659,0,0,4218,-15.137684106826782,-11.009793758392334,0.21428571428571427
12660,0,0,4217,-15.137684106826782,-11.009793758392334,0.21428571428571427
12661,0,0,4216,-15.137684106826782,-11.009793758392334,0.21428571428571427
12662,0,0,4215,-15.137684106826782,-11.009793758392334,0.21428571428571427
12663,0,0,4214,-15.137684106826782,-11.009793758392334,0.21428571428571427
12664,0,0,4213,-15.137684106826782,-11.009793758392334,0.21428571428571427
12665,0,0,4212,-15.137684106826782,-11.009793758392334,0.21428571428571427
12666,0,0,4211,-15.137684106826782,-11.009793758392334,0.21428571428571427
12667,0,0,4210,-15.137684106826782,-11.009793758392334,0.21428571428571427
12668,0,0,4231,-15.137684106826782,-11.009793758392334,0.21428571428571427
12669,0,0,4232,-15.137684106826782,-11.009793758392334,0.21428571428571427
12670,0,0,4233,-15.137684106826782,-11.009793758392334,0.21428571428571427
12671,0,0,4245,-15.137684106826782,-11.009793758392334,0.21428571428571427
12672,0,0,4254,-15.137684106826782,-11.009793758392334,0.21428571428571427
12673,0,0,4253,-15.137684106826782,-11.009793758392334,0.21428571428571427
12674,0,0,4252,-15.137684106826782,-11.009793758392334,0.21428571428571427
12675,0,0,4251,-15.137684106826782,-11.009793758392334,0.21428571428571427
12676,0,0,4250,-15.137684106826782,-11.009793758392334,0.21428571428571427
12677,0,0,4249,-15.137684106826782,-11.009793758392334,0.21428571428571427
12678,0,0,4248,-15.137684106826782,-11.009793758392334,0.21428571428571427
12679,0,0,4247,-15.137684106826782,-11.009793758392334,0.21428571428571427
12680,0,0,4246,-15.137684106826782,-11.009793758392334,0.21428571428571427
12681,0,0,4244,-15.137684106826782,-11.009793758392334,0.21428571428571427
12682,0,0,4234,-15.137684106826782,-11.009793758392334,0.21428571428571427
12683,0,0,4243,-15.137684106826782,-11.009793758392334,0.21428571428571427
12684,0,0,4242,-15.137684106826782,-11.009793758392334,0.21428571428571427
12685,0,0,4241,-15.137684106826782,-11.009793758392334,0.21428571428571427
12686,0,0,4240,-15.137684106826782,-11.009793758392334,0.21428571428571427
12687,0,0,4239,-15.137684106826782,-11.009793758392334,0.21428571428571427
12688,0,0,4238,-15.137684106826782,-11.009793758392334,0.21428571428571427
12689,0,0,4237,-15.137684106826782,-11.009793758392334,0.21428571428571427
12690,0,0,4236,-15.137684106826782,-11.009793758392334,0.21428571428571427
12691,0,0,4235,-15.137684106826782,-11.009793758392334,0.21428571428571427
12692,0,0,4159,-15.137684106826782,-11.009793758392334,0.21428571428571427
12693,0,0,4110,-15.137684106826782,-11.009793758392334,0.21428571428571427
12694,0,0,4109,-15.137684106826782,-11.009793758392334,0.21428571428571427
12695,0,0,4108,-15.137684106826782,-11.009793758392334,0.21428571428571427
12696,0,0,3985,-15.137684106826782,-11.009793758392334,0.21428571428571427
12697,0,0,3984,-15.137684106826782,-11.009793758392334,0.21428571428571427
12698,0,0,3983,-15.137684106826782,-11.009793758392334,0.21428571428571427
12699,0,0,3982,-15.137684106826782,-11.009793758392334,0.21428571428571427
12700,0,0,3981,-15.137684106826782,-11.009793758392334,0.21428571428571427
12701,0,0,3980,-15.137684106826782,-11.009793758392334,0.21428571428571427
12702,0,0,3979,-15.137684106826782,-11.009793758392334,0.21428571428571427
12703,0,0,3978,-15.137684106826782,-11.009793758392334,0.21428571428571427
12704,0,0,3977,-15.137684106826782,-11.009793758392334,0.21428571428571427
12705,0,0,3976,-15.137684106826782,-11.009793758392334,0.21428571428571427
12706,0,0,3975,-15.137684106826782,-11.009793758392334,0.21428571428571427
12707,0,0,3974,-15.137684106826782,-11.009793758392334,0.21428571428571427
12708,0,0,3973,-15.137684106826782,-11.009793758392334,0.21428571428571427
12709,0,0,3972,-15.137684106826782,-11.009793758392334,0.21428571428571427
12710,0,0,3971,-15.137684106826782,-11.009793758392334,0.21428571428571427
12711,0,0,3970,-15.137684106826782,-11.009793758392334,0.21428571428571427
12712,0,0,3969,-15.137684106826782,-11.009793758392334,0.21428571428571427
12713,0,0,3968,-15.137684106826782,-11.009793758392334,0.21428571428571427
12714,0,0,3967,-15.137684106826782,-11.009793758392334,0.21428571428571427
12715,0,0,3966,-15.137684106826782,-11.009793758392334,0.21428571428571427
12716,0,0,3965,-15.137684106826782,-11.009793758392334,0.21428571428571427
12717,0,0,3986,-15.137684106826782,-11.009793758392334,0.21428571428571427
12718,0,0,3987,-15.137684106826782,-11.009793758392334,0.21428571428571427
12719,0,0,3988,-15.137684106826782,-11.009793758392334,0.21428571428571427
12720,0,0,4000,-15.137684106826782,-11.009793758392334,0.21428571428571427
12721,0,0,4009,-15.137684106826782,-11.009793758392334,0.21428571428571427
12722,0,0,4008,-15.137684106826782,-11.009793758392334,0.21428571428571427
12723,0,0,4007,-15.137684106826782,-11.009793758392334,0.21428571428571427
12724,0,0,4006,-15.137684106826782,-11.009793758392334,0.21428571428571427
12725,0,0,4005,-15.137684106826782,-11.009793758392334,0.21428571428571427
12726,0,0,4004,-15.137684106826782,-11.009793758392334,0.21428571428571427
12727,0,0,4003,-15.137684106826782,-11.009793758392334,0.21428571428571427
12728,0,0,4002,-15.137684106826782,-11.009793758392334,0.21428571428571427
12729,0,0,4001,-15.137684106826782,-11.009793758392334,0.21428571428571427
12730,0,0,3999,-15.137684106826782,-11.009793758392334,0.21428571428571427
12731,0,0,3989,-15.137684106826782,-11.009793758392334,0.21428571428571427
12732,0,0,3998,-15.137684106826782,-11.009793758392334,0.21428571428571427
12733,0,0,3997,-15.137684106826782,-11.009793758392334,0.21428571428571427
12734,0,0,3996,-15.137684106826782,-11.009793758392334,0.21428571428571427
12735,0,0,3995,-15.137684106826782,-11.009793758392334,0.21428571428571427
12736,0,0,3994,-15.137684106826782,-11.009793758392334,0.21428571428571427
12737,0,0,3993,-15.137684106826782,-11.009793758392334,0.21428571428571427
12738,0,0,3992,-15.137684106826782,-11.009793758392334,0.21428571428571427
12739,0,0,3991,-15.137684106826782,-11.009793758392334,0.21428571428571427
12740,0,0,3990,-15.137684106826782,-11.009793758392334,0.21428571428571427
12741,0,0,3964,-15.137684106826782,-11.009793758392334,0.21428571428571427
12742,0,0,3962,-15.137684106826782,-11.009793758392334,0.21428571428571427
12743,0,0,3915,-15.137684106826782,-11.009793758392334,0.21428571428571427
12744,0,0,3961,-15.137684106826782,-11.009793758392334,0.21428571428571427
12745,0,0,3936,-15.137684106826782,-11.009793758392334,0.21428571428571427
12746,0,0,3935,-15.137684106826782,-11.009793758392334,0.21428571428571427
12747,0,0,3934,-15.137684106826782,-11.009793758392334,0.21428571428571427
12748,0,0,3933,-15.137684106826782,-11.009793758392334,0.21428571428571427
12749,0,0,3932,-15.137684106826782,-11.009793758392334,0.21428571428571427
12750,0,0,3931,-15.137684106826782,-11.009793758392334,0.21428571428571427
12751,0,0,3930,-15.137684106826782,-11.009793758392334,0.21428571428571427
12752,0,0,3929,-15.137684106826782,-11.009793758392334,0.21428571428571427
12753,0,0,3928,-15.137684106826782,-11.009793758392334,0.21428571428571427
12754,0,0,3927,-15.137684106826782,-11.009793758392334,0.21428571428571427
12755,0,0,3926,-15.137684106826782,-11.009793758392334,0.21428571428571427
12756,0,0,3925,-15.137684106826782,-11.009793758392334,0.21428571428571427
12757,0,0,3924,-15.137684106826782,-11.009793758392334,0.21428571428571427
12758,0,0,3923,-15.137684106826782,-11.009793758392334,0.21428571428571427
12759,0,0,3922,-15.137684106826782,-11.009793758392334,0.21428571428571427
12760,0,0,3921,-15.137684106826782,-11.009793758392334,0.21428571428571427
12761,0,0,3920,-15.137684106826782,-11.009793758392334,0.21428571428571427
12762,0,0,3919,-15.137684106826782,-11.009793758392334,0.21428571428571427
12763,0,0,3918,-15.137684106826782,-11.009793758392334,0.21428571428571427
12764,0,0,3917,-15.137684106826782,-11.009793758392334,0.21428571428571427
12765,0,0,3916,-15.137684106826782,-11.009793758392334,0.21428571428571427
12766,0,0,3937,-15.137684106826782,-11.009793758392334,0.21428571428571427
12767,0,0,3938,-15.137684106826782,-11.009793758392334,0.21428571428571427
12768,0,0,3939,-15.137684106826782,-11.009793758392334,0.21428571428571427
12769,0,0,3951,-15.137684106826782,-11.009793758392334,0.21428571428571427
12770,0,0,3960,-15.137684106826782,-11.009793758392334,0.21428571428571427
12771,0,0,3959,-15.137684106826782,-11.009793758392334,0.21428571428571427
12772,0,0,3958,-15.137684106826782,-11.009793758392334,0.21428571428571427
12773,0,0,3957,-15.137684106826782,-11.009793758392334,0.21428571428571427
12774,0,0,3956,-15.137684106826782,-11.009793758392334,0.21428571428571427
12775,0,0,3955,-15.137684106826782,-11.009793758392334,0.21428571428571427
12776,0,0,3954,-15.137684106826782,-11.009793758392334,0.21428571428571427
12777,0,0,3953,-15.137684106826782,-11.009793758392334,0.21428571428571427
12778,0,0,3952,-15.137684106826782,-11.009793758392334,0.21428571428571427
12779,0,0,3950,-15.137684106826782,-11.009793758392334,0.21428571428571427
12780,0,0,3940,-15.137684106826782,-11.009793758392334,0.21428571428571427
12781,0,0,3949,-15.137684106826782,-11.009793758392334,0.21428571428571427
12782,0,0,3948,-15.137684106826782,-11.009793758392334,0.21428571428571427
12783,0,0,3947,-15.137684106826782,-11.009793758392334,0.21428571428571427
12784,0,0,3946,-15.137684106826782,-11.009793758392334,0.21428571428571427
12785,0,0,3945,-15.137684106826782,-11.009793758392334,0.21428571428571427
12786,0,0,3944,-15.137684106826782,-11.009793758392334,0.21428571428571427
12787,0,0,3943,-15.137684106826782,-11.009793758392334,0.21428571428571427
12788,0,0,3942,-15.137684106826782,-11.009793758392334,0.21428571428571427
12789,0,0,3941,-15.137684106826782,-11.009793758392334,0.21428571428571427
12790,0,0,4010,-15.137684106826782,-11.009793758392334,0.21428571428571427
12791,0,0,3963,-15.137684106826782,-11.009793758392334,0.21428571428571427
12792,0,0,4011,-15.137684106826782,-11.009793758392334,0.21428571428571427
12793,0,0,4061,-15.137684106826782,-11.009793758392334,0.21428571428571427
12794,0,0,4083,-15.137684106826782,-11.009793758392334,0.21428571428571427
12795,0,0,4082,-15.137684106826782,-11.009793758392334,0.21428571428571427
12796,0,0,4081,-15.137684106826782,-11.009793758392334,0.21428571428571427
12797,0,0,4080,-15.137684106826782,-11.009793758392334,0.21428571428571427
12798,0,0,4079,-15.137684106826782,-11.009793758392334,0.21428571428571427
12799,0,0,4078,-15.137684106826782,-11.009793758392334,0.21428571428571427
12800,0,0,4077,-15.137684106826782,-11.009793758392334,0.21428571428571427
12801,0,0,4076,-15.137684106826782,-11.009793758392334,0.21428571428571427
12802,0,0,4075,-15.137684106826782,-11.009793758392334,0.21428571428571427
12803,0,0,4074,-15.137684106826782,-11.009793758392334,0.21428571428571427
12804,0,0,4073,-15.137684106826782,-11.009793758392334,0.21428571428571427
12805,0,0,4072,-15.137684106826782,-11.009793758392334,0.21428571428571427
12806,0,0,4071,-15.137684106826782,-11.009793758392334,0.21428571428571427
12807,0,0,4070,-15.137684106826782,-11.009793758392334,0.21428571428571427
12808,0,0,4069,-15.137684106826782,-11.009793758392334,0.21428571428571427
12809,0,0,4068,-15.137684106826782,-11.009793758392334,0.21428571428571427
12810,0,0,4067,-15.137684106826782,-11.009793758392334,0.21428571428571427
12811,0,0,4066,-15.137684106826782,-11.009793758392334,0.21428571428571427
12812,0,0,4065,-15.137684106826782,-11.009793758392334,0.21428571428571427
12813,0,0,4064,-15.137684106826782,-11.009793758392334,0.21428571428571427
12814,0,0,4063,-15.137684106826782,-11.009793758392334,0.21428571428571427
12815,0,0,4084,-15.137684106826782,-11.009793758392334,0.21428571428571427
12816,0,0,4085,-15.137684106826782,-11.009793758392334,0.21428571428571427
12817,0,0,4086,-15.137684106826782,-11.009793758392334,0.21428571428571427
12818,0,0,4098,-15.137684106826782,-11.009793758392334,0.21428571428571427
12819,0,0,4107,-15.137684106826782,-11.009793758392334,0.21428571428571427
12820,0,0,4106,-15.137684106826782,-11.009793758392334,0.21428571428571427
12821,0,0,4105,-15.137684106826782,-11.009793758392334,0.21428571428571427
12822,0,0,4104,-15.137684106826782,-11.009793758392334,0.21428571428571427
12823,0,0,4103,-15.137684106826782,-11.009793758392334,0.21428571428571427
12824,0,0,4102,-15.137684106826782,-11.009793758392334,0.21428571428571427
12825,0,0,4101,-15.137684106826782,-11.009793758392334,0.21428571428571427
12826,0,0,4100,-15.137684106826782,-11.009793758392334,0.21428571428571427
12827,0,0,4099,-15.137684106826782,-11.009793758392334,0.21428571428571427
12828,0,0,4097,-15.137684106826782,-11.009793758392334,0.21428571428571427
12829,0,0,4087,-15.137684106826782,-11.009793758392334,0.21428571428571427
12830,0,0,4096,-15.137684106826782,-11.009793758392334,0.21428571428571427
12831,0,0,4095,-15.137684106826782,-11.009793758392334,0.21428571428571427
12832,0,0,4094,-15.137684106826782,-11.009793758392334,0.21428571428571427
12833,0,0,4093,-15.137684106826782,-11.009793758392334,0.21428571428571427
12834,0,0,4092,-15.137684106826782,-11.009793758392334,0.21428571428571427
12835,0,0,4091,-15.137684106826782,-11.009793758392334,0.21428571428571427
12836,0,0,4090,-15.137684106826782,-11.009793758392334,0.21428571428571427
12837,0,0,4089,-15.137684106826782,-11.009793758392334,0.21428571428571427
12838,0,0,4088,-15.137684106826782,-11.009793758392334,0.21428571428571427
12839,0,0,4062,-15.137684106826782,-11.009793758392334,0.21428571428571427
12840,0,0,4060,-15.137684106826782,-11.009793758392334,0.21428571428571427
12841,0,0,4013,-15.137684106826782,-11.009793758392334,0.21428571428571427
12842,0,0,4059,-15.137684106826782,-11.009793758392334,0.21428571428571427
12843,0,0,4034,-15.137684106826782,-11.009793758392334,0.21428571428571427
12844,0,0,4033,-15.137684106826782,-11.009793758392334,0.21428571428571427
12845,0,0,4032,-15.137684106826782,-11.009793758392334,0.21428571428571427
12846,0,0,4031,-15.137684106826782,-11.009793758392334,0.21428571428571427
12847,0,0,4030,-15.137684106826782,-11.009793758392334,0.21428571428571427
12848,0,0,4029,-15.137684106826782,-11.009793758392334,0.21428571428571427
12849,0,0,4028,-15.137684106826782,-11.009793758392334,0.21428571428571427
12850,0,0,4027,-15.137684106826782,-11.009793758392334,0.21428571428571427
12851,0,0,4026,-15.137684106826782,-11.009793758392334,0.21428571428571427
12852,0,0,4025,-15.137684106826782,-11.009793758392334,0.21428571428571427
12853,0,0,4024,-15.137684106826782,-11.009793758392334,0.21428571428571427
12854,0,0,4023,-15.137684106826782,-11.009793758392334,0.21428571428571427
12855,0,0,4022,-15.137684106826782,-11.009793758392334,0.21428571428571427
12856,0,0,4021,-15.137684106826782,-11.009793758392334,0.21428571428571427
12857,0,0,4020,-15.137684106826782,-11.009793758392334,0.21428571428571427
12858,0,0,4019,-15.137684106826782,-11.009793758392334,0.21428571428571427
12859,0,0,4018,-15.137684106826782,-11.009793758392334,0.21428571428571427
12860,0,0,4017,-15.137684106826782,-11.009793758392334,0.21428571428571427
12861,0,0,4016,-15.137684106826782,-11.009793758392334,0.21428571428571427
12862,0,0,4015,-15.137684106826782,-11.009793758392334,0.21428571428571427
12863,0,0,4014,-15.137684106826782,-11.009793758392334,0.21428571428571427
12864,0,0,4035,-15.137684106826782,-11.009793758392334,0.21428571428571427
12865,0,0,4036,-15.137684106826782,-11.009793758392334,0.21428571428571427
12866,0,0,4037,-15.137684106826782,-11.009793758392334,0.21428571428571427
12867,0,0,4049,-15.137684106826782,-11.009793758392334,0.21428571428571427
12868,0,0,4058,-15.137684106826782,-11.009793758392334,0.21428571428571427
12869,0,0,4057,-15.137684106826782,-11.009793758392334,0.21428571428571427
12870,0,0,4056,-15.137684106826782,-11.009793758392334,0.21428571428571427
12871,0,0,4055,-15.137684106826782,-11.009793758392334,0.21428571428571427
12872,0,0,4054,-15.137684106826782,-11.009793758392334,0.21428571428571427
12873,0,0,4053,-15.137684106826782,-11.009793758392334,0.21428571428571427
12874,0,0,4052,-15.137684106826782,-11.009793758392334,0.21428571428571427
12875,0,0,4051,-15.137684106826782,-11.009793758392334,0.21428571428571427
12876,0,0,4050,-15.137684106826782,-11.009793758392334,0.21428571428571427
12877,0,0,4048,-15.137684106826782,-11.009793758392334,0.21428571428571427
12878,0,0,4038,-15.137684106826782,-11.009793758392334,0.21428571428571427
12879,0,0,4047,-15.137684106826782,-11.009793758392334,0.21428571428571427
12880,0,0,4046,-15.137684106826782,-11.009793758392334,0.21428571428571427
12881,0,0,4045,-15.137684106826782,-11.009793758392334,0.21428571428571427
12882,0,0,4044,-15.137684106826782,-11.009793758392334,0.21428571428571427
12883,0,0,4043,-15.137684106826782,-11.009793758392334,0.21428571428571427
12884,0,0,4042,-15.137684106826782,-11.009793758392334,0.21428571428571427
12885,0,0,4041,-15.137684106826782,-11.009793758392334,0.21428571428571427
12886,0,0,4040,-15.137684106826782,-11.009793758392334,0.21428571428571427
12887,0,0,4039,-15.137684106826782,-11.009793758392334,0.21428571428571427
12888,0,0,4303,-15.137684106826782,-11.009793758392334,0.21428571428571427
12889,0,0,4304,-15.137684106826782,-11.009793758392334,0.21428571428571427
12890,0,0,4305,-15.137684106826782,-11.009793758392334,0.21428571428571427
12891,0,0,4500,-15.137684106826782,-11.009793758392334,0.21428571428571427
12892,0,0,4571,-15.137684106826782,-11.009793758392334,0.21428571428571427
12893,0,0,4570,-15.137684106826782,-11.009793758392334,0.21428571428571427
12894,0,0,4569,-15.137684106826782,-11.009793758392334,0.21428571428571427
12895,0,0,4568,-15.137684106826782,-11.009793758392334,0.21428571428571427
12896,0,0,4567,-15.137684106826782,-11.009793758392334,0.21428571428571427
12897,0,0,4566,-15.137684106826782,-11.009793758392334,0.21428571428571427
12898,0,0,4565,-15.137684106826782,-11.009793758392334,0.21428571428571427
12899,0,0,4564,-15.137684106826782,-11.009793758392334,0.21428571428571427
12900,0,0,4563,-15.137684106826782,-11.009793758392334,0.21428571428571427
12901,0,0,4562,-15.137684106826782,-11.009793758392334,0.21428571428571427
12902,0,0,4561,-15.137684106826782,-11.009793758392334,0.21428571428571427
12903,0,0,4560,-15.137684106826782,-11.009793758392334,0.21428571428571427
12904,0,0,4559,-15.137684106826782,-11.009793758392334,0.21428571428571427
12905,0,0,4558,-15.137684106826782,-11.009793758392334,0.21428571428571427
12906,0,0,4557,-15.137684106826782,-11.009793758392334,0.21428571428571427
12907,0,0,4556,-15.137684106826782,-11.009793758392334,0.21428571428571427
12908,0,0,4555,-15.137684106826782,-11.009793758392334,0.21428571428571427
12909,0,0,4554,-15.137684106826782,-11.009793758392334,0.21428571428571427
12910,0,0,4553,-15.137684106826782,-11.009793758392334,0.21428571428571427
12911,0,0,4552,-15.137684106826782,-11.009793758392334,0.21428571428571427
12912,0,0,4551,-15.137684106826782,-11.009793758392334,0.21428571428571427
12913,0,0,4572,-15.137684106826782,-11.009793758392334,0.21428571428571427
12914,0,0,4573,-15.137684106826782,-11.009793758392334,0.21428571428571427
12915,0,0,4574,-15.137684106826782,-11.009793758392334,0.21428571428571427
12916,0,0,4586,-15.137684106826782,-11.009793758392334,0.21428571428571427
12917,0,0,4595,-15.137684106826782,-11.009793758392334,0.21428571428571427
12918,0,0,4594,-15.137684106826782,-11.009793758392334,0.21428571428571427
12919,0,0,4593,-15.137684106826782,-11.009793758392334,0.21428571428571427
12920,0,0,4592,-15.137684106826782,-11.009793758392334,0.21428571428571427
12921,0,0,4591,-15.137684106826782,-11.009793758392334,0.21428571428571427
12922,0,0,4590,-15.137684106826782,-11.009793758392334,0.21428571428571427
12923,0,0,4589,-15.137684106826782,-11.009793758392334,0.21428571428571427
12924,0,0,4588,-15.137684106826782,-11.009793758392334,0.21428571428571427
12925,0,0,4587,-15.137684106826782,-11.009793758392334,0.21428571428571427
12926,0,0,4585,-15.137684106826782,-11.009793758392334,0.21428571428571427
12927,0,0,4575,-15.137684106826782,-11.009793758392334,0.21428571428571427
12928,0,0,4584,-15.137684106826782,-11.009793758392334,0.21428571428571427
12929,0,0,4583,-15.137684106826782,-11.009793758392334,0.21428571428571427
12930,0,0,4582,-15.137684106826782,-11.009793758392334,0.21428571428571427
12931,0,0,4581,-15.137684106826782,-11.009793758392334,0.21428571428571427
12932,0,0,4580,-15.137684106826782,-11.009793758392334,0.21428571428571427
12933,0,0,4579,-15.137684106826782,-11.009793758392334,0.21428571428571427
12934,0,0,4578,-15.137684106826782,-11.009793758392334,0.21428571428571427
12935,0,0,4577,-15.137684106826782,-11.009793758392334,0.21428571428571427
12936,0,0,4576,-15.137684106826782,-11.009793758392334,0.21428571428571427
12937,0,0,4550,-15.137684106826782,-11.009793758392334,0.21428571428571427
12938,0,0,4548,-15.137684106826782,-11.009793758392334,0.21428571428571427
12939,0,0,4501,-15.137684106826782,-11.009793758392334,0.21428571428571427
12940,0,0,4547,-15.137684106826782,-11.009793758392334,0.21428571428571427
12941,0,0,4522,-15.137684106826782,-11.009793758392334,0.21428571428571427
12942,0,0,4521,-15.137684106826782,-11.009793758392334,0.21428571428571427
12943,0,0,4520,-15.137684106826782,-11.009793758392334,0.21428571428571427
12944,0,0,4519,-15.137684106826782,-11.009793758392334,0.21428571428571427
12945,0,0,4518,-15.137684106826782,-11.009793758392334,0.21428571428571427
12946,0,0,4517,-15.137684106826782,-11.009793758392334,0.21428571428571427
12947,0,0,4516,-15.137684106826782,-11.009793758392334,0.21428571428571427
12948,0,0,4515,-15.137684106826782,-11.009793758392334,0.21428571428571427
12949,0,0,4514,-15.137684106826782,-11.009793758392334,0.21428571428571427
12950,0,0,4513,-15.137684106826782,-11.009793758392334,0.21428571428571427
12951,0,0,4512,-15.137684106826782,-11.009793758392334,0.21428571428571427
12952,0,0,4511,-15.137684106826782,-11.009793758392334,0.21428571428571427
12953,0,0,4510,-15.137684106826782,-11.009793758392334,0.21428571428571427
12954,0,0,4509,-15.137684106826782,-11.009793758392334,0.21428571428571427
12955,0,0,4508,-15.137684106826782,-11.009793758392334,0.21428571428571427
12956,0,0,4507,-15.137684106826782,-11.009793758392334,0.21428571428571427
12957,0,0,4506,-15.137684106826782,-11.009793758392334,0.21428571428571427
12958,0,0,4505,-15.137684106826782,-11.009793758392334,0.21428571428571427
12959,0,0,4504,-15.137684106826782,-11.009793758392334,0.21428571428571427
12960,0,0,4503,-15.137684106826782,-11.009793758392334,0.21428571428571427
12961,0,0,4502,-15.137684106826782,-11.009793758392334,0.21428571428571427
12962,0,0,4523,-15.137684106826782,-11.009793758392334,0.21428571428571427
12963,0,0,4524,-15.137684106826782,-11.009793758392334,0.21428571428571427
12964,0,0,4525,-15.137684106826782,-11.009793758392334,0.21428571428571427
12965,0,0,4537,-15.137684106826782,-11.009793758392334,0.21428571428571427
12966,0,0,4546,-15.137684106826782,-11.009793758392334,0.21428571428571427
12967,0,0,4545,-15.137684106826782,-11.009793758392334,0.21428571428571427
12968,0,0,4544,-15.137684106826782,-11.009793758392334,0.21428571428571427
12969,0,0,4543,-15.137684106826782,-11.009793758392334,0.21428571428571427
12970,0,0,4542,-15.137684106826782,-11.009793758392334,0.21428571428571427
12971,0,0,4541,-15.137684106826782,-11.009793758392334,0.21428571428571427
12972,0,0,4540,-15.137684106826782,-11.009793758392334,0.21428571428571427
12973,0,0,4539,-15.137684106826782,-11.009793758392334,0.21428571428571427
12974,0,0,4538,-15.137684106826782,-11.009793758392334,0.21428571428571427
12975,0,0,4536,-15.137684106826782,-11.009793758392334,0.21428571428571427
12976,0,0,4526,-15.137684106826782,-11.009793758392334,0.21428571428571427
12977,0,0,4535,-15.137684106826782,-11.009793758392334,0.21428571428571427
12978,0,0,4534,-15.137684106826782,-11.009793758392334,0.21428571428571427
12979,0,0,4533,-15.137684106826782,-11.009793758392334,0.21428571428571427
12980,0,0,4532,-15.137684106826782,-11.009793758392334,0.21428571428571427
12981,0,0,4531,-15.137684106826782,-11.009793758392334,0.21428571428571427
12982,0,0,4530,-15.137684106826782,-11.009793758392334,0.21428571428571427
12983,0,0,4529,-15.137684106826782,-11.009793758392334,0.21428571428571427
12984,0,0,4528,-15.137684106826782,-11.009793758392334,0.21428571428571427
12985,0,0,4527,-15.137684106826782,-11.009793758392334,0.21428571428571427
12986,0,0,4596,-15.137684106826782,-11.009793758392334,0.21428571428571427
12987,0,0,4597,-15.137684106826782,-11.009793758392334,0.21428571428571427
12988,0,0,4598,-15.137684106826782,-11.009793758392334,0.21428571428571427
12989,0,0,4599,-15.137684106826782,-11.009793758392334,0.21428571428571427
12990,0,0,4668,-15.137684106826782,-11.009793758392334,0.21428571428571427
12991,0,0,4667,-15.137684106826782,-11.009793758392334,0.21428571428571427
12992,0,0,4666,-15.137684106826782,-11.009793758392334,0.21428571428571427
12993,0,0,4665,-15.137684106826782,-11.009793758392334,0.21428571428571427
12994,0,0,4664,-15.137684106826782,-11.009793758392334,0.21428571428571427
12995,0,0,4663,-15.137684106826782,-11.009793758392334,0.21428571428571427
12996,0,0,4662,-15.137684106826782,-11.009793758392334,0.21428571428571427
12997,0,0,4661,-15.137684106826782,-11.009793758392334,0.21428571428571427
12998,0,0,4660,-15.137684106826782,-11.009793758392334,0.21428571428571427
12999,0,0,4658,-15.137684106826782,-11.009793758392334,0.21428571428571427
13000,0,0,4648,-15.137684106826782,-11.009793758392334,0.21428571428571427
13001,0,0,4657,-15.137684106826782,-11.009793758392334,0.21428571428571427
13002,0,0,4656,-15.137684106826782,-11.009793758392334,0.21428571428571427
13003,0,0,4655,-15.137684106826782,-11.009793758392334,0.21428571428571427
13004,0,0,4654,-15.137684106826782,-11.009793758392334,0.21428571428571427
13005,0,0,4653,-15.137684106826782,-11.009793758392334,0.21428571428571427
13006,0,0,4652,-15.137684106826782,-11.009793758392334,0.21428571428571427
13007,0,0,4651,-15.137684106826782,-11.009793758392334,0.21428571428571427
13008,0,0,4650,-15.137684106826782,-11.009793758392334,0.21428571428571427
13009,0,0,4649,-15.137684106826782,-11.009793758392334,0.21428571428571427
13010,0,0,4669,-15.137684106826782,-11.009793758392334,0.21428571428571427
13011,0,0,4659,-15.137684106826782,-11.009793758392334,0.21428571428571427
13012,0,0,4670,-15.137684106826782,-11.009793758392334,0.21428571428571427
13013,0,0,4683,-15.137684106826782,-11.009793758392334,0.21428571428571427
13014,0,0,4692,-15.137684106826782,-11.009793758392334,0.21428571428571427
13015,0,0,4691,-15.137684106826782,-11.009793758392334,0.21428571428571427
13016,0,0,4690,-15.137684106826782,-11.009793758392334,0.21428571428571427
13017,0,0,4689,-15.137684106826782,-11.009793758392334,0.21428571428571427
13018,0,0,4688,-15.137684106826782,-11.009793758392334,0.21428571428571427
13019,0,0,4687,-15.137684106826782,-11.009793758392334,0.21428571428571427
13020,0,0,4686,-15.137684106826782,-11.009793758392334,0.21428571428571427
13021,0,0,4685,-15.137684106826782,-11.009793758392334,0.21428571428571427
13022,0,0,4684,-15.137684106826782,-11.009793758392334,0.21428571428571427
13023,0,0,4682,-15.137684106826782,-11.009793758392334,0.21428571428571427
13024,0,0,4672,-15.137684106826782,-11.009793758392334,0.21428571428571427
13025,0,0,4681,-15.137684106826782,-11.009793758392334,0.21428571428571427
13026,0,0,4680,-15.137684106826782,-11.009793758392334,0.21428571428571427
13027,0,0,4679,-15.137684106826782,-11.009793758392334,0.21428571428571427
13028,0,0,4678,-15.137684106826782,-11.009793758392334,0.21428571428571427
13029,0,0,4677,-15.137684106826782,-11.009793758392334,0.21428571428571427
13030,0,0,4676,-15.137684106826782,-11.009793758392334,0.21428571428571427
13031,0,0,4675,-15.137684106826782,-11.009793758392334,0.21428571428571427
13032,0,0,4674,-15.137684106826782,-11.009793758392334,0.21428571428571427
13033,0,0,4673,-15.137684106826782,-11.009793758392334,0.21428571428571427
13034,0,0,4671,-15.137684106826782,-11.009793758392334,0.21428571428571427
13035,0,0,4647,-15.137684106826782,-11.009793758392334,0.21428571428571427
13036,0,0,4646,-15.137684106826782,-11.009793758392334,0.21428571428571427
13037,0,0,4645,-15.137684106826782,-11.009793758392334,0.21428571428571427
13038,0,0,4620,-15.137684106826782,-11.009793758392334,0.21428571428571427
13039,0,0,4619,-15.137684106826782,-11.009793758392334,0.21428571428571427
13040,0,0,4618,-15.137684106826782,-11.009793758392334,0.21428571428571427
13041,0,0,4617,-15.137684106826782,-11.009793758392334,0.21428571428571427
13042,0,0,4616,-15.137684106826782,-11.009793758392334,0.21428571428571427
13043,0,0,4615,-15.137684106826782,-11.009793758392334,0.21428571428571427
13044,0,0,4614,-15.137684106826782,-11.009793758392334,0.21428571428571427
13045,0,0,4613,-15.137684106826782,-11.009793758392334,0.21428571428571427
13046,0,0,4612,-15.137684106826782,-11.009793758392334,0.21428571428571427
13047,0,0,4611,-15.137684106826782,-11.009793758392334,0.21428571428571427
13048,0,0,4610,-15.137684106826782,-11.009793758392334,0.21428571428571427
13049,0,0,4609,-15.137684106826782,-11.009793758392334,0.21428571428571427
13050,0,0,4608,-15.137684106826782,-11.009793758392334,0.21428571428571427
13051,0,0,4607,-15.137684106826782,-11.009793758392334,0.21428571428571427
13052,0,0,4606,-15.137684106826782,-11.009793758392334,0.21428571428571427
13053,0,0,4605,-15.137684106826782,-11.009793758392334,0.21428571428571427
13054,0,0,4604,-15.137684106826782,-11.009793758392334,0.21428571428571427
13055,0,0,4603,-15.137684106826782,-11.009793758392334,0.21428571428571427
13056,0,0,4602,-15.137684106826782,-11.009793758392334,0.21428571428571427
13057,0,0,4601,-15.137684106826782,-11.009793758392334,0.21428571428571427
13058,0,0,4600,-15.137684106826782,-11.009793758392334,0.21428571428571427
13059,0,0,4621,-15.137684106826782,-11.009793758392334,0.21428571428571427
13060,0,0,4622,-15.137684106826782,-11.009793758392334,0.21428571428571427
13061,0,0,4623,-15.137684106826782,-11.009793758392334,0.21428571428571427
13062,0,0,4635,-15.137684106826782,-11.009793758392334,0.21428571428571427
13063,0,0,4644,-15.137684106826782,-11.009793758392334,0.21428571428571427
13064,0,0,4643,-15.137684106826782,-11.009793758392334,0.21428571428571427
13065,0,0,4642,-15.137684106826782,-11.009793758392334,0.21428571428571427
13066,0,0,4641,-15.137684106826782,-11.009793758392334,0.21428571428571427
13067,0,0,4640,-15.137684106826782,-11.009793758392334,0.21428571428571427
13068,0,0,4639,-15.137684106826782,-11.009793758392334,0.21428571428571427
13069,0,0,4638,-15.137684106826782,-11.009793758392334,0.21428571428571427
13070,0,0,4637,-15.137684106826782,-11.009793758392334,0.21428571428571427
13071,0,0,4636,-15.137684106826782,-11.009793758392334,0.21428571428571427
13072,0,0,4634,-15.137684106826782,-11.009793758392334,0.21428571428571427
13073,0,0,4624,-15.137684106826782,-11.009793758392334,0.21428571428571427
13074,0,0,4633,-15.137684106826782,-11.009793758392334,0.21428571428571427
13075,0,0,4632,-15.137684106826782,-11.009793758392334,0.21428571428571427
13076,0,0,4631,-15.137684106826782,-11.009793758392334,0.21428571428571427
13077,0,0,4630,-15.137684106826782,-11.009793758392334,0.21428571428571427
13078,0,0,4629,-15.137684106826782,-11.009793758392334,0.21428571428571427
13079,0,0,4628,-15.137684106826782,-11.009793758392334,0.21428571428571427
13080,0,0,4627,-15.137684106826782,-11.009793758392334,0.21428571428571427
13081,0,0,4626,-15.137684106826782,-11.009793758392334,0.21428571428571427
13082,0,0,4625,-15.137684106826782,-11.009793758392334,0.21428571428571427
13083,0,0,4549,-15.137684106826782,-11.009793758392334,0.21428571428571427
13084,0,0,4499,-15.137684106826782,-11.009793758392334,0.21428571428571427
13085,0,0,4354,-15.137684106826782,-11.009793758392334,0.21428571428571427
13086,0,0,4498,-15.137684106826782,-11.009793758392334,0.21428571428571427
13087,0,0,4376,-15.137684106826782,-11.009793758392334,0.21428571428571427
13088,0,0,4375,-15.137684106826782,-11.009793758392334,0.21428571428571427
13089,0,0,4374,-15.137684106826782,-11.009793758392334,0.21428571428571427
13090,0,0,4373,-15.137684106826782,-11.009793758392334,0.21428571428571427
13091,0,0,4372,-15.137684106826782,-11.009793758392334,0.21428571428571427
13092,0,0,4371,-15.137684106826782,-11.009793758392334,0.21428571428571427
13093,0,0,4370,-15.137684106826782,-11.009793758392334,0.21428571428571427
13094,0,0,4369,-15.137684106826782,-11.009793758392334,0.21428571428571427
13095,0,0,4368,-15.137684106826782,-11.009793758392334,0.21428571428571427
13096,0,0,4367,-15.137684106826782,-11.009793758392334,0.21428571428571427
13097,0,0,4366,-15.137684106826782,-11.009793758392334,0.21428571428571427
13098,0,0,4365,-15.137684106826782,-11.009793758392334,0.21428571428571427
13099,0,0,4364,-15.137684106826782,-11.009793758392334,0.21428571428571427
13100,0,0,4363,-15.137684106826782,-11.009793758392334,0.21428571428571427
13101,0,0,4362,-15.137684106826782,-11.009793758392334,0.21428571428571427
13102,0,0,4361,-15.137684106826782,-11.009793758392334,0.21428571428571427
13103,0,0,4360,-15.137684106826782,-11.009793758392334,0.21428571428571427
13104,0,0,4359,-15.137684106826782,-11.009793758392334,0.21428571428571427
13105,0,0,4358,-15.137684106826782,-11.009793758392334,0.21428571428571427
13106,0,0,4357,-15.137684106826782,-11.009793758392334,0.21428571428571427
13107,0,0,4356,-15.137684106826782,-11.009793758392334,0.21428571428571427
13108,0,0,4377,-15.137684106826782,-11.009793758392334,0.21428571428571427
13109,0,0,4378,-15.137684106826782,-11.009793758392334,0.21428571428571427
13110,0,0,4379,-15.137684106826782,-11.009793758392334,0.21428571428571427
13111,0,0,4391,-15.137684106826782,-11.009793758392334,0.21428571428571427
13112,0,0,4400,-15.137684106826782,-11.009793758392334,0.21428571428571427
13113,0,0,4399,-15.137684106826782,-11.009793758392334,0.21428571428571427
13114,0,0,4398,-15.137684106826782,-11.009793758392334,0.21428571428571427
13115,0,0,4397,-15.137684106826782,-11.009793758392334,0.21428571428571427
13116,0,0,4396,-15.137684106826782,-11.009793758392334,0.21428571428571427
13117,0,0,4395,-15.137684106826782,-11.009793758392334,0.21428571428571427
13118,0,0,4394,-15.137684106826782,-11.009793758392334,0.21428571428571427
13119,0,0,4393,-15.137684106826782,-11.009793758392334,0.21428571428571427
13120,0,0,4392,-15.137684106826782,-11.009793758392334,0.21428571428571427
13121,0,0,4390,-15.137684106826782,-11.009793758392334,0.21428571428571427
13122,0,0,4380,-15.137684106826782,-11.009793758392334,0.21428571428571427
13123,0,0,4389,-15.137684106826782,-11.009793758392334,0.21428571428571427
13124,0,0,4388,-15.137684106826782,-11.009793758392334,0.21428571428571427
13125,0,0,4387,-15.137684106826782,-11.009793758392334,0.21428571428571427
13126,0,0,4386,-15.137684106826782,-11.009793758392334,0.21428571428571427
13127,0,0,4385,-15.137684106826782,-11.009793758392334,0.21428571428571427
13128,0,0,4384,-15.137684106826782,-11.009793758392334,0.21428571428571427
13129,0,0,4383,-15.137684106826782,-11.009793758392334,0.21428571428571427
13130,0,0,4382,-15.137684106826782,-11.009793758392334,0.21428571428571427
13131,0,0,4381,-15.137684106826782,-11.009793758392334,0.21428571428571427
13132,0,0,4355,-15.137684106826782,-11.009793758392334,0.21428571428571427
13133,0,0,4353,-15.137684106826782,-11.009793758392334,0.21428571428571427
13134,0,0,4306,-15.137684106826782,-11.009793758392334,0.21428571428571427
13135,0,0,4352,-15.137684106826782,-11.009793758392334,0.21428571428571427
13136,0,0,4327,-15.137684106826782,-11.009793758392334,0.21428571428571427
13137,0,0,4326,-15.137684106826782,-11.009793758392334,0.21428571428571427
13138,0,0,4325,-15.137684106826782,-11.009793758392334,0.21428571428571427
13139,0,0,4324,-15.137684106826782,-11.009793758392334,0.21428571428571427
13140,0,0,4323,-15.137684106826782,-11.009793758392334,0.21428571428571427
13141,0,0,4322,-15.137684106826782,-11.009793758392334,0.21428571428571427
13142,0,0,4321,-15.137684106826782,-11.009793758392334,0.21428571428571427
13143,0,0,4320,-15.137684106826782,-11.009793758392334,0.21428571428571427
13144,0,0,4319,-15.137684106826782,-11.009793758392334,0.21428571428571427
13145,0,0,4318,-15.137684106826782,-11.009793758392334,0.21428571428571427
13146,0,0,4317,-15.137684106826782,-11.009793758392334,0.21428571428571427
13147,0,0,4316,-15.137684106826782,-11.009793758392334,0.21428571428571427
13148,0,0,4315,-15.137684106826782,-11.009793758392334,0.21428571428571427
13149,0,0,4314,-15.137684106826782,-11.009793758392334,0.21428571428571427
13150,0,0,4313,-15.137684106826782,-11.009793758392334,0.21428571428571427
13151,0,0,4312,-15.137684106826782,-11.009793758392334,0.21428571428571427
13152,0,0,4311,-15.137684106826782,-11.009793758392334,0.21428571428571427
13153,0,0,4310,-15.137684106826782,-11.009793758392334,0.21428571428571427
13154,0,0,4309,-15.137684106826782,-11.009793758392334,0.21428571428571427
13155,0,0,4308,-15.137684106826782,-11.009793758392334,0.21428571428571427
13156,0,0,4307,-15.137684106826782,-11.009793758392334,0.21428571428571427
13157,0,0,4328,-15.137684106826782,-11.009793758392334,0.21428571428571427
13158,0,0,4329,-15.137684106826782,-11.009793758392334,0.21428571428571427
13159,0,0,4330,-15.137684106826782,-11.009793758392334,0.21428571428571427
13160,0,0,4342,-15.137684106826782,-11.009793758392334,0.21428571428571427
13161,0,0,4351,-15.137684106826782,-11.009793758392334,0.21428571428571427
13162,0,0,4350,-15.137684106826782,-11.009793758392334,0.21428571428571427
13163,0,0,4349,-15.137684106826782,-11.009793758392334,0.21428571428571427
13164,0,0,4348,-15.137684106826782,-11.009793758392334,0.21428571428571427
13165,0,0,4347,-15.137684106826782,-11.009793758392334,0.21428571428571427
13166,0,0,4346,-15.137684106826782,-11.009793758392334,0.21428571428571427
13167,0,0,4345,-15.137684106826782,-11.009793758392334,0.21428571428571427
13168,0,0,4344,-15.137684106826782,-11.009793758392334,0.21428571428571427
13169,0,0,4343,-15.137684106826782,-11.009793758392334,0.21428571428571427
13170,0,0,4341,-15.137684106826782,-11.009793758392334,0.21428571428571427
13171,0,0,4331,-15.137684106826782,-11.009793758392334,0.21428571428571427
13172,0,0,4340,-15.137684106826782,-11.009793758392334,0.21428571428571427
13173,0,0,4339,-15.137684106826782,-11.009793758392334,0.21428571428571427
13174,0,0,4338,-15.137684106826782,-11.009793758392334,0.21428571428571427
13175,0,0,4337,-15.137684106826782,-11.009793758392334,0.21428571428571427
13176,0,0,4336,-15.137684106826782,-11.009793758392334,0.21428571428571427
13177,0,0,4335,-15.137684106826782,-11.009793758392334,0.21428571428571427
13178,0,0,4334,-15.137684106826782,-11.009793758392334,0.21428571428571427
13179,0,0,4333,-15.137684106826782,-11.009793758392334,0.21428571428571427
13180,0,0,4332,-15.137684106826782,-11.009793758392334,0.21428571428571427
13181,0,0,4401,-15.137684106826782,-11.009793758392334,0.21428571428571427
13182,0,0,4402,-15.137684106826782,-11.009793758392334,0.21428571428571427
13183,0,0,4403,-15.137684106826782,-11.009793758392334,0.21428571428571427
13184,0,0,4404,-15.137684106826782,-11.009793758392334,0.21428571428571427
13185,0,0,4473,-15.137684106826782,-11.009793758392334,0.21428571428571427
13186,0,0,4472,-15.137684106826782,-11.009793758392334,0.21428571428571427
13187,0,0,4471,-15.137684106826782,-11.009793758392334,0.21428571428571427
13188,0,0,4470,-15.137684106826782,-11.009793758392334,0.21428571428571427
13189,0,0,4469,-15.137684106826782,-11.009793758392334,0.21428571428571427
13190,0,0,4468,-15.137684106826782,-11.009793758392334,0.21428571428571427
13191,0,0,4467,-15.137684106826782,-11.009793758392334,0.21428571428571427
13192,0,0,4466,-15.137684106826782,-11.009793758392334,0.21428571428571427
13193,0,0,4465,-15.137684106826782,-11.009793758392334,0.21428571428571427
13194,0,0,4463,-15.137684106826782,-11.009793758392334,0.21428571428571427
13195,0,0,4453,-15.137684106826782,-11.009793758392334,0.21428571428571427
13196,0,0,4462,-15.137684106826782,-11.009793758392334,0.21428571428571427
13197,0,0,4461,-15.137684106826782,-11.009793758392334,0.21428571428571427
13198,0,0,4460,-15.137684106826782,-11.009793758392334,0.21428571428571427
13199,0,0,4459,-15.137684106826782,-11.009793758392334,0.21428571428571427
13200,0,0,4458,-15.137684106826782,-11.009793758392334,0.21428571428571427
13201,0,0,4457,-15.137684106826782,-11.009793758392334,0.21428571428571427
13202,0,0,4456,-15.137684106826782,-11.009793758392334,0.21428571428571427
13203,0,0,4455,-15.137684106826782,-11.009793758392334,0.21428571428571427
13204,0,0,4454,-15.137684106826782,-11.009793758392334,0.21428571428571427
13205,0,0,4474,-15.137684106826782,-11.009793758392334,0.21428571428571427
13206,0,0,4464,-15.137684106826782,-11.009793758392334,0.21428571428571427
13207,0,0,4475,-15.137684106826782,-11.009793758392334,0.21428571428571427
13208,0,0,4488,-15.137684106826782,-11.009793758392334,0.21428571428571427
13209,0,0,4497,-15.137684106826782,-11.009793758392334,0.21428571428571427
13210,0,0,4496,-15.137684106826782,-11.009793758392334,0.21428571428571427
13211,0,0,4495,-15.137684106826782,-11.009793758392334,0.21428571428571427
13212,0,0,4494,-15.137684106826782,-11.009793758392334,0.21428571428571427
13213,0,0,4493,-15.137684106826782,-11.009793758392334,0.21428571428571427
13214,0,0,4492,-15.137684106826782,-11.009793758392334,0.21428571428571427
13215,0,0,4491,-15.137684106826782,-11.009793758392334,0.21428571428571427
13216,0,0,4490,-15.137684106826782,-11.009793758392334,0.21428571428571427
13217,0,0,4489,-15.137684106826782,-11.009793758392334,0.21428571428571427
13218,0,0,4487,-15.137684106826782,-11.009793758392334,0.21428571428571427
13219,0,0,4477,-15.137684106826782,-11.009793758392334,0.21428571428571427
13220,0,0,4486,-15.137684106826782,-11.009793758392334,0.21428571428571427
13221,0,0,4485,-15.137684106826782,-11.009793758392334,0.21428571428571427
13222,0,0,4484,-15.137684106826782,-11.009793758392334,0.21428571428571427
13223,0,0,4483,-15.137684106826782,-11.009793758392334,0.21428571428571427
13224,0,0,4482,-15.137684106826782,-11.009793758392334,0.21428571428571427
13225,0,0,4481,-15.137684106826782,-11.009793758392334,0.21428571428571427
13226,0,0,4480,-15.137684106826782,-11.009793758392334,0.21428571428571427
13227,0,0,4479,-15.137684106826782,-11.009793758392334,0.21428571428571427
13228,0,0,4478,-15.137684106826782,-11.009793758392334,0.21428571428571427
13229,0,0,4476,-15.137684106826782,-11.009793758392334,0.21428571428571427
13230,0,0,4452,-15.137684106826782,-11.009793758392334,0.21428571428571427
13231,0,0,4451,-15.137684106826782,-11.009793758392334,0.21428571428571427
13232,0,0,4450,-15.137684106826782,-11.009793758392334,0.21428571428571427
13233,0,0,4425,-15.137684106826782,-11.009793758392334,0.21428571428571427
13234,0,0,4424,-15.137684106826782,-11.009793758392334,0.21428571428571427
13235,0,0,4423,-15.137684106826782,-11.009793758392334,0.21428571428571427
13236,0,0,4422,-15.137684106826782,-11.009793758392334,0.21428571428571427
13237,0,0,4421,-15.137684106826782,-11.009793758392334,0.21428571428571427
13238,0,0,4420,-15.137684106826782,-11.009793758392334,0.21428571428571427
13239,0,0,4419,-15.137684106826782,-11.009793758392334,0.21428571428571427
13240,0,0,4418,-15.137684106826782,-11.009793758392334,0.21428571428571427
13241,0,0,4417,-15.137684106826782,-11.009793758392334,0.21428571428571427
13242,0,0,4416,-15.137684106826782,-11.009793758392334,0.21428571428571427
13243,0,0,4415,-15.137684106826782,-11.009793758392334,0.21428571428571427
13244,0,0,4414,-15.137684106826782,-11.009793758392334,0.21428571428571427
13245,0,0,4413,-15.137684106826782,-11.009793758392334,0.21428571428571427
13246,0,0,4412,-15.137684106826782,-11.009793758392334,0.21428571428571427
13247,0,0,4411,-15.137684106826782,-11.009793758392334,0.21428571428571427
13248,0,0,4410,-15.137684106826782,-11.009793758392334,0.21428571428571427
13249,0,0,4409,-15.137684106826782,-11.009793758392334,0.21428571428571427
13250,0,0,4408,-15.137684106826782,-11.009793758392334,0.21428571428571427
13251,0,0,4407,-15.137684106826782,-11.009793758392334,0.21428571428571427
13252,0,0,4406,-15.137684106826782,-11.009793758392334,0.21428571428571427
13253,0,0,4405,-15.137684106826782,-11.009793758392334,0.21428571428571427
13254,0,0,4426,-15.137684106826782,-11.009793758392334,0.21428571428571427
13255,0,0,4427,-15.137684106826782,-11.009793758392334,0.21428571428571427
13256,0,0,4428,-15.137684106826782,-11.009793758392334,0.21428571428571427
13257,0,0,4440,-15.137684106826782,-11.009793758392334,0.21428571428571427
13258,0,0,4449,-15.137684106826782,-11.009793758392334,0.21428571428571427
13259,0,0,4448,-15.137684106826782,-11.009793758392334,0.21428571428571427
13260,0,0,4447,-15.137684106826782,-11.009793758392334,0.21428571428571427
13261,0,0,4446,-15.137684106826782,-11.009793758392334,0.21428571428571427
13262,0,0,4445,-15.137684106826782,-11.009793758392334,0.21428571428571427
13263,0,0,4444,-15.137684106826782,-11.009793758392334,0.21428571428571427
13264,0,0,4443,-15.137684106826782,-11.009793758392334,0.21428571428571427
13265,0,0,4442,-15.137684106826782,-11.009793758392334,0.21428571428571427
13266,0,0,4441,-15.137684106826782,-11.009793758392334,0.21428571428571427
13267,0,0,4439,-15.137684106826782,-11.009793758392334,0.21428571428571427
13268,0,0,4429,-15.137684106826782,-11.009793758392334,0.21428571428571427
13269,0,0,4438,-15.137684106826782,-11.009793758392334,0.21428571428571427
13270,0,0,4437,-15.137684106826782,-11.009793758392334,0.21428571428571427
13271,0,0,4436,-15.137684106826782,-11.009793758392334,0.21428571428571427
13272,0,0,4435,-15.137684106826782,-11.009793758392334,0.21428571428571427
13273,0,0,4434,-15.137684106826782,-11.009793758392334,0.21428571428571427
13274,0,0,4433,-15.137684106826782,-11.009793758392334,0.21428571428571427
13275,0,0,4432,-15.137684106826782,-11.009793758392334,0.21428571428571427
13276,0,0,4431,-15.137684106826782,-11.009793758392334,0.21428571428571427
13277,0,0,4430,-15.137684106826782,-11.009793758392334,0.21428571428571427
13278,0,0,4012,-15.137684106826782,-11.009793758392334,0.21428571428571427
13279,0,0,3913,-15.137684106826782,-11.009793758392334,0.21428571428571427
13280,0,0,3231,-15.137684106826782,-11.009793758392334,0.21428571428571427
13281,0,0,3912,-15.137684106826782,-11.009793758392334,0.21428571428571427
13282,0,0,3400,-15.137684106826782,-11.009793758392334,0.21428571428571427
13283,0,0,3399,-15.137684106826782,-11.009793758392334,0.21428571428571427
13284,0,0,3398,-15.137684106826782,-11.009793758392334,0.21428571428571427
13285,0,0,3397,-15.137684106826782,-11.009793758392334,0.21428571428571427
13286,0,0,3396,-15.137684106826782,-11.009793758392334,0.21428571428571427
13287,0,0,3395,-15.137684106826782,-11.009793758392334,0.21428571428571427
13288,0,0,3394,-15.137684106826782,-11.009793758392334,0.21428571428571427
13289,0,0,3393,-15.137684106826782,-11.009793758392334,0.21428571428571427
13290,0,0,3392,-15.137684106826782,-11.009793758392334,0.21428571428571427
13291,0,0,3391,-15.137684106826782,-11.009793758392334,0.21428571428571427
13292,0,0,3390,-15.137684106826782,-11.009793758392334,0.21428571428571427
13293,0,0,3389,-15.137684106826782,-11.009793758392334,0.21428571428571427
13294,0,0,3388,-15.137684106826782,-11.009793758392334,0.21428571428571427
13295,0,0,3387,-15.137684106826782,-11.009793758392334,0.21428571428571427
13296,0,0,3386,-15.137684106826782,-11.009793758392334,0.21428571428571427
13297,0,0,3385,-15.137684106826782,-11.009793758392334,0.21428571428571427
13298,0,0,3384,-15.137684106826782,-11.009793758392334,0.21428571428571427
13299,0,0,3383,-15.137684106826782,-11.009793758392334,0.21428571428571427
13300,0,0,3382,-15.137684106826782,-11.009793758392334,0.21428571428571427
13301,0,0,3381,-15.137684106826782,-11.009793758392334,0.21428571428571427
13302,0,0,3380,-15.137684106826782,-11.009793758392334,0.21428571428571427
13303,0,0,3401,-15.137684106826782,-11.009793758392334,0.21428571428571427
13304,0,0,3402,-15.137684106826782,-11.009793758392334,0.21428571428571427
13305,0,0,3403,-15.137684106826782,-11.009793758392334,0.21428571428571427
13306,0,0,3415,-15.137684106826782,-11.009793758392334,0.21428571428571427
13307,0,0,3424,-15.137684106826782,-11.009793758392334,0.21428571428571427
13308,0,0,3423,-15.137684106826782,-11.009793758392334,0.21428571428571427
13309,0,0,3422,-15.137684106826782,-11.009793758392334,0.21428571428571427
13310,0,0,3421,-15.137684106826782,-11.009793758392334,0.21428571428571427
13311,0,0,3420,-15.137684106826782,-11.009793758392334,0.21428571428571427
13312,0,0,3419,-15.137684106826782,-11.009793758392334,0.21428571428571427
13313,0,0,3418,-15.137684106826782,-11.009793758392334,0.21428571428571427
13314,0,0,3417,-15.137684106826782,-11.009793758392334,0.21428571428571427
13315,0,0,3416,-15.137684106826782,-11.009793758392334,0.21428571428571427
13316,0,0,3414,-15.137684106826782,-11.009793758392334,0.21428571428571427
13317,0,0,3404,-15.137684106826782,-11.009793758392334,0.21428571428571427
13318,0,0,3413,-15.137684106826782,-11.009793758392334,0.21428571428571427
13319,0,0,3412,-15.137684106826782,-11.009793758392334,0.21428571428571427
13320,0,0,3411,-15.137684106826782,-11.009793758392334,0.21428571428571427
13321,0,0,3410,-15.137684106826782,-11.009793758392334,0.21428571428571427
13322,0,0,3409,-15.137684106826782,-11.009793758392334,0.21428571428571427
13323,0,0,3408,-15.137684106826782,-11.009793758392334,0.21428571428571427
13324,0,0,3407,-15.137684106826782,-11.009793758392334,0.21428571428571427
13325,0,0,3406,-15.137684106826782,-11.009793758392334,0.21428571428571427
13326,0,0,3405,-15.137684106826782,-11.009793758392334,0.21428571428571427
13327,0,0,3379,-15.137684106826782,-11.009793758392334,0.21428571428571427
13328,0,0,3377,-15.137684106826782,-11.009793758392334,0.21428571428571427
13329,0,0,3330,-15.137684106826782,-11.009793758392334,0.21428571428571427
13330,0,0,3376,-15.137684106826782,-11.009793758392334,0.21428571428571427
13331,0,0,3351,-15.137684106826782,-11.009793758392334,0.21428571428571427
13332,0,0,3350,-15.137684106826782,-11.009793758392334,0.21428571428571427
13333,0,0,3349,-15.137684106826782,-11.009793758392334,0.21428571428571427
13334,0,0,3348,-15.137684106826782,-11.009793758392334,0.21428571428571427
13335,0,0,3347,-15.137684106826782,-11.009793758392334,0.21428571428571427
13336,0,0,3346,-15.137684106826782,-11.009793758392334,0.21428571428571427
13337,0,0,3345,-15.137684106826782,-11.009793758392334,0.21428571428571427
13338,0,0,3344,-15.137684106826782,-11.009793758392334,0.21428571428571427
13339,0,0,3343,-15.137684106826782,-11.009793758392334,0.21428571428571427
13340,0,0,3342,-15.137684106826782,-11.009793758392334,0.21428571428571427
13341,0,0,3341,-15.137684106826782,-11.009793758392334,0.21428571428571427
13342,0,0,3340,-15.137684106826782,-11.009793758392334,0.21428571428571427
13343,0,0,3339,-15.137684106826782,-11.009793758392334,0.21428571428571427
13344,0,0,3338,-15.137684106826782,-11.009793758392334,0.21428571428571427
13345,0,0,3337,-15.137684106826782,-11.009793758392334,0.21428571428571427
13346,0,0,3336,-15.137684106826782,-11.009793758392334,0.21428571428571427
13347,0,0,3335,-15.137684106826782,-11.009793758392334,0.21428571428571427
13348,0,0,3334,-15.137684106826782,-11.009793758392334,0.21428571428571427
13349,0,0,3333,-15.137684106826782,-11.009793758392334,0.21428571428571427
13350,0,0,3332,-15.137684106826782,-11.009793758392334,0.21428571428571427
13351,0,0,3331,-15.137684106826782,-11.009793758392334,0.21428571428571427
13352,0,0,3352,-15.137684106826782,-11.009793758392334,0.21428571428571427
13353,0,0,3353,-15.137684106826782,-11.009793758392334,0.21428571428571427
13354,0,0,3354,-15.137684106826782,-11.009793758392334,0.21428571428571427
13355,0,0,3366,-15.137684106826782,-11.009793758392334,0.21428571428571427
13356,0,0,3375,-15.137684106826782,-11.009793758392334,0.21428571428571427
13357,0,0,3374,-15.137684106826782,-11.009793758392334,0.21428571428571427
13358,0,0,3373,-15.137684106826782,-11.009793758392334,0.21428571428571427
13359,0,0,3372,-15.137684106826782,-11.009793758392334,0.21428571428571427
13360,0,0,3371,-15.137684106826782,-11.009793758392334,0.21428571428571427
13361,0,0,3370,-15.137684106826782,-11.009793758392334,0.21428571428571427
13362,0,0,3369,-15.137684106826782,-11.009793758392334,0.21428571428571427
13363,0,0,3368,-15.137684106826782,-11.009793758392334,0.21428571428571427
13364,0,0,3367,-15.137684106826782,-11.009793758392334,0.21428571428571427
13365,0,0,3365,-15.137684106826782,-11.009793758392334,0.21428571428571427
13366,0,0,3355,-15.137684106826782,-11.009793758392334,0.21428571428571427
13367,0,0,3364,-15.137684106826782,-11.009793758392334,0.21428571428571427
13368,0,0,3363,-15.137684106826782,-11.009793758392334,0.21428571428571427
13369,0,0,3362,-15.137684106826782,-11.009793758392334,0.21428571428571427
13370,0,0,3361,-15.137684106826782,-11.009793758392334,0.21428571428571427
13371,0,0,3360,-15.137684106826782,-11.009793758392334,0.21428571428571427
13372,0,0,3359,-15.137684106826782,-11.009793758392334,0.21428571428571427
13373,0,0,3358,-15.137684106826782,-11.009793758392334,0.21428571428571427
13374,0,0,3357,-15.137684106826782,-11.009793758392334,0.21428571428571427
13375,0,0,3356,-15.137684106826782,-11.009793758392334,0.21428571428571427
13376,0,0,3425,-15.137684106826782,-11.009793758392334,0.21428571428571427
13377,0,0,3426,-15.137684106826782,-11.009793758392334,0.21428571428571427
13378,0,0,3427,-15.137684106826782,-11.009793758392334,0.21428571428571427
13379,0,0,3428,-15.137684106826782,-11.009793758392334,0.21428571428571427
13380,0,0,3497,-15.137684106826782,-11.009793758392334,0.21428571428571427
13381,0,0,3496,-15.137684106826782,-11.009793758392334,0.21428571428571427
13382,0,0,3495,-15.137684106826782,-11.009793758392334,0.21428571428571427
13383,0,0,3494,-15.137684106826782,-11.009793758392334,0.21428571428571427
13384,0,0,3493,-15.137684106826782,-11.009793758392334,0.21428571428571427
13385,0,0,3492,-15.137684106826782,-11.009793758392334,0.21428571428571427
13386,0,0,3491,-15.137684106826782,-11.009793758392334,0.21428571428571427
13387,0,0,3490,-15.137684106826782,-11.009793758392334,0.21428571428571427
13388,0,0,3489,-15.137684106826782,-11.009793758392334,0.21428571428571427
13389,0,0,3487,-15.137684106826782,-11.009793758392334,0.21428571428571427
13390,0,0,3477,-15.137684106826782,-11.009793758392334,0.21428571428571427
13391,0,0,3486,-15.137684106826782,-11.009793758392334,0.21428571428571427
13392,0,0,3485,-15.137684106826782,-11.009793758392334,0.21428571428571427
13393,0,0,3484,-15.137684106826782,-11.009793758392334,0.21428571428571427
13394,0,0,3483,-15.137684106826782,-11.009793758392334,0.21428571428571427
13395,0,0,3482,-15.137684106826782,-11.009793758392334,0.21428571428571427
13396,0,0,3481,-15.137684106826782,-11.009793758392334,0.21428571428571427
13397,0,0,3480,-15.137684106826782,-11.009793758392334,0.21428571428571427
13398,0,0,3479,-15.137684106826782,-11.009793758392334,0.21428571428571427
13399,0,0,3478,-15.137684106826782,-11.009793758392334,0.21428571428571427
13400,0,0,3498,-15.137684106826782,-11.009793758392334,0.21428571428571427
13401,0,0,3488,-15.137684106826782,-11.009793758392334,0.21428571428571427
13402,0,0,3499,-15.137684106826782,-11.009793758392334,0.21428571428571427
13403,0,0,3512,-15.137684106826782,-11.009793758392334,0.21428571428571427
13404,0,0,3521,-15.137684106826782,-11.009793758392334,0.21428571428571427
13405,0,0,3520,-15.137684106826782,-11.009793758392334,0.21428571428571427
13406,0,0,3519,-15.137684106826782,-11.009793758392334,0.21428571428571427
13407,0,0,3518,-15.137684106826782,-11.009793758392334,0.21428571428571427
13408,0,0,3517,-15.137684106826782,-11.009793758392334,0.21428571428571427
13409,0,0,3516,-15.137684106826782,-11.009793758392334,0.21428571428571427
13410,0,0,3515,-15.137684106826782,-11.009793758392334,0.21428571428571427
13411,0,0,3514,-15.137684106826782,-11.009793758392334,0.21428571428571427
13412,0,0,3513,-15.137684106826782,-11.009793758392334,0.21428571428571427
13413,0,0,3511,-15.137684106826782,-11.009793758392334,0.21428571428571427
13414,0,0,3501,-15.137684106826782,-11.009793758392334,0.21428571428571427
13415,0,0,3510,-15.137684106826782,-11.009793758392334,0.21428571428571427
13416,0,0,3509,-15.137684106826782,-11.009793758392334,0.21428571428571427
13417,0,0,3508,-15.137684106826782,-11.009793758392334,0.21428571428571427
13418,0,0,3507,-15.137684106826782,-11.009793758392334,0.21428571428571427
13419,0,0,3506,-15.137684106826782,-11.009793758392334,0.21428571428571427
13420,0,0,3505,-15.137684106826782,-11.009793758392334,0.21428571428571427
13421,0,0,3504,-15.137684106826782,-11.009793758392334,0.21428571428571427
13422,0,0,3503,-15.137684106826782,-11.009793758392334,0.21428571428571427
13423,0,0,3502,-15.137684106826782,-11.009793758392334,0.21428571428571427
13424,0,0,3500,-15.137684106826782,-11.009793758392334,0.21428571428571427
13425,0,0,3476,-15.137684106826782,-11.009793758392334,0.21428571428571427
13426,0,0,3475,-15.137684106826782,-11.009793758392334,0.21428571428571427
13427,0,0,3474,-15.137684106826782,-11.009793758392334,0.21428571428571427
13428,0,0,3449,-15.137684106826782,-11.009793758392334,0.21428571428571427
13429,0,0,3448,-15.137684106826782,-11.009793758392334,0.21428571428571427
13430,0,0,3447,-15.137684106826782,-11.009793758392334,0.21428571428571427
13431,0,0,3446,-15.137684106826782,-11.009793758392334,0.21428571428571427
13432,0,0,3445,-15.137684106826782,-11.009793758392334,0.21428571428571427
13433,0,0,3444,-15.137684106826782,-11.009793758392334,0.21428571428571427
13434,0,0,3443,-15.137684106826782,-11.009793758392334,0.21428571428571427
13435,0,0,3442,-15.137684106826782,-11.009793758392334,0.21428571428571427
13436,0,0,3441,-15.137684106826782,-11.009793758392334,0.21428571428571427
13437,0,0,3440,-15.137684106826782,-11.009793758392334,0.21428571428571427
13438,0,0,3439,-15.137684106826782,-11.009793758392334,0.21428571428571427
13439,0,0,3438,-15.137684106826782,-11.009793758392334,0.21428571428571427
13440,0,0,3437,-15.137684106826782,-11.009793758392334,0.21428571428571427
13441,0,0,3436,-15.137684106826782,-11.009793758392334,0.21428571428571427
13442,0,0,3435,-15.137684106826782,-11.009793758392334,0.21428571428571427
13443,0,0,3434,-15.137684106826782,-11.009793758392334,0.21428571428571427
13444,0,0,3433,-15.137684106826782,-11.009793758392334,0.21428571428571427
13445,0,0,3432,-15.137684106826782,-11.009793758392334,0.21428571428571427
13446,0,0,3431,-15.137684106826782,-11.009793758392334,0.21428571428571427
13447,0,0,3430,-15.137684106826782,-11.009793758392334,0.21428571428571427
13448,0,0,3429,-15.137684106826782,-11.009793758392334,0.21428571428571427
13449,0,0,3450,-15.137684106826782,-11.009793758392334,0.21428571428571427
13450,0,0,3451,-15.137684106826782,-11.009793758392334,0.21428571428571427
13451,0,0,3452,-15.137684106826782,-11.009793758392334,0.21428571428571427
13452,0,0,3464,-15.137684106826782,-11.009793758392334,0.21428571428571427
13453,0,0,3473,-15.137684106826782,-11.009793758392334,0.21428571428571427
13454,0,0,3472,-15.137684106826782,-11.009793758392334,0.21428571428571427
13455,0,0,3471,-15.137684106826782,-11.009793758392334,0.21428571428571427
13456,0,0,3470,-15.137684106826782,-11.009793758392334,0.21428571428571427
13457,0,0,3469,-15.137684106826782,-11.009793758392334,0.21428571428571427
13458,0,0,3468,-15.137684106826782,-11.009793758392334,0.21428571428571427
13459,0,0,3467,-15.137684106826782,-11.009793758392334,0.21428571428571427
13460,0,0,3466,-15.137684106826782,-11.009793758392334,0.21428571428571427
13461,0,0,3465,-15.137684106826782,-11.009793758392334,0.21428571428571427
13462,0,0,3463,-15.137684106826782,-11.009793758392334,0.21428571428571427
13463,0,0,3453,-15.137684106826782,-11.009793758392334,0.21428571428571427
13464,0,0,3462,-15.137684106826782,-11.009793758392334,0.21428571428571427
13465,0,0,3461,-15.137684106826782,-11.009793758392334,0.21428571428571427
13466,0,0,3460,-15.137684106826782,-11.009793758392334,0.21428571428571427
13467,0,0,3459,-15.137684106826782,-11.009793758392334,0.21428571428571427
13468,0,0,3458,-15.137684106826782,-11.009793758392334,0.21428571428571427
13469,0,0,3457,-15.137684106826782,-11.009793758392334,0.21428571428571427
13470,0,0,3456,-15.137684106826782,-11.009793758392334,0.21428571428571427
13471,0,0,3455,-15.137684106826782,-11.009793758392334,0.21428571428571427
13472,0,0,3454,-15.137684106826782,-11.009793758392334,0.21428571428571427
13473,0,0,3378,-15.137684106826782,-11.009793758392334,0.21428571428571427
13474,0,0,3329,-15.137684106826782,-11.009793758392334,0.21428571428571427
13475,0,0,3328,-15.137684106826782,-11.009793758392334,0.21428571428571427
13476,0,0,3327,-15.137684106826782,-11.009793758392334,0.21428571428571427
13477,0,0,3204,-15.137684106826782,-11.009793758392334,0.21428571428571427
13478,0,0,3203,-15.137684106826782,-11.009793758392334,0.21428571428571427
13479,0,0,3202,-15.137684106826782,-11.009793758392334,0.21428571428571427
13480,0,0,3201,-15.137684106826782,-11.009793758392334,0.21428571428571427
13481,0,0,3200,-15.137684106826782,-11.009793758392334,0.21428571428571427
13482,0,0,3199,-15.137684106826782,-11.009793758392334,0.21428571428571427
13483,0,0,3198,-15.137684106826782,-11.009793758392334,0.21428571428571427
13484,0,0,3197,-15.137684106826782,-11.009793758392334,0.21428571428571427
13485,0,0,3196,-15.137684106826782,-11.009793758392334,0.21428571428571427
13486,0,0,3195,-15.137684106826782,-11.009793758392334,0.21428571428571427
13487,0,0,3194,-15.137684106826782,-11.009793758392334,0.21428571428571427
13488,0,0,3193,-15.137684106826782,-11.009793758392334,0.21428571428571427
13489,0,0,3192,-15.137684106826782,-11.009793758392334,0.21428571428571427
13490,0,0,3191,-15.137684106826782,-11.009793758392334,0.21428571428571427
13491,0,0,3190,-15.137684106826782,-11.009793758392334,0.21428571428571427
13492,0,0,3189,-15.137684106826782,-11.009793758392334,0.21428571428571427
13493,0,0,3188,-15.137684106826782,-11.009793758392334,0.21428571428571427
13494,0,0,3187,-15.137684106826782,-11.009793758392334,0.21428571428571427
13495,0,0,3186,-15.137684106826782,-11.009793758392334,0.21428571428571427
13496,0,0,3185,-15.137684106826782,-11.009793758392334,0.21428571428571427
13497,0,0,3184,-15.137684106826782,-11.009793758392334,0.21428571428571427
13498,0,0,3205,-15.137684106826782,-11.009793758392334,0.21428571428571427
13499,0,0,3206,-15.137684106826782,-11.009793758392334,0.21428571428571427
13500,0,0,3207,-15.137684106826782,-11.009793758392334,0.21428571428571427
13501,0,0,3219,-15.137684106826782,-11.009793758392334,0.21428571428571427
13502,0,0,3228,-15.137684106826782,-11.009793758392334,0.21428571428571427
13503,0,0,3227,-15.137684106826782,-11.009793758392334,0.21428571428571427
13504,0,0,3226,-15.137684106826782,-11.009793758392334,0.21428571428571427
13505,0,0,3225,-15.137684106826782,-11.009793758392334,0.21428571428571427
13506,0,0,3224,-15.137684106826782,-11.009793758392334,0.21428571428571427
13507,0,0,3223,-15.137684106826782,-11.009793758392334,0.21428571428571427
13508,0,0,3222,-15.137684106826782,-11.009793758392334,0.21428571428571427
13509,0,0,3221,-15.137684106826782,-11.009793758392334,0.21428571428571427
13510,0,0,3220,-15.137684106826782,-11.009793758392334,0.21428571428571427
13511,0,0,3218,-15.137684106826782,-11.009793758392334,0.21428571428571427
13512,0,0,3208,-15.137684106826782,-11.009793758392334,0.21428571428571427
13513,0,0,3217,-15.137684106826782,-11.009793758392334,0.21428571428571427
13514,0,0,3216,-15.137684106826782,-11.009793758392334,0.21428571428571427
13515,0,0,3215,-15.137684106826782,-11.009793758392334,0.21428571428571427
13516,0,0,3214,-15.137684106826782,-11.009793758392334,0.21428571428571427
13517,0,0,3213,-15.137684106826782,-11.009793758392334,0.21428571428571427
13518,0,0,3212,-15.137684106826782,-11.009793758392334,0.21428571428571427
13519,0,0,3211,-15.137684106826782,-11.009793758392334,0.21428571428571427
13520,0,0,3210,-15.137684106826782,-11.009793758392334,0.21428571428571427
13521,0,0,3209,-15.137684106826782,-11.009793758392334,0.21428571428571427
13522,0,0,3183,-15.137684106826782,-11.009793758392334,0.21428571428571427
13523,0,0,3181,-15.137684106826782,-11.009793758392334,0.21428571428571427
13524,0,0,3134,-15.137684106826782,-11.009793758392334,0.21428571428571427
13525,0,0,3180,-15.137684106826782,-11.009793758392334,0.21428571428571427
13526,0,0,3155,-15.137684106826782,-11.009793758392334,0.21428571428571427
13527,0,0,3154,-15.137684106826782,-11.009793758392334,0.21428571428571427
13528,0,0,3153,-15.137684106826782,-11.009793758392334,0.21428571428571427
13529,0,0,3152,-15.137684106826782,-11.009793758392334,0.21428571428571427
13530,0,0,3151,-15.137684106826782,-11.009793758392334,0.21428571428571427
13531,0,0,3150,-15.137684106826782,-11.009793758392334,0.21428571428571427
13532,0,0,3149,-15.137684106826782,-11.009793758392334,0.21428571428571427
13533,0,0,3148,-15.137684106826782,-11.009793758392334,0.21428571428571427
13534,0,0,3147,-15.137684106826782,-11.009793758392334,0.21428571428571427
13535,0,0,3146,-15.137684106826782,-11.009793758392334,0.21428571428571427
13536,0,0,3145,-15.137684106826782,-11.009793758392334,0.21428571428571427
13537,0,0,3144,-15.137684106826782,-11.009793758392334,0.21428571428571427
13538,0,0,3143,-15.137684106826782,-11.009793758392334,0.21428571428571427
13539,0,0,3142,-15.137684106826782,-11.009793758392334,0.21428571428571427
13540,0,0,3141,-15.137684106826782,-11.009793758392334,0.21428571428571427
13541,0,0,3140,-15.137684106826782,-11.009793758392334,0.21428571428571427
13542,0,0,3139,-15.137684106826782,-11.009793758392334,0.21428571428571427
13543,0,0,3138,-15.137684106826782,-11.009793758392334,0.21428571428571427
13544,0,0,3137,-15.137684106826782,-11.009793758392334,0.21428571428571427
13545,0,0,3136,-15.137684106826782,-11.009793758392334,0.21428571428571427
13546,0,0,3135,-15.137684106826782,-11.009793758392334,0.21428571428571427
13547,0,0,3156,-15.137684106826782,-11.009793758392334,0.21428571428571427
13548,0,0,3157,-15.137684106826782,-11.009793758392334,0.21428571428571427
13549,0,0,3158,-15.137684106826782,-11.009793758392334,0.21428571428571427
13550,0,0,3170,-15.137684106826782,-11.009793758392334,0.21428571428571427
13551,0,0,3179,-15.137684106826782,-11.009793758392334,0.21428571428571427
13552,0,0,3178,-15.137684106826782,-11.009793758392334,0.21428571428571427
13553,0,0,3177,-15.137684106826782,-11.009793758392334,0.21428571428571427
13554,0,0,3176,-15.137684106826782,-11.009793758392334,0.21428571428571427
13555,0,0,3175,-15.137684106826782,-11.009793758392334,0.21428571428571427
13556,0,0,3174,-15.137684106826782,-11.009793758392334,0.21428571428571427
13557,0,0,3173,-15.137684106826782,-11.009793758392334,0.21428571428571427
13558,0,0,3172,-15.137684106826782,-11.009793758392334,0.21428571428571427
13559,0,0,3171,-15.137684106826782,-11.009793758392334,0.21428571428571427
13560,0,0,3169,-15.137684106826782,-11.009793758392334,0.21428571428571427
13561,0,0,3159,-15.137684106826782,-11.009793758392334,0.21428571428571427
13562,0,0,3168,-15.137684106826782,-11.009793758392334,0.21428571428571427
13563,0,0,3167,-15.137684106826782,-11.009793758392334,0.21428571428571427
13564,0,0,3166,-15.137684106826782,-11.009793758392334,0.21428571428571427
13565,0,0,3165,-15.137684106826782,-11.009793758392334,0.21428571428571427
13566,0,0,3164,-15.137684106826782,-11.009793758392334,0.21428571428571427
13567,0,0,3163,-15.137684106826782,-11.009793758392334,0.21428571428571427
13568,0,0,3162,-15.137684106826782,-11.009793758392334,0.21428571428571427
13569,0,0,3161,-15.137684106826782,-11.009793758392334,0.21428571428571427
13570,0,0,3160,-15.137684106826782,-11.009793758392334,0.21428571428571427
13571,0,0,3229,-15.137684106826782,-11.009793758392334,0.21428571428571427
13572,0,0,3182,-15.137684106826782,-11.009793758392334,0.21428571428571427
13573,0,0,3230,-15.137684106826782,-11.009793758392334,0.21428571428571427
13574,0,0,3280,-15.137684106826782,-11.009793758392334,0.21428571428571427
13575,0,0,3302,-15.137684106826782,-11.009793758392334,0.21428571428571427
13576,0,0,3301,-15.137684106826782,-11.009793758392334,0.21428571428571427
13577,0,0,3300,-15.137684106826782,-11.009793758392334,0.21428571428571427
13578,0,0,3299,-15.137684106826782,-11.009793758392334,0.21428571428571427
13579,0,0,3298,-15.137684106826782,-11.009793758392334,0.21428571428571427
13580,0,0,3297,-15.137684106826782,-11.009793758392334,0.21428571428571427
13581,0,0,3296,-15.137684106826782,-11.009793758392334,0.21428571428571427
13582,0,0,3295,-15.137684106826782,-11.009793758392334,0.21428571428571427
13583,0,0,3294,-15.137684106826782,-11.009793758392334,0.21428571428571427
13584,0,0,3293,-15.137684106826782,-11.009793758392334,0.21428571428571427
13585,0,0,3292,-15.137684106826782,-11.009793758392334,0.21428571428571427
13586,0,0,3291,-15.137684106826782,-11.009793758392334,0.21428571428571427
13587,0,0,3290,-15.137684106826782,-11.009793758392334,0.21428571428571427
13588,0,0,3289,-15.137684106826782,-11.009793758392334,0.21428571428571427
13589,0,0,3288,-15.137684106826782,-11.009793758392334,0.21428571428571427
13590,0,0,3287,-15.137684106826782,-11.009793758392334,0.21428571428571427
13591,0,0,3286,-15.137684106826782,-11.009793758392334,0.21428571428571427
13592,0,0,3285,-15.137684106826782,-11.009793758392334,0.21428571428571427
13593,0,0,3284,-15.137684106826782,-11.009793758392334,0.21428571428571427
13594,0,0,3283,-15.137684106826782,-11.009793758392334,0.21428571428571427
13595,0,0,3282,-15.137684106826782,-11.009793758392334,0.21428571428571427
13596,0,0,3303,-15.137684106826782,-11.009793758392334,0.21428571428571427
13597,0,0,3304,-15.137684106826782,-11.009793758392334,0.21428571428571427
13598,0,0,3305,-15.137684106826782,-11.009793758392334,0.21428571428571427
13599,0,0,3317,-15.137684106826782,-11.009793758392334,0.21428571428571427
13600,0,0,3326,-15.137684106826782,-11.009793758392334,0.21428571428571427
13601,0,0,3325,-15.137684106826782,-11.009793758392334,0.21428571428571427
13602,0,0,3324,-15.137684106826782,-11.009793758392334,0.21428571428571427
13603,0,0,3323,-15.137684106826782,-11.009793758392334,0.21428571428571427
13604,0,0,3322,-15.137684106826782,-11.009793758392334,0.21428571428571427
13605,0,0,3321,-15.137684106826782,-11.009793758392334,0.21428571428571427
13606,0,0,3320,-15.137684106826782,-11.009793758392334,0.21428571428571427
13607,0,0,3319,-15.137684106826782,-11.009793758392334,0.21428571428571427
13608,0,0,3318,-15.137684106826782,-11.009793758392334,0.21428571428571427
13609,0,0,3316,-15.137684106826782,-11.009793758392334,0.21428571428571427
13610,0,0,3306,-15.137684106826782,-11.009793758392334,0.21428571428571427
13611,0,0,3315,-15.137684106826782,-11.009793758392334,0.21428571428571427
13612,0,0,3314,-15.137684106826782,-11.009793758392334,0.21428571428571427
13613,0,0,3313,-15.137684106826782,-11.009793758392334,0.21428571428571427
13614,0,0,3312,-15.137684106826782,-11.009793758392334,0.21428571428571427
13615,0,0,3311,-15.137684106826782,-11.009793758392334,0.21428571428571427
13616,0,0,3310,-15.137684106826782,-11.009793758392334,0.21428571428571427
13617,0,0,3309,-15.137684106826782,-11.009793758392334,0.21428571428571427
13618,0,0,3308,-15.137684106826782,-11.009793758392334,0.21428571428571427
13619,0,0,3307,-15.137684106826782,-11.009793758392334,0.21428571428571427
13620,0,0,3281,-15.137684106826782,-11.009793758392334,0.21428571428571427
13621,0,0,3279,-15.137684106826782,-11.009793758392334,0.21428571428571427
13622,0,0,3232,-15.137684106826782,-11.009793758392334,0.21428571428571427
13623,0,0,3278,-15.137684106826782,-11.009793758392334,0.21428571428571427
13624,0,0,3253,-15.137684106826782,-11.009793758392334,0.21428571428571427
13625,0,0,3252,-15.137684106826782,-11.009793758392334,0.21428571428571427
13626,0,0,3251,-15.137684106826782,-11.009793758392334,0.21428571428571427
13627,0,0,3250,-15.137684106826782,-11.009793758392334,0.21428571428571427
13628,0,0,3249,-15.137684106826782,-11.009793758392334,0.21428571428571427
13629,0,0,3248,-15.137684106826782,-11.009793758392334,0.21428571428571427
13630,0,0,3247,-15.137684106826782,-11.009793758392334,0.21428571428571427
13631,0,0,3246,-15.137684106826782,-11.009793758392334,0.21428571428571427
13632,0,0,3245,-15.137684106826782,-11.009793758392334,0.21428571428571427
13633,0,0,3244,-15.137684106826782,-11.009793758392334,0.21428571428571427
13634,0,0,3243,-15.137684106826782,-11.009793758392334,0.21428571428571427
13635,0,0,3242,-15.137684106826782,-11.009793758392334,0.21428571428571427
13636,0,0,3241,-15.137684106826782,-11.009793758392334,0.21428571428571427
13637,0,0,3240,-15.137684106826782,-11.009793758392334,0.21428571428571427
13638,0,0,3239,-15.137684106826782,-11.009793758392334,0.21428571428571427
13639,0,0,3238,-15.137684106826782,-11.009793758392334,0.21428571428571427
13640,0,0,3237,-15.137684106826782,-11.009793758392334,0.21428571428571427
13641,0,0,3236,-15.137684106826782,-11.009793758392334,0.21428571428571427
13642,0,0,3235,-15.137684106826782,-11.009793758392334,0.21428571428571427
13643,0,0,3234,-15.137684106826782,-11.009793758392334,0.21428571428571427
13644,0,0,3233,-15.137684106826782,-11.009793758392334,0.21428571428571427
13645,0,0,3254,-15.137684106826782,-11.009793758392334,0.21428571428571427
13646,0,0,3255,-15.137684106826782,-11.009793758392334,0.21428571428571427
13647,0,0,3256,-15.137684106826782,-11.009793758392334,0.21428571428571427
13648,0,0,3268,-15.137684106826782,-11.009793758392334,0.21428571428571427
13649,0,0,3277,-15.137684106826782,-11.009793758392334,0.21428571428571427
13650,0,0,3276,-15.137684106826782,-11.009793758392334,0.21428571428571427
13651,0,0,3275,-15.137684106826782,-11.009793758392334,0.21428571428571427
13652,0,0,3274,-15.137684106826782,-11.009793758392334,0.21428571428571427
13653,0,0,3273,-15.137684106826782,-11.009793758392334,0.21428571428571427
13654,0,0,3272,-15.137684106826782,-11.009793758392334,0.21428571428571427
13655,0,0,3271,-15.137684106826782,-11.009793758392334,0.21428571428571427
13656,0,0,3270,-15.137684106826782,-11.009793758392334,0.21428571428571427
13657,0,0,3269,-15.137684106826782,-11.009793758392334,0.21428571428571427
13658,0,0,3267,-15.137684106826782,-11.009793758392334,0.21428571428571427
13659,0,0,3257,-15.137684106826782,-11.009793758392334,0.21428571428571427
13660,0,0,3266,-15.137684106826782,-11.009793758392334,0.21428571428571427
13661,0,0,3265,-15.137684106826782,-11.009793758392334,0.21428571428571427
13662,0,0,3264,-15.137684106826782,-11.009793758392334,0.21428571428571427
13663,0,0,3263,-15.137684106826782,-11.009793758392334,0.21428571428571427
13664,0,0,3262,-15.137684106826782,-11.009793758392334,0.21428571428571427
13665,0,0,3261,-15.137684106826782,-11.009793758392334,0.21428571428571427
13666,0,0,3260,-15.137684106826782,-11.009793758392334,0.21428571428571427
13667,0,0,3259,-15.137684106826782,-11.009793758392334,0.21428571428571427
13668,0,0,3258,-15.137684106826782,-11.009793758392334,0.21428571428571427
13669,0,0,3522,-15.137684106826782,-11.009793758392334,0.21428571428571427
13670,0,0,3523,-15.137684106826782,-11.009793758392334,0.21428571428571427
13671,0,0,3524,-15.137684106826782,-11.009793758392334,0.21428571428571427
13672,0,0,3719,-15.137684106826782,-11.009793758392334,0.21428571428571427
13673,0,0,3790,-15.137684106826782,-11.009793758392334,0.21428571428571427
13674,0,0,3789,-15.137684106826782,-11.009793758392334,0.21428571428571427
13675,0,0,3788,-15.137684106826782,-11.009793758392334,0.21428571428571427
13676,0,0,3787,-15.137684106826782,-11.009793758392334,0.21428571428571427
13677,0,0,3786,-15.137684106826782,-11.009793758392334,0.21428571428571427
13678,0,0,3785,-15.137684106826782,-11.009793758392334,0.21428571428571427
13679,0,0,3784,-15.137684106826782,-11.009793758392334,0.21428571428571427
13680,0,0,3783,-15.137684106826782,-11.009793758392334,0.21428571428571427
13681,0,0,3782,-15.137684106826782,-11.009793758392334,0.21428571428571427
13682,0,0,3781,-15.137684106826782,-11.009793758392334,0.21428571428571427
13683,0,0,3780,-15.137684106826782,-11.009793758392334,0.21428571428571427
13684,0,0,3779,-15.137684106826782,-11.009793758392334,0.21428571428571427
13685,0,0,3778,-15.137684106826782,-11.009793758392334,0.21428571428571427
13686,0,0,3777,-15.137684106826782,-11.009793758392334,0.21428571428571427
13687,0,0,3776,-15.137684106826782,-11.009793758392334,0.21428571428571427
13688,0,0,3775,-15.137684106826782,-11.009793758392334,0.21428571428571427
13689,0,0,3774,-15.137684106826782,-11.009793758392334,0.21428571428571427
13690,0,0,3773,-15.137684106826782,-11.009793758392334,0.21428571428571427
13691,0,0,3772,-15.137684106826782,-11.009793758392334,0.21428571428571427
13692,0,0,3771,-15.137684106826782,-11.009793758392334,0.21428571428571427
13693,0,0,3770,-15.137684106826782,-11.009793758392334,0.21428571428571427
13694,0,0,3791,-15.137684106826782,-11.009793758392334,0.21428571428571427
13695,0,0,3792,-15.137684106826782,-11.009793758392334,0.21428571428571427
13696,0,0,3793,-15.137684106826782,-11.009793758392334,0.21428571428571427
13697,0,0,3805,-15.137684106826782,-11.009793758392334,0.21428571428571427
13698,0,0,3814,-15.137684106826782,-11.009793758392334,0.21428571428571427
13699,0,0,3813,-15.137684106826782,-11.009793758392334,0.21428571428571427
13700,0,0,3812,-15.137684106826782,-11.009793758392334,0.21428571428571427
13701,0,0,3811,-15.137684106826782,-11.009793758392334,0.21428571428571427
13702,0,0,3810,-15.137684106826782,-11.009793758392334,0.21428571428571427
13703,0,0,3809,-15.137684106826782,-11.009793758392334,0.21428571428571427
13704,0,0,3808,-15.137684106826782,-11.009793758392334,0.21428571428571427
13705,0,0,3807,-15.137684106826782,-11.009793758392334,0.21428571428571427
13706,0,0,3806,-15.137684106826782,-11.009793758392334,0.21428571428571427
13707,0,0,3804,-15.137684106826782,-11.009793758392334,0.21428571428571427
13708,0,0,3794,-15.137684106826782,-11.009793758392334,0.21428571428571427
13709,0,0,3803,-15.137684106826782,-11.009793758392334,0.21428571428571427
13710,0,0,3802,-15.137684106826782,-11.009793758392334,0.21428571428571427
13711,0,0,3801,-15.137684106826782,-11.009793758392334,0.21428571428571427
13712,0,0,3800,-15.137684106826782,-11.009793758392334,0.21428571428571427
13713,0,0,3799,-15.137684106826782,-11.009793758392334,0.21428571428571427
13714,0,0,3798,-15.137684106826782,-11.009793758392334,0.21428571428571427
13715,0,0,3797,-15.137684106826782,-11.009793758392334,0.21428571428571427
13716,0,0,3796,-15.137684106826782,-11.009793758392334,0.21428571428571427
13717,0,0,3795,-15.137684106826782,-11.009793758392334,0.21428571428571427
13718,0,0,3769,-15.137684106826782,-11.009793758392334,0.21428571428571427
13719,0,0,3767,-15.137684106826782,-11.009793758392334,0.21428571428571427
13720,0,0,3720,-15.137684106826782,-11.009793758392334,0.21428571428571427
13721,0,0,3766,-15.137684106826782,-11.009793758392334,0.21428571428571427
13722,0,0,3741,-15.137684106826782,-11.009793758392334,0.21428571428571427
13723,0,0,3740,-15.137684106826782,-11.009793758392334,0.21428571428571427
13724,0,0,3739,-15.137684106826782,-11.009793758392334,0.21428571428571427
13725,0,0,3738,-15.137684106826782,-11.009793758392334,0.21428571428571427
13726,0,0,3737,-15.137684106826782,-11.009793758392334,0.21428571428571427
13727,0,0,3736,-15.137684106826782,-11.009793758392334,0.21428571428571427
13728,0,0,3735,-15.137684106826782,-11.009793758392334,0.21428571428571427
13729,0,0,3734,-15.137684106826782,-11.009793758392334,0.21428571428571427
13730,0,0,3733,-15.137684106826782,-11.009793758392334,0.21428571428571427
13731,0,0,3732,-15.137684106826782,-11.009793758392334,0.21428571428571427
13732,0,0,3731,-15.137684106826782,-11.009793758392334,0.21428571428571427
13733,0,0,3730,-15.137684106826782,-11.009793758392334,0.21428571428571427
13734,0,0,3729,-15.137684106826782,-11.009793758392334,0.21428571428571427
13735,0,0,3728,-15.137684106826782,-11.009793758392334,0.21428571428571427
13736,0,0,3727,-15.137684106826782,-11.009793758392334,0.21428571428571427
13737,0,0,3726,-15.137684106826782,-11.009793758392334,0.21428571428571427
13738,0,0,3725,-15.137684106826782,-11.009793758392334,0.21428571428571427
13739,0,0,3724,-15.137684106826782,-11.009793758392334,0.21428571428571427
13740,0,0,3723,-15.137684106826782,-11.009793758392334,0.21428571428571427
13741,0,0,3722,-15.137684106826782,-11.009793758392334,0.21428571428571427
13742,0,0,3721,-15.137684106826782,-11.009793758392334,0.21428571428571427
13743,0,0,3742,-15.137684106826782,-11.009793758392334,0.21428571428571427
13744,0,0,3743,-15.137684106826782,-11.009793758392334,0.21428571428571427
13745,0,0,3744,-15.137684106826782,-11.009793758392334,0.21428571428571427
13746,0,0,3756,-15.137684106826782,-11.009793758392334,0.21428571428571427
13747,0,0,3765,-15.137684106826782,-11.009793758392334,0.21428571428571427
13748,0,0,3764,-15.137684106826782,-11.009793758392334,0.21428571428571427
13749,0,0,3763,-15.137684106826782,-11.009793758392334,0.21428571428571427
13750,0,0,3762,-15.137684106826782,-11.009793758392334,0.21428571428571427
13751,0,0,3761,-15.137684106826782,-11.009793758392334,0.21428571428571427
13752,0,0,3760,-15.137684106826782,-11.009793758392334,0.21428571428571427
13753,0,0,3759,-15.137684106826782,-11.009793758392334,0.21428571428571427
13754,0,0,3758,-15.137684106826782,-11.009793758392334,0.21428571428571427
13755,0,0,3757,-15.137684106826782,-11.009793758392334,0.21428571428571427
13756,0,0,3755,-15.137684106826782,-11.009793758392334,0.21428571428571427
13757,0,0,3745,-15.137684106826782,-11.009793758392334,0.21428571428571427
13758,0,0,3754,-15.137684106826782,-11.009793758392334,0.21428571428571427
13759,0,0,3753,-15.137684106826782,-11.009793758392334,0.21428571428571427
13760,0,0,3752,-15.137684106826782,-11.009793758392334,0.21428571428571427
13761,0,0,3751,-15.137684106826782,-11.009793758392334,0.21428571428571427
13762,0,0,3750,-15.137684106826782,-11.009793758392334,0.21428571428571427
13763,0,0,3749,-15.137684106826782,-11.009793758392334,0.21428571428571427
13764,0,0,3748,-15.137684106826782,-11.009793758392334,0.21428571428571427
13765,0,0,3747,-15.137684106826782,-11.009793758392334,0.21428571428571427
13766,0,0,3746,-15.137684106826782,-11.009793758392334,0.21428571428571427
13767,0,0,3815,-15.137684106826782,-11.009793758392334,0.21428571428571427
13768,0,0,3816,-15.137684106826782,-11.009793758392334,0.21428571428571427
13769,0,0,3817,-15.137684106826782,-11.009793758392334,0.21428571428571427
13770,0,0,3818,-15.137684106826782,-11.009793758392334,0.21428571428571427
13771,0,0,3887,-15.137684106826782,-11.009793758392334,0.21428571428571427
13772,0,0,3886,-15.137684106826782,-11.009793758392334,0.21428571428571427
13773,0,0,3885,-15.137684106826782,-11.009793758392334,0.21428571428571427
13774,0,0,3884,-15.137684106826782,-11.009793758392334,0.21428571428571427
13775,0,0,3883,-15.137684106826782,-11.009793758392334,0.21428571428571427
13776,0,0,3882,-15.137684106826782,-11.009793758392334,0.21428571428571427
13777,0,0,3881,-15.137684106826782,-11.009793758392334,0.21428571428571427
13778,0,0,3880,-15.137684106826782,-11.009793758392334,0.21428571428571427
13779,0,0,3879,-15.137684106826782,-11.009793758392334,0.21428571428571427
13780,0,0,3877,-15.137684106826782,-11.009793758392334,0.21428571428571427
13781,0,0,3867,-15.137684106826782,-11.009793758392334,0.21428571428571427
13782,0,0,3876,-15.137684106826782,-11.009793758392334,0.21428571428571427
13783,0,0,3875,-15.137684106826782,-11.009793758392334,0.21428571428571427
13784,0,0,3874,-15.137684106826782,-11.009793758392334,0.21428571428571427
13785,0,0,3873,-15.137684106826782,-11.009793758392334,0.21428571428571427
13786,0,0,3872,-15.137684106826782,-11.009793758392334,0.21428571428571427
13787,0,0,3871,-15.137684106826782,-11.009793758392334,0.21428571428571427
13788,0,0,3870,-15.137684106826782,-11.009793758392334,0.21428571428571427
13789,0,0,3869,-15.137684106826782,-11.009793758392334,0.21428571428571427
13790,0,0,3868,-15.137684106826782,-11.009793758392334,0.21428571428571427
13791,0,0,3888,-15.137684106826782,-11.009793758392334,0.21428571428571427
13792,0,0,3878,-15.137684106826782,-11.009793758392334,0.21428571428571427
13793,0,0,3889,-15.137684106826782,-11.009793758392334,0.21428571428571427
13794,0,0,3902,-15.137684106826782,-11.009793758392334,0.21428571428571427
13795,0,0,3911,-15.137684106826782,-11.009793758392334,0.21428571428571427
13796,0,0,3910,-15.137684106826782,-11.009793758392334,0.21428571428571427
13797,0,0,3909,-15.137684106826782,-11.009793758392334,0.21428571428571427
13798,0,0,3908,-15.137684106826782,-11.009793758392334,0.21428571428571427
13799,0,0,3907,-15.137684106826782,-11.009793758392334,0.21428571428571427
13800,0,0,3906,-15.137684106826782,-11.009793758392334,0.21428571428571427
13801,0,0,3905,-15.137684106826782,-11.009793758392334,0.21428571428571427
13802,0,0,3904,-15.137684106826782,-11.009793758392334,0.21428571428571427
13803,0,0,3903,-15.137684106826782,-11.009793758392334,0.21428571428571427
13804,0,0,3901,-15.137684106826782,-11.009793758392334,0.21428571428571427
13805,0,0,3891,-15.137684106826782,-11.009793758392334,0.21428571428571427
13806,0,0,3900,-15.137684106826782,-11.009793758392334,0.21428571428571427
13807,0,0,3899,-15.137684106826782,-11.009793758392334,0.21428571428571427
13808,0,0,3898,-15.137684106826782,-11.009793758392334,0.21428571428571427
13809,0,0,3897,-15.137684106826782,-11.009793758392334,0.21428571428571427
13810,0,0,3896,-15.137684106826782,-11.009793758392334,0.21428571428571427
13811,0,0,3895,-15.137684106826782,-11.009793758392334,0.21428571428571427
13812,0,0,3894,-15.137684106826782,-11.009793758392334,0.21428571428571427
13813,0,0,3893,-15.137684106826782,-11.009793758392334,0.21428571428571427
13814,0,0,3892,-15.137684106826782,-11.009793758392334,0.21428571428571427
13815,0,0,3890,-15.137684106826782,-11.009793758392334,0.21428571428571427
13816,0,0,3866,-15.137684106826782,-11.009793758392334,0.21428571428571427
13817,0,0,3865,-15.137684106826782,-11.009793758392334,0.21428571428571427
13818,0,0,3864,-15.137684106826782,-11.009793758392334,0.21428571428571427
13819,0,0,3839,-15.137684106826782,-11.009793758392334,0.21428571428571427
13820,0,0,3838,-15.137684106826782,-11.009793758392334,0.21428571428571427
13821,0,0,3837,-15.137684106826782,-11.009793758392334,0.21428571428571427
13822,0,0,3836,-15.137684106826782,-11.009793758392334,0.21428571428571427
13823,0,0,3835,-15.137684106826782,-11.009793758392334,0.21428571428571427
13824,0,0,3834,-15.137684106826782,-11.009793758392334,0.21428571428571427
13825,0,0,3833,-15.137684106826782,-11.009793758392334,0.21428571428571427
13826,0,0,3832,-15.137684106826782,-11.009793758392334,0.21428571428571427
13827,0,0,3831,-15.137684106826782,-11.009793758392334,0.21428571428571427
13828,0,0,3830,-15.137684106826782,-11.009793758392334,0.21428571428571427
13829,0,0,3829,-15.137684106826782,-11.009793758392334,0.21428571428571427
13830,0,0,3828,-15.137684106826782,-11.009793758392334,0.21428571428571427
13831,0,0,3827,-15.137684106826782,-11.009793758392334,0.21428571428571427
13832,0,0,3826,-15.137684106826782,-11.009793758392334,0.21428571428571427
13833,0,0,3825,-15.137684106826782,-11.009793758392334,0.21428571428571427
13834,0,0,3824,-15.137684106826782,-11.009793758392334,0.21428571428571427
13835,0,0,3823,-15.137684106826782,-11.009793758392334,0.21428571428571427
13836,0,0,3822,-15.137684106826782,-11.009793758392334,0.21428571428571427
13837,0,0,3821,-15.137684106826782,-11.009793758392334,0.21428571428571427
13838,0,0,3820,-15.137684106826782,-11.009793758392334,0.21428571428571427
13839,0,0,3819,-15.137684106826782,-11.009793758392334,0.21428571428571427
13840,0,0,3840,-15.137684106826782,-11.009793758392334,0.21428571428571427
13841,0,0,3841,-15.137684106826782,-11.009793758392334,0.21428571428571427
13842,0,0,3842,-15.137684106826782,-11.009793758392334,0.21428571428571427
13843,0,0,3854,-15.137684106826782,-11.009793758392334,0.21428571428571427
13844,0,0,3863,-15.137684106826782,-11.009793758392334,0.21428571428571427
13845,0,0,3862,-15.137684106826782,-11.009793758392334,0.21428571428571427
13846,0,0,3861,-15.137684106826782,-11.009793758392334,0.21428571428571427
13847,0,0,3860,-15.137684106826782,-11.009793758392334,0.21428571428571427
13848,0,0,3859,-15.137684106826782,-11.009793758392334,0.21428571428571427
13849,0,0,3858,-15.137684106826782,-11.009793758392334,0.21428571428571427
13850,0,0,3857,-15.137684106826782,-11.009793758392334,0.21428571428571427
13851,0,0,3856,-15.137684106826782,-11.009793758392334,0.21428571428571427
13852,0,0,3855,-15.137684106826782,-11.009793758392334,0.21428571428571427
13853,0,0,3853,-15.137684106826782,-11.009793758392334,0.21428571428571427
13854,0,0,3843,-15.137684106826782,-11.009793758392334,0.21428571428571427
13855,0,0,3852,-15.137684106826782,-11.009793758392334,0.21428571428571427
13856,0,0,3851,-15.137684106826782,-11.009793758392334,0.21428571428571427
13857,0,0,3850,-15.137684106826782,-11.009793758392334,0.21428571428571427
13858,0,0,3849,-15.137684106826782,-11.009793758392334,0.21428571428571427
13859,0,0,3848,-15.137684106826782,-11.009793758392334,0.21428571428571427
13860,0,0,3847,-15.137684106826782,-11.009793758392334,0.21428571428571427
13861,0,0,3846,-15.137684106826782,-11.009793758392334,0.21428571428571427
13862,0,0,3845,-15.137684106826782,-11.009793758392334,0.21428571428571427
13863,0,0,3844,-15.137684106826782,-11.009793758392334,0.21428571428571427
13864,0,0,3768,-15.137684106826782,-11.009793758392334,0.21428571428571427
13865,0,0,3718,-15.137684106826782,-11.009793758392334,0.21428571428571427
13866,0,0,3573,-15.137684106826782,-11.009793758392334,0.21428571428571427
13867,0,0,3717,-15.137684106826782,-11.009793758392334,0.21428571428571427
13868,0,0,3595,-15.137684106826782,-11.009793758392334,0.21428571428571427
13869,0,0,3594,-15.137684106826782,-11.009793758392334,0.21428571428571427
13870,0,0,3593,-15.137684106826782,-11.009793758392334,0.21428571428571427
13871,0,0,3592,-15.137684106826782,-11.009793758392334,0.21428571428571427
13872,0,0,3591,-15.137684106826782,-11.009793758392334,0.21428571428571427
13873,0,0,3590,-15.137684106826782,-11.009793758392334,0.21428571428571427
13874,0,0,3589,-15.137684106826782,-11.009793758392334,0.21428571428571427
13875,0,0,3588,-15.137684106826782,-11.009793758392334,0.21428571428571427
13876,0,0,3587,-15.137684106826782,-11.009793758392334,0.21428571428571427
13877,0,0,3586,-15.137684106826782,-11.009793758392334,0.21428571428571427
13878,0,0,3585,-15.137684106826782,-11.009793758392334,0.21428571428571427
13879,0,0,3584,-15.137684106826782,-11.009793758392334,0.21428571428571427
13880,0,0,3583,-15.137684106826782,-11.009793758392334,0.21428571428571427
13881,0,0,3582,-15.137684106826782,-11.009793758392334,0.21428571428571427
13882,0,0,3581,-15.137684106826782,-11.009793758392334,0.21428571428571427
13883,0,0,3580,-15.137684106826782,-11.009793758392334,0.21428571428571427
13884,0,0,3579,-15.137684106826782,-11.009793758392334,0.21428571428571427
13885,0,0,3578,-15.137684106826782,-11.009793758392334,0.21428571428571427
13886,0,0,3577,-15.137684106826782,-11.009793758392334,0.21428571428571427
13887,0,0,3576,-15.137684106826782,-11.009793758392334,0.21428571428571427
13888,0,0,3575,-15.137684106826782,-11.009793758392334,0.21428571428571427
13889,0,0,3596,-15.137684106826782,-11.009793758392334,0.21428571428571427
13890,0,0,3597,-15.137684106826782,-11.009793758392334,0.21428571428571427
13891,0,0,3598,-15.137684106826782,-11.009793758392334,0.21428571428571427
13892,0,0,3610,-15.137684106826782,-11.009793758392334,0.21428571428571427
13893,0,0,3619,-15.137684106826782,-11.009793758392334,0.21428571428571427
13894,0,0,3618,-15.137684106826782,-11.009793758392334,0.21428571428571427
13895,0,0,3617,-15.137684106826782,-11.009793758392334,0.21428571428571427
13896,0,0,3616,-15.137684106826782,-11.009793758392334,0.21428571428571427
13897,0,0,3615,-15.137684106826782,-11.009793758392334,0.21428571428571427
13898,0,0,3614,-15.137684106826782,-11.009793758392334,0.21428571428571427
13899,0,0,3613,-15.137684106826782,-11.009793758392334,0.21428571428571427
13900,0,0,3612,-15.137684106826782,-11.009793758392334,0.21428571428571427
13901,0,0,3611,-15.137684106826782,-11.009793758392334,0.21428571428571427
13902,0,0,3609,-15.137684106826782,-11.009793758392334,0.21428571428571427
13903,0,0,3599,-15.137684106826782,-11.009793758392334,0.21428571428571427
13904,0,0,3608,-15.137684106826782,-11.009793758392334,0.21428571428571427
13905,0,0,3607,-15.137684106826782,-11.009793758392334,0.21428571428571427
13906,0,0,3606,-15.137684106826782,-11.009793758392334,0.21428571428571427
13907,0,0,3605,-15.137684106826782,-11.009793758392334,0.21428571428571427
13908,0,0,3604,-15.137684106826782,-11.009793758392334,0.21428571428571427
13909,0,0,3603,-15.137684106826782,-11.009793758392334,0.21428571428571427
13910,0,0,3602,-15.137684106826782,-11.009793758392334,0.21428571428571427
13911,0,0,3601,-15.137684106826782,-11.009793758392334,0.21428571428571427
13912,0,0,3600,-15.137684106826782,-11.009793758392334,0.21428571428571427
13913,0,0,3574,-15.137684106826782,-11.009793758392334,0.21428571428571427
13914,0,0,3572,-15.137684106826782,-11.009793758392334,0.21428571428571427
13915,0,0,3525,-15.137684106826782,-11.009793758392334,0.21428571428571427
13916,0,0,3571,-15.137684106826782,-11.009793758392334,0.21428571428571427
13917,0,0,3546,-15.137684106826782,-11.009793758392334,0.21428571428571427
13918,0,0,3545,-15.137684106826782,-11.009793758392334,0.21428571428571427
13919,0,0,3544,-15.137684106826782,-11.009793758392334,0.21428571428571427
13920,0,0,3543,-15.137684106826782,-11.009793758392334,0.21428571428571427
13921,0,0,3542,-15.137684106826782,-11.009793758392334,0.21428571428571427
13922,0,0,3541,-15.137684106826782,-11.009793758392334,0.21428571428571427
13923,0,0,3540,-15.137684106826782,-11.009793758392334,0.21428571428571427
13924,0,0,3539,-15.137684106826782,-11.009793758392334,0.21428571428571427
13925,0,0,3538,-15.137684106826782,-11.009793758392334,0.21428571428571427
13926,0,0,3537,-15.137684106826782,-11.009793758392334,0.21428571428571427
13927,0,0,3536,-15.137684106826782,-11.009793758392334,0.21428571428571427
13928,0,0,3535,-15.137684106826782,-11.009793758392334,0.21428571428571427
13929,0,0,3534,-15.137684106826782,-11.009793758392334,0.21428571428571427
13930,0,0,3533,-15.137684106826782,-11.009793758392334,0.21428571428571427
13931,0,0,3532,-15.137684106826782,-11.009793758392334,0.21428571428571427
13932,0,0,3531,-15.137684106826782,-11.009793758392334,0.21428571428571427
13933,0,0,3530,-15.137684106826782,-11.009793758392334,0.21428571428571427
13934,0,0,3529,-15.137684106826782,-11.009793758392334,0.21428571428571427
13935,0,0,3528,-15.137684106826782,-11.009793758392334,0.21428571428571427
13936,0,0,3527,-15.137684106826782,-11.009793758392334,0.21428571428571427
13937,0,0,3526,-15.137684106826782,-11.009793758392334,0.21428571428571427
13938,0,0,3547,-15.137684106826782,-11.009793758392334,0.21428571428571427
13939,0,0,3548,-15.137684106826782,-11.009793758392334,0.21428571428571427
13940,0,0,3549,-15.137684106826782,-11.009793758392334,0.21428571428571427
13941,0,0,3561,-15.137684106826782,-11.009793758392334,0.21428571428571427
13942,0,0,3570,-15.137684106826782,-11.009793758392334,0.21428571428571427
13943,0,0,3569,-15.137684106826782,-11.009793758392334,0.21428571428571427
13944,0,0,3568,-15.137684106826782,-11.009793758392334,0.21428571428571427
13945,0,0,3567,-15.137684106826782,-11.009793758392334,0.21428571428571427
13946,0,0,3566,-15.137684106826782,-11.009793758392334,0.21428571428571427
13947,0,0,3565,-15.137684106826782,-11.009793758392334,0.21428571428571427
13948,0,0,3564,-15.137684106826782,-11.009793758392334,0.21428571428571427
13949,0,0,3563,-15.137684106826782,-11.009793758392334,0.21428571428571427
13950,0,0,3562,-15.137684106826782,-11.009793758392334,0.21428571428571427
13951,0,0,3560,-15.137684106826782,-11.009793758392334,0.21428571428571427
13952,0,0,3550,-15.137684106826782,-11.009793758392334,0.21428571428571427
13953,0,0,3559,-15.137684106826782,-11.009793758392334,0.21428571428571427
13954,0,0,3558,-15.137684106826782,-11.009793758392334,0.21428571428571427
13955,0,0,3557,-15.137684106826782,-11.009793758392334,0.21428571428571427
13956,0,0,3556,-15.137684106826782,-11.009793758392334,0.21428571428571427
13957,0,0,3555,-15.137684106826782,-11.009793758392334,0.21428571428571427
13958,0,0,3554,-15.137684106826782,-11.009793758392334,0.21428571428571427
13959,0,0,3553,-15.137684106826782,-11.009793758392334,0.21428571428571427
13960,0,0,3552,-15.137684106826782,-11.009793758392334,0.21428571428571427
13961,0,0,3551,-15.137684106826782,-11.009793758392334,0.21428571428571427
13962,0,0,3620,-15.137684106826782,-11.009793758392334,0.21428571428571427
13963,0,0,3621,-15.137684106826782,-11.009793758392334,0.21428571428571427
13964,0,0,3622,-15.137684106826782,-11.009793758392334,0.21428571428571427
13965,0,0,3623,-15.137684106826782,-11.009793758392334,0.21428571428571427
13966,0,0,3692,-15.137684106826782,-11.009793758392334,0.21428571428571427
13967,0,0,3691,-15.137684106826782,-11.009793758392334,0.21428571428571427
13968,0,0,3690,-15.137684106826782,-11.009793758392334,0.21428571428571427
13969,0,0,3689,-15.137684106826782,-11.009793758392334,0.21428571428571427
13970,0,0,3688,-15.137684106826782,-11.009793758392334,0.21428571428571427
13971,0,0,3687,-15.137684106826782,-11.009793758392334,0.21428571428571427
13972,0,0,3686,-15.137684106826782,-11.009793758392334,0.21428571428571427
13973,0,0,3685,-15.137684106826782,-11.009793758392334,0.21428571428571427
13974,0,0,3684,-15.137684106826782,-11.009793758392334,0.21428571428571427
13975,0,0,3682,-15.137684106826782,-11.009793758392334,0.21428571428571427
13976,0,0,3672,-15.137684106826782,-11.009793758392334,0.21428571428571427
13977,0,0,3681,-15.137684106826782,-11.009793758392334,0.21428571428571427
13978,0,0,3680,-15.137684106826782,-11.009793758392334,0.21428571428571427
13979,0,0,3679,-15.137684106826782,-11.009793758392334,0.21428571428571427
13980,0,0,3678,-15.137684106826782,-11.009793758392334,0.21428571428571427
13981,0,0,3677,-15.137684106826782,-11.009793758392334,0.21428571428571427
13982,0,0,3676,-15.137684106826782,-11.009793758392334,0.21428571428571427
13983,0,0,3675,-15.137684106826782,-11.009793758392334,0.21428571428571427
13984,0,0,3674,-15.137684106826782,-11.009793758392334,0.21428571428571427
13985,0,0,3673,-15.137684106826782,-11.009793758392334,0.21428571428571427
13986,0,0,3693,-15.137684106826782,-11.009793758392334,0.21428571428571427
13987,0,0,3683,-15.137684106826782,-11.009793758392334,0.21428571428571427
13988,0,0,3694,-15.137684106826782,-11.009793758392334,0.21428571428571427
13989,0,0,3707,-15.137684106826782,-11.009793758392334,0.21428571428571427
13990,0,0,3716,-15.137684106826782,-11.009793758392334,0.21428571428571427
13991,0,0,3715,-15.137684106826782,-11.009793758392334,0.21428571428571427
13992,0,0,3714,-15.137684106826782,-11.009793758392334,0.21428571428571427
13993,0,0,3713,-15.137684106826782,-11.009793758392334,0.21428571428571427
13994,0,0,3712,-15.137684106826782,-11.009793758392334,0.21428571428571427
13995,0,0,3711,-15.137684106826782,-11.009793758392334,0.21428571428571427
13996,0,0,3710,-15.137684106826782,-11.009793758392334,0.21428571428571427
13997,0,0,3709,-15.137684106826782,-11.009793758392334,0.21428571428571427
13998,0,0,3708,-15.137684106826782,-11.009793758392334,0.21428571428571427
13999,0,0,3706,-15.137684106826782,-11.009793758392334,0.21428571428571427
14000,0,0,3696,-15.137684106826782,-11.009793758392334,0.21428571428571427
14001,0,0,3705,-15.137684106826782,-11.009793758392334,0.21428571428571427
14002,0,0,3704,-15.137684106826782,-11.009793758392334,0.21428571428571427
14003,0,0,3703,-15.137684106826782,-11.009793758392334,0.21428571428571427
14004,0,0,3702,-15.137684106826782,-11.009793758392334,0.21428571428571427
14005,0,0,3701,-15.137684106826782,-11.009793758392334,0.21428571428571427
14006,0,0,3700,-15.137684106826782,-11.009793758392334,0.21428571428571427
14007,0,0,3699,-15.137684106826782,-11.009793758392334,0.21428571428571427
14008,0,0,3698,-15.137684106826782,-11.009793758392334,0.21428571428571427
14009,0,0,3697,-15.137684106826782,-11.009793758392334,0.21428571428571427
14010,0,0,3695,-15.137684106826782,-11.009793758392334,0.21428571428571427
14011,0,0,3671,-15.137684106826782,-11.009793758392334,0.21428571428571427
14012,0,0,3670,-15.137684106826782,-11.009793758392334,0.21428571428571427
14013,0,0,3669,-15.137684106826782,-11.009793758392334,0.21428571428571427
14014,0,0,3644,-15.137684106826782,-11.009793758392334,0.21428571428571427
14015,0,0,3643,-15.137684106826782,-11.009793758392334,0.21428571428571427
14016,0,0,3642,-15.137684106826782,-11.009793758392334,0.21428571428571427
14017,0,0,3641,-15.137684106826782,-11.009793758392334,0.21428571428571427
14018,0,0,3640,-15.137684106826782,-11.009793758392334,0.21428571428571427
14019,0,0,3639,-15.137684106826782,-11.009793758392334,0.21428571428571427
14020,0,0,3638,-15.137684106826782,-11.009793758392334,0.21428571428571427
14021,0,0,3637,-15.137684106826782,-11.009793758392334,0.21428571428571427
14022,0,0,3636,-15.137684106826782,-11.009793758392334,0.21428571428571427
14023,0,0,3635,-15.137684106826782,-11.009793758392334,0.21428571428571427
14024,0,0,3634,-15.137684106826782,-11.009793758392334,0.21428571428571427
14025,0,0,3633,-15.137684106826782,-11.009793758392334,0.21428571428571427
14026,0,0,3632,-15.137684106826782,-11.009793758392334,0.21428571428571427
14027,0,0,3631,-15.137684106826782,-11.009793758392334,0.21428571428571427
14028,0,0,3630,-15.137684106826782,-11.009793758392334,0.21428571428571427
14029,0,0,3629,-15.137684106826782,-11.009793758392334,0.21428571428571427
14030,0,0,3628,-15.137684106826782,-11.009793758392334,0.21428571428571427
14031,0,0,3627,-15.137684106826782,-11.009793758392334,0.21428571428571427
14032,0,0,3626,-15.137684106826782,-11.009793758392334,0.21428571428571427
14033,0,0,3625,-15.137684106826782,-11.009793758392334,0.21428571428571427
14034,0,0,3624,-15.137684106826782,-11.009793758392334,0.21428571428571427
14035,0,0,3645,-15.137684106826782,-11.009793758392334,0.21428571428571427
14036,0,0,3646,-15.137684106826782,-11.009793758392334,0.21428571428571427
14037,0,0,3647,-15.137684106826782,-11.009793758392334,0.21428571428571427
14038,0,0,3659,-15.137684106826782,-11.009793758392334,0.21428571428571427
14039,0,0,3668,-15.137684106826782,-11.009793758392334,0.21428571428571427
14040,0,0,3667,-15.137684106826782,-11.009793758392334,0.21428571428571427
14041,0,0,3666,-15.137684106826782,-11.009793758392334,0.21428571428571427
14042,0,0,3665,-15.137684106826782,-11.009793758392334,0.21428571428571427
14043,0,0,3664,-15.137684106826782,-11.009793758392334,0.21428571428571427
14044,0,0,3663,-15.137684106826782,-11.009793758392334,0.21428571428571427
14045,0,0,3662,-15.137684106826782,-11.009793758392334,0.21428571428571427
14046,0,0,3661,-15.137684106826782,-11.009793758392334,0.21428571428571427
14047,0,0,3660,-15.137684106826782,-11.009793758392334,0.21428571428571427
14048,0,0,3658,-15.137684106826782,-11.009793758392334,0.21428571428571427
14049,0,0,3648,-15.137684106826782,-11.009793758392334,0.21428571428571427
14050,0,0,3657,-15.137684106826782,-11.009793758392334,0.21428571428571427
14051,0,0,3656,-15.137684106826782,-11.009793758392334,0.21428571428571427
14052,0,0,3655,-15.137684106826782,-11.009793758392334,0.21428571428571427
14053,0,0,3654,-15.137684106826782,-11.009793758392334,0.21428571428571427
14054,0,0,3653,-15.137684106826782,-11.009793758392334,0.21428571428571427
14055,0,0,3652,-15.137684106826782,-11.009793758392334,0.21428571428571427
14056,0,0,3651,-15.137684106826782,-11.009793758392334,0.21428571428571427
14057,0,0,3650,-15.137684106826782,-11.009793758392334,0.21428571428571427
14058,0,0,3649,-15.137684106826782,-11.009793758392334,0.21428571428571427
14059,0,0,4693,-15.137684106826782,-11.009793758392334,0.21428571428571427
14060,0,0,4694,-15.137684106826782,-11.009793758392334,0.21428571428571427
14061,0,0,4695,-15.137684106826782,-11.009793758392334,0.21428571428571427
14062,0,0,4793,-15.137684106826782,-11.009793758392334,0.21428571428571427
14063,0,0,5742,-15.137684106826782,-11.009793758392334,0.21428571428571427
14064,0,0,5741,-15.137684106826782,-11.009793758392334,0.21428571428571427
14065,0,0,5740,-15.137684106826782,-11.009793758392334,0.21428571428571427
14066,0,0,5739,-15.137684106826782,-11.009793758392334,0.21428571428571427
14067,0,0,5738,-15.137684106826782,-11.009793758392334,0.21428571428571427
14068,0,0,5737,-15.137684106826782,-11.009793758392334,0.21428571428571427
14069,0,0,5736,-15.137684106826782,-11.009793758392334,0.21428571428571427
14070,0,0,5735,-15.137684106826782,-11.009793758392334,0.21428571428571427
14071,0,0,5734,-15.137684106826782,-11.009793758392334,0.21428571428571427
14072,0,0,5733,-15.137684106826782,-11.009793758392334,0.21428571428571427
14073,0,0,5732,-15.137684106826782,-11.009793758392334,0.21428571428571427
14074,0,0,5731,-15.137684106826782,-11.009793758392334,0.21428571428571427
14075,0,0,5730,-15.137684106826782,-11.009793758392334,0.21428571428571427
14076,0,0,5729,-15.137684106826782,-11.009793758392334,0.21428571428571427
14077,0,0,5728,-15.137684106826782,-11.009793758392334,0.21428571428571427
14078,0,0,5727,-15.137684106826782,-11.009793758392334,0.21428571428571427
14079,0,0,5726,-15.137684106826782,-11.009793758392334,0.21428571428571427
14080,0,0,5725,-15.137684106826782,-11.009793758392334,0.21428571428571427
14081,0,0,5724,-15.137684106826782,-11.009793758392334,0.21428571428571427
14082,0,0,5723,-15.137684106826782,-11.009793758392334,0.21428571428571427
14083,0,0,5722,-15.137684106826782,-11.009793758392334,0.21428571428571427
14084,0,0,5743,-15.137684106826782,-11.009793758392334,0.21428571428571427
14085,0,0,5744,-15.137684106826782,-11.009793758392334,0.21428571428571427
14086,0,0,5745,-15.137684106826782,-11.009793758392334,0.21428571428571427
14087,0,0,5757,-15.137684106826782,-11.009793758392334,0.21428571428571427
14088,0,0,5766,-15.137684106826782,-11.009793758392334,0.21428571428571427
14089,0,0,5765,-15.137684106826782,-11.009793758392334,0.21428571428571427
14090,0,0,5764,-15.137684106826782,-11.009793758392334,0.21428571428571427
14091,0,0,5763,-15.137684106826782,-11.009793758392334,0.21428571428571427
14092,0,0,5762,-15.137684106826782,-11.009793758392334,0.21428571428571427
14093,0,0,5761,-15.137684106826782,-11.009793758392334,0.21428571428571427
14094,0,0,5760,-15.137684106826782,-11.009793758392334,0.21428571428571427
14095,0,0,5759,-15.137684106826782,-11.009793758392334,0.21428571428571427
14096,0,0,5758,-15.137684106826782,-11.009793758392334,0.21428571428571427
14097,0,0,5756,-15.137684106826782,-11.009793758392334,0.21428571428571427
14098,0,0,5746,-15.137684106826782,-11.009793758392334,0.21428571428571427
14099,0,0,5755,-15.137684106826782,-11.009793758392334,0.21428571428571427
14100,0,0,5754,-15.137684106826782,-11.009793758392334,0.21428571428571427
14101,0,0,5753,-15.137684106826782,-11.009793758392334,0.21428571428571427
14102,0,0,5752,-15.137684106826782,-11.009793758392334,0.21428571428571427
14103,0,0,5751,-15.137684106826782,-11.009793758392334,0.21428571428571427
14104,0,0,5750,-15.137684106826782,-11.009793758392334,0.21428571428571427
14105,0,0,5749,-15.137684106826782,-11.009793758392334,0.21428571428571427
14106,0,0,5748,-15.137684106826782,-11.009793758392334,0.21428571428571427
14107,0,0,5747,-15.137684106826782,-11.009793758392334,0.21428571428571427
14108,0,0,5721,-15.137684106826782,-11.009793758392334,0.21428571428571427
14109,0,0,5719,-15.137684106826782,-11.009793758392334,0.21428571428571427
14110,0,0,5672,-15.137684106826782,-11.009793758392334,0.21428571428571427
14111,0,0,5718,-15.137684106826782,-11.009793758392334,0.21428571428571427
14112,0,0,5693,-15.137684106826782,-11.009793758392334,0.21428571428571427
14113,0,0,5692,-15.137684106826782,-11.009793758392334,0.21428571428571427
14114,0,0,5691,-15.137684106826782,-11.009793758392334,0.21428571428571427
14115,0,0,5690,-15.137684106826782,-11.009793758392334,0.21428571428571427
14116,0,0,5689,-15.137684106826782,-11.009793758392334,0.21428571428571427
14117,0,0,5688,-15.137684106826782,-11.009793758392334,0.21428571428571427
14118,0,0,5687,-15.137684106826782,-11.009793758392334,0.21428571428571427
14119,0,0,5686,-15.137684106826782,-11.009793758392334,0.21428571428571427
14120,0,0,5685,-15.137684106826782,-11.009793758392334,0.21428571428571427
14121,0,0,5684,-15.137684106826782,-11.009793758392334,0.21428571428571427
14122,0,0,5683,-15.137684106826782,-11.009793758392334,0.21428571428571427
14123,0,0,5682,-15.137684106826782,-11.009793758392334,0.21428571428571427
14124,0,0,5681,-15.137684106826782,-11.009793758392334,0.21428571428571427
14125,0,0,5680,-15.137684106826782,-11.009793758392334,0.21428571428571427
14126,0,0,5679,-15.137684106826782,-11.009793758392334,0.21428571428571427
14127,0,0,5678,-15.137684106826782,-11.009793758392334,0.21428571428571427
14128,0,0,5677,-15.137684106826782,-11.009793758392334,0.21428571428571427
14129,0,0,5676,-15.137684106826782,-11.009793758392334,0.21428571428571427
14130,0,0,5675,-15.137684106826782,-11.009793758392334,0.21428571428571427
14131,0,0,5674,-15.137684106826782,-11.009793758392334,0.21428571428571427
14132,0,0,5673,-15.137684106826782,-11.009793758392334,0.21428571428571427
14133,0,0,5694,-15.137684106826782,-11.009793758392334,0.21428571428571427
14134,0,0,5695,-15.137684106826782,-11.009793758392334,0.21428571428571427
14135,0,0,5696,-15.137684106826782,-11.009793758392334,0.21428571428571427
14136,0,0,5708,-15.137684106826782,-11.009793758392334,0.21428571428571427
14137,0,0,5717,-15.137684106826782,-11.009793758392334,0.21428571428571427
14138,0,0,5716,-15.137684106826782,-11.009793758392334,0.21428571428571427
14139,0,0,5715,-15.137684106826782,-11.009793758392334,0.21428571428571427
14140,0,0,5714,-15.137684106826782,-11.009793758392334,0.21428571428571427
14141,0,0,5713,-15.137684106826782,-11.009793758392334,0.21428571428571427
14142,0,0,5712,-15.137684106826782,-11.009793758392334,0.21428571428571427
14143,0,0,5711,-15.137684106826782,-11.009793758392334,0.21428571428571427
14144,0,0,5710,-15.137684106826782,-11.009793758392334,0.21428571428571427
14145,0,0,5709,-15.137684106826782,-11.009793758392334,0.21428571428571427
14146,0,0,5707,-15.137684106826782,-11.009793758392334,0.21428571428571427
14147,0,0,5697,-15.137684106826782,-11.009793758392334,0.21428571428571427
14148,0,0,5706,-15.137684106826782,-11.009793758392334,0.21428571428571427
14149,0,0,5705,-15.137684106826782,-11.009793758392334,0.21428571428571427
14150,0,0,5704,-15.137684106826782,-11.009793758392334,0.21428571428571427
14151,0,0,5703,-15.137684106826782,-11.009793758392334,0.21428571428571427
14152,0,0,5702,-15.137684106826782,-11.009793758392334,0.21428571428571427
14153,0,0,5701,-15.137684106826782,-11.009793758392334,0.21428571428571427
14154,0,0,5700,-15.137684106826782,-11.009793758392334,0.21428571428571427
14155,0,0,5699,-15.137684106826782,-11.009793758392334,0.21428571428571427
14156,0,0,5698,-15.137684106826782,-11.009793758392334,0.21428571428571427
14157,0,0,5767,-15.137684106826782,-11.009793758392334,0.21428571428571427
14158,0,0,5768,-15.137684106826782,-11.009793758392334,0.21428571428571427
14159,0,0,5769,-15.137684106826782,-11.009793758392334,0.21428571428571427
14160,0,0,5770,-15.137684106826782,-11.009793758392334,0.21428571428571427
14161,0,0,5839,-15.137684106826782,-11.009793758392334,0.21428571428571427
14162,0,0,5838,-15.137684106826782,-11.009793758392334,0.21428571428571427
14163,0,0,5837,-15.137684106826782,-11.009793758392334,0.21428571428571427
14164,0,0,5836,-15.137684106826782,-11.009793758392334,0.21428571428571427
14165,0,0,5835,-15.137684106826782,-11.009793758392334,0.21428571428571427
14166,0,0,5834,-15.137684106826782,-11.009793758392334,0.21428571428571427
14167,0,0,5833,-15.137684106826782,-11.009793758392334,0.21428571428571427
14168,0,0,5832,-15.137684106826782,-11.009793758392334,0.21428571428571427
14169,0,0,5831,-15.137684106826782,-11.009793758392334,0.21428571428571427
14170,0,0,5829,-15.137684106826782,-11.009793758392334,0.21428571428571427
14171,0,0,5819,-15.137684106826782,-11.009793758392334,0.21428571428571427
14172,0,0,5828,-15.137684106826782,-11.009793758392334,0.21428571428571427
14173,0,0,5827,-15.137684106826782,-11.009793758392334,0.21428571428571427
14174,0,0,5826,-15.137684106826782,-11.009793758392334,0.21428571428571427
14175,0,0,5825,-15.137684106826782,-11.009793758392334,0.21428571428571427
14176,0,0,5824,-15.137684106826782,-11.009793758392334,0.21428571428571427
14177,0,0,5823,-15.137684106826782,-11.009793758392334,0.21428571428571427
14178,0,0,5822,-15.137684106826782,-11.009793758392334,0.21428571428571427
14179,0,0,5821,-15.137684106826782,-11.009793758392334,0.21428571428571427
14180,0,0,5820,-15.137684106826782,-11.009793758392334,0.21428571428571427
14181,0,0,5840,-15.137684106826782,-11.009793758392334,0.21428571428571427
14182,0,0,5830,-15.137684106826782,-11.009793758392334,0.21428571428571427
14183,0,0,5841,-15.137684106826782,-11.009793758392334,0.21428571428571427
14184,0,0,5854,-15.137684106826782,-11.009793758392334,0.21428571428571427
14185,0,0,5863,-15.137684106826782,-11.009793758392334,0.21428571428571427
14186,0,0,5862,-15.137684106826782,-11.009793758392334,0.21428571428571427
14187,0,0,5861,-15.137684106826782,-11.009793758392334,0.21428571428571427
14188,0,0,5860,-15.137684106826782,-11.009793758392334,0.21428571428571427
14189,0,0,5859,-15.137684106826782,-11.009793758392334,0.21428571428571427
14190,0,0,5858,-15.137684106826782,-11.009793758392334,0.21428571428571427
14191,0,0,5857,-15.137684106826782,-11.009793758392334,0.21428571428571427
14192,0,0,5856,-15.137684106826782,-11.009793758392334,0.21428571428571427
14193,0,0,5855,-15.137684106826782,-11.009793758392334,0.21428571428571427
14194,0,0,5853,-15.137684106826782,-11.009793758392334,0.21428571428571427
14195,0,0,5843,-15.137684106826782,-11.009793758392334,0.21428571428571427
14196,0,0,5852,-15.137684106826782,-11.009793758392334,0.21428571428571427
14197,0,0,5851,-15.137684106826782,-11.009793758392334,0.21428571428571427
14198,0,0,5850,-15.137684106826782,-11.009793758392334,0.21428571428571427
14199,0,0,5849,-15.137684106826782,-11.009793758392334,0.21428571428571427
14200,0,0,5848,-15.137684106826782,-11.009793758392334,0.21428571428571427
14201,0,0,5847,-15.137684106826782,-11.009793758392334,0.21428571428571427
14202,0,0,5846,-15.137684106826782,-11.009793758392334,0.21428571428571427
14203,0,0,5845,-15.137684106826782,-11.009793758392334,0.21428571428571427
14204,0,0,5844,-15.137684106826782,-11.009793758392334,0.21428571428571427
14205,0,0,5842,-15.137684106826782,-11.009793758392334,0.21428571428571427
14206,0,0,5818,-15.137684106826782,-11.009793758392334,0.21428571428571427
14207,0,0,5817,-15.137684106826782,-11.009793758392334,0.21428571428571427
14208,0,0,5816,-15.137684106826782,-11.009793758392334,0.21428571428571427
14209,0,0,5791,-15.137684106826782,-11.009793758392334,0.21428571428571427
14210,0,0,5790,-15.137684106826782,-11.009793758392334,0.21428571428571427
14211,0,0,5789,-15.137684106826782,-11.009793758392334,0.21428571428571427
14212,0,0,5788,-15.137684106826782,-11.009793758392334,0.21428571428571427
14213,0,0,5787,-15.137684106826782,-11.009793758392334,0.21428571428571427
14214,0,0,5786,-15.137684106826782,-11.009793758392334,0.21428571428571427
14215,0,0,5785,-15.137684106826782,-11.009793758392334,0.21428571428571427
14216,0,0,5784,-15.137684106826782,-11.009793758392334,0.21428571428571427
14217,0,0,5783,-15.137684106826782,-11.009793758392334,0.21428571428571427
14218,0,0,5782,-15.137684106826782,-11.009793758392334,0.21428571428571427
14219,0,0,5781,-15.137684106826782,-11.009793758392334,0.21428571428571427
14220,0,0,5780,-15.137684106826782,-11.009793758392334,0.21428571428571427
14221,0,0,5779,-15.137684106826782,-11.009793758392334,0.21428571428571427
14222,0,0,5778,-15.137684106826782,-11.009793758392334,0.21428571428571427
14223,0,0,5777,-15.137684106826782,-11.009793758392334,0.21428571428571427
14224,0,0,5776,-15.137684106826782,-11.009793758392334,0.21428571428571427
14225,0,0,5775,-15.137684106826782,-11.009793758392334,0.21428571428571427
14226,0,0,5774,-15.137684106826782,-11.009793758392334,0.21428571428571427
14227,0,0,5773,-15.137684106826782,-11.009793758392334,0.21428571428571427
14228,0,0,5772,-15.137684106826782,-11.009793758392334,0.21428571428571427
14229,0,0,5771,-15.137684106826782,-11.009793758392334,0.21428571428571427
14230,0,0,5792,-15.137684106826782,-11.009793758392334,0.21428571428571427
14231,0,0,5793,-15.137684106826782,-11.009793758392334,0.21428571428571427
14232,0,0,5794,-15.137684106826782,-11.009793758392334,0.21428571428571427
14233,0,0,5806,-15.137684106826782,-11.009793758392334,0.21428571428571427
14234,0,0,5815,-15.137684106826782,-11.009793758392334,0.21428571428571427
14235,0,0,5814,-15.137684106826782,-11.009793758392334,0.21428571428571427
14236,0,0,5813,-15.137684106826782,-11.009793758392334,0.21428571428571427
14237,0,0,5812,-15.137684106826782,-11.009793758392334,0.21428571428571427
14238,0,0,5811,-15.137684106826782,-11.009793758392334,0.21428571428571427
14239,0,0,5810,-15.137684106826782,-11.009793758392334,0.21428571428571427
14240,0,0,5809,-15.137684106826782,-11.009793758392334,0.21428571428571427
14241,0,0,5808,-15.137684106826782,-11.009793758392334,0.21428571428571427
14242,0,0,5807,-15.137684106826782,-11.009793758392334,0.21428571428571427
14243,0,0,5805,-15.137684106826782,-11.009793758392334,0.21428571428571427
14244,0,0,5795,-15.137684106826782,-11.009793758392334,0.21428571428571427
14245,0,0,5804,-15.137684106826782,-11.009793758392334,0.21428571428571427
14246,0,0,5803,-15.137684106826782,-11.009793758392334,0.21428571428571427
14247,0,0,5802,-15.137684106826782,-11.009793758392334,0.21428571428571427
14248,0,0,5801,-15.137684106826782,-11.009793758392334,0.21428571428571427
14249,0,0,5800,-15.137684106826782,-11.009793758392334,0.21428571428571427
14250,0,0,5799,-15.137684106826782,-11.009793758392334,0.21428571428571427
14251,0,0,5798,-15.137684106826782,-11.009793758392334,0.21428571428571427
14252,0,0,5797,-15.137684106826782,-11.009793758392334,0.21428571428571427
14253,0,0,5796,-15.137684106826782,-11.009793758392334,0.21428571428571427
14254,0,0,5720,-15.137684106826782,-11.009793758392334,0.21428571428571427
14255,0,0,5670,-15.137684106826782,-11.009793758392334,0.21428571428571427
14256,0,0,5525,-15.137684106826782,-11.009793758392334,0.21428571428571427
14257,0,0,5669,-15.137684106826782,-11.009793758392334,0.21428571428571427
14258,0,0,5547,-15.137684106826782,-11.009793758392334,0.21428571428571427
14259,0,0,5546,-15.137684106826782,-11.009793758392334,0.21428571428571427
14260,0,0,5545,-15.137684106826782,-11.009793758392334,0.21428571428571427
14261,0,0,5544,-15.137684106826782,-11.009793758392334,0.21428571428571427
14262,0,0,5543,-15.137684106826782,-11.009793758392334,0.21428571428571427
14263,0,0,5542,-15.137684106826782,-11.009793758392334,0.21428571428571427
14264,0,0,5541,-15.137684106826782,-11.009793758392334,0.21428571428571427
14265,0,0,5540,-15.137684106826782,-11.009793758392334,0.21428571428571427
14266,0,0,5539,-15.137684106826782,-11.009793758392334,0.21428571428571427
14267,0,0,5538,-15.137684106826782,-11.009793758392334,0.21428571428571427
14268,0,0,5537,-15.137684106826782,-11.009793758392334,0.21428571428571427
14269,0,0,5536,-15.137684106826782,-11.009793758392334,0.21428571428571427
14270,0,0,5535,-15.137684106826782,-11.009793758392334,0.21428571428571427
14271,0,0,5534,-15.137684106826782,-11.009793758392334,0.21428571428571427
14272,0,0,5533,-15.137684106826782,-11.009793758392334,0.21428571428571427
14273,0,0,5532,-15.137684106826782,-11.009793758392334,0.21428571428571427
14274,0,0,5531,-15.137684106826782,-11.009793758392334,0.21428571428571427
14275,0,0,5530,-15.137684106826782,-11.009793758392334,0.21428571428571427
14276,0,0,5529,-15.137684106826782,-11.009793758392334,0.21428571428571427
14277,0,0,5528,-15.137684106826782,-11.009793758392334,0.21428571428571427
14278,0,0,5527,-15.137684106826782,-11.009793758392334,0.21428571428571427
14279,0,0,5548,-15.137684106826782,-11.009793758392334,0.21428571428571427
14280,0,0,5549,-15.137684106826782,-11.009793758392334,0.21428571428571427
14281,0,0,5550,-15.137684106826782,-11.009793758392334,0.21428571428571427
14282,0,0,5562,-15.137684106826782,-11.009793758392334,0.21428571428571427
14283,0,0,5571,-15.137684106826782,-11.009793758392334,0.21428571428571427
14284,0,0,5570,-15.137684106826782,-11.009793758392334,0.21428571428571427
14285,0,0,5569,-15.137684106826782,-11.009793758392334,0.21428571428571427
14286,0,0,5568,-15.137684106826782,-11.009793758392334,0.21428571428571427
14287,0,0,5567,-15.137684106826782,-11.009793758392334,0.21428571428571427
14288,0,0,5566,-15.137684106826782,-11.009793758392334,0.21428571428571427
14289,0,0,5565,-15.137684106826782,-11.009793758392334,0.21428571428571427
14290,0,0,5564,-15.137684106826782,-11.009793758392334,0.21428571428571427
14291,0,0,5563,-15.137684106826782,-11.009793758392334,0.21428571428571427
14292,0,0,5561,-15.137684106826782,-11.009793758392334,0.21428571428571427
14293,0,0,5551,-15.137684106826782,-11.009793758392334,0.21428571428571427
14294,0,0,5560,-15.137684106826782,-11.009793758392334,0.21428571428571427
14295,0,0,5559,-15.137684106826782,-11.009793758392334,0.21428571428571427
14296,0,0,5558,-15.137684106826782,-11.009793758392334,0.21428571428571427
14297,0,0,5557,-15.137684106826782,-11.009793758392334,0.21428571428571427
14298,0,0,5556,-15.137684106826782,-11.009793758392334,0.21428571428571427
14299,0,0,5555,-15.137684106826782,-11.009793758392334,0.21428571428571427
14300,0,0,5554,-15.137684106826782,-11.009793758392334,0.21428571428571427
14301,0,0,5553,-15.137684106826782,-11.009793758392334,0.21428571428571427
14302,0,0,5552,-15.137684106826782,-11.009793758392334,0.21428571428571427
14303,0,0,5526,-15.137684106826782,-11.009793758392334,0.21428571428571427
14304,0,0,5524,-15.137684106826782,-11.009793758392334,0.21428571428571427
14305,0,0,5477,-15.137684106826782,-11.009793758392334,0.21428571428571427
14306,0,0,5523,-15.137684106826782,-11.009793758392334,0.21428571428571427
14307,0,0,5498,-15.137684106826782,-11.009793758392334,0.21428571428571427
14308,0,0,5497,-15.137684106826782,-11.009793758392334,0.21428571428571427
14309,0,0,5496,-15.137684106826782,-11.009793758392334,0.21428571428571427
14310,0,0,5495,-15.137684106826782,-11.009793758392334,0.21428571428571427
14311,0,0,5494,-15.137684106826782,-11.009793758392334,0.21428571428571427
14312,0,0,5493,-15.137684106826782,-11.009793758392334,0.21428571428571427
14313,0,0,5492,-15.137684106826782,-11.009793758392334,0.21428571428571427
14314,0,0,5491,-15.137684106826782,-11.009793758392334,0.21428571428571427
14315,0,0,5490,-15.137684106826782,-11.009793758392334,0.21428571428571427
14316,0,0,5489,-15.137684106826782,-11.009793758392334,0.21428571428571427
14317,0,0,5488,-15.137684106826782,-11.009793758392334,0.21428571428571427
14318,0,0,5487,-15.137684106826782,-11.009793758392334,0.21428571428571427
14319,0,0,5486,-15.137684106826782,-11.009793758392334,0.21428571428571427
14320,0,0,5485,-15.137684106826782,-11.009793758392334,0.21428571428571427
14321,0,0,5484,-15.137684106826782,-11.009793758392334,0.21428571428571427
14322,0,0,5483,-15.137684106826782,-11.009793758392334,0.21428571428571427
14323,0,0,5482,-15.137684106826782,-11.009793758392334,0.21428571428571427
14324,0,0,5481,-15.137684106826782,-11.009793758392334,0.21428571428571427
14325,0,0,5480,-15.137684106826782,-11.009793758392334,0.21428571428571427
14326,0,0,5479,-15.137684106826782,-11.009793758392334,0.21428571428571427
14327,0,0,5478,-15.137684106826782,-11.009793758392334,0.21428571428571427
14328,0,0,5499,-15.137684106826782,-11.009793758392334,0.21428571428571427
14329,0,0,5500,-15.137684106826782,-11.009793758392334,0.21428571428571427
14330,0,0,5501,-15.137684106826782,-11.009793758392334,0.21428571428571427
14331,0,0,5513,-15.137684106826782,-11.009793758392334,0.21428571428571427
14332,0,0,5522,-15.137684106826782,-11.009793758392334,0.21428571428571427
14333,0,0,5521,-15.137684106826782,-11.009793758392334,0.21428571428571427
14334,0,0,5520,-15.137684106826782,-11.009793758392334,0.21428571428571427
14335,0,0,5519,-15.137684106826782,-11.009793758392334,0.21428571428571427
14336,0,0,5518,-15.137684106826782,-11.009793758392334,0.21428571428571427
14337,0,0,5517,-15.137684106826782,-11.009793758392334,0.21428571428571427
14338,0,0,5516,-15.137684106826782,-11.009793758392334,0.21428571428571427
14339,0,0,5515,-15.137684106826782,-11.009793758392334,0.21428571428571427
14340,0,0,5514,-15.137684106826782,-11.009793758392334,0.21428571428571427
14341,0,0,5512,-15.137684106826782,-11.009793758392334,0.21428571428571427
14342,0,0,5502,-15.137684106826782,-11.009793758392334,0.21428571428571427
14343,0,0,5511,-15.137684106826782,-11.009793758392334,0.21428571428571427
14344,0,0,5510,-15.137684106826782,-11.009793758392334,0.21428571428571427
14345,0,0,5509,-15.137684106826782,-11.009793758392334,0.21428571428571427
14346,0,0,5508,-15.137684106826782,-11.009793758392334,0.21428571428571427
14347,0,0,5507,-15.137684106826782,-11.009793758392334,0.21428571428571427
14348,0,0,5506,-15.137684106826782,-11.009793758392334,0.21428571428571427
14349,0,0,5505,-15.137684106826782,-11.009793758392334,0.21428571428571427
14350,0,0,5504,-15.137684106826782,-11.009793758392334,0.21428571428571427
14351,0,0,5503,-15.137684106826782,-11.009793758392334,0.21428571428571427
14352,0,0,5572,-15.137684106826782,-11.009793758392334,0.21428571428571427
14353,0,0,5573,-15.137684106826782,-11.009793758392334,0.21428571428571427
14354,0,0,5574,-15.137684106826782,-11.009793758392334,0.21428571428571427
14355,0,0,5575,-15.137684106826782,-11.009793758392334,0.21428571428571427
14356,0,0,5644,-15.137684106826782,-11.009793758392334,0.21428571428571427
14357,0,0,5643,-15.137684106826782,-11.009793758392334,0.21428571428571427
14358,0,0,5642,-15.137684106826782,-11.009793758392334,0.21428571428571427
14359,0,0,5641,-15.137684106826782,-11.009793758392334,0.21428571428571427
14360,0,0,5640,-15.137684106826782,-11.009793758392334,0.21428571428571427
14361,0,0,5639,-15.137684106826782,-11.009793758392334,0.21428571428571427
14362,0,0,5638,-15.137684106826782,-11.009793758392334,0.21428571428571427
14363,0,0,5637,-15.137684106826782,-11.009793758392334,0.21428571428571427
14364,0,0,5636,-15.137684106826782,-11.009793758392334,0.21428571428571427
14365,0,0,5634,-15.137684106826782,-11.009793758392334,0.21428571428571427
14366,0,0,5624,-15.137684106826782,-11.009793758392334,0.21428571428571427
14367,0,0,5633,-15.137684106826782,-11.009793758392334,0.21428571428571427
14368,0,0,5632,-15.137684106826782,-11.009793758392334,0.21428571428571427
14369,0,0,5631,-15.137684106826782,-11.009793758392334,0.21428571428571427
14370,0,0,5630,-15.137684106826782,-11.009793758392334,0.21428571428571427
14371,0,0,5629,-15.137684106826782,-11.009793758392334,0.21428571428571427
14372,0,0,5628,-15.137684106826782,-11.009793758392334,0.21428571428571427
14373,0,0,5627,-15.137684106826782,-11.009793758392334,0.21428571428571427
14374,0,0,5626,-15.137684106826782,-11.009793758392334,0.21428571428571427
14375,0,0,5625,-15.137684106826782,-11.009793758392334,0.21428571428571427
14376,0,0,5645,-15.137684106826782,-11.009793758392334,0.21428571428571427
14377,0,0,5635,-15.137684106826782,-11.009793758392334,0.21428571428571427
14378,0,0,5646,-15.137684106826782,-11.009793758392334,0.21428571428571427
14379,0,0,5659,-15.137684106826782,-11.009793758392334,0.21428571428571427
14380,0,0,5668,-15.137684106826782,-11.009793758392334,0.21428571428571427
14381,0,0,5667,-15.137684106826782,-11.009793758392334,0.21428571428571427
14382,0,0,5666,-15.137684106826782,-11.009793758392334,0.21428571428571427
14383,0,0,5665,-15.137684106826782,-11.009793758392334,0.21428571428571427
14384,0,0,5664,-15.137684106826782,-11.009793758392334,0.21428571428571427
14385,0,0,5663,-15.137684106826782,-11.009793758392334,0.21428571428571427
14386,0,0,5662,-15.137684106826782,-11.009793758392334,0.21428571428571427
14387,0,0,5661,-15.137684106826782,-11.009793758392334,0.21428571428571427
14388,0,0,5660,-15.137684106826782,-11.009793758392334,0.21428571428571427
14389,0,0,5658,-15.137684106826782,-11.009793758392334,0.21428571428571427
14390,0,0,5648,-15.137684106826782,-11.009793758392334,0.21428571428571427
14391,0,0,5657,-15.137684106826782,-11.009793758392334,0.21428571428571427
14392,0,0,5656,-15.137684106826782,-11.009793758392334,0.21428571428571427
14393,0,0,5655,-15.137684106826782,-11.009793758392334,0.21428571428571427
14394,0,0,5654,-15.137684106826782,-11.009793758392334,0.21428571428571427
14395,0,0,5653,-15.137684106826782,-11.009793758392334,0.21428571428571427
14396,0,0,5652,-15.137684106826782,-11.009793758392334,0.21428571428571427
14397,0,0,5651,-15.137684106826782,-11.009793758392334,0.21428571428571427
14398,0,0,5650,-15.137684106826782,-11.009793758392334,0.21428571428571427
14399,0,0,5649,-15.137684106826782,-11.009793758392334,0.21428571428571427
14400,0,0,5647,-15.137684106826782,-11.009793758392334,0.21428571428571427
14401,0,0,5623,-15.137684106826782,-11.009793758392334,0.21428571428571427
14402,0,0,5622,-15.137684106826782,-11.009793758392334,0.21428571428571427
14403,0,0,5621,-15.137684106826782,-11.009793758392334,0.21428571428571427
14404,0,0,5596,-15.137684106826782,-11.009793758392334,0.21428571428571427
14405,0,0,5595,-15.137684106826782,-11.009793758392334,0.21428571428571427
14406,0,0,5594,-15.137684106826782,-11.009793758392334,0.21428571428571427
14407,0,0,5593,-15.137684106826782,-11.009793758392334,0.21428571428571427
14408,0,0,5592,-15.137684106826782,-11.009793758392334,0.21428571428571427
14409,0,0,5591,-15.137684106826782,-11.009793758392334,0.21428571428571427
14410,0,0,5590,-15.137684106826782,-11.009793758392334,0.21428571428571427
14411,0,0,5589,-15.137684106826782,-11.009793758392334,0.21428571428571427
14412,0,0,5588,-15.137684106826782,-11.009793758392334,0.21428571428571427
14413,0,0,5587,-15.137684106826782,-11.009793758392334,0.21428571428571427
14414,0,0,5586,-15.137684106826782,-11.009793758392334,0.21428571428571427
14415,0,0,5585,-15.137684106826782,-11.009793758392334,0.21428571428571427
14416,0,0,5584,-15.137684106826782,-11.009793758392334,0.21428571428571427
14417,0,0,5583,-15.137684106826782,-11.009793758392334,0.21428571428571427
14418,0,0,5582,-15.137684106826782,-11.009793758392334,0.21428571428571427
14419,0,0,5581,-15.137684106826782,-11.009793758392334,0.21428571428571427
14420,0,0,5580,-15.137684106826782,-11.009793758392334,0.21428571428571427
14421,0,0,5579,-15.137684106826782,-11.009793758392334,0.21428571428571427
14422,0,0,5578,-15.137684106826782,-11.009793758392334,0.21428571428571427
14423,0,0,5577,-15.137684106826782,-11.009793758392334,0.21428571428571427
14424,0,0,5576,-15.137684106826782,-11.009793758392334,0.21428571428571427
14425,0,0,5597,-15.137684106826782,-11.009793758392334,0.21428571428571427
14426,0,0,5598,-15.137684106826782,-11.009793758392334,0.21428571428571427
14427,0,0,5599,-15.137684106826782,-11.009793758392334,0.21428571428571427
14428,0,0,5611,-15.137684106826782,-11.009793758392334,0.21428571428571427
14429,0,0,5620,-15.137684106826782,-11.009793758392334,0.21428571428571427
14430,0,0,5619,-15.137684106826782,-11.009793758392334,0.21428571428571427
14431,0,0,5618,-15.137684106826782,-11.009793758392334,0.21428571428571427
14432,0,0,5617,-15.137684106826782,-11.009793758392334,0.21428571428571427
14433,0,0,5616,-15.137684106826782,-11.009793758392334,0.21428571428571427
14434,0,0,5615,-15.137684106826782,-11.009793758392334,0.21428571428571427
14435,0,0,5614,-15.137684106826782,-11.009793758392334,0.21428571428571427
14436,0,0,5613,-15.137684106826782,-11.009793758392334,0.21428571428571427
14437,0,0,5612,-15.137684106826782,-11.009793758392334,0.21428571428571427
14438,0,0,5610,-15.137684106826782,-11.009793758392334,0.21428571428571427
14439,0,0,5600,-15.137684106826782,-11.009793758392334,0.21428571428571427
14440,0,0,5609,-15.137684106826782,-11.009793758392334,0.21428571428571427
14441,0,0,5608,-15.137684106826782,-11.009793758392334,0.21428571428571427
14442,0,0,5607,-15.137684106826782,-11.009793758392334,0.21428571428571427
14443,0,0,5606,-15.137684106826782,-11.009793758392334,0.21428571428571427
14444,0,0,5605,-15.137684106826782,-11.009793758392334,0.21428571428571427
14445,0,0,5604,-15.137684106826782,-11.009793758392334,0.21428571428571427
14446,0,0,5603,-15.137684106826782,-11.009793758392334,0.21428571428571427
14447,0,0,5602,-15.137684106826782,-11.009793758392334,0.21428571428571427
14448,0,0,5601,-15.137684106826782,-11.009793758392334,0.21428571428571427
14449,0,0,5864,-15.137684106826782,-11.009793758392334,0.21428571428571427
14450,0,0,5671,-15.137684106826782,-11.009793758392334,0.21428571428571427
14451,0,0,5865,-15.137684106826782,-11.009793758392334,0.21428571428571427
14452,0,0,6061,-15.137684106826782,-11.009793758392334,0.21428571428571427
14453,0,0,6132,-15.137684106826782,-11.009793758392334,0.21428571428571427
14454,0,0,6131,-15.137684106826782,-11.009793758392334,0.21428571428571427
14455,0,0,6130,-15.137684106826782,-11.009793758392334,0.21428571428571427
14456,0,0,6129,-15.137684106826782,-11.009793758392334,0.21428571428571427
14457,0,0,6128,-15.137684106826782,-11.009793758392334,0.21428571428571427
14458,0,0,6127,-15.137684106826782,-11.009793758392334,0.21428571428571427
14459,0,0,6126,-15.137684106826782,-11.009793758392334,0.21428571428571427
14460,0,0,6125,-15.137684106826782,-11.009793758392334,0.21428571428571427
14461,0,0,6124,-15.137684106826782,-11.009793758392334,0.21428571428571427
14462,0,0,6123,-15.137684106826782,-11.009793758392334,0.21428571428571427
14463,0,0,6122,-15.137684106826782,-11.009793758392334,0.21428571428571427
14464,0,0,6121,-15.137684106826782,-11.009793758392334,0.21428571428571427
14465,0,0,6120,-15.137684106826782,-11.009793758392334,0.21428571428571427
14466,0,0,6119,-15.137684106826782,-11.009793758392334,0.21428571428571427
14467,0,0,6118,-15.137684106826782,-11.009793758392334,0.21428571428571427
14468,0,0,6117,-15.137684106826782,-11.009793758392334,0.21428571428571427
14469,0,0,6116,-15.137684106826782,-11.009793758392334,0.21428571428571427
14470,0,0,6115,-15.137684106826782,-11.009793758392334,0.21428571428571427
14471,0,0,6114,-15.137684106826782,-11.009793758392334,0.21428571428571427
14472,0,0,6113,-15.137684106826782,-11.009793758392334,0.21428571428571427
14473,0,0,6112,-15.137684106826782,-11.009793758392334,0.21428571428571427
14474,0,0,6133,-15.137684106826782,-11.009793758392334,0.21428571428571427
14475,0,0,6134,-15.137684106826782,-11.009793758392334,0.21428571428571427
14476,0,0,6135,-15.137684106826782,-11.009793758392334,0.21428571428571427
14477,0,0,6147,-15.137684106826782,-11.009793758392334,0.21428571428571427
14478,0,0,6156,-15.137684106826782,-11.009793758392334,0.21428571428571427
14479,0,0,6155,-15.137684106826782,-11.009793758392334,0.21428571428571427
14480,0,0,6154,-15.137684106826782,-11.009793758392334,0.21428571428571427
14481,0,0,6153,-15.137684106826782,-11.009793758392334,0.21428571428571427
14482,0,0,6152,-15.137684106826782,-11.009793758392334,0.21428571428571427
14483,0,0,6151,-15.137684106826782,-11.009793758392334,0.21428571428571427
14484,0,0,6150,-15.137684106826782,-11.009793758392334,0.21428571428571427
14485,0,0,6149,-15.137684106826782,-11.009793758392334,0.21428571428571427
14486,0,0,6148,-15.137684106826782,-11.009793758392334,0.21428571428571427
14487,0,0,6146,-15.137684106826782,-11.009793758392334,0.21428571428571427
14488,0,0,6136,-15.137684106826782,-11.009793758392334,0.21428571428571427
14489,0,0,6145,-15.137684106826782,-11.009793758392334,0.21428571428571427
14490,0,0,6144,-15.137684106826782,-11.009793758392334,0.21428571428571427
14491,0,0,6143,-15.137684106826782,-11.009793758392334,0.21428571428571427
14492,0,0,6142,-15.137684106826782,-11.009793758392334,0.21428571428571427
14493,0,0,6141,-15.137684106826782,-11.009793758392334,0.21428571428571427
14494,0,0,6140,-15.137684106826782,-11.009793758392334,0.21428571428571427
14495,0,0,6139,-15.137684106826782,-11.009793758392334,0.21428571428571427
14496,0,0,6138,-15.137684106826782,-11.009793758392334,0.21428571428571427
14497,0,0,6137,-15.137684106826782,-11.009793758392334,0.21428571428571427
14498,0,0,6111,-15.137684106826782,-11.009793758392334,0.21428571428571427
14499,0,0,6109,-15.137684106826782,-11.009793758392334,0.21428571428571427
14500,0,0,6062,-15.137684106826782,-11.009793758392334,0.21428571428571427
14501,0,0,6108,-15.137684106826782,-11.009793758392334,0.21428571428571427
14502,0,0,6083,-15.137684106826782,-11.009793758392334,0.21428571428571427
14503,0,0,6082,-15.137684106826782,-11.009793758392334,0.21428571428571427
14504,0,0,6081,-15.137684106826782,-11.009793758392334,0.21428571428571427
14505,0,0,6080,-15.137684106826782,-11.009793758392334,0.21428571428571427
14506,0,0,6079,-15.137684106826782,-11.009793758392334,0.21428571428571427
14507,0,0,6078,-15.137684106826782,-11.009793758392334,0.21428571428571427
14508,0,0,6077,-15.137684106826782,-11.009793758392334,0.21428571428571427
14509,0,0,6076,-15.137684106826782,-11.009793758392334,0.21428571428571427
14510,0,0,6075,-15.137684106826782,-11.009793758392334,0.21428571428571427
14511,0,0,6074,-15.137684106826782,-11.009793758392334,0.21428571428571427
14512,0,0,6073,-15.137684106826782,-11.009793758392334,0.21428571428571427
14513,0,0,6072,-15.137684106826782,-11.009793758392334,0.21428571428571427
14514,0,0,6071,-15.137684106826782,-11.009793758392334,0.21428571428571427
14515,0,0,6070,-15.137684106826782,-11.009793758392334,0.21428571428571427
14516,0,0,6069,-15.137684106826782,-11.009793758392334,0.21428571428571427
14517,0,0,6068,-15.137684106826782,-11.009793758392334,0.21428571428571427
14518,0,0,6067,-15.137684106826782,-11.009793758392334,0.21428571428571427
14519,0,0,6066,-15.137684106826782,-11.009793758392334,0.21428571428571427
14520,0,0,6065,-15.137684106826782,-11.009793758392334,0.21428571428571427
14521,0,0,6064,-15.137684106826782,-11.009793758392334,0.21428571428571427
14522,0,0,6063,-15.137684106826782,-11.009793758392334,0.21428571428571427
14523,0,0,6084,-15.137684106826782,-11.009793758392334,0.21428571428571427
14524,0,0,6085,-15.137684106826782,-11.009793758392334,0.21428571428571427
14525,0,0,6086,-15.137684106826782,-11.009793758392334,0.21428571428571427
14526,0,0,6098,-15.137684106826782,-11.009793758392334,0.21428571428571427
14527,0,0,6107,-15.137684106826782,-11.009793758392334,0.21428571428571427
14528,0,0,6106,-15.137684106826782,-11.009793758392334,0.21428571428571427
14529,0,0,6105,-15.137684106826782,-11.009793758392334,0.21428571428571427
14530,0,0,6104,-15.137684106826782,-11.009793758392334,0.21428571428571427
14531,0,0,6103,-15.137684106826782,-11.009793758392334,0.21428571428571427
14532,0,0,6102,-15.137684106826782,-11.009793758392334,0.21428571428571427
14533,0,0,6101,-15.137684106826782,-11.009793758392334,0.21428571428571427
14534,0,0,6100,-15.137684106826782,-11.009793758392334,0.21428571428571427
14535,0,0,6099,-15.137684106826782,-11.009793758392334,0.21428571428571427
14536,0,0,6097,-15.137684106826782,-11.009793758392334,0.21428571428571427
14537,0,0,6087,-15.137684106826782,-11.009793758392334,0.21428571428571427
14538,0,0,6096,-15.137684106826782,-11.009793758392334,0.21428571428571427
14539,0,0,6095,-15.137684106826782,-11.009793758392334,0.21428571428571427
14540,0,0,6094,-15.137684106826782,-11.009793758392334,0.21428571428571427
14541,0,0,6093,-15.137684106826782,-11.009793758392334,0.21428571428571427
14542,0,0,6092,-15.137684106826782,-11.009793758392334,0.21428571428571427
14543,0,0,6091,-15.137684106826782,-11.009793758392334,0.21428571428571427
14544,0,0,6090,-15.137684106826782,-11.009793758392334,0.21428571428571427
14545,0,0,6089,-15.137684106826782,-11.009793758392334,0.21428571428571427
14546,0,0,6088,-15.137684106826782,-11.009793758392334,0.21428571428571427
14547,0,0,6157,-15.137684106826782,-11.009793758392334,0.21428571428571427
14548,0,0,6158,-15.137684106826782,-11.009793758392334,0.21428571428571427
14549,0,0,6159,-15.137684106826782,-11.009793758392334,0.21428571428571427
14550,0,0,6160,-15.137684106826782,-11.009793758392334,0.21428571428571427
14551,0,0,6229,-15.137684106826782,-11.009793758392334,0.21428571428571427
14552,0,0,6228,-15.137684106826782,-11.009793758392334,0.21428571428571427
14553,0,0,6227,-15.137684106826782,-11.009793758392334,0.21428571428571427
14554,0,0,6226,-15.137684106826782,-11.009793758392334,0.21428571428571427
14555,0,0,6225,-15.137684106826782,-11.009793758392334,0.21428571428571427
14556,0,0,6224,-15.137684106826782,-11.009793758392334,0.21428571428571427
14557,0,0,6223,-15.137684106826782,-11.009793758392334,0.21428571428571427
14558,0,0,6222,-15.137684106826782,-11.009793758392334,0.21428571428571427
14559,0,0,6221,-15.137684106826782,-11.009793758392334,0.21428571428571427
14560,0,0,6219,-15.137684106826782,-11.009793758392334,0.21428571428571427
14561,0,0,6209,-15.137684106826782,-11.009793758392334,0.21428571428571427
14562,0,0,6218,-15.137684106826782,-11.009793758392334,0.21428571428571427
14563,0,0,6217,-15.137684106826782,-11.009793758392334,0.21428571428571427
14564,0,0,6216,-15.137684106826782,-11.009793758392334,0.21428571428571427
14565,0,0,6215,-15.137684106826782,-11.009793758392334,0.21428571428571427
14566,0,0,6214,-15.137684106826782,-11.009793758392334,0.21428571428571427
14567,0,0,6213,-15.137684106826782,-11.009793758392334,0.21428571428571427
14568,0,0,6212,-15.137684106826782,-11.009793758392334,0.21428571428571427
14569,0,0,6211,-15.137684106826782,-11.009793758392334,0.21428571428571427
14570,0,0,6210,-15.137684106826782,-11.009793758392334,0.21428571428571427
14571,0,0,6230,-15.137684106826782,-11.009793758392334,0.21428571428571427
14572,0,0,6220,-15.137684106826782,-11.009793758392334,0.21428571428571427
14573,0,0,6231,-15.137684106826782,-11.009793758392334,0.21428571428571427
14574,0,0,6244,-15.137684106826782,-11.009793758392334,0.21428571428571427
14575,0,0,6253,-15.137684106826782,-11.009793758392334,0.21428571428571427
14576,0,0,6252,-15.137684106826782,-11.009793758392334,0.21428571428571427
14577,0,0,6251,-15.137684106826782,-11.009793758392334,0.21428571428571427
14578,0,0,6250,-15.137684106826782,-11.009793758392334,0.21428571428571427
14579,0,0,6249,-15.137684106826782,-11.009793758392334,0.21428571428571427
14580,0,0,6248,-15.137684106826782,-11.009793758392334,0.21428571428571427
14581,0,0,6247,-15.137684106826782,-11.009793758392334,0.21428571428571427
14582,0,0,6246,-15.137684106826782,-11.009793758392334,0.21428571428571427
14583,0,0,6245,-15.137684106826782,-11.009793758392334,0.21428571428571427
14584,0,0,6243,-15.137684106826782,-11.009793758392334,0.21428571428571427
14585,0,0,6233,-15.137684106826782,-11.009793758392334,0.21428571428571427
14586,0,0,6242,-15.137684106826782,-11.009793758392334,0.21428571428571427
14587,0,0,6241,-15.137684106826782,-11.009793758392334,0.21428571428571427
14588,0,0,6240,-15.137684106826782,-11.009793758392334,0.21428571428571427
14589,0,0,6239,-15.137684106826782,-11.009793758392334,0.21428571428571427
14590,0,0,6238,-15.137684106826782,-11.009793758392334,0.21428571428571427
14591,0,0,6237,-15.137684106826782,-11.009793758392334,0.21428571428571427
14592,0,0,6236,-15.137684106826782,-11.009793758392334,0.21428571428571427
14593,0,0,6235,-15.137684106826782,-11.009793758392334,0.21428571428571427
14594,0,0,6234,-15.137684106826782,-11.009793758392334,0.21428571428571427
14595,0,0,6232,-15.137684106826782,-11.009793758392334,0.21428571428571427
14596,0,0,6208,-15.137684106826782,-11.009793758392334,0.21428571428571427
14597,0,0,6207,-15.137684106826782,-11.009793758392334,0.21428571428571427
14598,0,0,6206,-15.137684106826782,-11.009793758392334,0.21428571428571427
14599,0,0,6181,-15.137684106826782,-11.009793758392334,0.21428571428571427
14600,0,0,6180,-15.137684106826782,-11.009793758392334,0.21428571428571427
14601,0,0,6179,-15.137684106826782,-11.009793758392334,0.21428571428571427
14602,0,0,6178,-15.137684106826782,-11.009793758392334,0.21428571428571427
14603,0,0,6177,-15.137684106826782,-11.009793758392334,0.21428571428571427
14604,0,0,6176,-15.137684106826782,-11.009793758392334,0.21428571428571427
14605,0,0,6175,-15.137684106826782,-11.009793758392334,0.21428571428571427
14606,0,0,6174,-15.137684106826782,-11.009793758392334,0.21428571428571427
14607,0,0,6173,-15.137684106826782,-11.009793758392334,0.21428571428571427
14608,0,0,6172,-15.137684106826782,-11.009793758392334,0.21428571428571427
14609,0,0,6171,-15.137684106826782,-11.009793758392334,0.21428571428571427
14610,0,0,6170,-15.137684106826782,-11.009793758392334,0.21428571428571427
14611,0,0,6169,-15.137684106826782,-11.009793758392334,0.21428571428571427
14612,0,0,6168,-15.137684106826782,-11.009793758392334,0.21428571428571427
14613,0,0,6167,-15.137684106826782,-11.009793758392334,0.21428571428571427
14614,0,0,6166,-15.137684106826782,-11.009793758392334,0.21428571428571427
14615,0,0,6165,-15.137684106826782,-11.009793758392334,0.21428571428571427
14616,0,0,6164,-15.137684106826782,-11.009793758392334,0.21428571428571427
14617,0,0,6163,-15.137684106826782,-11.009793758392334,0.21428571428571427
14618,0,0,6162,-15.137684106826782,-11.009793758392334,0.21428571428571427
14619,0,0,6161,-15.137684106826782,-11.009793758392334,0.21428571428571427
14620,0,0,6182,-15.137684106826782,-11.009793758392334,0.21428571428571427
14621,0,0,6183,-15.137684106826782,-11.009793758392334,0.21428571428571427
14622,0,0,6184,-15.137684106826782,-11.009793758392334,0.21428571428571427
14623,0,0,6196,-15.137684106826782,-11.009793758392334,0.21428571428571427
14624,0,0,6205,-15.137684106826782,-11.009793758392334,0.21428571428571427
14625,0,0,6204,-15.137684106826782,-11.009793758392334,0.21428571428571427
14626,0,0,6203,-15.137684106826782,-11.009793758392334,0.21428571428571427
14627,0,0,6202,-15.137684106826782,-11.009793758392334,0.21428571428571427
14628,0,0,6201,-15.137684106826782,-11.009793758392334,0.21428571428571427
14629,0,0,6200,-15.137684106826782,-11.009793758392334,0.21428571428571427
14630,0,0,6199,-15.137684106826782,-11.009793758392334,0.21428571428571427
14631,0,0,6198,-15.137684106826782,-11.009793758392334,0.21428571428571427
14632,0,0,6197,-15.137684106826782,-11.009793758392334,0.21428571428571427
14633,0,0,6195,-15.137684106826782,-11.009793758392334,0.21428571428571427
14634,0,0,6185,-15.137684106826782,-11.009793758392334,0.21428571428571427
14635,0,0,6194,-15.137684106826782,-11.009793758392334,0.21428571428571427
14636,0,0,6193,-15.137684106826782,-11.009793758392334,0.21428571428571427
14637,0,0,6192,-15.137684106826782,-11.009793758392334,0.21428571428571427
14638,0,0,6191,-15.137684106826782,-11.009793758392334,0.21428571428571427
14639,0,0,6190,-15.137684106826782,-11.009793758392334,0.21428571428571427
14640,0,0,6189,-15.137684106826782,-11.009793758392334,0.21428571428571427
14641,0,0,6188,-15.137684106826782,-11.009793758392334,0.21428571428571427
14642,0,0,6187,-15.137684106826782,-11.009793758392334,0.21428571428571427
14643,0,0,6186,-15.137684106826782,-11.009793758392334,0.21428571428571427
14644,0,0,6110,-15.137684106826782,-11.009793758392334,0.21428571428571427
14645,0,0,6060,-15.137684106826782,-11.009793758392334,0.21428571428571427
14646,0,0,5915,-15.137684106826782,-11.009793758392334,0.21428571428571427
14647,0,0,6059,-15.137684106826782,-11.009793758392334,0.21428571428571427
14648,0,0,5937,-15.137684106826782,-11.009793758392334,0.21428571428571427
14649,0,0,5936,-15.137684106826782,-11.009793758392334,0.21428571428571427
14650,0,0,5935,-15.137684106826782,-11.009793758392334,0.21428571428571427
14651,0,0,5934,-15.137684106826782,-11.009793758392334,0.21428571428571427
14652,0,0,5933,-15.137684106826782,-11.009793758392334,0.21428571428571427
14653,0,0,5932,-15.137684106826782,-11.009793758392334,0.21428571428571427
14654,0,0,5931,-15.137684106826782,-11.009793758392334,0.21428571428571427
14655,0,0,5930,-15.137684106826782,-11.009793758392334,0.21428571428571427
14656,0,0,5929,-15.137684106826782,-11.009793758392334,0.21428571428571427
14657,0,0,5928,-15.137684106826782,-11.009793758392334,0.21428571428571427
14658,0,0,5927,-15.137684106826782,-11.009793758392334,0.21428571428571427
14659,0,0,5926,-15.137684106826782,-11.009793758392334,0.21428571428571427
14660,0,0,5925,-15.137684106826782,-11.009793758392334,0.21428571428571427
14661,0,0,5924,-15.137684106826782,-11.009793758392334,0.21428571428571427
14662,0,0,5923,-15.137684106826782,-11.009793758392334,0.21428571428571427
14663,0,0,5922,-15.137684106826782,-11.009793758392334,0.21428571428571427
14664,0,0,5921,-15.137684106826782,-11.009793758392334,0.21428571428571427
14665,0,0,5920,-15.137684106826782,-11.009793758392334,0.21428571428571427
14666,0,0,5919,-15.137684106826782,-11.009793758392334,0.21428571428571427
14667,0,0,5918,-15.137684106826782,-11.009793758392334,0.21428571428571427
14668,0,0,5917,-15.137684106826782,-11.009793758392334,0.21428571428571427
14669,0,0,5938,-15.137684106826782,-11.009793758392334,0.21428571428571427
14670,0,0,5939,-15.137684106826782,-11.009793758392334,0.21428571428571427
14671,0,0,5940,-15.137684106826782,-11.009793758392334,0.21428571428571427
14672,0,0,5952,-15.137684106826782,-11.009793758392334,0.21428571428571427
14673,0,0,5961,-15.137684106826782,-11.009793758392334,0.21428571428571427
14674,0,0,5960,-15.137684106826782,-11.009793758392334,0.21428571428571427
14675,0,0,5959,-15.137684106826782,-11.009793758392334,0.21428571428571427
14676,0,0,5958,-15.137684106826782,-11.009793758392334,0.21428571428571427
14677,0,0,5957,-15.137684106826782,-11.009793758392334,0.21428571428571427
14678,0,0,5956,-15.137684106826782,-11.009793758392334,0.21428571428571427
14679,0,0,5955,-15.137684106826782,-11.009793758392334,0.21428571428571427
14680,0,0,5954,-15.137684106826782,-11.009793758392334,0.21428571428571427
14681,0,0,5953,-15.137684106826782,-11.009793758392334,0.21428571428571427
14682,0,0,5951,-15.137684106826782,-11.009793758392334,0.21428571428571427
14683,0,0,5941,-15.137684106826782,-11.009793758392334,0.21428571428571427
14684,0,0,5950,-15.137684106826782,-11.009793758392334,0.21428571428571427
14685,0,0,5949,-15.137684106826782,-11.009793758392334,0.21428571428571427
14686,0,0,5948,-15.137684106826782,-11.009793758392334,0.21428571428571427
14687,0,0,5947,-15.137684106826782,-11.009793758392334,0.21428571428571427
14688,0,0,5946,-15.137684106826782,-11.009793758392334,0.21428571428571427
14689,0,0,5945,-15.137684106826782,-11.009793758392334,0.21428571428571427
14690,0,0,5944,-15.137684106826782,-11.009793758392334,0.21428571428571427
14691,0,0,5943,-15.137684106826782,-11.009793758392334,0.21428571428571427
14692,0,0,5942,-15.137684106826782,-11.009793758392334,0.21428571428571427
14693,0,0,5916,-15.137684106826782,-11.009793758392334,0.21428571428571427
14694,0,0,5914,-15.137684106826782,-11.009793758392334,0.21428571428571427
14695,0,0,5867,-15.137684106826782,-11.009793758392334,0.21428571428571427
14696,0,0,5913,-15.137684106826782,-11.009793758392334,0.21428571428571427
14697,0,0,5888,-15.137684106826782,-11.009793758392334,0.21428571428571427
14698,0,0,5887,-15.137684106826782,-11.009793758392334,0.21428571428571427
14699,0,0,5886,-15.137684106826782,-11.009793758392334,0.21428571428571427
14700,0,0,5885,-15.137684106826782,-11.009793758392334,0.21428571428571427
14701,0,0,5884,-15.137684106826782,-11.009793758392334,0.21428571428571427
14702,0,0,5883,-15.137684106826782,-11.009793758392334,0.21428571428571427
14703,0,0,5882,-15.137684106826782,-11.009793758392334,0.21428571428571427
14704,0,0,5881,-15.137684106826782,-11.009793758392334,0.21428571428571427
14705,0,0,5880,-15.137684106826782,-11.009793758392334,0.21428571428571427
14706,0,0,5879,-15.137684106826782,-11.009793758392334,0.21428571428571427
14707,0,0,5878,-15.137684106826782,-11.009793758392334,0.21428571428571427
14708,0,0,5877,-15.137684106826782,-11.009793758392334,0.21428571428571427
14709,0,0,5876,-15.137684106826782,-11.009793758392334,0.21428571428571427
14710,0,0,5875,-15.137684106826782,-11.009793758392334,0.21428571428571427
14711,0,0,5874,-15.137684106826782,-11.009793758392334,0.21428571428571427
14712,0,0,5873,-15.137684106826782,-11.009793758392334,0.21428571428571427
14713,0,0,5872,-15.137684106826782,-11.009793758392334,0.21428571428571427
14714,0,0,5871,-15.137684106826782,-11.009793758392334,0.21428571428571427
14715,0,0,5870,-15.137684106826782,-11.009793758392334,0.21428571428571427
14716,0,0,5869,-15.137684106826782,-11.009793758392334,0.21428571428571427
14717,0,0,5868,-15.137684106826782,-11.009793758392334,0.21428571428571427
14718,0,0,5889,-15.137684106826782,-11.009793758392334,0.21428571428571427
14719,0,0,5890,-15.137684106826782,-11.009793758392334,0.21428571428571427
14720,0,0,5891,-15.137684106826782,-11.009793758392334,0.21428571428571427
14721,0,0,5903,-15.137684106826782,-11.009793758392334,0.21428571428571427
14722,0,0,5912,-15.137684106826782,-11.009793758392334,0.21428571428571427
14723,0,0,5911,-15.137684106826782,-11.009793758392334,0.21428571428571427
14724,0,0,5910,-15.137684106826782,-11.009793758392334,0.21428571428571427
14725,0,0,5909,-15.137684106826782,-11.009793758392334,0.21428571428571427
14726,0,0,5908,-15.137684106826782,-11.009793758392334,0.21428571428571427
14727,0,0,5907,-15.137684106826782,-11.009793758392334,0.21428571428571427
14728,0,0,5906,-15.137684106826782,-11.009793758392334,0.21428571428571427
14729,0,0,5905,-15.137684106826782,-11.009793758392334,0.21428571428571427
14730,0,0,5904,-15.137684106826782,-11.009793758392334,0.21428571428571427
14731,0,0,5902,-15.137684106826782,-11.009793758392334,0.21428571428571427
14732,0,0,5892,-15.137684106826782,-11.009793758392334,0.21428571428571427
14733,0,0,5901,-15.137684106826782,-11.009793758392334,0.21428571428571427
14734,0,0,5900,-15.137684106826782,-11.009793758392334,0.21428571428571427
14735,0,0,5899,-15.137684106826782,-11.009793758392334,0.21428571428571427
14736,0,0,5898,-15.137684106826782,-11.009793758392334,0.21428571428571427
14737,0,0,5897,-15.137684106826782,-11.009793758392334,0.21428571428571427
14738,0,0,5896,-15.137684106826782,-11.009793758392334,0.21428571428571427
14739,0,0,5895,-15.137684106826782,-11.009793758392334,0.21428571428571427
14740,0,0,5894,-15.137684106826782,-11.009793758392334,0.21428571428571427
14741,0,0,5893,-15.137684106826782,-11.009793758392334,0.21428571428571427
14742,0,0,5962,-15.137684106826782,-11.009793758392334,0.21428571428571427
14743,0,0,5963,-15.137684106826782,-11.009793758392334,0.21428571428571427
14744,0,0,5964,-15.137684106826782,-11.009793758392334,0.21428571428571427
14745,0,0,5965,-15.137684106826782,-11.009793758392334,0.21428571428571427
14746,0,0,6034,-15.137684106826782,-11.009793758392334,0.21428571428571427
14747,0,0,6033,-15.137684106826782,-11.009793758392334,0.21428571428571427
14748,0,0,6032,-15.137684106826782,-11.009793758392334,0.21428571428571427
14749,0,0,6031,-15.137684106826782,-11.009793758392334,0.21428571428571427
14750,0,0,6030,-15.137684106826782,-11.009793758392334,0.21428571428571427
14751,0,0,6029,-15.137684106826782,-11.009793758392334,0.21428571428571427
14752,0,0,6028,-15.137684106826782,-11.009793758392334,0.21428571428571427
14753,0,0,6027,-15.137684106826782,-11.009793758392334,0.21428571428571427
14754,0,0,6026,-15.137684106826782,-11.009793758392334,0.21428571428571427
14755,0,0,6024,-15.137684106826782,-11.009793758392334,0.21428571428571427
14756,0,0,6014,-15.137684106826782,-11.009793758392334,0.21428571428571427
14757,0,0,6023,-15.137684106826782,-11.009793758392334,0.21428571428571427
14758,0,0,6022,-15.137684106826782,-11.009793758392334,0.21428571428571427
14759,0,0,6021,-15.137684106826782,-11.009793758392334,0.21428571428571427
14760,0,0,6020,-15.137684106826782,-11.009793758392334,0.21428571428571427
14761,0,0,6019,-15.137684106826782,-11.009793758392334,0.21428571428571427
14762,0,0,6018,-15.137684106826782,-11.009793758392334,0.21428571428571427
14763,0,0,6017,-15.137684106826782,-11.009793758392334,0.21428571428571427
14764,0,0,6016,-15.137684106826782,-11.009793758392334,0.21428571428571427
14765,0,0,6015,-15.137684106826782,-11.009793758392334,0.21428571428571427
14766,0,0,6035,-15.137684106826782,-11.009793758392334,0.21428571428571427
14767,0,0,6025,-15.137684106826782,-11.009793758392334,0.21428571428571427
14768,0,0,6036,-15.137684106826782,-11.009793758392334,0.21428571428571427
14769,0,0,6049,-15.137684106826782,-11.009793758392334,0.21428571428571427
14770,0,0,6058,-15.137684106826782,-11.009793758392334,0.21428571428571427
14771,0,0,6057,-15.137684106826782,-11.009793758392334,0.21428571428571427
14772,0,0,6056,-15.137684106826782,-11.009793758392334,0.21428571428571427
14773,0,0,6055,-15.137684106826782,-11.009793758392334,0.21428571428571427
14774,0,0,6054,-15.137684106826782,-11.009793758392334,0.21428571428571427
14775,0,0,6053,-15.137684106826782,-11.009793758392334,0.21428571428571427
14776,0,0,6052,-15.137684106826782,-11.009793758392334,0.21428571428571427
14777,0,0,6051,-15.137684106826782,-11.009793758392334,0.21428571428571427
14778,0,0,6050,-15.137684106826782,-11.009793758392334,0.21428571428571427
14779,0,0,6048,-15.137684106826782,-11.009793758392334,0.21428571428571427
14780,0,0,6038,-15.137684106826782,-11.009793758392334,0.21428571428571427
14781,0,0,6047,-15.137684106826782,-11.009793758392334,0.21428571428571427
14782,0,0,6046,-15.137684106826782,-11.009793758392334,0.21428571428571427
14783,0,0,6045,-15.137684106826782,-11.009793758392334,0.21428571428571427
14784,0,0,6044,-15.137684106826782,-11.009793758392334,0.21428571428571427
14785,0,0,6043,-15.137684106826782,-11.009793758392334,0.21428571428571427
14786,0,0,6042,-15.137684106826782,-11.009793758392334,0.21428571428571427
14787,0,0,6041,-15.137684106826782,-11.009793758392334,0.21428571428571427
14788,0,0,6040,-15.137684106826782,-11.009793758392334,0.21428571428571427
14789,0,0,6039,-15.137684106826782,-11.009793758392334,0.21428571428571427
14790,0,0,6037,-15.137684106826782,-11.009793758392334,0.21428571428571427
14791,0,0,6013,-15.137684106826782,-11.009793758392334,0.21428571428571427
14792,0,0,6012,-15.137684106826782,-11.009793758392334,0.21428571428571427
14793,0,0,6011,-15.137684106826782,-11.009793758392334,0.21428571428571427
14794,0,0,5986,-15.137684106826782,-11.009793758392334,0.21428571428571427
14795,0,0,5985,-15.137684106826782,-11.009793758392334,0.21428571428571427
14796,0,0,5984,-15.137684106826782,-11.009793758392334,0.21428571428571427
14797,0,0,5983,-15.137684106826782,-11.009793758392334,0.21428571428571427
14798,0,0,5982,-15.137684106826782,-11.009793758392334,0.21428571428571427
14799,0,0,5981,-15.137684106826782,-11.009793758392334,0.21428571428571427
14800,0,0,5980,-15.137684106826782,-11.009793758392334,0.21428571428571427
14801,0,0,5979,-15.137684106826782,-11.009793758392334,0.21428571428571427
14802,0,0,5978,-15.137684106826782,-11.009793758392334,0.21428571428571427
14803,0,0,5977,-15.137684106826782,-11.009793758392334,0.21428571428571427
14804,0,0,5976,-15.137684106826782,-11.009793758392334,0.21428571428571427
14805,0,0,5975,-15.137684106826782,-11.009793758392334,0.21428571428571427
14806,0,0,5974,-15.137684106826782,-11.009793758392334,0.21428571428571427
14807,0,0,5973,-15.137684106826782,-11.009793758392334,0.21428571428571427
14808,0,0,5972,-15.137684106826782,-11.009793758392334,0.21428571428571427
14809,0,0,5971,-15.137684106826782,-11.009793758392334,0.21428571428571427
14810,0,0,5970,-15.137684106826782,-11.009793758392334,0.21428571428571427
14811,0,0,5969,-15.137684106826782,-11.009793758392334,0.21428571428571427
14812,0,0,5968,-15.137684106826782,-11.009793758392334,0.21428571428571427
14813,0,0,5967,-15.137684106826782,-11.009793758392334,0.21428571428571427
14814,0,0,5966,-15.137684106826782,-11.009793758392334,0.21428571428571427
14815,0,0,5987,-15.137684106826782,-11.009793758392334,0.21428571428571427
14816,0,0,5988,-15.137684106826782,-11.009793758392334,0.21428571428571427
14817,0,0,5989,-15.137684106826782,-11.009793758392334,0.21428571428571427
14818,0,0,6001,-15.137684106826782,-11.009793758392334,0.21428571428571427
14819,0,0,6010,-15.137684106826782,-11.009793758392334,0.21428571428571427
14820,0,0,6009,-15.137684106826782,-11.009793758392334,0.21428571428571427
14821,0,0,6008,-15.137684106826782,-11.009793758392334,0.21428571428571427
14822,0,0,6007,-15.137684106826782,-11.009793758392334,0.21428571428571427
14823,0,0,6006,-15.137684106826782,-11.009793758392334,0.21428571428571427
14824,0,0,6005,-15.137684106826782,-11.009793758392334,0.21428571428571427
14825,0,0,6004,-15.137684106826782,-11.009793758392334,0.21428571428571427
14826,0,0,6003,-15.137684106826782,-11.009793758392334,0.21428571428571427
14827,0,0,6002,-15.137684106826782,-11.009793758392334,0.21428571428571427
14828,0,0,6000,-15.137684106826782,-11.009793758392334,0.21428571428571427
14829,0,0,5990,-15.137684106826782,-11.009793758392334,0.21428571428571427
14830,0,0,5999,-15.137684106826782,-11.009793758392334,0.21428571428571427
14831,0,0,5998,-15.137684106826782,-11.009793758392334,0.21428571428571427
14832,0,0,5997,-15.137684106826782,-11.009793758392334,0.21428571428571427
14833,0,0,5996,-15.137684106826782,-11.009793758392334,0.21428571428571427
14834,0,0,5995,-15.137684106826782,-11.009793758392334,0.21428571428571427
14835,0,0,5994,-15.137684106826782,-11.009793758392334,0.21428571428571427
14836,0,0,5993,-15.137684106826782,-11.009793758392334,0.21428571428571427
14837,0,0,5992,-15.137684106826782,-11.009793758392334,0.21428571428571427
14838,0,0,5991,-15.137684106826782,-11.009793758392334,0.21428571428571427
14839,0,0,5866,-15.137684106826782,-11.009793758392334,0.21428571428571427
14840,0,0,5476,-15.137684106826782,-11.009793758392334,0.21428571428571427
14841,0,0,5475,-15.137684106826782,-11.009793758392334,0.21428571428571427
14842,0,0,5474,-15.137684106826782,-11.009793758392334,0.21428571428571427
14843,0,0,4962,-15.137684106826782,-11.009793758392334,0.21428571428571427
14844,0,0,4961,-15.137684106826782,-11.009793758392334,0.21428571428571427
14845,0,0,4960,-15.137684106826782,-11.009793758392334,0.21428571428571427
14846,0,0,4959,-15.137684106826782,-11.009793758392334,0.21428571428571427
14847,0,0,4958,-15.137684106826782,-11.009793758392334,0.21428571428571427
14848,0,0,4957,-15.137684106826782,-11.009793758392334,0.21428571428571427
14849,0,0,4956,-15.137684106826782,-11.009793758392334,0.21428571428571427
14850,0,0,4955,-15.137684106826782,-11.009793758392334,0.21428571428571427
14851,0,0,4954,-15.137684106826782,-11.009793758392334,0.21428571428571427
14852,0,0,4953,-15.137684106826782,-11.009793758392334,0.21428571428571427
14853,0,0,4952,-15.137684106826782,-11.009793758392334,0.21428571428571427
14854,0,0,4951,-15.137684106826782,-11.009793758392334,0.21428571428571427
14855,0,0,4950,-15.137684106826782,-11.009793758392334,0.21428571428571427
14856,0,0,4949,-15.137684106826782,-11.009793758392334,0.21428571428571427
14857,0,0,4948,-15.137684106826782,-11.009793758392334,0.21428571428571427
14858,0,0,4947,-15.137684106826782,-11.009793758392334,0.21428571428571427
14859,0,0,4946,-15.137684106826782,-11.009793758392334,0.21428571428571427
14860,0,0,4945,-15.137684106826782,-11.009793758392334,0.21428571428571427
14861,0,0,4944,-15.137684106826782,-11.009793758392334,0.21428571428571427
14862,0,0,4943,-15.137684106826782,-11.009793758392334,0.21428571428571427
14863,0,0,4942,-15.137684106826782,-11.009793758392334,0.21428571428571427
14864,0,0,4963,-15.137684106826782,-11.009793758392334,0.21428571428571427
14865,0,0,4964,-15.137684106826782,-11.009793758392334,0.21428571428571427
14866,0,0,4965,-15.137684106826782,-11.009793758392334,0.21428571428571427
14867,0,0,4977,-15.137684106826782,-11.009793758392334,0.21428571428571427
14868,0,0,4986,-15.137684106826782,-11.009793758392334,0.21428571428571427
14869,0,0,4985,-15.137684106826782,-11.009793758392334,0.21428571428571427
14870,0,0,4984,-15.137684106826782,-11.009793758392334,0.21428571428571427
14871,0,0,4983,-15.137684106826782,-11.009793758392334,0.21428571428571427
14872,0,0,4982,-15.137684106826782,-11.009793758392334,0.21428571428571427
14873,0,0,4981,-15.137684106826782,-11.009793758392334,0.21428571428571427
14874,0,0,4980,-15.137684106826782,-11.009793758392334,0.21428571428571427
14875,0,0,4979,-15.137684106826782,-11.009793758392334,0.21428571428571427
14876,0,0,4978,-15.137684106826782,-11.009793758392334,0.21428571428571427
14877,0,0,4976,-15.137684106826782,-11.009793758392334,0.21428571428571427
14878,0,0,4966,-15.137684106826782,-11.009793758392334,0.21428571428571427
14879,0,0,4975,-15.137684106826782,-11.009793758392334,0.21428571428571427
14880,0,0,4974,-15.137684106826782,-11.009793758392334,0.21428571428571427
14881,0,0,4973,-15.137684106826782,-11.009793758392334,0.21428571428571427
14882,0,0,4972,-15.137684106826782,-11.009793758392334,0.21428571428571427
14883,0,0,4971,-15.137684106826782,-11.009793758392334,0.21428571428571427
14884,0,0,4970,-15.137684106826782,-11.009793758392334,0.21428571428571427
14885,0,0,4969,-15.137684106826782,-11.009793758392334,0.21428571428571427
14886,0,0,4968,-15.137684106826782,-11.009793758392334,0.21428571428571427
14887,0,0,4967,-15.137684106826782,-11.009793758392334,0.21428571428571427
14888,0,0,4941,-15.137684106826782,-11.009793758392334,0.21428571428571427
14889,0,0,4939,-15.137684106826782,-11.009793758392334,0.21428571428571427
14890,0,0,4892,-15.137684106826782,-11.009793758392334,0.21428571428571427
14891,0,0,4938,-15.137684106826782,-11.009793758392334,0.21428571428571427
14892,0,0,4913,-15.137684106826782,-11.009793758392334,0.21428571428571427
14893,0,0,4912,-15.137684106826782,-11.009793758392334,0.21428571428571427
14894,0,0,4911,-15.137684106826782,-11.009793758392334,0.21428571428571427
14895,0,0,4910,-15.137684106826782,-11.009793758392334,0.21428571428571427
14896,0,0,4909,-15.137684106826782,-11.009793758392334,0.21428571428571427
14897,0,0,4908,-15.137684106826782,-11.009793758392334,0.21428571428571427
14898,0,0,4907,-15.137684106826782,-11.009793758392334,0.21428571428571427
14899,0,0,4906,-15.137684106826782,-11.009793758392334,0.21428571428571427
14900,0,0,4905,-15.137684106826782,-11.009793758392334,0.21428571428571427
14901,0,0,4904,-15.137684106826782,-11.009793758392334,0.21428571428571427
14902,0,0,4903,-15.137684106826782,-11.009793758392334,0.21428571428571427
14903,0,0,4902,-15.137684106826782,-11.009793758392334,0.21428571428571427
14904,0,0,4901,-15.137684106826782,-11.009793758392334,0.21428571428571427
14905,0,0,4900,-15.137684106826782,-11.009793758392334,0.21428571428571427
14906,0,0,4899,-15.137684106826782,-11.009793758392334,0.21428571428571427
14907,0,0,4898,-15.137684106826782,-11.009793758392334,0.21428571428571427
14908,0,0,4897,-15.137684106826782,-11.009793758392334,0.21428571428571427
14909,0,0,4896,-15.137684106826782,-11.009793758392334,0.21428571428571427
14910,0,0,4895,-15.137684106826782,-11.009793758392334,0.21428571428571427
14911,0,0,4894,-15.137684106826782,-11.009793758392334,0.21428571428571427
14912,0,0,4893,-15.137684106826782,-11.009793758392334,0.21428571428571427
14913,0,0,4914,-15.137684106826782,-11.009793758392334,0.21428571428571427
14914,0,0,4915,-15.137684106826782,-11.009793758392334,0.21428571428571427
14915,0,0,4916,-15.137684106826782,-11.009793758392334,0.21428571428571427
14916,0,0,4928,-15.137684106826782,-11.009793758392334,0.21428571428571427
14917,0,0,4937,-15.137684106826782,-11.009793758392334,0.21428571428571427
14918,0,0,4936,-15.137684106826782,-11.009793758392334,0.21428571428571427
14919,0,0,4935,-15.137684106826782,-11.009793758392334,0.21428571428571427
14920,0,0,4934,-15.137684106826782,-11.009793758392334,0.21428571428571427
14921,0,0,4933,-15.137684106826782,-11.009793758392334,0.21428571428571427
14922,0,0,4932,-15.137684106826782,-11.009793758392334,0.21428571428571427
14923,0,0,4931,-15.137684106826782,-11.009793758392334,0.21428571428571427
14924,0,0,4930,-15.137684106826782,-11.009793758392334,0.21428571428571427
14925,0,0,4929,-15.137684106826782,-11.009793758392334,0.21428571428571427
14926,0,0,4927,-15.137684106826782,-11.009793758392334,0.21428571428571427
14927,0,0,4917,-15.137684106826782,-11.009793758392334,0.21428571428571427
14928,0,0,4926,-15.137684106826782,-11.009793758392334,0.21428571428571427
14929,0,0,4925,-15.137684106826782,-11.009793758392334,0.21428571428571427
14930,0,0,4924,-15.137684106826782,-11.009793758392334,0.21428571428571427
14931,0,0,4923,-15.137684106826782,-11.009793758392334,0.21428571428571427
14932,0,0,4922,-15.137684106826782,-11.009793758392334,0.21428571428571427
14933,0,0,4921,-15.137684106826782,-11.009793758392334,0.21428571428571427
14934,0,0,4920,-15.137684106826782,-11.009793758392334,0.21428571428571427
14935,0,0,4919,-15.137684106826782,-11.009793758392334,0.21428571428571427
14936,0,0,4918,-15.137684106826782,-11.009793758392334,0.21428571428571427
14937,0,0,4987,-15.137684106826782,-11.009793758392334,0.21428571428571427
14938,0,0,4988,-15.137684106826782,-11.009793758392334,0.21428571428571427
14939,0,0,4989,-15.137684106826782,-11.009793758392334,0.21428571428571427
14940,0,0,4990,-15.137684106826782,-11.009793758392334,0.21428571428571427
14941,0,0,5059,-15.137684106826782,-11.009793758392334,0.21428571428571427
14942,0,0,5058,-15.137684106826782,-11.009793758392334,0.21428571428571427
14943,0,0,5057,-15.137684106826782,-11.009793758392334,0.21428571428571427
14944,0,0,5056,-15.137684106826782,-11.009793758392334,0.21428571428571427
14945,0,0,5055,-15.137684106826782,-11.009793758392334,0.21428571428571427
14946,0,0,5054,-15.137684106826782,-11.009793758392334,0.21428571428571427
14947,0,0,5053,-15.137684106826782,-11.009793758392334,0.21428571428571427
14948,0,0,5052,-15.137684106826782,-11.009793758392334,0.21428571428571427
14949,0,0,5051,-15.137684106826782,-11.009793758392334,0.21428571428571427
14950,0,0,5049,-15.137684106826782,-11.009793758392334,0.21428571428571427
14951,0,0,5039,-15.137684106826782,-11.009793758392334,0.21428571428571427
14952,0,0,5048,-15.137684106826782,-11.009793758392334,0.21428571428571427
14953,0,0,5047,-15.137684106826782,-11.009793758392334,0.21428571428571427
14954,0,0,5046,-15.137684106826782,-11.009793758392334,0.21428571428571427
14955,0,0,5045,-15.137684106826782,-11.009793758392334,0.21428571428571427
14956,0,0,5044,-15.137684106826782,-11.009793758392334,0.21428571428571427
14957,0,0,5043,-15.137684106826782,-11.009793758392334,0.21428571428571427
14958,0,0,5042,-15.137684106826782,-11.009793758392334,0.21428571428571427
14959,0,0,5041,-15.137684106826782,-11.009793758392334,0.21428571428571427
14960,0,0,5040,-15.137684106826782,-11.009793758392334,0.21428571428571427
14961,0,0,5060,-15.137684106826782,-11.009793758392334,0.21428571428571427
14962,0,0,5050,-15.137684106826782,-11.009793758392334,0.21428571428571427
14963,0,0,5061,-15.137684106826782,-11.009793758392334,0.21428571428571427
14964,0,0,5074,-15.137684106826782,-11.009793758392334,0.21428571428571427
14965,0,0,5083,-15.137684106826782,-11.009793758392334,0.21428571428571427
14966,0,0,5082,-15.137684106826782,-11.009793758392334,0.21428571428571427
14967,0,0,5081,-15.137684106826782,-11.009793758392334,0.21428571428571427
14968,0,0,5080,-15.137684106826782,-11.009793758392334,0.21428571428571427
14969,0,0,5079,-15.137684106826782,-11.009793758392334,0.21428571428571427
14970,0,0,5078,-15.137684106826782,-11.009793758392334,0.21428571428571427
14971,0,0,5077,-15.137684106826782,-11.009793758392334,0.21428571428571427
14972,0,0,5076,-15.137684106826782,-11.009793758392334,0.21428571428571427
14973,0,0,5075,-15.137684106826782,-11.009793758392334,0.21428571428571427
14974,0,0,5073,-15.137684106826782,-11.009793758392334,0.21428571428571427
14975,0,0,5063,-15.137684106826782,-11.009793758392334,0.21428571428571427
14976,0,0,5072,-15.137684106826782,-11.009793758392334,0.21428571428571427
14977,0,0,5071,-15.137684106826782,-11.009793758392334,0.21428571428571427
14978,0,0,5070,-15.137684106826782,-11.009793758392334,0.21428571428571427
14979,0,0,5069,-15.137684106826782,-11.009793758392334,0.21428571428571427
14980,0,0,5068,-15.137684106826782,-11.009793758392334,0.21428571428571427
14981,0,0,5067,-15.137684106826782,-11.009793758392334,0.21428571428571427
14982,0,0,5066,-15.137684106826782,-11.009793758392334,0.21428571428571427
14983,0,0,5065,-15.137684106826782,-11.009793758392334,0.21428571428571427
14984,0,0,5064,-15.137684106826782,-11.009793758392334,0.21428571428571427
14985,0,0,5062,-15.137684106826782,-11.009793758392334,0.21428571428571427
14986,0,0,5038,-15.137684106826782,-11.009793758392334,0.21428571428571427
14987,0,0,5037,-15.137684106826782,-11.009793758392334,0.21428571428571427
14988,0,0,5036,-15.137684106826782,-11.009793758392334,0.21428571428571427
14989,0,0,5011,-15.137684106826782,-11.009793758392334,0.21428571428571427
14990,0,0,5010,-15.137684106826782,-11.009793758392334,0.21428571428571427
14991,0,0,5009,-15.137684106826782,-11.009793758392334,0.21428571428571427
14992,0,0,5008,-15.137684106826782,-11.009793758392334,0.21428571428571427
14993,0,0,5007,-15.137684106826782,-11.009793758392334,0.21428571428571427
14994,0,0,5006,-15.137684106826782,-11.009793758392334,0.21428571428571427
14995,0,0,5005,-15.137684106826782,-11.009793758392334,0.21428571428571427
14996,0,0,5004,-15.137684106826782,-11.009793758392334,0.21428571428571427
14997,0,0,5003,-15.137684106826782,-11.009793758392334,0.21428571428571427
14998,0,0,5002,-15.137684106826782,-11.009793758392334,0.21428571428571427
14999,0,0,5001,-15.137684106826782,-11.009793758392334,0.21428571428571427
15000,0,0,5000,-15.137684106826782,-11.009793758392334,0.21428571428571427
15001,0,0,4999,-15.137684106826782,-11.009793758392334,0.21428571428571427
15002,0,0,4998,-15.137684106826782,-11.009793758392334,0.21428571428571427
15003,0,0,4997,-15.137684106826782,-11.009793758392334,0.21428571428571427
15004,0,0,4996,-15.137684106826782,-11.009793758392334,0.21428571428571427
15005,0,0,4995,-15.137684106826782,-11.009793758392334,0.21428571428571427
15006,0,0,4994,-15.137684106826782,-11.009793758392334,0.21428571428571427
15007,0,0,4993,-15.137684106826782,-11.009793758392334,0.21428571428571427
15008,0,0,4992,-15.137684106826782,-11.009793758392334,0.21428571428571427
15009,0,0,4991,-15.137684106826782,-11.009793758392334,0.21428571428571427
15010,0,0,5012,-15.137684106826782,-11.009793758392334,0.21428571428571427
15011,0,0,5013,-15.137684106826782,-11.009793758392334,0.21428571428571427
15012,0,0,5014,-15.137684106826782,-11.009793758392334,0.21428571428571427
15013,0,0,5026,-15.137684106826782,-11.009793758392334,0.21428571428571427
15014,0,0,5035,-15.137684106826782,-11.009793758392334,0.21428571428571427
15015,0,0,5034,-15.137684106826782,-11.009793758392334,0.21428571428571427
15016,0,0,5033,-15.137684106826782,-11.009793758392334,0.21428571428571427
15017,0,0,5032,-15.137684106826782,-11.009793758392334,0.21428571428571427
15018,0,0,5031,-15.137684106826782,-11.009793758392334,0.21428571428571427
15019,0,0,5030,-15.137684106826782,-11.009793758392334,0.21428571428571427
15020,0,0,5029,-15.137684106826782,-11.009793758392334,0.21428571428571427
15021,0,0,5028,-15.137684106826782,-11.009793758392334,0.21428571428571427
15022,0,0,5027,-15.137684106826782,-11.009793758392334,0.21428571428571427
15023,0,0,5025,-15.137684106826782,-11.009793758392334,0.21428571428571427
15024,0,0,5015,-15.137684106826782,-11.009793758392334,0.21428571428571427
15025,0,0,5024,-15.137684106826782,-11.009793758392334,0.21428571428571427
15026,0,0,5023,-15.137684106826782,-11.009793758392334,0.21428571428571427
15027,0,0,5022,-15.137684106826782,-11.009793758392334,0.21428571428571427
15028,0,0,5021,-15.137684106826782,-11.009793758392334,0.21428571428571427
15029,0,0,5020,-15.137684106826782,-11.009793758392334,0.21428571428571427
15030,0,0,5019,-15.137684106826782,-11.009793758392334,0.21428571428571427
15031,0,0,5018,-15.137684106826782,-11.009793758392334,0.21428571428571427
15032,0,0,5017,-15.137684106826782,-11.009793758392334,0.21428571428571427
15033,0,0,5016,-15.137684106826782,-11.009793758392334,0.21428571428571427
15034,0,0,4940,-15.137684106826782,-11.009793758392334,0.21428571428571427
15035,0,0,4891,-15.137684106826782,-11.009793758392334,0.21428571428571427
15036,0,0,4890,-15.137684106826782,-11.009793758392334,0.21428571428571427
15037,0,0,4889,-15.137684106826782,-11.009793758392334,0.21428571428571427
15038,0,0,4766,-15.137684106826782,-11.009793758392334,0.21428571428571427
15039,0,0,4765,-15.137684106826782,-11.009793758392334,0.21428571428571427
15040,0,0,4764,-15.137684106826782,-11.009793758392334,0.21428571428571427
15041,0,0,4763,-15.137684106826782,-11.009793758392334,0.21428571428571427
15042,0,0,4762,-15.137684106826782,-11.009793758392334,0.21428571428571427
15043,0,0,4761,-15.137684106826782,-11.009793758392334,0.21428571428571427
15044,0,0,4760,-15.137684106826782,-11.009793758392334,0.21428571428571427
15045,0,0,4759,-15.137684106826782,-11.009793758392334,0.21428571428571427
15046,0,0,4758,-15.137684106826782,-11.009793758392334,0.21428571428571427
15047,0,0,4757,-15.137684106826782,-11.009793758392334,0.21428571428571427
15048,0,0,4756,-15.137684106826782,-11.009793758392334,0.21428571428571427
15049,0,0,4755,-15.137684106826782,-11.009793758392334,0.21428571428571427
15050,0,0,4754,-15.137684106826782,-11.009793758392334,0.21428571428571427
15051,0,0,4753,-15.137684106826782,-11.009793758392334,0.21428571428571427
15052,0,0,4752,-15.137684106826782,-11.009793758392334,0.21428571428571427
15053,0,0,4751,-15.137684106826782,-11.009793758392334,0.21428571428571427
15054,0,0,4750,-15.137684106826782,-11.009793758392334,0.21428571428571427
15055,0,0,4749,-15.137684106826782,-11.009793758392334,0.21428571428571427
15056,0,0,4748,-15.137684106826782,-11.009793758392334,0.21428571428571427
15057,0,0,4747,-15.137684106826782,-11.009793758392334,0.21428571428571427
15058,0,0,4746,-15.137684106826782,-11.009793758392334,0.21428571428571427
15059,0,0,4767,-15.137684106826782,-11.009793758392334,0.21428571428571427
15060,0,0,4768,-15.137684106826782,-11.009793758392334,0.21428571428571427
15061,0,0,4769,-15.137684106826782,-11.009793758392334,0.21428571428571427
15062,0,0,4781,-15.137684106826782,-11.009793758392334,0.21428571428571427
15063,0,0,4790,-15.137684106826782,-11.009793758392334,0.21428571428571427
15064,0,0,4789,-15.137684106826782,-11.009793758392334,0.21428571428571427
15065,0,0,4788,-15.137684106826782,-11.009793758392334,0.21428571428571427
15066,0,0,4787,-15.137684106826782,-11.009793758392334,0.21428571428571427
15067,0,0,4786,-15.137684106826782,-11.009793758392334,0.21428571428571427
15068,0,0,4785,-15.137684106826782,-11.009793758392334,0.21428571428571427
15069,0,0,4784,-15.137684106826782,-11.009793758392334,0.21428571428571427
15070,0,0,4783,-15.137684106826782,-11.009793758392334,0.21428571428571427
15071,0,0,4782,-15.137684106826782,-11.009793758392334,0.21428571428571427
15072,0,0,4780,-15.137684106826782,-11.009793758392334,0.21428571428571427
15073,0,0,4770,-15.137684106826782,-11.009793758392334,0.21428571428571427
15074,0,0,4779,-15.137684106826782,-11.009793758392334,0.21428571428571427
15075,0,0,4778,-15.137684106826782,-11.009793758392334,0.21428571428571427
15076,0,0,4777,-15.137684106826782,-11.009793758392334,0.21428571428571427
15077,0,0,4776,-15.137684106826782,-11.009793758392334,0.21428571428571427
15078,0,0,4775,-15.137684106826782,-11.009793758392334,0.21428571428571427
15079,0,0,4774,-15.137684106826782,-11.009793758392334,0.21428571428571427
15080,0,0,4773,-15.137684106826782,-11.009793758392334,0.21428571428571427
15081,0,0,4772,-15.137684106826782,-11.009793758392334,0.21428571428571427
15082,0,0,4771,-15.137684106826782,-11.009793758392334,0.21428571428571427
15083,0,0,4745,-15.137684106826782,-11.009793758392334,0.21428571428571427
15084,0,0,4743,-15.137684106826782,-11.009793758392334,0.21428571428571427
15085,0,0,4696,-15.137684106826782,-11.009793758392334,0.21428571428571427
15086,0,0,4742,-15.137684106826782,-11.009793758392334,0.21428571428571427
15087,0,0,4717,-15.137684106826782,-11.009793758392334,0.21428571428571427
15088,0,0,4716,-15.137684106826782,-11.009793758392334,0.21428571428571427
15089,0,0,4715,-15.137684106826782,-11.009793758392334,0.21428571428571427
15090,0,0,4714,-15.137684106826782,-11.009793758392334,0.21428571428571427
15091,0,0,4713,-15.137684106826782,-11.009793758392334,0.21428571428571427
15092,0,0,4712,-15.137684106826782,-11.009793758392334,0.21428571428571427
15093,0,0,4711,-15.137684106826782,-11.009793758392334,0.21428571428571427
15094,0,0,4710,-15.137684106826782,-11.009793758392334,0.21428571428571427
15095,0,0,4709,-15.137684106826782,-11.009793758392334,0.21428571428571427
15096,0,0,4708,-15.137684106826782,-11.009793758392334,0.21428571428571427
15097,0,0,4707,-15.137684106826782,-11.009793758392334,0.21428571428571427
15098,0,0,4706,-15.137684106826782,-11.009793758392334,0.21428571428571427
15099,0,0,4705,-15.137684106826782,-11.009793758392334,0.21428571428571427
15100,0,0,4704,-15.137684106826782,-11.009793758392334,0.21428571428571427
15101,0,0,4703,-15.137684106826782,-11.009793758392334,0.21428571428571427
15102,0,0,4702,-15.137684106826782,-11.009793758392334,0.21428571428571427
15103,0,0,4701,-15.137684106826782,-11.009793758392334,0.21428571428571427
15104,0,0,4700,-15.137684106826782,-11.009793758392334,0.21428571428571427
15105,0,0,4699,-15.137684106826782,-11.009793758392334,0.21428571428571427
15106,0,0,4698,-15.137684106826782,-11.009793758392334,0.21428571428571427
15107,0,0,4697,-15.137684106826782,-11.009793758392334,0.21428571428571427
15108,0,0,4718,-15.137684106826782,-11.009793758392334,0.21428571428571427
15109,0,0,4719,-15.137684106826782,-11.009793758392334,0.21428571428571427
15110,0,0,4720,-15.137684106826782,-11.009793758392334,0.21428571428571427
15111,0,0,4732,-15.137684106826782,-11.009793758392334,0.21428571428571427
15112,0,0,4741,-15.137684106826782,-11.009793758392334,0.21428571428571427
15113,0,0,4740,-15.137684106826782,-11.009793758392334,0.21428571428571427
15114,0,0,4739,-15.137684106826782,-11.009793758392334,0.21428571428571427
15115,0,0,4738,-15.137684106826782,-11.009793758392334,0.21428571428571427
15116,0,0,4737,-15.137684106826782,-11.009793758392334,0.21428571428571427
15117,0,0,4736,-15.137684106826782,-11.009793758392334,0.21428571428571427
15118,0,0,4735,-15.137684106826782,-11.009793758392334,0.21428571428571427
15119,0,0,4734,-15.137684106826782,-11.009793758392334,0.21428571428571427
15120,0,0,4733,-15.137684106826782,-11.009793758392334,0.21428571428571427
15121,0,0,4731,-15.137684106826782,-11.009793758392334,0.21428571428571427
15122,0,0,4721,-15.137684106826782,-11.009793758392334,0.21428571428571427
15123,0,0,4730,-15.137684106826782,-11.009793758392334,0.21428571428571427
15124,0,0,4729,-15.137684106826782,-11.009793758392334,0.21428571428571427
15125,0,0,4728,-15.137684106826782,-11.009793758392334,0.21428571428571427
15126,0,0,4727,-15.137684106826782,-11.009793758392334,0.21428571428571427
15127,0,0,4726,-15.137684106826782,-11.009793758392334,0.21428571428571427
15128,0,0,4725,-15.137684106826782,-11.009793758392334,0.21428571428571427
15129,0,0,4724,-15.137684106826782,-11.009793758392334,0.21428571428571427
15130,0,0,4723,-15.137684106826782,-11.009793758392334,0.21428571428571427
15131,0,0,4722,-15.137684106826782,-11.009793758392334,0.21428571428571427
15132,0,0,4791,-15.137684106826782,-11.009793758392334,0.21428571428571427
15133,0,0,4744,-15.137684106826782,-11.009793758392334,0.21428571428571427
15134,0,0,4792,-15.137684106826782,-11.009793758392334,0.21428571428571427
15135,0,0,4842,-15.137684106826782,-11.009793758392334,0.21428571428571427
15136,0,0,4864,-15.137684106826782,-11.009793758392334,0.21428571428571427
15137,0,0,4863,-15.137684106826782,-11.009793758392334,0.21428571428571427
15138,0,0,4862,-15.137684106826782,-11.009793758392334,0.21428571428571427
15139,0,0,4861,-15.137684106826782,-11.009793758392334,0.21428571428571427
15140,0,0,4860,-15.137684106826782,-11.009793758392334,0.21428571428571427
15141,0,0,4859,-15.137684106826782,-11.009793758392334,0.21428571428571427
15142,0,0,4858,-15.137684106826782,-11.009793758392334,0.21428571428571427
15143,0,0,4857,-15.137684106826782,-11.009793758392334,0.21428571428571427
15144,0,0,4856,-15.137684106826782,-11.009793758392334,0.21428571428571427
15145,0,0,4855,-15.137684106826782,-11.009793758392334,0.21428571428571427
15146,0,0,4854,-15.137684106826782,-11.009793758392334,0.21428571428571427
15147,0,0,4853,-15.137684106826782,-11.009793758392334,0.21428571428571427
15148,0,0,4852,-15.137684106826782,-11.009793758392334,0.21428571428571427
15149,0,0,4851,-15.137684106826782,-11.009793758392334,0.21428571428571427
15150,0,0,4850,-15.137684106826782,-11.009793758392334,0.21428571428571427
15151,0,0,4849,-15.137684106826782,-11.009793758392334,0.21428571428571427
15152,0,0,4848,-15.137684106826782,-11.009793758392334,0.21428571428571427
15153,0,0,4847,-15.137684106826782,-11.009793758392334,0.21428571428571427
15154,0,0,4846,-15.137684106826782,-11.009793758392334,0.21428571428571427
15155,0,0,4845,-15.137684106826782,-11.009793758392334,0.21428571428571427
15156,0,0,4844,-15.137684106826782,-11.009793758392334,0.21428571428571427
15157,0,0,4865,-15.137684106826782,-11.009793758392334,0.21428571428571427
15158,0,0,4866,-15.137684106826782,-11.009793758392334,0.21428571428571427
15159,0,0,4867,-15.137684106826782,-11.009793758392334,0.21428571428571427
15160,0,0,4879,-15.137684106826782,-11.009793758392334,0.21428571428571427
15161,0,0,4888,-15.137684106826782,-11.009793758392334,0.21428571428571427
15162,0,0,3,-15.137684106826782,-11.009793758392334,0.21428571428571427
15163,0,0,4887,-15.137684106826782,-11.009793758392334,0.21428571428571427
15164,0,0,4886,-15.137684106826782,-11.009793758392334,0.21428571428571427
15165,0,0,4885,-15.137684106826782,-11.009793758392334,0.21428571428571427
15166,0,0,14,-15.137684106826782,-11.009793758392334,0.21428571428571427
15167,0,0,4884,-15.137684106826782,-11.009793758392334,0.21428571428571427
15168,0,0,4883,-15.137684106826782,-11.009793758392334,0.21428571428571427
15169,0,0,4882,-15.137684106826782,-11.009793758392334,0.21428571428571427
15170,0,0,4881,-15.137684106826782,-11.009793758392334,0.21428571428571427
15171,0,0,4880,-15.137684106826782,-11.009793758392334,0.21428571428571427
15172,0,0,4878,-15.137684106826782,-11.009793758392334,0.21428571428571427
15173,0,0,4868,-15.137684106826782,-11.009793758392334,0.21428571428571427
15174,0,0,4877,-15.137684106826782,-11.009793758392334,0.21428571428571427
15175,0,0,4876,-15.137684106826782,-11.009793758392334,0.21428571428571427
15176,0,0,4875,-15.137684106826782,-11.009793758392334,0.21428571428571427
15177,0,0,4874,-15.137684106826782,-11.009793758392334,0.21428571428571427
15178,0,0,4873,-15.137684106826782,-11.009793758392334,0.21428571428571427
15179,0,0,4872,-15.137684106826782,-11.009793758392334,0.21428571428571427
15180,0,0,4871,-15.137684106826782,-11.009793758392334,0.21428571428571427
15181,0,0,4870,-15.137684106826782,-11.009793758392334,0.21428571428571427
15182,0,0,4869,-15.137684106826782,-11.009793758392334,0.21428571428571427
15183,0,0,4843,-15.137684106826782,-11.009793758392334,0.21428571428571427
15184,0,0,4841,-15.137684106826782,-11.009793758392334,0.21428571428571427
15185,0,0,4794,-15.137684106826782,-11.009793758392334,0.21428571428571427
15186,0,0,4840,-15.137684106826782,-11.009793758392334,0.21428571428571427
15187,0,0,4815,-15.137684106826782,-11.009793758392334,0.21428571428571427
15188,0,0,4814,-15.137684106826782,-11.009793758392334,0.21428571428571427
15189,0,0,4813,-15.137684106826782,-11.009793758392334,0.21428571428571427
15190,0,0,4812,-15.137684106826782,-11.009793758392334,0.21428571428571427
15191,0,0,4811,-15.137684106826782,-11.009793758392334,0.21428571428571427
15192,0,0,4810,-15.137684106826782,-11.009793758392334,0.21428571428571427
15193,0,0,4809,-15.137684106826782,-11.009793758392334,0.21428571428571427
15194,0,0,4808,-15.137684106826782,-11.009793758392334,0.21428571428571427
15195,0,0,4807,-15.137684106826782,-11.009793758392334,0.21428571428571427
15196,0,0,4806,-15.137684106826782,-11.009793758392334,0.21428571428571427
15197,0,0,4805,-15.137684106826782,-11.009793758392334,0.21428571428571427
15198,0,0,4804,-15.137684106826782,-11.009793758392334,0.21428571428571427
15199,0,0,4803,-15.137684106826782,-11.009793758392334,0.21428571428571427
15200,0,0,4802,-15.137684106826782,-11.009793758392334,0.21428571428571427
15201,0,0,4801,-15.137684106826782,-11.009793758392334,0.21428571428571427
15202,0,0,4800,-15.137684106826782,-11.009793758392334,0.21428571428571427
15203,0,0,4799,-15.137684106826782,-11.009793758392334,0.21428571428571427
15204,0,0,4798,-15.137684106826782,-11.009793758392334,0.21428571428571427
15205,0,0,4797,-15.137684106826782,-11.009793758392334,0.21428571428571427
15206,0,0,4796,-15.137684106826782,-11.009793758392334,0.21428571428571427
15207,0,0,4795,-15.137684106826782,-11.009793758392334,0.21428571428571427
15208,0,0,4816,-15.137684106826782,-11.009793758392334,0.21428571428571427
15209,0,0,4817,-15.137684106826782,-11.009793758392334,0.21428571428571427
15210,0,0,4818,-15.137684106826782,-11.009793758392334,0.21428571428571427
15211,0,0,4830,-15.137684106826782,-11.009793758392334,0.21428571428571427
15212,0,0,4839,-15.137684106826782,-11.009793758392334,0.21428571428571427
15213,0,0,4838,-15.137684106826782,-11.009793758392334,0.21428571428571427
15214,0,0,4837,-15.137684106826782,-11.009793758392334,0.21428571428571427
15215,0,0,4836,-15.137684106826782,-11.009793758392334,0.21428571428571427
15216,0,0,4835,-15.137684106826782,-11.009793758392334,0.21428571428571427
15217,0,0,4834,-15.137684106826782,-11.009793758392334,0.21428571428571427
15218,0,0,4833,-15.137684106826782,-11.009793758392334,0.21428571428571427
15219,0,0,4832,-15.137684106826782,-11.009793758392334,0.21428571428571427
15220,0,0,4831,-15.137684106826782,-11.009793758392334,0.21428571428571427
15221,0,0,4829,-15.137684106826782,-11.009793758392334,0.21428571428571427
15222,0,0,4819,-15.137684106826782,-11.009793758392334,0.21428571428571427
15223,0,0,4828,-15.137684106826782,-11.009793758392334,0.21428571428571427
15224,0,0,4827,-15.137684106826782,-11.009793758392334,0.21428571428571427
15225,0,0,4826,-15.137684106826782,-11.009793758392334,0.21428571428571427
15226,0,0,4825,-15.137684106826782,-11.009793758392334,0.21428571428571427
15227,0,0,4824,-15.137684106826782,-11.009793758392334,0.21428571428571427
15228,0,0,4823,-15.137684106826782,-11.009793758392334,0.21428571428571427
15229,0,0,4822,-15.137684106826782,-11.009793758392334,0.21428571428571427
15230,0,0,4821,-15.137684106826782,-11.009793758392334,0.21428571428571427
15231,0,0,4820,-15.137684106826782,-11.009793758392334,0.21428571428571427
15232,0,0,5084,-15.137684106826782,-11.009793758392334,0.21428571428571427
15233,0,0,5085,-15.137684106826782,-11.009793758392334,0.21428571428571427
15234,0,0,5086,-15.137684106826782,-11.009793758392334,0.21428571428571427
15235,0,0,5281,-15.137684106826782,-11.009793758392334,0.21428571428571427
15236,0,0,5352,-15.137684106826782,-11.009793758392334,0.21428571428571427
15237,0,0,5351,-15.137684106826782,-11.009793758392334,0.21428571428571427
15238,0,0,5350,-15.137684106826782,-11.009793758392334,0.21428571428571427
15239,0,0,5349,-15.137684106826782,-11.009793758392334,0.21428571428571427
15240,0,0,5348,-15.137684106826782,-11.009793758392334,0.21428571428571427
15241,0,0,5347,-15.137684106826782,-11.009793758392334,0.21428571428571427
15242,0,0,5346,-15.137684106826782,-11.009793758392334,0.21428571428571427
15243,0,0,5345,-15.137684106826782,-11.009793758392334,0.21428571428571427
15244,0,0,5344,-15.137684106826782,-11.009793758392334,0.21428571428571427
15245,0,0,5343,-15.137684106826782,-11.009793758392334,0.21428571428571427
15246,0,0,5342,-15.137684106826782,-11.009793758392334,0.21428571428571427
15247,0,0,5341,-15.137684106826782,-11.009793758392334,0.21428571428571427
15248,0,0,5340,-15.137684106826782,-11.009793758392334,0.21428571428571427
15249,0,0,5339,-15.137684106826782,-11.009793758392334,0.21428571428571427
15250,0,0,5338,-15.137684106826782,-11.009793758392334,0.21428571428571427
15251,0,0,5337,-15.137684106826782,-11.009793758392334,0.21428571428571427
15252,0,0,5336,-15.137684106826782,-11.009793758392334,0.21428571428571427
15253,0,0,5335,-15.137684106826782,-11.009793758392334,0.21428571428571427
15254,0,0,5334,-15.137684106826782,-11.009793758392334,0.21428571428571427
15255,0,0,5333,-15.137684106826782,-11.009793758392334,0.21428571428571427
15256,0,0,5332,-15.137684106826782,-11.009793758392334,0.21428571428571427
15257,0,0,5353,-15.137684106826782,-11.009793758392334,0.21428571428571427
15258,0,0,5354,-15.137684106826782,-11.009793758392334,0.21428571428571427
15259,0,0,5355,-15.137684106826782,-11.009793758392334,0.21428571428571427
15260,0,0,5367,-15.137684106826782,-11.009793758392334,0.21428571428571427
15261,0,0,5376,-15.137684106826782,-11.009793758392334,0.21428571428571427
15262,0,0,5375,-15.137684106826782,-11.009793758392334,0.21428571428571427
15263,0,0,5374,-15.137684106826782,-11.009793758392334,0.21428571428571427
15264,0,0,5373,-15.137684106826782,-11.009793758392334,0.21428571428571427
15265,0,0,5372,-15.137684106826782,-11.009793758392334,0.21428571428571427
15266,0,0,5371,-15.137684106826782,-11.009793758392334,0.21428571428571427
15267,0,0,5370,-15.137684106826782,-11.009793758392334,0.21428571428571427
15268,0,0,5369,-15.137684106826782,-11.009793758392334,0.21428571428571427
15269,0,0,5368,-15.137684106826782,-11.009793758392334,0.21428571428571427
15270,0,0,5366,-15.137684106826782,-11.009793758392334,0.21428571428571427
15271,0,0,5356,-15.137684106826782,-11.009793758392334,0.21428571428571427
15272,0,0,5365,-15.137684106826782,-11.009793758392334,0.21428571428571427
15273,0,0,5364,-15.137684106826782,-11.009793758392334,0.21428571428571427
15274,0,0,5363,-15.137684106826782,-11.009793758392334,0.21428571428571427
15275,0,0,5362,-15.137684106826782,-11.009793758392334,0.21428571428571427
15276,0,0,5361,-15.137684106826782,-11.009793758392334,0.21428571428571427
15277,0,0,5360,-15.137684106826782,-11.009793758392334,0.21428571428571427
15278,0,0,5359,-15.137684106826782,-11.009793758392334,0.21428571428571427
15279,0,0,5358,-15.137684106826782,-11.009793758392334,0.21428571428571427
15280,0,0,5357,-15.137684106826782,-11.009793758392334,0.21428571428571427
15281,0,0,5331,-15.137684106826782,-11.009793758392334,0.21428571428571427
15282,0,0,5329,-15.137684106826782,-11.009793758392334,0.21428571428571427
15283,0,0,5282,-15.137684106826782,-11.009793758392334,0.21428571428571427
15284,0,0,5328,-15.137684106826782,-11.009793758392334,0.21428571428571427
15285,0,0,5303,-15.137684106826782,-11.009793758392334,0.21428571428571427
15286,0,0,5302,-15.137684106826782,-11.009793758392334,0.21428571428571427
15287,0,0,5301,-15.137684106826782,-11.009793758392334,0.21428571428571427
15288,0,0,5300,-15.137684106826782,-11.009793758392334,0.21428571428571427
15289,0,0,5299,-15.137684106826782,-11.009793758392334,0.21428571428571427
15290,0,0,5298,-15.137684106826782,-11.009793758392334,0.21428571428571427
15291,0,0,5297,-15.137684106826782,-11.009793758392334,0.21428571428571427
15292,0,0,5296,-15.137684106826782,-11.009793758392334,0.21428571428571427
15293,0,0,5295,-15.137684106826782,-11.009793758392334,0.21428571428571427
15294,0,0,5294,-15.137684106826782,-11.009793758392334,0.21428571428571427
15295,0,0,5293,-15.137684106826782,-11.009793758392334,0.21428571428571427
15296,0,0,5292,-15.137684106826782,-11.009793758392334,0.21428571428571427
15297,0,0,5291,-15.137684106826782,-11.009793758392334,0.21428571428571427
15298,0,0,5290,-15.137684106826782,-11.009793758392334,0.21428571428571427
15299,0,0,5289,-15.137684106826782,-11.009793758392334,0.21428571428571427
15300,0,0,5288,-15.137684106826782,-11.009793758392334,0.21428571428571427
15301,0,0,5287,-15.137684106826782,-11.009793758392334,0.21428571428571427
15302,0,0,5286,-15.137684106826782,-11.009793758392334,0.21428571428571427
15303,0,0,5285,-15.137684106826782,-11.009793758392334,0.21428571428571427
15304,0,0,5284,-15.137684106826782,-11.009793758392334,0.21428571428571427
15305,0,0,5283,-15.137684106826782,-11.009793758392334,0.21428571428571427
15306,0,0,5304,-15.137684106826782,-11.009793758392334,0.21428571428571427
15307,0,0,5305,-15.137684106826782,-11.009793758392334,0.21428571428571427
15308,0,0,5306,-15.137684106826782,-11.009793758392334,0.21428571428571427
15309,0,0,5318,-15.137684106826782,-11.009793758392334,0.21428571428571427
15310,0,0,5327,-15.137684106826782,-11.009793758392334,0.21428571428571427
15311,0,0,5326,-15.137684106826782,-11.009793758392334,0.21428571428571427
15312,0,0,5325,-15.137684106826782,-11.009793758392334,0.21428571428571427
15313,0,0,5324,-15.137684106826782,-11.009793758392334,0.21428571428571427
15314,0,0,5323,-15.137684106826782,-11.009793758392334,0.21428571428571427
15315,0,0,5322,-15.137684106826782,-11.009793758392334,0.21428571428571427
15316,0,0,5321,-15.137684106826782,-11.009793758392334,0.21428571428571427
15317,0,0,5320,-15.137684106826782,-11.009793758392334,0.21428571428571427
15318,0,0,5319,-15.137684106826782,-11.009793758392334,0.21428571428571427
15319,0,0,5317,-15.137684106826782,-11.009793758392334,0.21428571428571427
15320,0,0,5307,-15.137684106826782,-11.009793758392334,0.21428571428571427
15321,0,0,5316,-15.137684106826782,-11.009793758392334,0.21428571428571427
15322,0,0,5315,-15.137684106826782,-11.009793758392334,0.21428571428571427
15323,0,0,5314,-15.137684106826782,-11.009793758392334,0.21428571428571427
15324,0,0,5313,-15.137684106826782,-11.009793758392334,0.21428571428571427
15325,0,0,5312,-15.137684106826782,-11.009793758392334,0.21428571428571427
15326,0,0,5311,-15.137684106826782,-11.009793758392334,0.21428571428571427
15327,0,0,5310,-15.137684106826782,-11.009793758392334,0.21428571428571427
15328,0,0,5309,-15.137684106826782,-11.009793758392334,0.21428571428571427
15329,0,0,5308,-15.137684106826782,-11.009793758392334,0.21428571428571427
15330,0,0,5377,-15.137684106826782,-11.009793758392334,0.21428571428571427
15331,0,0,5378,-15.137684106826782,-11.009793758392334,0.21428571428571427
15332,0,0,5379,-15.137684106826782,-11.009793758392334,0.21428571428571427
15333,0,0,5380,-15.137684106826782,-11.009793758392334,0.21428571428571427
15334,0,0,5449,-15.137684106826782,-11.009793758392334,0.21428571428571427
15335,0,0,5448,-15.137684106826782,-11.009793758392334,0.21428571428571427
15336,0,0,5447,-15.137684106826782,-11.009793758392334,0.21428571428571427
15337,0,0,5446,-15.137684106826782,-11.009793758392334,0.21428571428571427
15338,0,0,5445,-15.137684106826782,-11.009793758392334,0.21428571428571427
15339,0,0,5444,-15.137684106826782,-11.009793758392334,0.21428571428571427
15340,0,0,5443,-15.137684106826782,-11.009793758392334,0.21428571428571427
15341,0,0,5442,-15.137684106826782,-11.009793758392334,0.21428571428571427
15342,0,0,5441,-15.137684106826782,-11.009793758392334,0.21428571428571427
15343,0,0,5439,-15.137684106826782,-11.009793758392334,0.21428571428571427
15344,0,0,5429,-15.137684106826782,-11.009793758392334,0.21428571428571427
15345,0,0,5438,-15.137684106826782,-11.009793758392334,0.21428571428571427
15346,0,0,5437,-15.137684106826782,-11.009793758392334,0.21428571428571427
15347,0,0,5436,-15.137684106826782,-11.009793758392334,0.21428571428571427
15348,0,0,5435,-15.137684106826782,-11.009793758392334,0.21428571428571427
15349,0,0,5434,-15.137684106826782,-11.009793758392334,0.21428571428571427
15350,0,0,5433,-15.137684106826782,-11.009793758392334,0.21428571428571427
15351,0,0,5432,-15.137684106826782,-11.009793758392334,0.21428571428571427
15352,0,0,5431,-15.137684106826782,-11.009793758392334,0.21428571428571427
15353,0,0,5430,-15.137684106826782,-11.009793758392334,0.21428571428571427
15354,0,0,5450,-15.137684106826782,-11.009793758392334,0.21428571428571427
15355,0,0,5440,-15.137684106826782,-11.009793758392334,0.21428571428571427
15356,0,0,5451,-15.137684106826782,-11.009793758392334,0.21428571428571427
15357,0,0,5464,-15.137684106826782,-11.009793758392334,0.21428571428571427
15358,0,0,5473,-15.137684106826782,-11.009793758392334,0.21428571428571427
15359,0,0,5472,-15.137684106826782,-11.009793758392334,0.21428571428571427
15360,0,0,5471,-15.137684106826782,-11.009793758392334,0.21428571428571427
15361,0,0,5470,-15.137684106826782,-11.009793758392334,0.21428571428571427
15362,0,0,5469,-15.137684106826782,-11.009793758392334,0.21428571428571427
15363,0,0,5468,-15.137684106826782,-11.009793758392334,0.21428571428571427
15364,0,0,5467,-15.137684106826782,-11.009793758392334,0.21428571428571427
15365,0,0,5466,-15.137684106826782,-11.009793758392334,0.21428571428571427
15366,0,0,5465,-15.137684106826782,-11.009793758392334,0.21428571428571427
15367,0,0,5463,-15.137684106826782,-11.009793758392334,0.21428571428571427
15368,0,0,5453,-15.137684106826782,-11.009793758392334,0.21428571428571427
15369,0,0,5462,-15.137684106826782,-11.009793758392334,0.21428571428571427
15370,0,0,5461,-15.137684106826782,-11.009793758392334,0.21428571428571427
15371,0,0,5460,-15.137684106826782,-11.009793758392334,0.21428571428571427
15372,0,0,5459,-15.137684106826782,-11.009793758392334,0.21428571428571427
15373,0,0,5458,-15.137684106826782,-11.009793758392334,0.21428571428571427
15374,0,0,5457,-15.137684106826782,-11.009793758392334,0.21428571428571427
15375,0,0,5456,-15.137684106826782,-11.009793758392334,0.21428571428571427
15376,0,0,5455,-15.137684106826782,-11.009793758392334,0.21428571428571427
15377,0,0,5454,-15.137684106826782,-11.009793758392334,0.21428571428571427
15378,0,0,5452,-15.137684106826782,-11.009793758392334,0.21428571428571427
15379,0,0,5428,-15.137684106826782,-11.009793758392334,0.21428571428571427
15380,0,0,5427,-15.137684106826782,-11.009793758392334,0.21428571428571427
15381,0,0,5426,-15.137684106826782,-11.009793758392334,0.21428571428571427
15382,0,0,5401,-15.137684106826782,-11.009793758392334,0.21428571428571427
15383,0,0,5400,-15.137684106826782,-11.009793758392334,0.21428571428571427
15384,0,0,5399,-15.137684106826782,-11.009793758392334,0.21428571428571427
15385,0,0,5398,-15.137684106826782,-11.009793758392334,0.21428571428571427
15386,0,0,5397,-15.137684106826782,-11.009793758392334,0.21428571428571427
15387,0,0,5396,-15.137684106826782,-11.009793758392334,0.21428571428571427
15388,0,0,5395,-15.137684106826782,-11.009793758392334,0.21428571428571427
15389,0,0,5394,-15.137684106826782,-11.009793758392334,0.21428571428571427
15390,0,0,5393,-15.137684106826782,-11.009793758392334,0.21428571428571427
15391,0,0,5392,-15.137684106826782,-11.009793758392334,0.21428571428571427
15392,0,0,5391,-15.137684106826782,-11.009793758392334,0.21428571428571427
15393,0,0,5390,-15.137684106826782,-11.009793758392334,0.21428571428571427
15394,0,0,5389,-15.137684106826782,-11.009793758392334,0.21428571428571427
15395,0,0,5388,-15.137684106826782,-11.009793758392334,0.21428571428571427
15396,0,0,5387,-15.137684106826782,-11.009793758392334,0.21428571428571427
15397,0,0,5386,-15.137684106826782,-11.009793758392334,0.21428571428571427
15398,0,0,5385,-15.137684106826782,-11.009793758392334,0.21428571428571427
15399,0,0,5384,-15.137684106826782,-11.009793758392334,0.21428571428571427
15400,0,0,5383,-15.137684106826782,-11.009793758392334,0.21428571428571427
15401,0,0,4,-15.137684106826782,-11.009793758392334,0.21428571428571427
15402,0,0,5382,-15.137684106826782,-11.009793758392334,0.21428571428571427
15403,0,0,5381,-15.137684106826782,-11.009793758392334,0.21428571428571427
15404,0,0,5402,-15.137684106826782,-11.009793758392334,0.21428571428571427
15405,0,0,5403,-15.137684106826782,-11.009793758392334,0.21428571428571427
15406,0,0,5404,-15.137684106826782,-11.009793758392334,0.21428571428571427
15407,0,0,5416,-15.137684106826782,-11.009793758392334,0.21428571428571427
15408,0,0,5425,-15.137684106826782,-11.009793758392334,0.21428571428571427
15409,0,0,5424,-15.137684106826782,-11.009793758392334,0.21428571428571427
15410,0,0,5423,-15.137684106826782,-11.009793758392334,0.21428571428571427
15411,0,0,5422,-15.137684106826782,-11.009793758392334,0.21428571428571427
15412,0,0,5421,-15.137684106826782,-11.009793758392334,0.21428571428571427
15413,0,0,5420,-15.137684106826782,-11.009793758392334,0.21428571428571427
15414,0,0,5419,-15.137684106826782,-11.009793758392334,0.21428571428571427
15415,0,0,5418,-15.137684106826782,-11.009793758392334,0.21428571428571427
15416,0,0,5417,-15.137684106826782,-11.009793758392334,0.21428571428571427
15417,0,0,5415,-15.137684106826782,-11.009793758392334,0.21428571428571427
15418,0,0,5405,-15.137684106826782,-11.009793758392334,0.21428571428571427
15419,0,0,5414,-15.137684106826782,-11.009793758392334,0.21428571428571427
15420,0,0,5413,-15.137684106826782,-11.009793758392334,0.21428571428571427
15421,0,0,5412,-15.137684106826782,-11.009793758392334,0.21428571428571427
15422,0,0,5411,-15.137684106826782,-11.009793758392334,0.21428571428571427
15423,0,0,5410,-15.137684106826782,-11.009793758392334,0.21428571428571427
15424,0,0,5409,-15.137684106826782,-11.009793758392334,0.21428571428571427
15425,0,0,5408,-15.137684106826782,-11.009793758392334,0.21428571428571427
15426,0,0,5407,-15.137684106826782,-11.009793758392334,0.21428571428571427
15427,0,0,5406,-15.137684106826782,-11.009793758392334,0.21428571428571427
15428,0,0,5330,-15.137684106826782,-11.009793758392334,0.21428571428571427
15429,0,0,5280,-15.137684106826782,-11.009793758392334,0.21428571428571427
15430,0,0,5135,-15.137684106826782,-11.009793758392334,0.21428571428571427
15431,0,0,5279,-15.137684106826782,-11.009793758392334,0.21428571428571427
15432,0,0,5157,-15.137684106826782,-11.009793758392334,0.21428571428571427
15433,0,0,5156,-15.137684106826782,-11.009793758392334,0.21428571428571427
15434,0,0,5155,-15.137684106826782,-11.009793758392334,0.21428571428571427
15435,0,0,5154,-15.137684106826782,-11.009793758392334,0.21428571428571427
15436,0,0,5153,-15.137684106826782,-11.009793758392334,0.21428571428571427
15437,0,0,5152,-15.137684106826782,-11.009793758392334,0.21428571428571427
15438,0,0,5151,-15.137684106826782,-11.009793758392334,0.21428571428571427
15439,0,0,5150,-15.137684106826782,-11.009793758392334,0.21428571428571427
15440,0,0,5149,-15.137684106826782,-11.009793758392334,0.21428571428571427
15441,0,0,5148,-15.137684106826782,-11.009793758392334,0.21428571428571427
15442,0,0,5147,-15.137684106826782,-11.009793758392334,0.21428571428571427
15443,0,0,5146,-15.137684106826782,-11.009793758392334,0.21428571428571427
15444,0,0,5145,-15.137684106826782,-11.009793758392334,0.21428571428571427
15445,0,0,5144,-15.137684106826782,-11.009793758392334,0.21428571428571427
15446,0,0,5143,-15.137684106826782,-11.009793758392334,0.21428571428571427
15447,0,0,5142,-15.137684106826782,-11.009793758392334,0.21428571428571427
15448,0,0,5141,-15.137684106826782,-11.009793758392334,0.21428571428571427
15449,0,0,5140,-15.137684106826782,-11.009793758392334,0.21428571428571427
15450,0,0,5139,-15.137684106826782,-11.009793758392334,0.21428571428571427
15451,0,0,5138,-15.137684106826782,-11.009793758392334,0.21428571428571427
15452,0,0,5137,-15.137684106826782,-11.009793758392334,0.21428571428571427
15453,0,0,5158,-15.137684106826782,-11.009793758392334,0.21428571428571427
15454,0,0,5159,-15.137684106826782,-11.009793758392334,0.21428571428571427
15455,0,0,5160,-15.137684106826782,-11.009793758392334,0.21428571428571427
15456,0,0,5172,-15.137684106826782,-11.009793758392334,0.21428571428571427
15457,0,0,5181,-15.137684106826782,-11.009793758392334,0.21428571428571427
15458,0,0,5180,-15.137684106826782,-11.009793758392334,0.21428571428571427
15459,0,0,5179,-15.137684106826782,-11.009793758392334,0.21428571428571427
15460,0,0,5178,-15.137684106826782,-11.009793758392334,0.21428571428571427
15461,0,0,5177,-15.137684106826782,-11.009793758392334,0.21428571428571427
15462,0,0,5176,-15.137684106826782,-11.009793758392334,0.21428571428571427
15463,0,0,5175,-15.137684106826782,-11.009793758392334,0.21428571428571427
15464,0,0,5174,-15.137684106826782,-11.009793758392334,0.21428571428571427
15465,0,0,5173,-15.137684106826782,-11.009793758392334,0.21428571428571427
15466,0,0,5171,-15.137684106826782,-11.009793758392334,0.21428571428571427
15467,0,0,5161,-15.137684106826782,-11.009793758392334,0.21428571428571427
15468,0,0,5170,-15.137684106826782,-11.009793758392334,0.21428571428571427
15469,0,0,5169,-15.137684106826782,-11.009793758392334,0.21428571428571427
15470,0,0,5168,-15.137684106826782,-11.009793758392334,0.21428571428571427
15471,0,0,5167,-15.137684106826782,-11.009793758392334,0.21428571428571427
15472,0,0,5166,-15.137684106826782,-11.009793758392334,0.21428571428571427
15473,0,0,5165,-15.137684106826782,-11.009793758392334,0.21428571428571427
15474,0,0,5164,-15.137684106826782,-11.009793758392334,0.21428571428571427
15475,0,0,5163,-15.137684106826782,-11.009793758392334,0.21428571428571427
15476,0,0,5162,-15.137684106826782,-11.009793758392334,0.21428571428571427
15477,0,0,5136,-15.137684106826782,-11.009793758392334,0.21428571428571427
15478,0,0,5134,-15.137684106826782,-11.009793758392334,0.21428571428571427
15479,0,0,5087,-15.137684106826782,-11.009793758392334,0.21428571428571427
15480,0,0,5133,-15.137684106826782,-11.009793758392334,0.21428571428571427
15481,0,0,5108,-15.137684106826782,-11.009793758392334,0.21428571428571427
15482,0,0,5107,-15.137684106826782,-11.009793758392334,0.21428571428571427
15483,0,0,5106,-15.137684106826782,-11.009793758392334,0.21428571428571427
15484,0,0,5105,-15.137684106826782,-11.009793758392334,0.21428571428571427
15485,0,0,5104,-15.137684106826782,-11.009793758392334,0.21428571428571427
15486,0,0,5103,-15.137684106826782,-11.009793758392334,0.21428571428571427
15487,0,0,5102,-15.137684106826782,-11.009793758392334,0.21428571428571427
15488,0,0,5101,-15.137684106826782,-11.009793758392334,0.21428571428571427
15489,0,0,5100,-15.137684106826782,-11.009793758392334,0.21428571428571427
15490,0,0,5099,-15.137684106826782,-11.009793758392334,0.21428571428571427
15491,0,0,5098,-15.137684106826782,-11.009793758392334,0.21428571428571427
15492,0,0,5097,-15.137684106826782,-11.009793758392334,0.21428571428571427
15493,0,0,5096,-15.137684106826782,-11.009793758392334,0.21428571428571427
15494,0,0,5095,-15.137684106826782,-11.009793758392334,0.21428571428571427
15495,0,0,5094,-15.137684106826782,-11.009793758392334,0.21428571428571427
15496,0,0,5093,-15.137684106826782,-11.009793758392334,0.21428571428571427
15497,0,0,5092,-15.137684106826782,-11.009793758392334,0.21428571428571427
15498,0,0,5091,-15.137684106826782,-11.009793758392334,0.21428571428571427
15499,0,0,5090,-15.137684106826782,-11.009793758392334,0.21428571428571427
15500,0,0,5089,-15.137684106826782,-11.009793758392334,0.21428571428571427
15501,0,0,5088,-15.137684106826782,-11.009793758392334,0.21428571428571427
15502,0,0,5109,-15.137684106826782,-11.009793758392334,0.21428571428571427
15503,0,0,5110,-15.137684106826782,-11.009793758392334,0.21428571428571427
15504,0,0,5111,-15.137684106826782,-11.009793758392334,0.21428571428571427
15505,0,0,5123,-15.137684106826782,-11.009793758392334,0.21428571428571427
15506,0,0,5132,-15.137684106826782,-11.009793758392334,0.21428571428571427
15507,0,0,5131,-15.137684106826782,-11.009793758392334,0.21428571428571427
15508,0,0,5130,-15.137684106826782,-11.009793758392334,0.21428571428571427
15509,0,2,1,-15.137684106826782,-11.009793758392334,0.21428571428571427
15510,0,0,5129,-15.137684106826782,-11.009793758392334,0.21428571428571427
15511,0,0,5128,-15.137684106826782,-11.009793758392334,0.21428571428571427
15512,0,0,5127,-15.137684106826782,-11.009793758392334,0.21428571428571427
15513,0,0,5126,-15.137684106826782,-11.009793758392334,0.21428571428571427
15514,0,0,5125,-15.137684106826782,-11.009793758392334,0.21428571428571427
15515,0,0,5124,-15.137684106826782,-11.009793758392334,0.21428571428571427
15516,0,0,5122,-15.137684106826782,-11.009793758392334,0.21428571428571427
15517,0,0,5112,-15.137684106826782,-11.009793758392334,0.21428571428571427
15518,0,0,5121,-15.137684106826782,-11.009793758392334,0.21428571428571427
15519,0,0,5120,-15.137684106826782,-11.009793758392334,0.21428571428571427
15520,0,0,5119,-15.137684106826782,-11.009793758392334,0.21428571428571427
15521,0,0,5118,-15.137684106826782,-11.009793758392334,0.21428571428571427
15522,0,0,5117,-15.137684106826782,-11.009793758392334,0.21428571428571427
15523,0,0,5116,-15.137684106826782,-11.009793758392334,0.21428571428571427
15524,0,0,5115,-15.137684106826782,-11.009793758392334,0.21428571428571427
15525,0,0,5114,-15.137684106826782,-11.009793758392334,0.21428571428571427
15526,0,0,5113,-15.137684106826782,-11.009793758392334,0.21428571428571427
15527,0,0,5182,-15.137684106826782,-11.009793758392334,0.21428571428571427
15528,0,0,5183,-15.137684106826782,-11.009793758392334,0.21428571428571427
15529,0,0,5184,-15.137684106826782,-11.009793758392334,0.21428571428571427
15530,0,0,5185,-15.137684106826782,-11.009793758392334,0.21428571428571427
15531,0,0,5254,-15.137684106826782,-11.009793758392334,0.21428571428571427
15532,0,0,5253,-15.137684106826782,-11.009793758392334,0.21428571428571427
15533,0,0,5252,-15.137684106826782,-11.009793758392334,0.21428571428571427
15534,0,0,5251,-15.137684106826782,-11.009793758392334,0.21428571428571427
15535,0,0,5250,-15.137684106826782,-11.009793758392334,0.21428571428571427
15536,0,0,5249,-15.137684106826782,-11.009793758392334,0.21428571428571427
15537,0,0,5248,-15.137684106826782,-11.009793758392334,0.21428571428571427
15538,0,0,5247,-15.137684106826782,-11.009793758392334,0.21428571428571427
15539,0,0,5246,-15.137684106826782,-11.009793758392334,0.21428571428571427
15540,0,0,5244,-15.137684106826782,-11.009793758392334,0.21428571428571427
15541,0,0,5234,-15.137684106826782,-11.009793758392334,0.21428571428571427
15542,0,0,5243,-15.137684106826782,-11.009793758392334,0.21428571428571427
15543,0,0,5242,-15.137684106826782,-11.009793758392334,0.21428571428571427
15544,0,0,5241,-15.137684106826782,-11.009793758392334,0.21428571428571427
15545,0,0,5240,-15.137684106826782,-11.009793758392334,0.21428571428571427
15546,0,0,5239,-15.137684106826782,-11.009793758392334,0.21428571428571427
15547,0,0,5238,-15.137684106826782,-11.009793758392334,0.21428571428571427
15548,0,0,5237,-15.137684106826782,-11.009793758392334,0.21428571428571427
15549,0,0,5236,-15.137684106826782,-11.009793758392334,0.21428571428571427
15550,0,0,5235,-15.137684106826782,-11.009793758392334,0.21428571428571427
15551,0,0,5255,-15.137684106826782,-11.009793758392334,0.21428571428571427
15552,0,0,5245,-15.137684106826782,-11.009793758392334,0.21428571428571427
15553,0,0,5256,-15.137684106826782,-11.009793758392334,0.21428571428571427
15554,0,0,5269,-15.137684106826782,-11.009793758392334,0.21428571428571427
15555,0,0,5278,-15.137684106826782,-11.009793758392334,0.21428571428571427
15556,0,0,5277,-15.137684106826782,-11.009793758392334,0.21428571428571427
15557,0,0,5276,-15.137684106826782,-11.009793758392334,0.21428571428571427
15558,0,0,5275,-15.137684106826782,-11.009793758392334,0.21428571428571427
15559,0,0,5274,-15.137684106826782,-11.009793758392334,0.21428571428571427
15560,0,0,5273,-15.137684106826782,-11.009793758392334,0.21428571428571427
15561,0,0,5272,-15.137684106826782,-11.009793758392334,0.21428571428571427
15562,0,0,5271,-15.137684106826782,-11.009793758392334,0.21428571428571427
15563,0,0,5270,-15.137684106826782,-11.009793758392334,0.21428571428571427
15564,0,0,5268,-15.137684106826782,-11.009793758392334,0.21428571428571427
15565,0,0,5258,-15.137684106826782,-11.009793758392334,0.21428571428571427
15566,0,0,5267,-15.137684106826782,-11.009793758392334,0.21428571428571427
15567,0,0,5266,-15.137684106826782,-11.009793758392334,0.21428571428571427
15568,0,0,5265,-15.137684106826782,-11.009793758392334,0.21428571428571427
15569,0,0,5264,-15.137684106826782,-11.009793758392334,0.21428571428571427
15570,0,0,5263,-15.137684106826782,-11.009793758392334,0.21428571428571427
15571,0,0,5262,-15.137684106826782,-11.009793758392334,0.21428571428571427
15572,0,0,5261,-15.137684106826782,-11.009793758392334,0.21428571428571427
15573,0,0,5260,-15.137684106826782,-11.009793758392334,0.21428571428571427
15574,0,0,5259,-15.137684106826782,-11.009793758392334,0.21428571428571427
15575,0,0,5257,-15.137684106826782,-11.009793758392334,0.21428571428571427
15576,0,0,5233,-15.137684106826782,-11.009793758392334,0.21428571428571427
15577,0,0,5232,-15.137684106826782,-11.009793758392334,0.21428571428571427
15578,0,0,5231,-15.137684106826782,-11.009793758392334,0.21428571428571427
15579,0,0,5206,-15.137684106826782,-11.009793758392334,0.21428571428571427
15580,0,0,5205,-15.137684106826782,-11.009793758392334,0.21428571428571427
15581,0,0,5204,-15.137684106826782,-11.009793758392334,0.21428571428571427
15582,0,0,5203,-15.137684106826782,-11.009793758392334,0.21428571428571427
15583,0,0,5202,-15.137684106826782,-11.009793758392334,0.21428571428571427
15584,0,0,5201,-15.137684106826782,-11.009793758392334,0.21428571428571427
15585,0,0,5200,-15.137684106826782,-11.009793758392334,0.21428571428571427
15586,0,0,5199,-15.137684106826782,-11.009793758392334,0.21428571428571427
15587,0,0,5198,-15.137684106826782,-11.009793758392334,0.21428571428571427
15588,0,0,5197,-15.137684106826782,-11.009793758392334,0.21428571428571427
15589,0,0,5196,-15.137684106826782,-11.009793758392334,0.21428571428571427
15590,0,0,5195,-15.137684106826782,-11.009793758392334,0.21428571428571427
15591,0,0,5194,-15.137684106826782,-11.009793758392334,0.21428571428571427
15592,0,0,5193,-15.137684106826782,-11.009793758392334,0.21428571428571427
15593,0,0,5192,-15.137684106826782,-11.009793758392334,0.21428571428571427
15594,0,0,5191,-15.137684106826782,-11.009793758392334,0.21428571428571427
15595,0,0,5190,-15.137684106826782,-11.009793758392334,0.21428571428571427
15596,0,0,5189,-15.137684106826782,-11.009793758392334,0.21428571428571427
15597,0,0,5188,-15.137684106826782,-11.009793758392334,0.21428571428571427
15598,0,0,5187,-15.137684106826782,-11.009793758392334,0.21428571428571427
15599,0,0,5186,-15.137684106826782,-11.009793758392334,0.21428571428571427
15600,0,0,5207,-15.137684106826782,-11.009793758392334,0.21428571428571427
15601,0,0,5208,-15.137684106826782,-11.009793758392334,0.21428571428571427
15602,0,0,5209,-15.137684106826782,-11.009793758392334,0.21428571428571427
15603,0,0,5221,-15.137684106826782,-11.009793758392334,0.21428571428571427
15604,0,0,5230,-15.137684106826782,-11.009793758392334,0.21428571428571427
15605,0,0,5229,-15.137684106826782,-11.009793758392334,0.21428571428571427
15606,0,0,5228,-15.137684106826782,-11.009793758392334,0.21428571428571427
15607,0,0,5227,-15.137684106826782,-11.009793758392334,0.21428571428571427
15608,0,0,5226,-15.137684106826782,-11.009793758392334,0.21428571428571427
15609,0,0,5225,-15.137684106826782,-11.009793758392334,0.21428571428571427
15610,0,0,5224,-15.137684106826782,-11.009793758392334,0.21428571428571427
15611,0,0,5223,-15.137684106826782,-11.009793758392334,0.21428571428571427
15612,0,0,5222,-15.137684106826782,-11.009793758392334,0.21428571428571427
15613,0,0,5220,-15.137684106826782,-11.009793758392334,0.21428571428571427
15614,0,0,5210,-15.137684106826782,-11.009793758392334,0.21428571428571427
15615,0,0,5219,-15.137684106826782,-11.009793758392334,0.21428571428571427
15616,0,0,5218,-15.137684106826782,-11.009793758392334,0.21428571428571427
15617,0,0,5217,-15.137684106826782,-11.009793758392334,0.21428571428571427
15618,0,0,5216,-15.137684106826782,-11.009793758392334,0.21428571428571427
15619,0,0,5215,-15.137684106826782,-11.009793758392334,0.21428571428571427
15620,0,0,5214,-15.137684106826782,-11.009793758392334,0.21428571428571427
15621,0,0,3132,-15.137684106826782,-11.009793758392334,0.21428571428571427
15622,0,0,5212,-15.137684106826782,-11.009793758392334,0.21428571428571427
15623,0,0,5211,-15.137684106826782,-11.009793758392334,0.21428571428571427
15624,0,0,3914,-15.137684106826782,-11.009793758392334,0.21428571428571427
15625,0,0,3133,-15.137684106826782,-11.009793758392334,0.21428571428571427
15626,0,0,2618,-15.137684106826782,-11.009793758392334,0.21428571428571427
15627,0,0,3131,-15.137684106826782,-11.009793758392334,0.21428571428571427
15628,0,0,1057,-15.137684106826782,-11.009793758392334,0.21428571428571427
15629,0,0,1056,-15.137684106826782,-11.009793758392334,0.21428571428571427
15630,0,0,1055,-15.137684106826782,-11.009793758392334,0.21428571428571427
15631,0,0,1054,-15.137684106826782,-11.009793758392334,0.21428571428571427
15632,0,0,1053,-15.137684106826782,-11.009793758392334,0.21428571428571427
15633,0,0,1052,-15.137684106826782,-11.009793758392334,0.21428571428571427
15634,0,0,1051,-15.137684106826782,-11.009793758392334,0.21428571428571427
15635,0,0,1050,-15.137684106826782,-11.009793758392334,0.21428571428571427
15636,0,0,1049,-15.137684106826782,-11.009793758392334,0.21428571428571427
15637,0,0,1047,-15.137684106826782,-11.009793758392334,0.21428571428571427
15638,0,0,1037,-15.137684106826782,-11.009793758392334,0.21428571428571427
15639,0,0,1046,-15.137684106826782,-11.009793758392334,0.21428571428571427
15640,0,0,1045,-15.137684106826782,-11.009793758392334,0.21428571428571427
15641,0,0,1044,-15.137684106826782,-11.009793758392334,0.21428571428571427
15642,0,0,1043,-15.137684106826782,-11.009793758392334,0.21428571428571427
15643,0,0,1042,-15.137684106826782,-11.009793758392334,0.21428571428571427
15644,0,0,1041,-15.137684106826782,-11.009793758392334,0.21428571428571427
15645,0,0,1040,-15.137684106826782,-11.009793758392334,0.21428571428571427
15646,0,0,1039,-15.137684106826782,-11.009793758392334,0.21428571428571427
15647,0,0,1038,-15.137684106826782,-11.009793758392334,0.21428571428571427
15648,0,0,1058,-15.137684106826782,-11.009793758392334,0.21428571428571427
15649,0,0,1048,-15.137684106826782,-11.009793758392334,0.21428571428571427
15650,0,0,1059,-15.137684106826782,-11.009793758392334,0.21428571428571427
15651,0,0,1072,-15.137684106826782,-11.009793758392334,0.21428571428571427
15652,0,0,1081,-15.137684106826782,-11.009793758392334,0.21428571428571427
15653,0,0,1080,-15.137684106826782,-11.009793758392334,0.21428571428571427
15654,0,0,1079,-15.137684106826782,-11.009793758392334,0.21428571428571427
15655,0,0,1078,-15.137684106826782,-11.009793758392334,0.21428571428571427
15656,0,0,1077,-15.137684106826782,-11.009793758392334,0.21428571428571427
15657,0,0,1076,-15.137684106826782,-11.009793758392334,0.21428571428571427
15658,0,0,1075,-15.137684106826782,-11.009793758392334,0.21428571428571427
15659,0,0,1074,-15.137684106826782,-11.009793758392334,0.21428571428571427
15660,0,0,1073,-15.137684106826782,-11.009793758392334,0.21428571428571427
15661,0,0,1071,-15.137684106826782,-11.009793758392334,0.21428571428571427
15662,0,0,1061,-15.137684106826782,-11.009793758392334,0.21428571428571427
15663,0,0,1070,-15.137684106826782,-11.009793758392334,0.21428571428571427
15664,0,0,1069,-15.137684106826782,-11.009793758392334,0.21428571428571427
15665,0,0,1068,-15.137684106826782,-11.009793758392334,0.21428571428571427
15666,0,0,1067,-15.137684106826782,-11.009793758392334,0.21428571428571427
15667,0,0,1066,-15.137684106826782,-11.009793758392334,0.21428571428571427
15668,0,0,1065,-15.137684106826782,-11.009793758392334,0.21428571428571427
15669,0,0,1064,-15.137684106826782,-11.009793758392334,0.21428571428571427
15670,0,0,1063,-15.137684106826782,-11.009793758392334,0.21428571428571427
15671,0,0,1062,-15.137684106826782,-11.009793758392334,0.21428571428571427
15672,0,0,1060,-15.137684106826782,-11.009793758392334,0.21428571428571427
15673,0,0,1036,-15.137684106826782,-11.009793758392334,0.21428571428571427
15674,0,0,1035,-15.137684106826782,-11.009793758392334,0.21428571428571427
15675,0,0,1034,-15.137684106826782,-11.009793758392334,0.21428571428571427
15676,0,0,1009,-15.137684106826782,-11.009793758392334,0.21428571428571427
15677,0,0,1008,-15.137684106826782,-11.009793758392334,0.21428571428571427
15678,0,0,1007,-15.137684106826782,-11.009793758392334,0.21428571428571427
15679,0,0,1006,-15.137684106826782,-11.009793758392334,0.21428571428571427
15680,0,0,1005,-15.137684106826782,-11.009793758392334,0.21428571428571427
15681,0,0,1004,-15.137684106826782,-11.009793758392334,0.21428571428571427
15682,0,0,1003,-15.137684106826782,-11.009793758392334,0.21428571428571427
15683,0,0,1002,-15.137684106826782,-11.009793758392334,0.21428571428571427
15684,0,0,1001,-15.137684106826782,-11.009793758392334,0.21428571428571427
15685,0,0,1000,-15.137684106826782,-11.009793758392334,0.21428571428571427
15686,0,0,999,-15.137684106826782,-11.009793758392334,0.21428571428571427
15687,0,0,998,-15.137684106826782,-11.009793758392334,0.21428571428571427
15688,0,0,997,-15.137684106826782,-11.009793758392334,0.21428571428571427
15689,0,0,996,-15.137684106826782,-11.009793758392334,0.21428571428571427
15690,0,0,995,-15.137684106826782,-11.009793758392334,0.21428571428571427
15691,0,0,994,-15.137684106826782,-11.009793758392334,0.21428571428571427
15692,0,0,993,-15.137684106826782,-11.009793758392334,0.21428571428571427
15693,0,0,992,-15.137684106826782,-11.009793758392334,0.21428571428571427
15694,0,0,991,-15.137684106826782,-11.009793758392334,0.21428571428571427
15695,0,0,990,-15.137684106826782,-11.009793758392334,0.21428571428571427
15696,0,0,989,-15.137684106826782,-11.009793758392334,0.21428571428571427
15697,0,0,1010,-15.137684106826782,-11.009793758392334,0.21428571428571427
15698,0,0,1011,-15.137684106826782,-11.009793758392334,0.21428571428571427
15699,0,0,1012,-15.137684106826782,-11.009793758392334,0.21428571428571427
15700,0,0,1024,-15.137684106826782,-11.009793758392334,0.21428571428571427
15701,0,0,1033,-15.137684106826782,-11.009793758392334,0.21428571428571427
15702,0,0,1032,-15.137684106826782,-11.009793758392334,0.21428571428571427
15703,0,0,1031,-15.137684106826782,-11.009793758392334,0.21428571428571427
15704,0,0,1030,-15.137684106826782,-11.009793758392334,0.21428571428571427
15705,0,0,1029,-15.137684106826782,-11.009793758392334,0.21428571428571427
15706,0,0,1028,-15.137684106826782,-11.009793758392334,0.21428571428571427
15707,0,0,1027,-15.137684106826782,-11.009793758392334,0.21428571428571427
15708,0,0,1026,-15.137684106826782,-11.009793758392334,0.21428571428571427
15709,0,0,1025,-15.137684106826782,-11.009793758392334,0.21428571428571427
15710,0,0,1023,-15.137684106826782,-11.009793758392334,0.21428571428571427
15711,0,0,1013,-15.137684106826782,-11.009793758392334,0.21428571428571427
15712,0,0,1022,-15.137684106826782,-11.009793758392334,0.21428571428571427
15713,0,0,1021,-15.137684106826782,-11.009793758392334,0.21428571428571427
15714,0,0,1020,-15.137684106826782,-11.009793758392334,0.21428571428571427
15715,0,0,1019,-15.137684106826782,-11.009793758392334,0.21428571428571427
15716,0,0,1018,-15.137684106826782,-11.009793758392334,0.21428571428571427
15717,0,0,1017,-15.137684106826782,-11.009793758392334,0.21428571428571427
15718,0,0,1016,-15.137684106826782,-11.009793758392334,0.21428571428571427
15719,0,0,1015,-15.137684106826782,-11.009793758392334,0.21428571428571427
15720,0,0,1014,-15.137684106826782,-11.009793758392334,0.21428571428571427
15721,0,0,1082,-15.137684106826782,-11.009793758392334,0.21428571428571427
15722,0,0,988,-15.137684106826782,-11.009793758392334,0.21428571428571427
15723,0,0,1083,-15.137684106826782,-11.009793758392334,0.21428571428571427
15724,0,0,1085,-15.137684106826782,-11.009793758392334,0.21428571428571427
15725,0,0,1154,-15.137684106826782,-11.009793758392334,0.21428571428571427
15726,0,0,1153,-15.137684106826782,-11.009793758392334,0.21428571428571427
15727,0,0,1152,-15.137684106826782,-11.009793758392334,0.21428571428571427
15728,0,0,1151,-15.137684106826782,-11.009793758392334,0.21428571428571427
15729,0,0,1150,-15.137684106826782,-11.009793758392334,0.21428571428571427
15730,0,0,1149,-15.137684106826782,-11.009793758392334,0.21428571428571427
15731,0,0,1148,-15.137684106826782,-11.009793758392334,0.21428571428571427
15732,0,0,1147,-15.137684106826782,-11.009793758392334,0.21428571428571427
15733,0,0,1146,-15.137684106826782,-11.009793758392334,0.21428571428571427
15734,0,0,1144,-15.137684106826782,-11.009793758392334,0.21428571428571427
15735,0,0,1134,-15.137684106826782,-11.009793758392334,0.21428571428571427
15736,0,0,1143,-15.137684106826782,-11.009793758392334,0.21428571428571427
15737,0,0,1142,-15.137684106826782,-11.009793758392334,0.21428571428571427
15738,0,0,1141,-15.137684106826782,-11.009793758392334,0.21428571428571427
15739,0,0,1140,-15.137684106826782,-11.009793758392334,0.21428571428571427
15740,0,0,1139,-15.137684106826782,-11.009793758392334,0.21428571428571427
15741,0,0,1138,-15.137684106826782,-11.009793758392334,0.21428571428571427
15742,0,0,1137,-15.137684106826782,-11.009793758392334,0.21428571428571427
15743,0,0,1136,-15.137684106826782,-11.009793758392334,0.21428571428571427
15744,0,0,1135,-15.137684106826782,-11.009793758392334,0.21428571428571427
15745,0,0,1155,-15.137684106826782,-11.009793758392334,0.21428571428571427
15746,0,0,1145,-15.137684106826782,-11.009793758392334,0.21428571428571427
15747,0,0,1156,-15.137684106826782,-11.009793758392334,0.21428571428571427
15748,0,0,1169,-15.137684106826782,-11.009793758392334,0.21428571428571427
15749,0,0,1178,-15.137684106826782,-11.009793758392334,0.21428571428571427
15750,0,0,1177,-15.137684106826782,-11.009793758392334,0.21428571428571427
15751,0,0,1176,-15.137684106826782,-11.009793758392334,0.21428571428571427
15752,0,0,1175,-15.137684106826782,-11.009793758392334,0.21428571428571427
15753,0,0,1174,-15.137684106826782,-11.009793758392334,0.21428571428571427
15754,0,0,1173,-15.137684106826782,-11.009793758392334,0.21428571428571427
15755,0,0,1172,-15.137684106826782,-11.009793758392334,0.21428571428571427
15756,0,0,1171,-15.137684106826782,-11.009793758392334,0.21428571428571427
15757,0,0,1170,-15.137684106826782,-11.009793758392334,0.21428571428571427
15758,0,0,1168,-15.137684106826782,-11.009793758392334,0.21428571428571427
15759,0,0,1158,-15.137684106826782,-11.009793758392334,0.21428571428571427
15760,0,0,1167,-15.137684106826782,-11.009793758392334,0.21428571428571427
15761,0,0,1166,-15.137684106826782,-11.009793758392334,0.21428571428571427
15762,0,0,1165,-15.137684106826782,-11.009793758392334,0.21428571428571427
15763,0,0,1164,-15.137684106826782,-11.009793758392334,0.21428571428571427
15764,0,0,1163,-15.137684106826782,-11.009793758392334,0.21428571428571427
15765,0,0,1162,-15.137684106826782,-11.009793758392334,0.21428571428571427
15766,0,0,1161,-15.137684106826782,-11.009793758392334,0.21428571428571427
15767,0,0,1160,-15.137684106826782,-11.009793758392334,0.21428571428571427
15768,0,0,1159,-15.137684106826782,-11.009793758392334,0.21428571428571427
15769,0,0,1157,-15.137684106826782,-11.009793758392334,0.21428571428571427
15770,0,0,1133,-15.137684106826782,-11.009793758392334,0.21428571428571427
15771,0,0,1132,-15.137684106826782,-11.009793758392334,0.21428571428571427
15772,0,0,1131,-15.137684106826782,-11.009793758392334,0.21428571428571427
15773,0,0,1106,-15.137684106826782,-11.009793758392334,0.21428571428571427
15774,0,0,1105,-15.137684106826782,-11.009793758392334,0.21428571428571427
15775,0,0,1104,-15.137684106826782,-11.009793758392334,0.21428571428571427
15776,0,0,1103,-15.137684106826782,-11.009793758392334,0.21428571428571427
15777,0,0,1102,-15.137684106826782,-11.009793758392334,0.21428571428571427
15778,0,0,1101,-15.137684106826782,-11.009793758392334,0.21428571428571427
15779,0,0,1100,-15.137684106826782,-11.009793758392334,0.21428571428571427
15780,0,0,1099,-15.137684106826782,-11.009793758392334,0.21428571428571427
15781,0,0,1098,-15.137684106826782,-11.009793758392334,0.21428571428571427
15782,0,0,1097,-15.137684106826782,-11.009793758392334,0.21428571428571427
15783,0,0,1096,-15.137684106826782,-11.009793758392334,0.21428571428571427
15784,0,0,1095,-15.137684106826782,-11.009793758392334,0.21428571428571427
15785,0,0,1094,-15.137684106826782,-11.009793758392334,0.21428571428571427
15786,0,0,1093,-15.137684106826782,-11.009793758392334,0.21428571428571427
15787,0,0,1092,-15.137684106826782,-11.009793758392334,0.21428571428571427
15788,0,0,1091,-15.137684106826782,-11.009793758392334,0.21428571428571427
15789,0,0,1090,-15.137684106826782,-11.009793758392334,0.21428571428571427
15790,0,0,1089,-15.137684106826782,-11.009793758392334,0.21428571428571427
15791,0,0,1088,-15.137684106826782,-11.009793758392334,0.21428571428571427
15792,0,0,1087,-15.137684106826782,-11.009793758392334,0.21428571428571427
15793,0,0,1086,-15.137684106826782,-11.009793758392334,0.21428571428571427
15794,0,0,2,-15.137684106826782,-11.009793758392334,0.21428571428571427
15795,0,0,1107,-15.137684106826782,-11.009793758392334,0.21428571428571427
15796,0,0,1108,-15.137684106826782,-11.009793758392334,0.21428571428571427
15797,0,0,1109,-15.137684106826782,-11.009793758392334,0.21428571428571427
15798,0,0,1121,-15.137684106826782,-11.009793758392334,0.21428571428571427
15799,0,0,1130,-15.137684106826782,-11.009793758392334,0.21428571428571427
15800,0,0,1129,-15.137684106826782,-11.009793758392334,0.21428571428571427
15801,0,0,1128,-15.137684106826782,-11.009793758392334,0.21428571428571427
15802,0,0,1127,-15.137684106826782,-11.009793758392334,0.21428571428571427
15803,0,0,1126,-15.137684106826782,-11.009793758392334,0.21428571428571427
15804,0,0,1125,-15.137684106826782,-11.009793758392334,0.21428571428571427
15805,0,0,1124,-15.137684106826782,-11.009793758392334,0.21428571428571427
15806,0,0,1123,-15.137684106826782,-11.009793758392334,0.21428571428571427
15807,0,0,1122,-15.137684106826782,-11.009793758392334,0.21428571428571427
15808,0,0,1120,-15.137684106826782,-11.009793758392334,0.21428571428571427
15809,0,0,1110,-15.137684106826782,-11.009793758392334,0.21428571428571427
15810,0,0,1119,-15.137684106826782,-11.009793758392334,0.21428571428571427
15811,0,0,1118,-15.137684106826782,-11.009793758392334,0.21428571428571427
15812,0,0,1117,-15.137684106826782,-11.009793758392334,0.21428571428571427
15813,0,0,1116,-15.137684106826782,-11.009793758392334,0.21428571428571427
15814,0,0,1115,-15.137684106826782,-11.009793758392334,0.21428571428571427
15815,0,0,1114,-15.137684106826782,-11.009793758392334,0.21428571428571427
15816,0,0,1113,-15.137684106826782,-11.009793758392334,0.21428571428571427
15817,0,0,1112,-15.137684106826782,-11.009793758392334,0.21428571428571427
15818,0,0,1111,-15.137684106826782,-11.009793758392334,0.21428571428571427
15819,0,0,1084,-15.137684106826782,-11.009793758392334,0.21428571428571427
15820,0,0,987,-15.137684106826782,-11.009793758392334,0.21428571428571427
15821,0,0,986,-15.137684106826782,-11.009793758392334,0.21428571428571427
15822,0,0,985,-15.137684106826782,-11.009793758392334,0.21428571428571427
15823,0,0,863,-15.137684106826782,-11.009793758392334,0.21428571428571427
15824,0,0,862,-15.137684106826782,-11.009793758392334,0.21428571428571427
15825,0,0,861,-15.137684106826782,-11.009793758392334,0.21428571428571427
15826,0,0,860,-15.137684106826782,-11.009793758392334,0.21428571428571427
15827,0,0,859,-15.137684106826782,-11.009793758392334,0.21428571428571427
15828,0,0,858,-15.137684106826782,-11.009793758392334,0.21428571428571427
15829,0,0,857,-15.137684106826782,-11.009793758392334,0.21428571428571427
15830,0,0,856,-15.137684106826782,-11.009793758392334,0.21428571428571427
15831,0,0,855,-15.137684106826782,-11.009793758392334,0.21428571428571427
15832,0,0,854,-15.137684106826782,-11.009793758392334,0.21428571428571427
15833,0,0,853,-15.137684106826782,-11.009793758392334,0.21428571428571427
15834,0,0,852,-15.137684106826782,-11.009793758392334,0.21428571428571427
15835,0,0,851,-15.137684106826782,-11.009793758392334,0.21428571428571427
15836,0,0,850,-15.137684106826782,-11.009793758392334,0.21428571428571427
15837,0,0,849,-15.137684106826782,-11.009793758392334,0.21428571428571427
15838,0,0,848,-15.137684106826782,-11.009793758392334,0.21428571428571427
15839,0,0,847,-15.137684106826782,-11.009793758392334,0.21428571428571427
15840,0,0,846,-15.137684106826782,-11.009793758392334,0.21428571428571427
15841,0,0,845,-15.137684106826782,-11.009793758392334,0.21428571428571427
15842,0,0,844,-15.137684106826782,-11.009793758392334,0.21428571428571427
15843,0,0,843,-15.137684106826782,-11.009793758392334,0.21428571428571427
15844,0,0,864,-15.137684106826782,-11.009793758392334,0.21428571428571427
15845,0,0,865,-15.137684106826782,-11.009793758392334,0.21428571428571427
15846,0,0,866,-15.137684106826782,-11.009793758392334,0.21428571428571427
15847,0,0,878,-15.137684106826782,-11.009793758392334,0.21428571428571427
15848,0,0,887,-15.137684106826782,-11.009793758392334,0.21428571428571427
15849,0,0,886,-15.137684106826782,-11.009793758392334,0.21428571428571427
15850,0,0,885,-15.137684106826782,-11.009793758392334,0.21428571428571427
15851,0,0,884,-15.137684106826782,-11.009793758392334,0.21428571428571427
15852,0,0,883,-15.137684106826782,-11.009793758392334,0.21428571428571427
15853,0,0,882,-15.137684106826782,-11.009793758392334,0.21428571428571427
15854,0,0,881,-15.137684106826782,-11.009793758392334,0.21428571428571427
15855,0,0,880,-15.137684106826782,-11.009793758392334,0.21428571428571427
15856,0,0,879,-15.137684106826782,-11.009793758392334,0.21428571428571427
15857,0,0,877,-15.137684106826782,-11.009793758392334,0.21428571428571427
15858,0,0,867,-15.137684106826782,-11.009793758392334,0.21428571428571427
15859,0,0,876,-15.137684106826782,-11.009793758392334,0.21428571428571427
15860,0,0,875,-15.137684106826782,-11.009793758392334,0.21428571428571427
15861,0,0,874,-15.137684106826782,-11.009793758392334,0.21428571428571427
15862,0,0,873,-15.137684106826782,-11.009793758392334,0.21428571428571427
15863,0,0,872,-15.137684106826782,-11.009793758392334,0.21428571428571427
15864,0,0,871,-15.137684106826782,-11.009793758392334,0.21428571428571427
15865,0,0,870,-15.137684106826782,-11.009793758392334,0.21428571428571427
15866,0,0,869,-15.137684106826782,-11.009793758392334,0.21428571428571427
15867,0,0,868,-15.137684106826782,-11.009793758392334,0.21428571428571427
15868,0,0,842,-15.137684106826782,-11.009793758392334,0.21428571428571427
15869,0,0,840,-15.137684106826782,-11.009793758392334,0.21428571428571427
15870,0,0,793,-15.137684106826782,-11.009793758392334,0.21428571428571427
15871,0,0,839,-15.137684106826782,-11.009793758392334,0.21428571428571427
15872,0,0,814,-15.137684106826782,-11.009793758392334,0.21428571428571427
15873,0,0,813,-15.137684106826782,-11.009793758392334,0.21428571428571427
15874,0,0,812,-15.137684106826782,-11.009793758392334,0.21428571428571427
15875,0,0,811,-15.137684106826782,-11.009793758392334,0.21428571428571427
15876,0,0,810,-15.137684106826782,-11.009793758392334,0.21428571428571427
15877,0,0,809,-15.137684106826782,-11.009793758392334,0.21428571428571427
15878,0,0,808,-15.137684106826782,-11.009793758392334,0.21428571428571427
15879,0,0,807,-15.137684106826782,-11.009793758392334,0.21428571428571427
15880,0,0,806,-15.137684106826782,-11.009793758392334,0.21428571428571427
15881,0,0,805,-15.137684106826782,-11.009793758392334,0.21428571428571427
15882,0,0,804,-15.137684106826782,-11.009793758392334,0.21428571428571427
15883,0,0,803,-15.137684106826782,-11.009793758392334,0.21428571428571427
15884,0,0,802,-15.137684106826782,-11.009793758392334,0.21428571428571427
15885,0,0,801,-15.137684106826782,-11.009793758392334,0.21428571428571427
15886,0,0,800,-15.137684106826782,-11.009793758392334,0.21428571428571427
15887,0,0,799,-15.137684106826782,-11.009793758392334,0.21428571428571427
15888,0,0,798,-15.137684106826782,-11.009793758392334,0.21428571428571427
15889,0,0,797,-15.137684106826782,-11.009793758392334,0.21428571428571427
15890,0,0,796,-15.137684106826782,-11.009793758392334,0.21428571428571427
15891,0,0,795,-15.137684106826782,-11.009793758392334,0.21428571428571427
15892,0,0,794,-15.137684106826782,-11.009793758392334,0.21428571428571427
15893,0,0,815,-15.137684106826782,-11.009793758392334,0.21428571428571427
15894,0,0,816,-15.137684106826782,-11.009793758392334,0.21428571428571427
15895,0,0,817,-15.137684106826782,-11.009793758392334,0.21428571428571427
15896,0,0,829,-15.137684106826782,-11.009793758392334,0.21428571428571427
15897,0,0,838,-15.137684106826782,-11.009793758392334,0.21428571428571427
15898,0,0,837,-15.137684106826782,-11.009793758392334,0.21428571428571427
15899,0,0,836,-15.137684106826782,-11.009793758392334,0.21428571428571427
15900,0,0,835,-15.137684106826782,-11.009793758392334,0.21428571428571427
15901,0,0,834,-15.137684106826782,-11.009793758392334,0.21428571428571427
15902,0,0,833,-15.137684106826782,-11.009793758392334,0.21428571428571427
15903,0,0,832,-15.137684106826782,-11.009793758392334,0.21428571428571427
15904,0,0,831,-15.137684106826782,-11.009793758392334,0.21428571428571427
15905,0,0,830,-15.137684106826782,-11.009793758392334,0.21428571428571427
15906,0,0,828,-15.137684106826782,-11.009793758392334,0.21428571428571427
15907,0,0,818,-15.137684106826782,-11.009793758392334,0.21428571428571427
15908,0,0,827,-15.137684106826782,-11.009793758392334,0.21428571428571427
15909,0,0,826,-15.137684106826782,-11.009793758392334,0.21428571428571427
15910,0,0,825,-15.137684106826782,-11.009793758392334,0.21428571428571427
15911,0,0,824,-15.137684106826782,-11.009793758392334,0.21428571428571427
15912,0,0,823,-15.137684106826782,-11.009793758392334,0.21428571428571427
15913,0,0,822,-15.137684106826782,-11.009793758392334,0.21428571428571427
15914,0,0,821,-15.137684106826782,-11.009793758392334,0.21428571428571427
15915,0,0,820,-15.137684106826782,-11.009793758392334,0.21428571428571427
15916,0,0,819,-15.137684106826782,-11.009793758392334,0.21428571428571427
15917,0,0,888,-15.137684106826782,-11.009793758392334,0.21428571428571427
15918,0,0,889,-15.137684106826782,-11.009793758392334,0.21428571428571427
15919,0,0,890,-15.137684106826782,-11.009793758392334,0.21428571428571427
15920,0,0,891,-15.137684106826782,-11.009793758392334,0.21428571428571427
15921,0,0,960,-15.137684106826782,-11.009793758392334,0.21428571428571427
15922,0,0,959,-15.137684106826782,-11.009793758392334,0.21428571428571427
15923,0,0,958,-15.137684106826782,-11.009793758392334,0.21428571428571427
15924,0,0,957,-15.137684106826782,-11.009793758392334,0.21428571428571427
15925,0,0,956,-15.137684106826782,-11.009793758392334,0.21428571428571427
15926,0,0,955,-15.137684106826782,-11.009793758392334,0.21428571428571427
15927,0,0,954,-15.137684106826782,-11.009793758392334,0.21428571428571427
15928,0,0,953,-15.137684106826782,-11.009793758392334,0.21428571428571427
15929,0,0,952,-15.137684106826782,-11.009793758392334,0.21428571428571427
15930,0,0,950,-15.137684106826782,-11.009793758392334,0.21428571428571427
15931,0,0,940,-15.137684106826782,-11.009793758392334,0.21428571428571427
15932,0,0,949,-15.137684106826782,-11.009793758392334,0.21428571428571427
15933,0,0,948,-15.137684106826782,-11.009793758392334,0.21428571428571427
15934,0,0,947,-15.137684106826782,-11.009793758392334,0.21428571428571427
15935,0,0,946,-15.137684106826782,-11.009793758392334,0.21428571428571427
15936,0,0,945,-15.137684106826782,-11.009793758392334,0.21428571428571427
15937,0,0,944,-15.137684106826782,-11.009793758392334,0.21428571428571427
15938,0,0,943,-15.137684106826782,-11.009793758392334,0.21428571428571427
15939,0,0,942,-15.137684106826782,-11.009793758392334,0.21428571428571427
15940,0,0,941,-15.137684106826782,-11.009793758392334,0.21428571428571427
15941,0,0,961,-15.137684106826782,-11.009793758392334,0.21428571428571427
15942,0,0,951,-15.137684106826782,-11.009793758392334,0.21428571428571427
15943,0,0,962,-15.137684106826782,-11.009793758392334,0.21428571428571427
15944,0,0,975,-15.137684106826782,-11.009793758392334,0.21428571428571427
15945,0,0,984,-15.137684106826782,-11.009793758392334,0.21428571428571427
15946,0,0,983,-15.137684106826782,-11.009793758392334,0.21428571428571427
15947,0,0,982,-15.137684106826782,-11.009793758392334,0.21428571428571427
15948,0,0,981,-15.137684106826782,-11.009793758392334,0.21428571428571427
15949,0,0,980,-15.137684106826782,-11.009793758392334,0.21428571428571427
15950,0,0,979,-15.137684106826782,-11.009793758392334,0.21428571428571427
15951,0,0,978,-15.137684106826782,-11.009793758392334,0.21428571428571427
15952,0,0,977,-15.137684106826782,-11.009793758392334,0.21428571428571427
15953,0,0,976,-15.137684106826782,-11.009793758392334,0.21428571428571427
15954,0,0,974,-15.137684106826782,-11.009793758392334,0.21428571428571427
15955,0,0,964,-15.137684106826782,-11.009793758392334,0.21428571428571427
15956,0,0,973,-15.137684106826782,-11.009793758392334,0.21428571428571427
15957,0,0,972,-15.137684106826782,-11.009793758392334,0.21428571428571427
15958,0,0,971,-15.137684106826782,-11.009793758392334,0.21428571428571427
15959,0,0,970,-15.137684106826782,-11.009793758392334,0.21428571428571427
15960,0,0,969,-15.137684106826782,-11.009793758392334,0.21428571428571427
15961,0,0,968,-15.137684106826782,-11.009793758392334,0.21428571428571427
15962,0,0,967,-15.137684106826782,-11.009793758392334,0.21428571428571427
15963,0,0,966,-15.137684106826782,-11.009793758392334,0.21428571428571427
15964,0,0,965,-15.137684106826782,-11.009793758392334,0.21428571428571427
15965,0,0,963,-15.137684106826782,-11.009793758392334,0.21428571428571427
15966,0,0,939,-15.137684106826782,-11.009793758392334,0.21428571428571427
15967,0,0,938,-15.137684106826782,-11.009793758392334,0.21428571428571427
15968,0,0,937,-15.137684106826782,-11.009793758392334,0.21428571428571427
15969,0,0,912,-15.137684106826782,-11.009793758392334,0.21428571428571427
15970,0,0,911,-15.137684106826782,-11.009793758392334,0.21428571428571427
15971,0,0,910,-15.137684106826782,-11.009793758392334,0.21428571428571427
15972,0,0,909,-15.137684106826782,-11.009793758392334,0.21428571428571427
15973,0,0,908,-15.137684106826782,-11.009793758392334,0.21428571428571427
15974,0,0,907,-15.137684106826782,-11.009793758392334,0.21428571428571427
15975,0,0,906,-15.137684106826782,-11.009793758392334,0.21428571428571427
15976,0,0,905,-15.137684106826782,-11.009793758392334,0.21428571428571427
15977,0,0,904,-15.137684106826782,-11.009793758392334,0.21428571428571427
15978,0,0,903,-15.137684106826782,-11.009793758392334,0.21428571428571427
15979,0,0,902,-15.137684106826782,-11.009793758392334,0.21428571428571427
15980,0,0,901,-15.137684106826782,-11.009793758392334,0.21428571428571427
15981,0,0,900,-15.137684106826782,-11.009793758392334,0.21428571428571427
15982,0,0,899,-15.137684106826782,-11.009793758392334,0.21428571428571427
15983,0,0,898,-15.137684106826782,-11.009793758392334,0.21428571428571427
15984,0,0,897,-15.137684106826782,-11.009793758392334,0.21428571428571427
15985,0,0,896,-15.137684106826782,-11.009793758392334,0.21428571428571427
15986,0,0,895,-15.137684106826782,-11.009793758392334,0.21428571428571427
15987,0,0,894,-15.137684106826782,-11.009793758392334,0.21428571428571427
15988,0,0,893,-15.137684106826782,-11.009793758392334,0.21428571428571427
15989,0,0,892,-15.137684106826782,-11.009793758392334,0.21428571428571427
15990,0,0,913,-15.137684106826782,-11.009793758392334,0.21428571428571427
15991,0,0,914,-15.137684106826782,-11.009793758392334,0.21428571428571427
15992,0,0,915,-15.137684106826782,-11.009793758392334,0.21428571428571427
15993,0,0,927,-15.137684106826782,-11.009793758392334,0.21428571428571427
15994,0,0,936,-15.137684106826782,-11.009793758392334,0.21428571428571427
15995,0,0,935,-15.137684106826782,-11.009793758392334,0.21428571428571427
15996,0,0,934,-15.137684106826782,-11.009793758392334,0.21428571428571427
15997,0,0,933,-15.137684106826782,-11.009793758392334,0.21428571428571427
15998,0,0,932,-15.137684106826782,-11.009793758392334,0.21428571428571427
15999,0,0,931,-15.137684106826782,-11.009793758392334,0.21428571428571427
16000,0,0,930,-15.137684106826782,-11.009793758392334,0.21428571428571427
16001,0,0,929,-15.137684106826782,-11.009793758392334,0.21428571428571427
16002,0,0,928,-15.137684106826782,-11.009793758392334,0.21428571428571427
16003,0,0,926,-15.137684106826782,-11.009793758392334,0.21428571428571427
16004,0,0,916,-15.137684106826782,-11.009793758392334,0.21428571428571427
16005,0,0,925,-15.137684106826782,-11.009793758392334,0.21428571428571427
16006,0,0,924,-15.137684106826782,-11.009793758392334,0.21428571428571427
16007,0,0,923,-15.137684106826782,-11.009793758392334,0.21428571428571427
16008,0,0,922,-15.137684106826782,-11.009793758392334,0.21428571428571427
16009,0,0,921,-15.137684106826782,-11.009793758392334,0.21428571428571427
16010,0,0,920,-15.137684106826782,-11.009793758392334,0.21428571428571427
16011,0,0,919,-15.137684106826782,-11.009793758392334,0.21428571428571427
16012,0,0,918,-15.137684106826782,-11.009793758392334,0.21428571428571427
16013,0,0,917,-15.137684106826782,-11.009793758392334,0.21428571428571427
16014,0,0,1179,-15.137684106826782,-11.009793758392334,0.21428571428571427
16015,0,0,841,-15.137684106826782,-11.009793758392334,0.21428571428571427
16016,0,0,1180,-15.137684106826782,-11.009793758392334,0.21428571428571427
16017,0,0,1230,-15.137684106826782,-11.009793758392334,0.21428571428571427
16018,0,0,1446,-15.137684106826782,-11.009793758392334,0.21428571428571427
16019,0,0,1445,-15.137684106826782,-11.009793758392334,0.21428571428571427
16020,0,0,1444,-15.137684106826782,-11.009793758392334,0.21428571428571427
16021,0,0,1443,-15.137684106826782,-11.009793758392334,0.21428571428571427
16022,0,0,1442,-15.137684106826782,-11.009793758392334,0.21428571428571427
16023,0,0,1441,-15.137684106826782,-11.009793758392334,0.21428571428571427
16024,0,0,1440,-15.137684106826782,-11.009793758392334,0.21428571428571427
16025,0,0,1439,-15.137684106826782,-11.009793758392334,0.21428571428571427
16026,0,0,1438,-15.137684106826782,-11.009793758392334,0.21428571428571427
16027,0,0,1436,-15.137684106826782,-11.009793758392334,0.21428571428571427
16028,0,0,1426,-15.137684106826782,-11.009793758392334,0.21428571428571427
16029,0,0,1435,-15.137684106826782,-11.009793758392334,0.21428571428571427
16030,0,0,1434,-15.137684106826782,-11.009793758392334,0.21428571428571427
16031,0,0,1433,-15.137684106826782,-11.009793758392334,0.21428571428571427
16032,0,0,1432,-15.137684106826782,-11.009793758392334,0.21428571428571427
16033,0,0,1431,-15.137684106826782,-11.009793758392334,0.21428571428571427
16034,0,0,1430,-15.137684106826782,-11.009793758392334,0.21428571428571427
16035,0,0,1429,-15.137684106826782,-11.009793758392334,0.21428571428571427
16036,0,0,1428,-15.137684106826782,-11.009793758392334,0.21428571428571427
16037,0,0,1427,-15.137684106826782,-11.009793758392334,0.21428571428571427
16038,0,0,1447,-15.137684106826782,-11.009793758392334,0.21428571428571427
16039,0,0,1437,-15.137684106826782,-11.009793758392334,0.21428571428571427
16040,0,0,1448,-15.137684106826782,-11.009793758392334,0.21428571428571427
16041,0,0,1461,-15.137684106826782,-11.009793758392334,0.21428571428571427
16042,0,0,1470,-15.137684106826782,-11.009793758392334,0.21428571428571427
16043,0,0,1469,-15.137684106826782,-11.009793758392334,0.21428571428571427
16044,0,0,1468,-15.137684106826782,-11.009793758392334,0.21428571428571427
16045,0,0,1467,-15.137684106826782,-11.009793758392334,0.21428571428571427
16046,0,0,1466,-15.137684106826782,-11.009793758392334,0.21428571428571427
16047,0,0,1465,-15.137684106826782,-11.009793758392334,0.21428571428571427
16048,0,0,1464,-15.137684106826782,-11.009793758392334,0.21428571428571427
16049,0,0,1463,-15.137684106826782,-11.009793758392334,0.21428571428571427
16050,0,0,1462,-15.137684106826782,-11.009793758392334,0.21428571428571427
16051,0,0,1460,-15.137684106826782,-11.009793758392334,0.21428571428571427
16052,0,0,1450,-15.137684106826782,-11.009793758392334,0.21428571428571427
16053,0,0,1459,-15.137684106826782,-11.009793758392334,0.21428571428571427
16054,0,0,1458,-15.137684106826782,-11.009793758392334,0.21428571428571427
16055,0,0,1457,-15.137684106826782,-11.009793758392334,0.21428571428571427
16056,0,0,1456,-15.137684106826782,-11.009793758392334,0.21428571428571427
16057,0,0,1455,-15.137684106826782,-11.009793758392334,0.21428571428571427
16058,0,0,1454,-15.137684106826782,-11.009793758392334,0.21428571428571427
16059,0,0,1453,-15.137684106826782,-11.009793758392334,0.21428571428571427
16060,0,0,1452,-15.137684106826782,-11.009793758392334,0.21428571428571427
16061,0,0,1451,-15.137684106826782,-11.009793758392334,0.21428571428571427
16062,0,0,1449,-15.137684106826782,-11.009793758392334,0.21428571428571427
16063,0,0,1425,-15.137684106826782,-11.009793758392334,0.21428571428571427
16064,0,0,1424,-15.137684106826782,-11.009793758392334,0.21428571428571427
16065,0,0,1423,-15.137684106826782,-11.009793758392334,0.21428571428571427
16066,0,0,1398,-15.137684106826782,-11.009793758392334,0.21428571428571427
16067,0,0,1397,-15.137684106826782,-11.009793758392334,0.21428571428571427
16068,0,0,1396,-15.137684106826782,-11.009793758392334,0.21428571428571427
16069,0,0,1395,-15.137684106826782,-11.009793758392334,0.21428571428571427
16070,0,0,1394,-15.137684106826782,-11.009793758392334,0.21428571428571427
16071,0,0,1393,-15.137684106826782,-11.009793758392334,0.21428571428571427
16072,0,0,1392,-15.137684106826782,-11.009793758392334,0.21428571428571427
16073,0,0,1391,-15.137684106826782,-11.009793758392334,0.21428571428571427
16074,0,0,1390,-15.137684106826782,-11.009793758392334,0.21428571428571427
16075,0,0,1389,-15.137684106826782,-11.009793758392334,0.21428571428571427
16076,0,0,1388,-15.137684106826782,-11.009793758392334,0.21428571428571427
16077,0,0,1387,-15.137684106826782,-11.009793758392334,0.21428571428571427
16078,0,0,1386,-15.137684106826782,-11.009793758392334,0.21428571428571427
16079,0,0,1385,-15.137684106826782,-11.009793758392334,0.21428571428571427
16080,0,0,1384,-15.137684106826782,-11.009793758392334,0.21428571428571427
16081,0,0,1383,-15.137684106826782,-11.009793758392334,0.21428571428571427
16082,0,0,1382,-15.137684106826782,-11.009793758392334,0.21428571428571427
16083,0,0,1381,-15.137684106826782,-11.009793758392334,0.21428571428571427
16084,0,0,1380,-15.137684106826782,-11.009793758392334,0.21428571428571427
16085,0,0,1379,-15.137684106826782,-11.009793758392334,0.21428571428571427
16086,0,0,1378,-15.137684106826782,-11.009793758392334,0.21428571428571427
16087,0,0,1399,-15.137684106826782,-11.009793758392334,0.21428571428571427
16088,0,0,1400,-15.137684106826782,-11.009793758392334,0.21428571428571427
16089,0,0,1401,-15.137684106826782,-11.009793758392334,0.21428571428571427
16090,0,0,1413,-15.137684106826782,-11.009793758392334,0.21428571428571427
16091,0,0,1422,-15.137684106826782,-11.009793758392334,0.21428571428571427
16092,0,0,1421,-15.137684106826782,-11.009793758392334,0.21428571428571427
16093,0,0,1420,-15.137684106826782,-11.009793758392334,0.21428571428571427
16094,0,0,1419,-15.137684106826782,-11.009793758392334,0.21428571428571427
16095,0,0,1418,-15.137684106826782,-11.009793758392334,0.21428571428571427
16096,0,0,1417,-15.137684106826782,-11.009793758392334,0.21428571428571427
16097,0,0,1416,-15.137684106826782,-11.009793758392334,0.21428571428571427
16098,0,0,1415,-15.137684106826782,-11.009793758392334,0.21428571428571427
16099,0,0,1414,-15.137684106826782,-11.009793758392334,0.21428571428571427
16100,0,0,1412,-15.137684106826782,-11.009793758392334,0.21428571428571427
16101,0,0,1402,-15.137684106826782,-11.009793758392334,0.21428571428571427
16102,0,0,1411,-15.137684106826782,-11.009793758392334,0.21428571428571427
16103,0,0,1410,-15.137684106826782,-11.009793758392334,0.21428571428571427
16104,0,0,1409,-15.137684106826782,-11.009793758392334,0.21428571428571427
16105,0,0,1408,-15.137684106826782,-11.009793758392334,0.21428571428571427
16106,0,0,1407,-15.137684106826782,-11.009793758392334,0.21428571428571427
16107,0,0,1406,-15.137684106826782,-11.009793758392334,0.21428571428571427
16108,0,0,1405,-15.137684106826782,-11.009793758392334,0.21428571428571427
16109,0,0,1404,-15.137684106826782,-11.009793758392334,0.21428571428571427
16110,0,0,1403,-15.137684106826782,-11.009793758392334,0.21428571428571427
16111,0,0,1471,-15.137684106826782,-11.009793758392334,0.21428571428571427
16112,0,0,1377,-15.137684106826782,-11.009793758392334,0.21428571428571427
16113,0,0,1472,-15.137684106826782,-11.009793758392334,0.21428571428571427
16114,0,0,1474,-15.137684106826782,-11.009793758392334,0.21428571428571427
16115,0,0,1543,-15.137684106826782,-11.009793758392334,0.21428571428571427
16116,0,0,1542,-15.137684106826782,-11.009793758392334,0.21428571428571427
16117,0,0,1541,-15.137684106826782,-11.009793758392334,0.21428571428571427
16118,0,0,1540,-15.137684106826782,-11.009793758392334,0.21428571428571427
16119,0,0,1539,-15.137684106826782,-11.009793758392334,0.21428571428571427
16120,0,0,1538,-15.137684106826782,-11.009793758392334,0.21428571428571427
16121,0,0,1537,-15.137684106826782,-11.009793758392334,0.21428571428571427
16122,0,0,1536,-15.137684106826782,-11.009793758392334,0.21428571428571427
16123,0,0,1535,-15.137684106826782,-11.009793758392334,0.21428571428571427
16124,0,0,1533,-15.137684106826782,-11.009793758392334,0.21428571428571427
16125,0,0,1523,-15.137684106826782,-11.009793758392334,0.21428571428571427
16126,0,0,1532,-15.137684106826782,-11.009793758392334,0.21428571428571427
16127,0,0,1531,-15.137684106826782,-11.009793758392334,0.21428571428571427
16128,0,0,1530,-15.137684106826782,-11.009793758392334,0.21428571428571427
16129,0,0,1529,-15.137684106826782,-11.009793758392334,0.21428571428571427
16130,0,0,1528,-15.137684106826782,-11.009793758392334,0.21428571428571427
16131,0,0,1527,-15.137684106826782,-11.009793758392334,0.21428571428571427
16132,0,0,1526,-15.137684106826782,-11.009793758392334,0.21428571428571427
16133,0,0,1525,-15.137684106826782,-11.009793758392334,0.21428571428571427
16134,0,0,1524,-15.137684106826782,-11.009793758392334,0.21428571428571427
16135,0,0,1544,-15.137684106826782,-11.009793758392334,0.21428571428571427
16136,0,0,1534,-15.137684106826782,-11.009793758392334,0.21428571428571427
16137,0,0,1545,-15.137684106826782,-11.009793758392334,0.21428571428571427
16138,0,0,1558,-15.137684106826782,-11.009793758392334,0.21428571428571427
16139,0,0,1567,-15.137684106826782,-11.009793758392334,0.21428571428571427
16140,0,0,1566,-15.137684106826782,-11.009793758392334,0.21428571428571427
16141,0,0,1565,-15.137684106826782,-11.009793758392334,0.21428571428571427
16142,0,0,1564,-15.137684106826782,-11.009793758392334,0.21428571428571427
16143,0,0,1563,-15.137684106826782,-11.009793758392334,0.21428571428571427
16144,0,0,1562,-15.137684106826782,-11.009793758392334,0.21428571428571427
16145,0,0,1561,-15.137684106826782,-11.009793758392334,0.21428571428571427
16146,0,0,1560,-15.137684106826782,-11.009793758392334,0.21428571428571427
16147,0,0,1559,-15.137684106826782,-11.009793758392334,0.21428571428571427
16148,0,0,1557,-15.137684106826782,-11.009793758392334,0.21428571428571427
16149,0,0,1547,-15.137684106826782,-11.009793758392334,0.21428571428571427
16150,0,0,1556,-15.137684106826782,-11.009793758392334,0.21428571428571427
16151,0,0,1555,-15.137684106826782,-11.009793758392334,0.21428571428571427
16152,0,0,1554,-15.137684106826782,-11.009793758392334,0.21428571428571427
16153,0,0,1553,-15.137684106826782,-11.009793758392334,0.21428571428571427
16154,0,0,1552,-15.137684106826782,-11.009793758392334,0.21428571428571427
16155,0,0,1551,-15.137684106826782,-11.009793758392334,0.21428571428571427
16156,0,0,1550,-15.137684106826782,-11.009793758392334,0.21428571428571427
16157,0,0,1549,-15.137684106826782,-11.009793758392334,0.21428571428571427
16158,0,0,1548,-15.137684106826782,-11.009793758392334,0.21428571428571427
16159,0,0,1546,-15.137684106826782,-11.009793758392334,0.21428571428571427
16160,0,0,1522,-15.137684106826782,-11.009793758392334,0.21428571428571427
16161,0,0,1521,-15.137684106826782,-11.009793758392334,0.21428571428571427
16162,0,0,1520,-15.137684106826782,-11.009793758392334,0.21428571428571427
16163,0,0,1495,-15.137684106826782,-11.009793758392334,0.21428571428571427
16164,0,0,1494,-15.137684106826782,-11.009793758392334,0.21428571428571427
16165,0,0,1493,-15.137684106826782,-11.009793758392334,0.21428571428571427
16166,0,0,1492,-15.137684106826782,-11.009793758392334,0.21428571428571427
16167,0,0,1491,-15.137684106826782,-11.009793758392334,0.21428571428571427
16168,0,0,1490,-15.137684106826782,-11.009793758392334,0.21428571428571427
16169,0,0,1489,-15.137684106826782,-11.009793758392334,0.21428571428571427
16170,0,0,1488,-15.137684106826782,-11.009793758392334,0.21428571428571427
16171,0,0,1487,-15.137684106826782,-11.009793758392334,0.21428571428571427
16172,0,0,1486,-15.137684106826782,-11.009793758392334,0.21428571428571427
16173,0,0,1485,-15.137684106826782,-11.009793758392334,0.21428571428571427
16174,0,0,1484,-15.137684106826782,-11.009793758392334,0.21428571428571427
16175,0,0,1483,-15.137684106826782,-11.009793758392334,0.21428571428571427
16176,0,0,1482,-15.137684106826782,-11.009793758392334,0.21428571428571427
16177,0,0,1481,-15.137684106826782,-11.009793758392334,0.21428571428571427
16178,0,0,1480,-15.137684106826782,-11.009793758392334,0.21428571428571427
16179,0,0,1479,-15.137684106826782,-11.009793758392334,0.21428571428571427
16180,0,0,1478,-15.137684106826782,-11.009793758392334,0.21428571428571427
16181,0,0,1477,-15.137684106826782,-11.009793758392334,0.21428571428571427
16182,0,0,1476,-15.137684106826782,-11.009793758392334,0.21428571428571427
16183,0,0,1475,-15.137684106826782,-11.009793758392334,0.21428571428571427
16184,0,0,1496,-15.137684106826782,-11.009793758392334,0.21428571428571427
16185,0,0,1497,-15.137684106826782,-11.009793758392334,0.21428571428571427
16186,0,0,1498,-15.137684106826782,-11.009793758392334,0.21428571428571427
16187,0,0,1510,-15.137684106826782,-11.009793758392334,0.21428571428571427
16188,0,0,1519,-15.137684106826782,-11.009793758392334,0.21428571428571427
16189,0,0,1518,-15.137684106826782,-11.009793758392334,0.21428571428571427
16190,0,0,1517,-15.137684106826782,-11.009793758392334,0.21428571428571427
16191,0,0,1516,-15.137684106826782,-11.009793758392334,0.21428571428571427
16192,0,0,1515,-15.137684106826782,-11.009793758392334,0.21428571428571427
16193,0,0,1514,-15.137684106826782,-11.009793758392334,0.21428571428571427
16194,0,0,1513,-15.137684106826782,-11.009793758392334,0.21428571428571427
16195,0,0,1512,-15.137684106826782,-11.009793758392334,0.21428571428571427
16196,0,0,1511,-15.137684106826782,-11.009793758392334,0.21428571428571427
16197,0,0,1509,-15.137684106826782,-11.009793758392334,0.21428571428571427
16198,0,0,1499,-15.137684106826782,-11.009793758392334,0.21428571428571427
16199,0,0,1508,-15.137684106826782,-11.009793758392334,0.21428571428571427
16200,0,0,1507,-15.137684106826782,-11.009793758392334,0.21428571428571427
16201,0,0,1506,-15.137684106826782,-11.009793758392334,0.21428571428571427
16202,0,0,1505,-15.137684106826782,-11.009793758392334,0.21428571428571427
16203,0,0,1504,-15.137684106826782,-11.009793758392334,0.21428571428571427
16204,0,0,1503,-15.137684106826782,-11.009793758392334,0.21428571428571427
16205,0,0,1502,-15.137684106826782,-11.009793758392334,0.21428571428571427
16206,0,0,1501,-15.137684106826782,-11.009793758392334,0.21428571428571427
16207,0,0,1500,-15.137684106826782,-11.009793758392334,0.21428571428571427
16208,0,0,1473,-15.137684106826782,-11.009793758392334,0.21428571428571427
16209,0,0,1376,-15.137684106826782,-11.009793758392334,0.21428571428571427
16210,0,0,1375,-15.137684106826782,-11.009793758392334,0.21428571428571427
16211,0,0,1374,-15.137684106826782,-11.009793758392334,0.21428571428571427
16212,0,0,1252,-15.137684106826782,-11.009793758392334,0.21428571428571427
16213,0,0,1251,-15.137684106826782,-11.009793758392334,0.21428571428571427
16214,0,0,1250,-15.137684106826782,-11.009793758392334,0.21428571428571427
16215,0,0,1249,-15.137684106826782,-11.009793758392334,0.21428571428571427
16216,0,0,1248,-15.137684106826782,-11.009793758392334,0.21428571428571427
16217,0,0,1247,-15.137684106826782,-11.009793758392334,0.21428571428571427
16218,0,0,1246,-15.137684106826782,-11.009793758392334,0.21428571428571427
16219,0,0,1245,-15.137684106826782,-11.009793758392334,0.21428571428571427
16220,0,0,1244,-15.137684106826782,-11.009793758392334,0.21428571428571427
16221,0,0,1243,-15.137684106826782,-11.009793758392334,0.21428571428571427
16222,0,0,1242,-15.137684106826782,-11.009793758392334,0.21428571428571427
16223,0,0,1241,-15.137684106826782,-11.009793758392334,0.21428571428571427
16224,0,0,1240,-15.137684106826782,-11.009793758392334,0.21428571428571427
16225,0,0,1239,-15.137684106826782,-11.009793758392334,0.21428571428571427
16226,0,0,1238,-15.137684106826782,-11.009793758392334,0.21428571428571427
16227,0,0,1237,-15.137684106826782,-11.009793758392334,0.21428571428571427
16228,0,0,1236,-15.137684106826782,-11.009793758392334,0.21428571428571427
16229,0,0,1235,-15.137684106826782,-11.009793758392334,0.21428571428571427
16230,0,0,1234,-15.137684106826782,-11.009793758392334,0.21428571428571427
16231,0,0,1233,-15.137684106826782,-11.009793758392334,0.21428571428571427
16232,0,0,1232,-15.137684106826782,-11.009793758392334,0.21428571428571427
16233,0,0,1253,-15.137684106826782,-11.009793758392334,0.21428571428571427
16234,0,0,1254,-15.137684106826782,-11.009793758392334,0.21428571428571427
16235,0,0,1255,-15.137684106826782,-11.009793758392334,0.21428571428571427
16236,0,0,1267,-15.137684106826782,-11.009793758392334,0.21428571428571427
16237,0,0,1276,-15.137684106826782,-11.009793758392334,0.21428571428571427
16238,0,0,1275,-15.137684106826782,-11.009793758392334,0.21428571428571427
16239,0,0,1274,-15.137684106826782,-11.009793758392334,0.21428571428571427
16240,0,0,1273,-15.137684106826782,-11.009793758392334,0.21428571428571427
16241,0,0,1272,-15.137684106826782,-11.009793758392334,0.21428571428571427
16242,0,0,1271,-15.137684106826782,-11.009793758392334,0.21428571428571427
16243,0,0,1270,-15.137684106826782,-11.009793758392334,0.21428571428571427
16244,0,0,1269,-15.137684106826782,-11.009793758392334,0.21428571428571427
16245,0,0,1268,-15.137684106826782,-11.009793758392334,0.21428571428571427
16246,0,0,1266,-15.137684106826782,-11.009793758392334,0.21428571428571427
16247,0,0,1256,-15.137684106826782,-11.009793758392334,0.21428571428571427
16248,0,0,1265,-15.137684106826782,-11.009793758392334,0.21428571428571427
16249,0,0,1264,-15.137684106826782,-11.009793758392334,0.21428571428571427
16250,0,0,1263,-15.137684106826782,-11.009793758392334,0.21428571428571427
16251,0,0,1262,-15.137684106826782,-11.009793758392334,0.21428571428571427
16252,0,0,1261,-15.137684106826782,-11.009793758392334,0.21428571428571427
16253,0,0,1260,-15.137684106826782,-11.009793758392334,0.21428571428571427
16254,0,0,1259,-15.137684106826782,-11.009793758392334,0.21428571428571427
16255,0,0,1258,-15.137684106826782,-11.009793758392334,0.21428571428571427
16256,0,0,1257,-15.137684106826782,-11.009793758392334,0.21428571428571427
16257,0,0,1231,-15.137684106826782,-11.009793758392334,0.21428571428571427
16258,0,0,1229,-15.137684106826782,-11.009793758392334,0.21428571428571427
16259,0,0,1182,-15.137684106826782,-11.009793758392334,0.21428571428571427
16260,0,0,1228,-15.137684106826782,-11.009793758392334,0.21428571428571427
16261,0,0,1203,-15.137684106826782,-11.009793758392334,0.21428571428571427
16262,0,0,1202,-15.137684106826782,-11.009793758392334,0.21428571428571427
16263,0,0,1201,-15.137684106826782,-11.009793758392334,0.21428571428571427
16264,0,0,1200,-15.137684106826782,-11.009793758392334,0.21428571428571427
16265,0,0,1199,-15.137684106826782,-11.009793758392334,0.21428571428571427
16266,0,0,1198,-15.137684106826782,-11.009793758392334,0.21428571428571427
16267,0,0,1197,-15.137684106826782,-11.009793758392334,0.21428571428571427
16268,0,0,1196,-15.137684106826782,-11.009793758392334,0.21428571428571427
16269,0,0,1195,-15.137684106826782,-11.009793758392334,0.21428571428571427
16270,0,0,1194,-15.137684106826782,-11.009793758392334,0.21428571428571427
16271,0,0,1193,-15.137684106826782,-11.009793758392334,0.21428571428571427
16272,0,0,1192,-15.137684106826782,-11.009793758392334,0.21428571428571427
16273,0,0,1191,-15.137684106826782,-11.009793758392334,0.21428571428571427
16274,0,0,1190,-15.137684106826782,-11.009793758392334,0.21428571428571427
16275,0,0,1189,-15.137684106826782,-11.009793758392334,0.21428571428571427
16276,0,0,1188,-15.137684106826782,-11.009793758392334,0.21428571428571427
16277,0,0,1187,-15.137684106826782,-11.009793758392334,0.21428571428571427
16278,0,0,1186,-15.137684106826782,-11.009793758392334,0.21428571428571427
16279,0,0,1185,-15.137684106826782,-11.009793758392334,0.21428571428571427
16280,0,0,1184,-15.137684106826782,-11.009793758392334,0.21428571428571427
16281,0,0,1183,-15.137684106826782,-11.009793758392334,0.21428571428571427
16282,0,0,1204,-15.137684106826782,-11.009793758392334,0.21428571428571427
16283,0,0,1205,-15.137684106826782,-11.009793758392334,0.21428571428571427
16284,0,0,1206,-15.137684106826782,-11.009793758392334,0.21428571428571427
16285,0,0,1218,-15.137684106826782,-11.009793758392334,0.21428571428571427
16286,0,0,1227,-15.137684106826782,-11.009793758392334,0.21428571428571427
16287,0,0,1226,-15.137684106826782,-11.009793758392334,0.21428571428571427
16288,0,0,1225,-15.137684106826782,-11.009793758392334,0.21428571428571427
16289,0,0,1224,-15.137684106826782,-11.009793758392334,0.21428571428571427
16290,0,0,1223,-15.137684106826782,-11.009793758392334,0.21428571428571427
16291,0,0,1222,-15.137684106826782,-11.009793758392334,0.21428571428571427
16292,0,0,1221,-15.137684106826782,-11.009793758392334,0.21428571428571427
16293,0,0,1220,-15.137684106826782,-11.009793758392334,0.21428571428571427
16294,0,0,1219,-15.137684106826782,-11.009793758392334,0.21428571428571427
16295,0,0,1217,-15.137684106826782,-11.009793758392334,0.21428571428571427
16296,0,0,1207,-15.137684106826782,-11.009793758392334,0.21428571428571427
16297,0,0,1216,-15.137684106826782,-11.009793758392334,0.21428571428571427
16298,0,0,1215,-15.137684106826782,-11.009793758392334,0.21428571428571427
16299,0,0,1214,-15.137684106826782,-11.009793758392334,0.21428571428571427
16300,0,0,1213,-15.137684106826782,-11.009793758392334,0.21428571428571427
16301,0,0,1212,-15.137684106826782,-11.009793758392334,0.21428571428571427
16302,0,0,1211,-15.137684106826782,-11.009793758392334,0.21428571428571427
16303,0,0,1210,-15.137684106826782,-11.009793758392334,0.21428571428571427
16304,0,0,1209,-15.137684106826782,-11.009793758392334,0.21428571428571427
16305,0,0,1208,-15.137684106826782,-11.009793758392334,0.21428571428571427
16306,0,0,1277,-15.137684106826782,-11.009793758392334,0.21428571428571427
16307,0,0,1278,-15.137684106826782,-11.009793758392334,0.21428571428571427
16308,0,0,1279,-15.137684106826782,-11.009793758392334,0.21428571428571427
16309,0,0,1280,-15.137684106826782,-11.009793758392334,0.21428571428571427
16310,0,0,1349,-15.137684106826782,-11.009793758392334,0.21428571428571427
16311,0,0,1348,-15.137684106826782,-11.009793758392334,0.21428571428571427
16312,0,0,1347,-15.137684106826782,-11.009793758392334,0.21428571428571427
16313,0,0,1346,-15.137684106826782,-11.009793758392334,0.21428571428571427
16314,0,0,1345,-15.137684106826782,-11.009793758392334,0.21428571428571427
16315,0,0,1344,-15.137684106826782,-11.009793758392334,0.21428571428571427
16316,0,0,1343,-15.137684106826782,-11.009793758392334,0.21428571428571427
16317,0,0,1342,-15.137684106826782,-11.009793758392334,0.21428571428571427
16318,0,0,1341,-15.137684106826782,-11.009793758392334,0.21428571428571427
16319,0,0,1339,-15.137684106826782,-11.009793758392334,0.21428571428571427
16320,0,0,1329,-15.137684106826782,-11.009793758392334,0.21428571428571427
16321,0,0,1338,-15.137684106826782,-11.009793758392334,0.21428571428571427
16322,0,0,1337,-15.137684106826782,-11.009793758392334,0.21428571428571427
16323,0,0,1336,-15.137684106826782,-11.009793758392334,0.21428571428571427
16324,0,0,1335,-15.137684106826782,-11.009793758392334,0.21428571428571427
16325,0,0,1334,-15.137684106826782,-11.009793758392334,0.21428571428571427
16326,0,0,1333,-15.137684106826782,-11.009793758392334,0.21428571428571427
16327,0,0,1332,-15.137684106826782,-11.009793758392334,0.21428571428571427
16328,0,0,1331,-15.137684106826782,-11.009793758392334,0.21428571428571427
16329,0,0,1330,-15.137684106826782,-11.009793758392334,0.21428571428571427
16330,0,0,1350,-15.137684106826782,-11.009793758392334,0.21428571428571427
16331,0,0,1340,-15.137684106826782,-11.009793758392334,0.21428571428571427
16332,0,0,1351,-15.137684106826782,-11.009793758392334,0.21428571428571427
16333,0,0,1364,-15.137684106826782,-11.009793758392334,0.21428571428571427
16334,0,0,1373,-15.137684106826782,-11.009793758392334,0.21428571428571427
16335,0,0,1372,-15.137684106826782,-11.009793758392334,0.21428571428571427
16336,0,0,1371,-15.137684106826782,-11.009793758392334,0.21428571428571427
16337,0,0,1370,-15.137684106826782,-11.009793758392334,0.21428571428571427
16338,0,0,1369,-15.137684106826782,-11.009793758392334,0.21428571428571427
16339,0,0,1368,-15.137684106826782,-11.009793758392334,0.21428571428571427
16340,0,0,1367,-15.137684106826782,-11.009793758392334,0.21428571428571427
16341,0,0,1366,-15.137684106826782,-11.009793758392334,0.21428571428571427
16342,0,0,1365,-15.137684106826782,-11.009793758392334,0.21428571428571427
16343,0,0,1363,-15.137684106826782,-11.009793758392334,0.21428571428571427
16344,0,0,1353,-15.137684106826782,-11.009793758392334,0.21428571428571427
16345,0,0,1362,-15.137684106826782,-11.009793758392334,0.21428571428571427
16346,0,0,1361,-15.137684106826782,-11.009793758392334,0.21428571428571427
16347,0,0,1360,-15.137684106826782,-11.009793758392334,0.21428571428571427
16348,0,0,1359,-15.137684106826782,-11.009793758392334,0.21428571428571427
16349,0,0,1358,-15.137684106826782,-11.009793758392334,0.21428571428571427
16350,0,0,1357,-15.137684106826782,-11.009793758392334,0.21428571428571427
16351,0,0,1356,-15.137684106826782,-11.009793758392334,0.21428571428571427
16352,0,0,1355,-15.137684106826782,-11.009793758392334,0.21428571428571427
16353,0,0,1354,-15.137684106826782,-11.009793758392334,0.21428571428571427
16354,0,0,1352,-15.137684106826782,-11.009793758392334,0.21428571428571427
16355,0,0,1328,-15.137684106826782,-11.009793758392334,0.21428571428571427
16356,0,0,1327,-15.137684106826782,-11.009793758392334,0.21428571428571427
16357,0,0,1326,-15.137684106826782,-11.009793758392334,0.21428571428571427
16358,0,0,1301,-15.137684106826782,-11.009793758392334,0.21428571428571427
16359,0,0,1300,-15.137684106826782,-11.009793758392334,0.21428571428571427
16360,0,0,1299,-15.137684106826782,-11.009793758392334,0.21428571428571427
16361,0,0,1298,-15.137684106826782,-11.009793758392334,0.21428571428571427
16362,0,0,1297,-15.137684106826782,-11.009793758392334,0.21428571428571427
16363,0,0,1296,-15.137684106826782,-11.009793758392334,0.21428571428571427
16364,0,0,1295,-15.137684106826782,-11.009793758392334,0.21428571428571427
16365,0,0,1294,-15.137684106826782,-11.009793758392334,0.21428571428571427
16366,0,0,1293,-15.137684106826782,-11.009793758392334,0.21428571428571427
16367,0,0,1292,-15.137684106826782,-11.009793758392334,0.21428571428571427
16368,0,0,1291,-15.137684106826782,-11.009793758392334,0.21428571428571427
16369,0,0,1290,-15.137684106826782,-11.009793758392334,0.21428571428571427
16370,0,0,1289,-15.137684106826782,-11.009793758392334,0.21428571428571427
16371,0,0,1288,-15.137684106826782,-11.009793758392334,0.21428571428571427
16372,0,0,1287,-15.137684106826782,-11.009793758392334,0.21428571428571427
16373,0,0,1286,-15.137684106826782,-11.009793758392334,0.21428571428571427
16374,0,0,1285,-15.137684106826782,-11.009793758392334,0.21428571428571427
16375,0,0,1284,-15.137684106826782,-11.009793758392334,0.21428571428571427
16376,0,0,1283,-15.137684106826782,-11.009793758392334,0.21428571428571427
16377,0,0,1282,-15.137684106826782,-11.009793758392334,0.21428571428571427
16378,0,0,1281,-15.137684106826782,-11.009793758392334,0.21428571428571427
16379,0,0,1302,-15.137684106826782,-11.009793758392334,0.21428571428571427
16380,0,0,1303,-15.137684106826782,-11.009793758392334,0.21428571428571427
16381,0,0,1304,-15.137684106826782,-11.009793758392334,0.21428571428571427
16382,0,0,1316,-15.137684106826782,-11.009793758392334,0.21428571428571427
16383,0,0,1325,-15.137684106826782,-11.009793758392334,0.21428571428571427
16384,0,0,1324,-15.137684106826782,-11.009793758392334,0.21428571428571427
16385,0,0,1323,-15.137684106826782,-11.009793758392334,0.21428571428571427
16386,0,0,1322,-15.137684106826782,-11.009793758392334,0.21428571428571427
16387,0,0,1321,-15.137684106826782,-11.009793758392334,0.21428571428571427
16388,0,0,1320,-15.137684106826782,-11.009793758392334,0.21428571428571427
16389,0,0,1319,-15.137684106826782,-11.009793758392334,0.21428571428571427
16390,0,0,1318,-15.137684106826782,-11.009793758392334,0.21428571428571427
16391,0,0,1317,-15.137684106826782,-11.009793758392334,0.21428571428571427
16392,0,0,1315,-15.137684106826782,-11.009793758392334,0.21428571428571427
16393,0,0,1305,-15.137684106826782,-11.009793758392334,0.21428571428571427
16394,0,0,1314,-15.137684106826782,-11.009793758392334,0.21428571428571427
16395,0,0,1313,-15.137684106826782,-11.009793758392334,0.21428571428571427
16396,0,0,1312,-15.137684106826782,-11.009793758392334,0.21428571428571427
16397,0,0,1311,-15.137684106826782,-11.009793758392334,0.21428571428571427
16398,0,0,1310,-15.137684106826782,-11.009793758392334,0.21428571428571427
16399,0,0,791,-15.137684106826782,-11.009793758392334,0.21428571428571427
16400,0,0,1308,-15.137684106826782,-11.009793758392334,0.21428571428571427
16401,0,0,1307,-15.137684106826782,-11.009793758392334,0.21428571428571427
16402,0,0,1306,-15.137684106826782,-11.009793758392334,0.21428571428571427
16403,0,0,1181,-15.137684106826782,-11.009793758392334,0.21428571428571427
16404,0,0,792,-15.137684106826782,-11.009793758392334,0.21428571428571427
16405,0,0,666,-15.137684106826782,-11.009793758392334,0.21428571428571427
16406,0,0,790,-15.137684106826782,-11.009793758392334,0.21428571428571427
16407,0,0,277,-15.137684106826782,-11.009793758392334,0.21428571428571427
16408,0,0,276,-15.137684106826782,-11.009793758392334,0.21428571428571427
16409,0,0,275,-15.137684106826782,-11.009793758392334,0.21428571428571427
16410,0,0,274,-15.137684106826782,-11.009793758392334,0.21428571428571427
16411,0,0,273,-15.137684106826782,-11.009793758392334,0.21428571428571427
16412,0,0,272,-15.137684106826782,-11.009793758392334,0.21428571428571427
16413,0,0,271,-15.137684106826782,-11.009793758392334,0.21428571428571427
16414,0,0,270,-15.137684106826782,-11.009793758392334,0.21428571428571427
16415,0,0,269,-15.137684106826782,-11.009793758392334,0.21428571428571427
16416,0,0,268,-15.137684106826782,-11.009793758392334,0.21428571428571427
16417,0,0,267,-15.137684106826782,-11.009793758392334,0.21428571428571427
16418,0,0,266,-15.137684106826782,-11.009793758392334,0.21428571428571427
16419,0,0,265,-15.137684106826782,-11.009793758392334,0.21428571428571427
16420,0,0,264,-15.137684106826782,-11.009793758392334,0.21428571428571427
16421,0,0,263,-15.137684106826782,-11.009793758392334,0.21428571428571427
16422,0,0,262,-15.137684106826782,-11.009793758392334,0.21428571428571427
16423,0,0,261,-15.137684106826782,-11.009793758392334,0.21428571428571427
16424,0,0,260,-15.137684106826782,-11.009793758392334,0.21428571428571427
16425,0,0,259,-15.137684106826782,-11.009793758392334,0.21428571428571427
16426,0,0,258,-15.137684106826782,-11.009793758392334,0.21428571428571427
16427,0,0,257,-15.137684106826782,-11.009793758392334,0.21428571428571427
16428,0,0,278,-15.137684106826782,-11.009793758392334,0.21428571428571427
16429,0,0,279,-15.137684106826782,-11.009793758392334,0.21428571428571427
16430,0,0,280,-15.137684106826782,-11.009793758392334,0.21428571428571427
16431,0,0,292,-15.137684106826782,-11.009793758392334,0.21428571428571427
16432,0,0,301,-15.137684106826782,-11.009793758392334,0.21428571428571427
16433,0,0,300,-15.137684106826782,-11.009793758392334,0.21428571428571427
16434,0,0,299,-15.137684106826782,-11.009793758392334,0.21428571428571427
16435,0,0,298,-15.137684106826782,-11.009793758392334,0.21428571428571427
16436,0,0,297,-15.137684106826782,-11.009793758392334,0.21428571428571427
16437,0,0,296,-15.137684106826782,-11.009793758392334,0.21428571428571427
16438,0,0,295,-15.137684106826782,-11.009793758392334,0.21428571428571427
16439,0,0,294,-15.137684106826782,-11.009793758392334,0.21428571428571427
16440,0,0,293,-15.137684106826782,-11.009793758392334,0.21428571428571427
16441,0,0,291,-15.137684106826782,-11.009793758392334,0.21428571428571427
16442,0,0,281,-15.137684106826782,-11.009793758392334,0.21428571428571427
16443,0,0,290,-15.137684106826782,-11.009793758392334,0.21428571428571427
16444,0,0,289,-15.137684106826782,-11.009793758392334,0.21428571428571427
16445,0,0,288,-15.137684106826782,-11.009793758392334,0.21428571428571427
16446,0,0,287,-15.137684106826782,-11.009793758392334,0.21428571428571427
16447,0,0,286,-15.137684106826782,-11.009793758392334,0.21428571428571427
16448,0,0,285,-15.137684106826782,-11.009793758392334,0.21428571428571427
16449,0,0,284,-15.137684106826782,-11.009793758392334,0.21428571428571427
16450,0,0,283,-15.137684106826782,-11.009793758392334,0.21428571428571427
16451,0,0,282,-15.137684106826782,-11.009793758392334,0.21428571428571427
16452,0,0,256,-15.137684106826782,-11.009793758392334,0.21428571428571427
16453,0,0,254,-15.137684106826782,-11.009793758392334,0.21428571428571427
16454,0,0,207,-15.137684106826782,-11.009793758392334,0.21428571428571427
16455,0,0,253,-15.137684106826782,-11.009793758392334,0.21428571428571427
16456,0,0,228,-15.137684106826782,-11.009793758392334,0.21428571428571427
16457,0,0,227,-15.137684106826782,-11.009793758392334,0.21428571428571427
16458,0,0,226,-15.137684106826782,-11.009793758392334,0.21428571428571427
16459,0,0,225,-15.137684106826782,-11.009793758392334,0.21428571428571427
16460,0,0,224,-15.137684106826782,-11.009793758392334,0.21428571428571427
16461,0,0,223,-15.137684106826782,-11.009793758392334,0.21428571428571427
16462,0,0,222,-15.137684106826782,-11.009793758392334,0.21428571428571427
16463,0,0,221,-15.137684106826782,-11.009793758392334,0.21428571428571427
16464,0,0,220,-15.137684106826782,-11.009793758392334,0.21428571428571427
16465,0,0,219,-15.137684106826782,-11.009793758392334,0.21428571428571427
16466,0,0,218,-15.137684106826782,-11.009793758392334,0.21428571428571427
16467,0,0,217,-15.137684106826782,-11.009793758392334,0.21428571428571427
16468,0,0,216,-15.137684106826782,-11.009793758392334,0.21428571428571427
16469,0,0,215,-15.137684106826782,-11.009793758392334,0.21428571428571427
16470,0,0,214,-15.137684106826782,-11.009793758392334,0.21428571428571427
16471,0,0,213,-15.137684106826782,-11.009793758392334,0.21428571428571427
16472,0,0,212,-15.137684106826782,-11.009793758392334,0.21428571428571427
16473,0,0,211,-15.137684106826782,-11.009793758392334,0.21428571428571427
16474,0,0,210,-15.137684106826782,-11.009793758392334,0.21428571428571427
16475,0,0,209,-15.137684106826782,-11.009793758392334,0.21428571428571427
16476,0,0,208,-15.137684106826782,-11.009793758392334,0.21428571428571427
16477,0,0,229,-15.137684106826782,-11.009793758392334,0.21428571428571427
16478,0,0,230,-15.137684106826782,-11.009793758392334,0.21428571428571427
16479,0,0,231,-15.137684106826782,-11.009793758392334,0.21428571428571427
16480,0,0,243,-15.137684106826782,-11.009793758392334,0.21428571428571427
16481,0,0,252,-15.137684106826782,-11.009793758392334,0.21428571428571427
16482,0,0,251,-15.137684106826782,-11.009793758392334,0.21428571428571427
16483,0,0,250,-15.137684106826782,-11.009793758392334,0.21428571428571427
16484,0,0,249,-15.137684106826782,-11.009793758392334,0.21428571428571427
16485,0,0,248,-15.137684106826782,-11.009793758392334,0.21428571428571427
16486,0,0,247,-15.137684106826782,-11.009793758392334,0.21428571428571427
16487,0,0,246,-15.137684106826782,-11.009793758392334,0.21428571428571427
16488,0,0,245,-15.137684106826782,-11.009793758392334,0.21428571428571427
16489,0,0,244,-15.137684106826782,-11.009793758392334,0.21428571428571427
16490,0,0,242,-15.137684106826782,-11.009793758392334,0.21428571428571427
16491,0,0,232,-15.137684106826782,-11.009793758392334,0.21428571428571427
16492,0,0,241,-15.137684106826782,-11.009793758392334,0.21428571428571427
16493,0,0,240,-15.137684106826782,-11.009793758392334,0.21428571428571427
16494,0,0,239,-15.137684106826782,-11.009793758392334,0.21428571428571427
16495,0,0,238,-15.137684106826782,-11.009793758392334,0.21428571428571427
16496,0,0,237,-15.137684106826782,-11.009793758392334,0.21428571428571427
16497,0,0,236,-15.137684106826782,-11.009793758392334,0.21428571428571427
16498,0,0,235,-15.137684106826782,-11.009793758392334,0.21428571428571427
16499,0,0,234,-15.137684106826782,-11.009793758392334,0.21428571428571427
16500,0,0,233,-15.137684106826782,-11.009793758392334,0.21428571428571427
16501,0,0,302,-15.137684106826782,-11.009793758392334,0.21428571428571427
16502,0,0,303,-15.137684106826782,-11.009793758392334,0.21428571428571427
16503,0,0,304,-15.137684106826782,-11.009793758392334,0.21428571428571427
16504,0,0,305,-15.137684106826782,-11.009793758392334,0.21428571428571427
16505,0,0,374,-15.137684106826782,-11.009793758392334,0.21428571428571427
16506,0,0,373,-15.137684106826782,-11.009793758392334,0.21428571428571427
16507,0,0,372,-15.137684106826782,-11.009793758392334,0.21428571428571427
16508,0,0,371,-15.137684106826782,-11.009793758392334,0.21428571428571427
16509,0,0,370,-15.137684106826782,-11.009793758392334,0.21428571428571427
16510,0,0,369,-15.137684106826782,-11.009793758392334,0.21428571428571427
16511,0,0,368,-15.137684106826782,-11.009793758392334,0.21428571428571427
16512,0,0,367,-15.137684106826782,-11.009793758392334,0.21428571428571427
16513,0,0,366,-15.137684106826782,-11.009793758392334,0.21428571428571427
16514,0,0,364,-15.137684106826782,-11.009793758392334,0.21428571428571427
16515,0,0,354,-15.137684106826782,-11.009793758392334,0.21428571428571427
16516,0,0,363,-15.137684106826782,-11.009793758392334,0.21428571428571427
16517,0,0,362,-15.137684106826782,-11.009793758392334,0.21428571428571427
16518,0,0,361,-15.137684106826782,-11.009793758392334,0.21428571428571427
16519,0,0,360,-15.137684106826782,-11.009793758392334,0.21428571428571427
16520,0,0,359,-15.137684106826782,-11.009793758392334,0.21428571428571427
16521,0,0,358,-15.137684106826782,-11.009793758392334,0.21428571428571427
16522,0,0,357,-15.137684106826782,-11.009793758392334,0.21428571428571427
16523,0,0,356,-15.137684106826782,-11.009793758392334,0.21428571428571427
16524,0,0,355,-15.137684106826782,-11.009793758392334,0.21428571428571427
16525,0,0,375,-15.137684106826782,-11.009793758392334,0.21428571428571427
16526,0,0,365,-15.137684106826782,-11.009793758392334,0.21428571428571427
16527,0,0,376,-15.137684106826782,-11.009793758392334,0.21428571428571427
16528,0,0,389,-15.137684106826782,-11.009793758392334,0.21428571428571427
16529,0,0,398,-15.137684106826782,-11.009793758392334,0.21428571428571427
16530,0,0,397,-15.137684106826782,-11.009793758392334,0.21428571428571427
16531,0,0,396,-15.137684106826782,-11.009793758392334,0.21428571428571427
16532,0,0,395,-15.137684106826782,-11.009793758392334,0.21428571428571427
16533,0,0,394,-15.137684106826782,-11.009793758392334,0.21428571428571427
16534,0,0,393,-15.137684106826782,-11.009793758392334,0.21428571428571427
16535,0,0,392,-15.137684106826782,-11.009793758392334,0.21428571428571427
16536,0,0,391,-15.137684106826782,-11.009793758392334,0.21428571428571427
16537,0,0,390,-15.137684106826782,-11.009793758392334,0.21428571428571427
16538,0,0,388,-15.137684106826782,-11.009793758392334,0.21428571428571427
16539,0,0,378,-15.137684106826782,-11.009793758392334,0.21428571428571427
16540,0,0,387,-15.137684106826782,-11.009793758392334,0.21428571428571427
16541,0,0,386,-15.137684106826782,-11.009793758392334,0.21428571428571427
16542,0,0,385,-15.137684106826782,-11.009793758392334,0.21428571428571427
16543,0,0,384,-15.137684106826782,-11.009793758392334,0.21428571428571427
16544,0,0,383,-15.137684106826782,-11.009793758392334,0.21428571428571427
16545,0,0,382,-15.137684106826782,-11.009793758392334,0.21428571428571427
16546,0,0,381,-15.137684106826782,-11.009793758392334,0.21428571428571427
16547,0,0,380,-15.137684106826782,-11.009793758392334,0.21428571428571427
16548,0,0,379,-15.137684106826782,-11.009793758392334,0.21428571428571427
16549,0,0,377,-15.137684106826782,-11.009793758392334,0.21428571428571427
16550,0,0,353,-15.137684106826782,-11.009793758392334,0.21428571428571427
16551,0,0,352,-15.137684106826782,-11.009793758392334,0.21428571428571427
16552,0,0,351,-15.137684106826782,-11.009793758392334,0.21428571428571427
16553,0,0,326,-15.137684106826782,-11.009793758392334,0.21428571428571427
16554,0,0,325,-15.137684106826782,-11.009793758392334,0.21428571428571427
16555,0,0,324,-15.137684106826782,-11.009793758392334,0.21428571428571427
16556,0,0,323,-15.137684106826782,-11.009793758392334,0.21428571428571427
16557,0,0,322,-15.137684106826782,-11.009793758392334,0.21428571428571427
16558,0,0,321,-15.137684106826782,-11.009793758392334,0.21428571428571427
16559,0,0,320,-15.137684106826782,-11.009793758392334,0.21428571428571427
16560,0,0,319,-15.137684106826782,-11.009793758392334,0.21428571428571427
16561,0,0,318,-15.137684106826782,-11.009793758392334,0.21428571428571427
16562,0,0,317,-15.137684106826782,-11.009793758392334,0.21428571428571427
16563,0,0,316,-15.137684106826782,-11.009793758392334,0.21428571428571427
16564,0,0,315,-15.137684106826782,-11.009793758392334,0.21428571428571427
16565,0,0,314,-15.137684106826782,-11.009793758392334,0.21428571428571427
16566,0,0,313,-15.137684106826782,-11.009793758392334,0.21428571428571427
16567,0,0,312,-15.137684106826782,-11.009793758392334,0.21428571428571427
16568,0,0,311,-15.137684106826782,-11.009793758392334,0.21428571428571427
16569,0,0,310,-15.137684106826782,-11.009793758392334,0.21428571428571427
16570,0,0,309,-15.137684106826782,-11.009793758392334,0.21428571428571427
16571,0,0,308,-15.137684106826782,-11.009793758392334,0.21428571428571427
16572,0,0,307,-15.137684106826782,-11.009793758392334,0.21428571428571427
16573,0,0,306,-15.137684106826782,-11.009793758392334,0.21428571428571427
16574,0,0,327,-15.137684106826782,-11.009793758392334,0.21428571428571427
16575,0,0,328,-15.137684106826782,-11.009793758392334,0.21428571428571427
16576,0,0,329,-15.137684106826782,-11.009793758392334,0.21428571428571427
16577,0,0,341,-15.137684106826782,-11.009793758392334,0.21428571428571427
16578,0,0,350,-15.137684106826782,-11.009793758392334,0.21428571428571427
16579,0,0,349,-15.137684106826782,-11.009793758392334,0.21428571428571427
16580,0,0,348,-15.137684106826782,-11.009793758392334,0.21428571428571427
16581,0,0,347,-15.137684106826782,-11.009793758392334,0.21428571428571427
16582,0,0,346,-15.137684106826782,-11.009793758392334,0.21428571428571427
16583,0,0,345,-15.137684106826782,-11.009793758392334,0.21428571428571427
16584,0,0,344,-15.137684106826782,-11.009793758392334,0.21428571428571427
16585,0,0,343,-15.137684106826782,-11.009793758392334,0.21428571428571427
16586,0,0,342,-15.137684106826782,-11.009793758392334,0.21428571428571427
16587,0,0,340,-15.137684106826782,-11.009793758392334,0.21428571428571427
16588,0,0,330,-15.137684106826782,-11.009793758392334,0.21428571428571427
16589,0,0,339,-15.137684106826782,-11.009793758392334,0.21428571428571427
16590,0,0,338,-15.137684106826782,-11.009793758392334,0.21428571428571427
16591,0,0,337,-15.137684106826782,-11.009793758392334,0.21428571428571427
16592,0,0,336,-15.137684106826782,-11.009793758392334,0.21428571428571427
16593,0,0,335,-15.137684106826782,-11.009793758392334,0.21428571428571427
16594,0,0,334,-15.137684106826782,-11.009793758392334,0.21428571428571427
16595,0,0,332,-15.137684106826782,-11.009793758392334,0.21428571428571427
16596,0,0,331,-15.137684106826782,-11.009793758392334,0.21428571428571427
16597,0,0,255,-15.137684106826782,-11.009793758392334,0.21428571428571427
16598,0,0,206,-15.137684106826782,-11.009793758392334,0.21428571428571427
16599,0,0,177,-15.137684106826782,-11.009793758392334,0.21428571428571427
16600,0,0,204,-15.137684106826782,-11.009793758392334,0.21428571428571427
16601,0,0,80,-15.137684106826782,-11.009793758392334,0.21428571428571427
16602,0,0,79,-15.137684106826782,-11.009793758392334,0.21428571428571427
16603,0,0,78,-15.137684106826782,-11.009793758392334,0.21428571428571427
16604,0,0,77,-15.137684106826782,-11.009793758392334,0.21428571428571427
16605,0,0,76,-15.137684106826782,-11.009793758392334,0.21428571428571427
16606,0,0,75,-15.137684106826782,-11.009793758392334,0.21428571428571427
16607,0,0,74,-15.137684106826782,-11.009793758392334,0.21428571428571427
16608,0,0,73,-15.137684106826782,-11.009793758392334,0.21428571428571427
16609,0,0,72,-15.137684106826782,-11.009793758392334,0.21428571428571427
16610,0,0,71,-15.137684106826782,-11.009793758392334,0.21428571428571427
16611,0,0,70,-15.137684106826782,-11.009793758392334,0.21428571428571427
16612,0,0,69,-15.137684106826782,-11.009793758392334,0.21428571428571427
16613,0,0,68,-15.137684106826782,-11.009793758392334,0.21428571428571427
16614,0,0,67,-15.137684106826782,-11.009793758392334,0.21428571428571427
16615,0,0,66,-15.137684106826782,-11.009793758392334,0.21428571428571427
16616,0,0,65,-15.137684106826782,-11.009793758392334,0.21428571428571427
16617,0,0,64,-15.137684106826782,-11.009793758392334,0.21428571428571427
16618,0,0,63,-15.137684106826782,-11.009793758392334,0.21428571428571427
16619,0,0,62,-15.137684106826782,-11.009793758392334,0.21428571428571427
16620,0,0,61,-15.137684106826782,-11.009793758392334,0.21428571428571427
16621,0,0,60,-15.137684106826782,-11.009793758392334,0.21428571428571427
16622,0,0,81,-15.137684106826782,-11.009793758392334,0.21428571428571427
16623,0,0,59,-15.137684106826782,-11.009793758392334,0.21428571428571427
16624,0,0,82,-15.137684106826782,-11.009793758392334,0.21428571428571427
16625,0,0,84,-15.137684106826782,-11.009793758392334,0.21428571428571427
16626,0,0,105,-15.137684106826782,-11.009793758392334,0.21428571428571427
16627,0,0,104,-15.137684106826782,-11.009793758392334,0.21428571428571427
16628,0,0,103,-15.137684106826782,-11.009793758392334,0.21428571428571427
16629,0,0,102,-15.137684106826782,-11.009793758392334,0.21428571428571427
16630,0,0,101,-15.137684106826782,-11.009793758392334,0.21428571428571427
16631,0,0,100,-15.137684106826782,-11.009793758392334,0.21428571428571427
16632,0,0,99,-15.137684106826782,-11.009793758392334,0.21428571428571427
16633,0,0,98,-15.137684106826782,-11.009793758392334,0.21428571428571427
16634,0,0,97,-15.137684106826782,-11.009793758392334,0.21428571428571427
16635,0,0,96,-15.137684106826782,-11.009793758392334,0.21428571428571427
16636,0,0,95,-15.137684106826782,-11.009793758392334,0.21428571428571427
16637,0,0,94,-15.137684106826782,-11.009793758392334,0.21428571428571427
16638,0,0,93,-15.137684106826782,-11.009793758392334,0.21428571428571427
16639,0,0,92,-15.137684106826782,-11.009793758392334,0.21428571428571427
16640,0,0,91,-15.137684106826782,-11.009793758392334,0.21428571428571427
16641,0,0,90,-15.137684106826782,-11.009793758392334,0.21428571428571427
16642,0,0,89,-15.137684106826782,-11.009793758392334,0.21428571428571427
16643,0,0,88,-15.137684106826782,-11.009793758392334,0.21428571428571427
16644,0,0,87,-15.137684106826782,-11.009793758392334,0.21428571428571427
16645,0,0,57,-15.137684106826782,-11.009793758392334,0.21428571428571427
16646,0,0,85,-15.137684106826782,-11.009793758392334,0.21428571428571427
16647,0,0,83,-15.137684106826782,-11.009793758392334,0.21428571428571427
16648,0,0,58,-15.137684106826782,-11.009793758392334,0.21428571428571427
16649,0,0,55,-15.137684106826782,-11.009793758392334,0.21428571428571427
16650,0,0,56,-15.137684106826782,-11.009793758392334,0.21428571428571427
16651,0,0,31,-15.137684106826782,-11.009793758392334,0.21428571428571427
16652,0,0,30,-15.137684106826782,-11.009793758392334,0.21428571428571427
16653,0,0,29,-15.137684106826782,-11.009793758392334,0.21428571428571427
16654,0,0,28,-15.137684106826782,-11.009793758392334,0.21428571428571427
16655,0,0,27,-15.137684106826782,-11.009793758392334,0.21428571428571427
16656,0,0,26,-15.137684106826782,-11.009793758392334,0.21428571428571427
16657,0,0,22,-15.137684106826782,-11.009793758392334,0.21428571428571427
16658,0,0,24,-15.137684106826782,-11.009793758392334,0.21428571428571427
16659,0,0,23,-15.137684106826782,-11.009793758392334,0.21428571428571427
16660,0,0,18,-15.137684106826782,-11.009793758392334,0.21428571428571427
16661,0,0,20,-15.137684106826782,-11.009793758392334,0.21428571428571427
16662,0,0,19,-15.137684106826782,-11.009793758392334,0.21428571428571427
16663,0,0,21,-15.137684106826782,-11.009793758392334,0.21428571428571427
16664,0,0,32,-15.137684106826782,-11.009793758392334,0.21428571428571427
16665,0,0,25,-15.137684106826782,-11.009793758392334,0.21428571428571427
16666,0,0,34,-15.137684106826782,-11.009793758392334,0.21428571428571427
16667,0,0,46,-15.137684106826782,-11.009793758392334,0.21428571428571427
16668,0,0,33,-15.137684106826782,-11.009793758392334,0.21428571428571427
16669,0,0,54,-15.137684106826782,-11.009793758392334,0.21428571428571427
16670,0,0,53,-15.137684106826782,-11.009793758392334,0.21428571428571427
16671,0,0,52,-15.137684106826782,-11.009793758392334,0.21428571428571427
16672,0,0,51,-15.137684106826782,-11.009793758392334,0.21428571428571427
16673,0,0,50,-15.137684106826782,-11.009793758392334,0.21428571428571427
16674,0,0,49,-15.137684106826782,-11.009793758392334,0.21428571428571427
16675,0,0,48,-15.137684106826782,-11.009793758392334,0.21428571428571427
16676,0,0,47,-15.137684106826782,-11.009793758392334,0.21428571428571427
16677,0,0,45,-15.137684106826782,-11.009793758392334,0.21428571428571427
16678,0,0,35,-15.137684106826782,-11.009793758392334,0.21428571428571427
16679,0,0,44,-15.137684106826782,-11.009793758392334,0.21428571428571427
16680,0,0,43,-15.137684106826782,-11.009793758392334,0.21428571428571427
16681,0,0,42,-15.137684106826782,-11.009793758392334,0.21428571428571427
16682,0,0,41,-15.137684106826782,-11.009793758392334,0.21428571428571427
16683,0,0,40,-15.137684106826782,-11.009793758392334,0.21428571428571427
16684,0,0,39,-15.137684106826782,-11.009793758392334,0.21428571428571427
16685,0,0,38,-15.137684106826782,-11.009793758392334,0.21428571428571427
16686,0,0,37,-15.137684106826782,-11.009793758392334,0.21428571428571427
16687,0,0,36,-15.137684106826782,-11.009793758392334,0.21428571428571427
16688,0,0,106,-15.137684106826782,-11.009793758392334,0.21428571428571427
16689,0,0,86,-15.137684106826782,-11.009793758392334,0.21428571428571427
16690,0,0,108,-15.137684106826782,-11.009793758392334,0.21428571428571427
16691,0,0,157,-15.137684106826782,-11.009793758392334,0.21428571428571427
16692,0,0,179,-15.137684106826782,-11.009793758392334,0.21428571428571427
16693,0,0,178,-15.137684106826782,-11.009793758392334,0.21428571428571427
16694,0,0,107,-15.137684106826782,-11.009793758392334,0.21428571428571427
16695,0,0,176,-15.137684106826782,-11.009793758392334,0.21428571428571427
16696,0,0,175,-15.137684106826782,-11.009793758392334,0.21428571428571427
16697,0,0,174,-15.137684106826782,-11.009793758392334,0.21428571428571427
16698,0,0,173,-15.137684106826782,-11.009793758392334,0.21428571428571427
16699,0,0,172,-15.137684106826782,-11.009793758392334,0.21428571428571427
16700,0,0,171,-15.137684106826782,-11.009793758392334,0.21428571428571427
16701,0,0,170,-15.137684106826782,-11.009793758392334,0.21428571428571427
16702,0,0,169,-15.137684106826782,-11.009793758392334,0.21428571428571427
16703,0,0,168,-15.137684106826782,-11.009793758392334,0.21428571428571427
16704,0,0,167,-15.137684106826782,-11.009793758392334,0.21428571428571427
16705,0,0,166,-15.137684106826782,-11.009793758392334,0.21428571428571427
16706,0,0,165,-15.137684106826782,-11.009793758392334,0.21428571428571427
16707,0,0,164,-15.137684106826782,-11.009793758392334,0.21428571428571427
16708,0,0,163,-15.137684106826782,-11.009793758392334,0.21428571428571427
16709,0,0,162,-15.137684106826782,-11.009793758392334,0.21428571428571427
16710,0,0,161,-15.137684106826782,-11.009793758392334,0.21428571428571427
16711,0,0,160,-15.137684106826782,-11.009793758392334,0.21428571428571427
16712,0,0,159,-15.137684106826782,-11.009793758392334,0.21428571428571427
16713,0,0,180,-15.137684106826782,-11.009793758392334,0.21428571428571427
16714,0,0,181,-15.137684106826782,-11.009793758392334,0.21428571428571427
16715,0,0,182,-15.137684106826782,-11.009793758392334,0.21428571428571427
16716,0,0,194,-15.137684106826782,-11.009793758392334,0.21428571428571427
16717,0,0,203,-15.137684106826782,-11.009793758392334,0.21428571428571427
16718,0,0,202,-15.137684106826782,-11.009793758392334,0.21428571428571427
16719,0,0,201,-15.137684106826782,-11.009793758392334,0.21428571428571427
16720,0,0,200,-15.137684106826782,-11.009793758392334,0.21428571428571427
16721,0,0,199,-15.137684106826782,-11.009793758392334,0.21428571428571427
16722,0,0,198,-15.137684106826782,-11.009793758392334,0.21428571428571427
16723,0,0,197,-15.137684106826782,-11.009793758392334,0.21428571428571427
16724,0,0,196,-15.137684106826782,-11.009793758392334,0.21428571428571427
16725,0,0,195,-15.137684106826782,-11.009793758392334,0.21428571428571427
16726,0,0,193,-15.137684106826782,-11.009793758392334,0.21428571428571427
16727,0,0,183,-15.137684106826782,-11.009793758392334,0.21428571428571427
16728,0,0,192,-15.137684106826782,-11.009793758392334,0.21428571428571427
16729,0,0,12,-15.137684106826782,-11.009793758392334,0.21428571428571427
16730,0,0,191,-15.137684106826782,-11.009793758392334,0.21428571428571427
16731,0,0,190,-15.137684106826782,-11.009793758392334,0.21428571428571427
16732,0,0,189,-15.137684106826782,-11.009793758392334,0.21428571428571427
16733,0,0,188,-15.137684106826782,-11.009793758392334,0.21428571428571427
16734,0,0,187,-15.137684106826782,-11.009793758392334,0.21428571428571427
16735,0,0,186,-15.137684106826782,-11.009793758392334,0.21428571428571427
16736,0,0,185,-15.137684106826782,-11.009793758392334,0.21428571428571427
16737,0,0,184,-15.137684106826782,-11.009793758392334,0.21428571428571427
16738,0,0,158,-15.137684106826782,-11.009793758392334,0.21428571428571427
16739,0,0,156,-15.137684106826782,-11.009793758392334,0.21428571428571427
16740,0,0,109,-15.137684106826782,-11.009793758392334,0.21428571428571427
16741,0,0,155,-15.137684106826782,-11.009793758392334,0.21428571428571427
16742,0,0,130,-15.137684106826782,-11.009793758392334,0.21428571428571427
16743,0,0,129,-15.137684106826782,-11.009793758392334,0.21428571428571427
16744,0,0,128,-15.137684106826782,-11.009793758392334,0.21428571428571427
16745,0,0,127,-15.137684106826782,-11.009793758392334,0.21428571428571427
16746,0,0,126,-15.137684106826782,-11.009793758392334,0.21428571428571427
16747,0,0,125,-15.137684106826782,-11.009793758392334,0.21428571428571427
16748,0,0,124,-15.137684106826782,-11.009793758392334,0.21428571428571427
16749,0,0,123,-15.137684106826782,-11.009793758392334,0.21428571428571427
16750,0,0,122,-15.137684106826782,-11.009793758392334,0.21428571428571427
16751,0,0,121,-15.137684106826782,-11.009793758392334,0.21428571428571427
16752,0,0,120,-15.137684106826782,-11.009793758392334,0.21428571428571427
16753,0,0,119,-15.137684106826782,-11.009793758392334,0.21428571428571427
16754,0,0,118,-15.137684106826782,-11.009793758392334,0.21428571428571427
16755,0,0,117,-15.137684106826782,-11.009793758392334,0.21428571428571427
16756,0,0,116,-15.137684106826782,-11.009793758392334,0.21428571428571427
16757,0,0,115,-15.137684106826782,-11.009793758392334,0.21428571428571427
16758,0,0,114,-15.137684106826782,-11.009793758392334,0.21428571428571427
16759,0,0,113,-15.137684106826782,-11.009793758392334,0.21428571428571427
16760,0,0,112,-15.137684106826782,-11.009793758392334,0.21428571428571427
16761,0,0,111,-15.137684106826782,-11.009793758392334,0.21428571428571427
16762,0,0,110,-15.137684106826782,-11.009793758392334,0.21428571428571427
16763,0,0,131,-15.137684106826782,-11.009793758392334,0.21428571428571427
16764,0,0,132,-15.137684106826782,-11.009793758392334,0.21428571428571427
16765,0,0,133,-15.137684106826782,-11.009793758392334,0.21428571428571427
16766,0,0,145,-15.137684106826782,-11.009793758392334,0.21428571428571427
16767,0,0,154,-15.137684106826782,-11.009793758392334,0.21428571428571427
16768,0,0,153,-15.137684106826782,-11.009793758392334,0.21428571428571427
16769,0,0,152,-15.137684106826782,-11.009793758392334,0.21428571428571427
16770,0,0,151,-15.137684106826782,-11.009793758392334,0.21428571428571427
16771,0,0,150,-15.137684106826782,-11.009793758392334,0.21428571428571427
16772,0,0,149,-15.137684106826782,-11.009793758392334,0.21428571428571427
16773,0,0,148,-15.137684106826782,-11.009793758392334,0.21428571428571427
16774,0,0,147,-15.137684106826782,-11.009793758392334,0.21428571428571427
16775,0,0,146,-15.137684106826782,-11.009793758392334,0.21428571428571427
16776,0,0,144,-15.137684106826782,-11.009793758392334,0.21428571428571427
16777,0,0,134,-15.137684106826782,-11.009793758392334,0.21428571428571427
16778,0,0,143,-15.137684106826782,-11.009793758392334,0.21428571428571427
16779,0,0,142,-15.137684106826782,-11.009793758392334,0.21428571428571427
16780,0,0,141,-15.137684106826782,-11.009793758392334,0.21428571428571427
16781,0,0,140,-15.137684106826782,-11.009793758392334,0.21428571428571427
16782,0,0,139,-15.137684106826782,-11.009793758392334,0.21428571428571427
16783,0,0,138,-15.137684106826782,-11.009793758392334,0.21428571428571427
16784,0,0,137,-15.137684106826782,-11.009793758392334,0.21428571428571427
16785,0,0,136,-15.137684106826782,-11.009793758392334,0.21428571428571427
16786,0,0,135,-15.137684106826782,-11.009793758392334,0.21428571428571427
16787,0,0,399,-15.137684106826782,-11.009793758392334,0.21428571428571427
16788,0,0,333,-15.137684106826782,-11.009793758392334,0.21428571428571427
16789,0,0,401,-15.137684106826782,-11.009793758392334,0.21428571428571427
16790,0,0,499,-15.137684106826782,-11.009793758392334,0.21428571428571427
16791,0,0,668,-15.137684106826782,-11.009793758392334,0.21428571428571427
16792,0,0,667,-15.137684106826782,-11.009793758392334,0.21428571428571427
16793,0,0,400,-15.137684106826782,-11.009793758392334,0.21428571428571427
16794,0,0,665,-15.137684106826782,-11.009793758392334,0.21428571428571427
16795,0,0,664,-15.137684106826782,-11.009793758392334,0.21428571428571427
16796,0,0,663,-15.137684106826782,-11.009793758392334,0.21428571428571427
16797,0,0,662,-15.137684106826782,-11.009793758392334,0.21428571428571427
16798,0,0,661,-15.137684106826782,-11.009793758392334,0.21428571428571427
16799,0,0,660,-15.137684106826782,-11.009793758392334,0.21428571428571427
16800,0,0,659,-15.137684106826782,-11.009793758392334,0.21428571428571427
16801,0,0,658,-15.137684106826782,-11.009793758392334,0.21428571428571427
16802,0,0,657,-15.137684106826782,-11.009793758392334,0.21428571428571427
16803,0,0,656,-15.137684106826782,-11.009793758392334,0.21428571428571427
16804,0,0,655,-15.137684106826782,-11.009793758392334,0.21428571428571427
16805,0,0,654,-15.137684106826782,-11.009793758392334,0.21428571428571427
16806,0,0,653,-15.137684106826782,-11.009793758392334,0.21428571428571427
16807,0,0,652,-15.137684106826782,-11.009793758392334,0.21428571428571427
16808,0,0,651,-15.137684106826782,-11.009793758392334,0.21428571428571427
16809,0,0,650,-15.137684106826782,-11.009793758392334,0.21428571428571427
16810,0,0,649,-15.137684106826782,-11.009793758392334,0.21428571428571427
16811,0,0,648,-15.137684106826782,-11.009793758392334,0.21428571428571427
16812,0,0,669,-15.137684106826782,-11.009793758392334,0.21428571428571427
16813,0,0,670,-15.137684106826782,-11.009793758392334,0.21428571428571427
16814,0,0,671,-15.137684106826782,-11.009793758392334,0.21428571428571427
16815,0,0,683,-15.137684106826782,-11.009793758392334,0.21428571428571427
16816,0,0,692,-15.137684106826782,-11.009793758392334,0.21428571428571427
16817,0,0,691,-15.137684106826782,-11.009793758392334,0.21428571428571427
16818,0,0,690,-15.137684106826782,-11.009793758392334,0.21428571428571427
16819,0,0,689,-15.137684106826782,-11.009793758392334,0.21428571428571427
16820,0,0,688,-15.137684106826782,-11.009793758392334,0.21428571428571427
16821,0,0,687,-15.137684106826782,-11.009793758392334,0.21428571428571427
16822,0,0,686,-15.137684106826782,-11.009793758392334,0.21428571428571427
16823,0,0,685,-15.137684106826782,-11.009793758392334,0.21428571428571427
16824,0,0,684,-15.137684106826782,-11.009793758392334,0.21428571428571427
16825,0,0,682,-15.137684106826782,-11.009793758392334,0.21428571428571427
16826,0,0,672,-15.137684106826782,-11.009793758392334,0.21428571428571427
16827,0,0,681,-15.137684106826782,-11.009793758392334,0.21428571428571427
16828,0,0,680,-15.137684106826782,-11.009793758392334,0.21428571428571427
16829,0,0,679,-15.137684106826782,-11.009793758392334,0.21428571428571427
16830,0,0,678,-15.137684106826782,-11.009793758392334,0.21428571428571427
16831,0,0,677,-15.137684106826782,-11.009793758392334,0.21428571428571427
16832,0,0,676,-15.137684106826782,-11.009793758392334,0.21428571428571427
16833,0,0,675,-15.137684106826782,-11.009793758392334,0.21428571428571427
16834,0,0,674,-15.137684106826782,-11.009793758392334,0.21428571428571427
16835,0,0,673,-15.137684106826782,-11.009793758392334,0.21428571428571427
16836,0,0,647,-15.137684106826782,-11.009793758392334,0.21428571428571427
16837,0,0,645,-15.137684106826782,-11.009793758392334,0.21428571428571427
16838,0,0,598,-15.137684106826782,-11.009793758392334,0.21428571428571427
16839,0,0,644,-15.137684106826782,-11.009793758392334,0.21428571428571427
16840,0,0,619,-15.137684106826782,-11.009793758392334,0.21428571428571427
16841,0,0,618,-15.137684106826782,-11.009793758392334,0.21428571428571427
16842,0,0,617,-15.137684106826782,-11.009793758392334,0.21428571428571427
16843,0,0,616,-15.137684106826782,-11.009793758392334,0.21428571428571427
16844,0,0,615,-15.137684106826782,-11.009793758392334,0.21428571428571427
16845,0,0,614,-15.137684106826782,-11.009793758392334,0.21428571428571427
16846,0,0,613,-15.137684106826782,-11.009793758392334,0.21428571428571427
16847,0,0,612,-15.137684106826782,-11.009793758392334,0.21428571428571427
16848,0,0,611,-15.137684106826782,-11.009793758392334,0.21428571428571427
16849,0,0,610,-15.137684106826782,-11.009793758392334,0.21428571428571427
16850,0,0,609,-15.137684106826782,-11.009793758392334,0.21428571428571427
16851,0,0,608,-15.137684106826782,-11.009793758392334,0.21428571428571427
16852,0,0,607,-15.137684106826782,-11.009793758392334,0.21428571428571427
16853,0,0,606,-15.137684106826782,-11.009793758392334,0.21428571428571427
16854,0,0,605,-15.137684106826782,-11.009793758392334,0.21428571428571427
16855,0,0,604,-15.137684106826782,-11.009793758392334,0.21428571428571427
16856,0,0,603,-15.137684106826782,-11.009793758392334,0.21428571428571427
16857,0,0,602,-15.137684106826782,-11.009793758392334,0.21428571428571427
16858,0,0,601,-15.137684106826782,-11.009793758392334,0.21428571428571427
16859,0,0,600,-15.137684106826782,-11.009793758392334,0.21428571428571427
16860,0,0,599,-15.137684106826782,-11.009793758392334,0.21428571428571427
16861,0,0,620,-15.137684106826782,-11.009793758392334,0.21428571428571427
16862,0,0,621,-15.137684106826782,-11.009793758392334,0.21428571428571427
16863,0,0,622,-15.137684106826782,-11.009793758392334,0.21428571428571427
16864,0,0,634,-15.137684106826782,-11.009793758392334,0.21428571428571427
16865,0,0,643,-15.137684106826782,-11.009793758392334,0.21428571428571427
16866,0,0,642,-15.137684106826782,-11.009793758392334,0.21428571428571427
16867,0,0,641,-15.137684106826782,-11.009793758392334,0.21428571428571427
16868,0,0,640,-15.137684106826782,-11.009793758392334,0.21428571428571427
16869,0,0,639,-15.137684106826782,-11.009793758392334,0.21428571428571427
16870,0,0,638,-15.137684106826782,-11.009793758392334,0.21428571428571427
16871,0,0,637,-15.137684106826782,-11.009793758392334,0.21428571428571427
16872,0,0,636,-15.137684106826782,-11.009793758392334,0.21428571428571427
16873,0,0,635,-15.137684106826782,-11.009793758392334,0.21428571428571427
16874,0,0,633,-15.137684106826782,-11.009793758392334,0.21428571428571427
16875,0,0,623,-15.137684106826782,-11.009793758392334,0.21428571428571427
16876,0,0,632,-15.137684106826782,-11.009793758392334,0.21428571428571427
16877,0,0,631,-15.137684106826782,-11.009793758392334,0.21428571428571427
16878,0,0,630,-15.137684106826782,-11.009793758392334,0.21428571428571427
16879,0,0,629,-15.137684106826782,-11.009793758392334,0.21428571428571427
16880,0,0,628,-15.137684106826782,-11.009793758392334,0.21428571428571427
16881,0,0,627,-15.137684106826782,-11.009793758392334,0.21428571428571427
16882,0,0,626,-15.137684106826782,-11.009793758392334,0.21428571428571427
16883,0,0,625,-15.137684106826782,-11.009793758392334,0.21428571428571427
16884,0,0,624,-15.137684106826782,-11.009793758392334,0.21428571428571427
16885,0,0,693,-15.137684106826782,-11.009793758392334,0.21428571428571427
16886,0,0,694,-15.137684106826782,-11.009793758392334,0.21428571428571427
16887,0,0,695,-15.137684106826782,-11.009793758392334,0.21428571428571427
16888,0,0,696,-15.137684106826782,-11.009793758392334,0.21428571428571427
16889,0,0,765,-15.137684106826782,-11.009793758392334,0.21428571428571427
16890,0,0,764,-15.137684106826782,-11.009793758392334,0.21428571428571427
16891,0,0,763,-15.137684106826782,-11.009793758392334,0.21428571428571427
16892,0,0,762,-15.137684106826782,-11.009793758392334,0.21428571428571427
16893,0,0,761,-15.137684106826782,-11.009793758392334,0.21428571428571427
16894,0,0,760,-15.137684106826782,-11.009793758392334,0.21428571428571427
16895,0,0,759,-15.137684106826782,-11.009793758392334,0.21428571428571427
16896,0,0,758,-15.137684106826782,-11.009793758392334,0.21428571428571427
16897,0,0,757,-15.137684106826782,-11.009793758392334,0.21428571428571427
16898,0,0,755,-15.137684106826782,-11.009793758392334,0.21428571428571427
16899,0,0,745,-15.137684106826782,-11.009793758392334,0.21428571428571427
16900,0,0,754,-15.137684106826782,-11.009793758392334,0.21428571428571427
16901,0,0,753,-15.137684106826782,-11.009793758392334,0.21428571428571427
16902,0,0,752,-15.137684106826782,-11.009793758392334,0.21428571428571427
16903,0,0,751,-15.137684106826782,-11.009793758392334,0.21428571428571427
16904,0,0,750,-15.137684106826782,-11.009793758392334,0.21428571428571427
16905,0,0,749,-15.137684106826782,-11.009793758392334,0.21428571428571427
16906,0,0,748,-15.137684106826782,-11.009793758392334,0.21428571428571427
16907,0,0,747,-15.137684106826782,-11.009793758392334,0.21428571428571427
16908,0,0,746,-15.137684106826782,-11.009793758392334,0.21428571428571427
16909,0,0,766,-15.137684106826782,-11.009793758392334,0.21428571428571427
16910,0,0,756,-15.137684106826782,-11.009793758392334,0.21428571428571427
16911,0,0,767,-15.137684106826782,-11.009793758392334,0.21428571428571427
16912,0,0,780,-15.137684106826782,-11.009793758392334,0.21428571428571427
16913,0,0,789,-15.137684106826782,-11.009793758392334,0.21428571428571427
16914,0,0,788,-15.137684106826782,-11.009793758392334,0.21428571428571427
16915,0,0,787,-15.137684106826782,-11.009793758392334,0.21428571428571427
16916,0,0,786,-15.137684106826782,-11.009793758392334,0.21428571428571427
16917,0,0,785,-15.137684106826782,-11.009793758392334,0.21428571428571427
16918,0,0,784,-15.137684106826782,-11.009793758392334,0.21428571428571427
16919,0,0,783,-15.137684106826782,-11.009793758392334,0.21428571428571427
16920,0,0,782,-15.137684106826782,-11.009793758392334,0.21428571428571427
16921,0,0,781,-15.137684106826782,-11.009793758392334,0.21428571428571427
16922,0,0,779,-15.137684106826782,-11.009793758392334,0.21428571428571427
16923,0,0,769,-15.137684106826782,-11.009793758392334,0.21428571428571427
16924,0,0,778,-15.137684106826782,-11.009793758392334,0.21428571428571427
16925,0,0,777,-15.137684106826782,-11.009793758392334,0.21428571428571427
16926,0,0,776,-15.137684106826782,-11.009793758392334,0.21428571428571427
16927,0,0,775,-15.137684106826782,-11.009793758392334,0.21428571428571427
16928,0,0,774,-15.137684106826782,-11.009793758392334,0.21428571428571427
16929,0,0,773,-15.137684106826782,-11.009793758392334,0.21428571428571427
16930,0,0,772,-15.137684106826782,-11.009793758392334,0.21428571428571427
16931,0,0,771,-15.137684106826782,-11.009793758392334,0.21428571428571427
16932,0,0,770,-15.137684106826782,-11.009793758392334,0.21428571428571427
16933,0,0,768,-15.137684106826782,-11.009793758392334,0.21428571428571427
16934,0,0,744,-15.137684106826782,-11.009793758392334,0.21428571428571427
16935,0,0,743,-15.137684106826782,-11.009793758392334,0.21428571428571427
16936,0,0,742,-15.137684106826782,-11.009793758392334,0.21428571428571427
16937,0,0,717,-15.137684106826782,-11.009793758392334,0.21428571428571427
16938,0,0,716,-15.137684106826782,-11.009793758392334,0.21428571428571427
16939,0,0,715,-15.137684106826782,-11.009793758392334,0.21428571428571427
16940,0,0,714,-15.137684106826782,-11.009793758392334,0.21428571428571427
16941,0,0,713,-15.137684106826782,-11.009793758392334,0.21428571428571427
16942,0,0,712,-15.137684106826782,-11.009793758392334,0.21428571428571427
16943,0,0,711,-15.137684106826782,-11.009793758392334,0.21428571428571427
16944,0,0,710,-15.137684106826782,-11.009793758392334,0.21428571428571427
16945,0,0,709,-15.137684106826782,-11.009793758392334,0.21428571428571427
16946,0,0,708,-15.137684106826782,-11.009793758392334,0.21428571428571427
16947,0,0,707,-15.137684106826782,-11.009793758392334,0.21428571428571427
16948,0,0,706,-15.137684106826782,-11.009793758392334,0.21428571428571427
16949,0,0,705,-15.137684106826782,-11.009793758392334,0.21428571428571427
16950,0,0,704,-15.137684106826782,-11.009793758392334,0.21428571428571427
16951,0,0,703,-15.137684106826782,-11.009793758392334,0.21428571428571427
16952,0,0,702,-15.137684106826782,-11.009793758392334,0.21428571428571427
16953,0,0,701,-15.137684106826782,-11.009793758392334,0.21428571428571427
16954,0,0,700,-15.137684106826782,-11.009793758392334,0.21428571428571427
16955,0,0,699,-15.137684106826782,-11.009793758392334,0.21428571428571427
16956,0,0,698,-15.137684106826782,-11.009793758392334,0.21428571428571427
16957,0,0,697,-15.137684106826782,-11.009793758392334,0.21428571428571427
16958,0,0,718,-15.137684106826782,-11.009793758392334,0.21428571428571427
16959,0,0,719,-15.137684106826782,-11.009793758392334,0.21428571428571427
16960,0,0,720,-15.137684106826782,-11.009793758392334,0.21428571428571427
16961,0,0,732,-15.137684106826782,-11.009793758392334,0.21428571428571427
16962,0,0,741,-15.137684106826782,-11.009793758392334,0.21428571428571427
16963,0,0,740,-15.137684106826782,-11.009793758392334,0.21428571428571427
16964,0,0,739,-15.137684106826782,-11.009793758392334,0.21428571428571427
16965,0,0,738,-15.137684106826782,-11.009793758392334,0.21428571428571427
16966,0,0,737,-15.137684106826782,-11.009793758392334,0.21428571428571427
16967,0,0,736,-15.137684106826782,-11.009793758392334,0.21428571428571427
16968,0,0,735,-15.137684106826782,-11.009793758392334,0.21428571428571427
16969,0,0,734,-15.137684106826782,-11.009793758392334,0.21428571428571427
16970,0,0,733,-15.137684106826782,-11.009793758392334,0.21428571428571427
16971,0,0,731,-15.137684106826782,-11.009793758392334,0.21428571428571427
16972,0,0,721,-15.137684106826782,-11.009793758392334,0.21428571428571427
16973,0,0,730,-15.137684106826782,-11.009793758392334,0.21428571428571427
16974,0,0,729,-15.137684106826782,-11.009793758392334,0.21428571428571427
16975,0,0,728,-15.137684106826782,-11.009793758392334,0.21428571428571427
16976,0,0,727,-15.137684106826782,-11.009793758392334,0.21428571428571427
16977,0,0,726,-15.137684106826782,-11.009793758392334,0.21428571428571427
16978,0,0,725,-15.137684106826782,-11.009793758392334,0.21428571428571427
16979,0,0,724,-15.137684106826782,-11.009793758392334,0.21428571428571427
16980,0,0,723,-15.137684106826782,-11.009793758392334,0.21428571428571427
16981,0,0,722,-15.137684106826782,-11.009793758392334,0.21428571428571427
16982,0,0,646,-15.137684106826782,-11.009793758392334,0.21428571428571427
16983,0,0,597,-15.137684106826782,-11.009793758392334,0.21428571428571427
16984,0,0,596,-15.137684106826782,-11.009793758392334,0.21428571428571427
16985,0,0,595,-15.137684106826782,-11.009793758392334,0.21428571428571427
16986,0,0,472,-15.137684106826782,-11.009793758392334,0.21428571428571427
16987,0,0,471,-15.137684106826782,-11.009793758392334,0.21428571428571427
16988,0,0,470,-15.137684106826782,-11.009793758392334,0.21428571428571427
16989,0,0,469,-15.137684106826782,-11.009793758392334,0.21428571428571427
16990,0,0,468,-15.137684106826782,-11.009793758392334,0.21428571428571427
16991,0,0,467,-15.137684106826782,-11.009793758392334,0.21428571428571427
16992,0,0,466,-15.137684106826782,-11.009793758392334,0.21428571428571427
16993,0,0,465,-15.137684106826782,-11.009793758392334,0.21428571428571427
16994,0,0,464,-15.137684106826782,-11.009793758392334,0.21428571428571427
16995,0,0,463,-15.137684106826782,-11.009793758392334,0.21428571428571427
16996,0,0,462,-15.137684106826782,-11.009793758392334,0.21428571428571427
16997,0,0,461,-15.137684106826782,-11.009793758392334,0.21428571428571427
16998,0,0,460,-15.137684106826782,-11.009793758392334,0.21428571428571427
16999,0,0,459,-15.137684106826782,-11.009793758392334,0.21428571428571427
17000,0,0,458,-15.137684106826782,-11.009793758392334,0.21428571428571427
17001,0,0,457,-15.137684106826782,-11.009793758392334,0.21428571428571427
17002,0,0,456,-15.137684106826782,-11.009793758392334,0.21428571428571427
17003,0,0,455,-15.137684106826782,-11.009793758392334,0.21428571428571427
17004,0,0,454,-15.137684106826782,-11.009793758392334,0.21428571428571427
17005,0,0,453,-15.137684106826782,-11.009793758392334,0.21428571428571427
17006,0,0,452,-15.137684106826782,-11.009793758392334,0.21428571428571427
17007,0,0,473,-15.137684106826782,-11.009793758392334,0.21428571428571427
17008,0,0,474,-15.137684106826782,-11.009793758392334,0.21428571428571427
17009,0,0,475,-15.137684106826782,-11.009793758392334,0.21428571428571427
17010,0,0,487,-15.137684106826782,-11.009793758392334,0.21428571428571427
17011,0,0,496,-15.137684106826782,-11.009793758392334,0.21428571428571427
17012,0,0,495,-15.137684106826782,-11.009793758392334,0.21428571428571427
17013,0,0,494,-15.137684106826782,-11.009793758392334,0.21428571428571427
17014,0,0,493,-15.137684106826782,-11.009793758392334,0.21428571428571427
17015,0,0,492,-15.137684106826782,-11.009793758392334,0.21428571428571427
17016,0,0,491,-15.137684106826782,-11.009793758392334,0.21428571428571427
17017,0,0,490,-15.137684106826782,-11.009793758392334,0.21428571428571427
17018,0,0,489,-15.137684106826782,-11.009793758392334,0.21428571428571427
17019,0,0,488,-15.137684106826782,-11.009793758392334,0.21428571428571427
17020,0,0,486,-15.137684106826782,-11.009793758392334,0.21428571428571427
17021,0,0,476,-15.137684106826782,-11.009793758392334,0.21428571428571427
17022,0,0,485,-15.137684106826782,-11.009793758392334,0.21428571428571427
17023,0,0,484,-15.137684106826782,-11.009793758392334,0.21428571428571427
17024,0,0,483,-15.137684106826782,-11.009793758392334,0.21428571428571427
17025,0,0,482,-15.137684106826782,-11.009793758392334,0.21428571428571427
17026,0,0,481,-15.137684106826782,-11.009793758392334,0.21428571428571427
17027,0,0,480,-15.137684106826782,-11.009793758392334,0.21428571428571427
17028,0,0,479,-15.137684106826782,-11.009793758392334,0.21428571428571427
17029,0,0,478,-15.137684106826782,-11.009793758392334,0.21428571428571427
17030,0,0,477,-15.137684106826782,-11.009793758392334,0.21428571428571427
17031,0,0,451,-15.137684106826782,-11.009793758392334,0.21428571428571427
17032,0,0,449,-15.137684106826782,-11.009793758392334,0.21428571428571427
17033,0,0,402,-15.137684106826782,-11.009793758392334,0.21428571428571427
17034,0,0,448,-15.137684106826782,-11.009793758392334,0.21428571428571427
17035,0,0,423,-15.137684106826782,-11.009793758392334,0.21428571428571427
17036,0,0,422,-15.137684106826782,-11.009793758392334,0.21428571428571427
17037,0,0,421,-15.137684106826782,-11.009793758392334,0.21428571428571427
17038,0,0,420,-15.137684106826782,-11.009793758392334,0.21428571428571427
17039,0,0,419,-15.137684106826782,-11.009793758392334,0.21428571428571427
17040,0,0,418,-15.137684106826782,-11.009793758392334,0.21428571428571427
17041,0,0,417,-15.137684106826782,-11.009793758392334,0.21428571428571427
17042,0,0,416,-15.137684106826782,-11.009793758392334,0.21428571428571427
17043,0,0,415,-15.137684106826782,-11.009793758392334,0.21428571428571427
17044,0,0,414,-15.137684106826782,-11.009793758392334,0.21428571428571427
17045,0,0,413,-15.137684106826782,-11.009793758392334,0.21428571428571427
17046,0,0,412,-15.137684106826782,-11.009793758392334,0.21428571428571427
17047,0,0,411,-15.137684106826782,-11.009793758392334,0.21428571428571427
17048,0,0,410,-15.137684106826782,-11.009793758392334,0.21428571428571427
17049,0,0,409,-15.137684106826782,-11.009793758392334,0.21428571428571427
17050,0,0,408,-15.137684106826782,-11.009793758392334,0.21428571428571427
17051,0,0,407,-15.137684106826782,-11.009793758392334,0.21428571428571427
17052,0,0,406,-15.137684106826782,-11.009793758392334,0.21428571428571427
17053,0,0,405,-15.137684106826782,-11.009793758392334,0.21428571428571427
17054,0,0,404,-15.137684106826782,-11.009793758392334,0.21428571428571427
17055,0,0,403,-15.137684106826782,-11.009793758392334,0.21428571428571427
17056,0,0,424,-15.137684106826782,-11.009793758392334,0.21428571428571427
17057,0,0,425,-15.137684106826782,-11.009793758392334,0.21428571428571427
17058,0,0,426,-15.137684106826782,-11.009793758392334,0.21428571428571427
17059,0,0,438,-15.137684106826782,-11.009793758392334,0.21428571428571427
17060,0,0,447,-15.137684106826782,-11.009793758392334,0.21428571428571427
17061,0,0,446,-15.137684106826782,-11.009793758392334,0.21428571428571427
17062,0,0,445,-15.137684106826782,-11.009793758392334,0.21428571428571427
17063,0,0,444,-15.137684106826782,-11.009793758392334,0.21428571428571427
17064,0,0,443,-15.137684106826782,-11.009793758392334,0.21428571428571427
17065,0,0,442,-15.137684106826782,-11.009793758392334,0.21428571428571427
17066,0,0,441,-15.137684106826782,-11.009793758392334,0.21428571428571427
17067,0,0,440,-15.137684106826782,-11.009793758392334,0.21428571428571427
17068,0,0,439,-15.137684106826782,-11.009793758392334,0.21428571428571427
17069,0,0,437,-15.137684106826782,-11.009793758392334,0.21428571428571427
17070,0,0,427,-15.137684106826782,-11.009793758392334,0.21428571428571427
17071,0,0,436,-15.137684106826782,-11.009793758392334,0.21428571428571427
17072,0,0,435,-15.137684106826782,-11.009793758392334,0.21428571428571427
17073,0,0,434,-15.137684106826782,-11.009793758392334,0.21428571428571427
17074,0,0,433,-15.137684106826782,-11.009793758392334,0.21428571428571427
17075,0,0,432,-15.137684106826782,-11.009793758392334,0.21428571428571427
17076,0,0,431,-15.137684106826782,-11.009793758392334,0.21428571428571427
17077,0,0,430,-15.137684106826782,-11.009793758392334,0.21428571428571427
17078,0,0,429,-15.137684106826782,-11.009793758392334,0.21428571428571427
17079,0,0,428,-15.137684106826782,-11.009793758392334,0.21428571428571427
17080,0,0,497,-15.137684106826782,-11.009793758392334,0.21428571428571427
17081,0,0,450,-15.137684106826782,-11.009793758392334,0.21428571428571427
17082,0,0,498,-15.137684106826782,-11.009793758392334,0.21428571428571427
17083,0,0,548,-15.137684106826782,-11.009793758392334,0.21428571428571427
17084,0,0,570,-15.137684106826782,-11.009793758392334,0.21428571428571427
17085,0,0,569,-15.137684106826782,-11.009793758392334,0.21428571428571427
17086,0,0,568,-15.137684106826782,-11.009793758392334,0.21428571428571427
17087,0,0,567,-15.137684106826782,-11.009793758392334,0.21428571428571427
17088,0,0,566,-15.137684106826782,-11.009793758392334,0.21428571428571427
17089,0,0,565,-15.137684106826782,-11.009793758392334,0.21428571428571427
17090,0,0,564,-15.137684106826782,-11.009793758392334,0.21428571428571427
17091,0,0,563,-15.137684106826782,-11.009793758392334,0.21428571428571427
17092,0,0,562,-15.137684106826782,-11.009793758392334,0.21428571428571427
17093,0,0,561,-15.137684106826782,-11.009793758392334,0.21428571428571427
17094,0,0,560,-15.137684106826782,-11.009793758392334,0.21428571428571427
17095,0,0,559,-15.137684106826782,-11.009793758392334,0.21428571428571427
17096,0,0,558,-15.137684106826782,-11.009793758392334,0.21428571428571427
17097,0,0,557,-15.137684106826782,-11.009793758392334,0.21428571428571427
17098,0,0,556,-15.137684106826782,-11.009793758392334,0.21428571428571427
17099,0,0,555,-15.137684106826782,-11.009793758392334,0.21428571428571427
17100,0,0,554,-15.137684106826782,-11.009793758392334,0.21428571428571427
17101,0,0,553,-15.137684106826782,-11.009793758392334,0.21428571428571427
17102,0,0,552,-15.137684106826782,-11.009793758392334,0.21428571428571427
17103,0,0,551,-15.137684106826782,-11.009793758392334,0.21428571428571427
17104,0,0,550,-15.137684106826782,-11.009793758392334,0.21428571428571427
17105,0,0,571,-15.137684106826782,-11.009793758392334,0.21428571428571427
17106,0,0,572,-15.137684106826782,-11.009793758392334,0.21428571428571427
17107,0,0,573,-15.137684106826782,-11.009793758392334,0.21428571428571427
17108,0,0,585,-15.137684106826782,-11.009793758392334,0.21428571428571427
17109,0,0,594,-15.137684106826782,-11.009793758392334,0.21428571428571427
17110,0,0,593,-15.137684106826782,-11.009793758392334,0.21428571428571427
17111,0,0,592,-15.137684106826782,-11.009793758392334,0.21428571428571427
17112,0,0,591,-15.137684106826782,-11.009793758392334,0.21428571428571427
17113,0,0,590,-15.137684106826782,-11.009793758392334,0.21428571428571427
17114,0,0,589,-15.137684106826782,-11.009793758392334,0.21428571428571427
17115,0,0,588,-15.137684106826782,-11.009793758392334,0.21428571428571427
17116,0,0,587,-15.137684106826782,-11.009793758392334,0.21428571428571427
17117,0,0,586,-15.137684106826782,-11.009793758392334,0.21428571428571427
17118,0,0,584,-15.137684106826782,-11.009793758392334,0.21428571428571427
17119,0,0,574,-15.137684106826782,-11.009793758392334,0.21428571428571427
17120,0,0,583,-15.137684106826782,-11.009793758392334,0.21428571428571427
17121,0,0,582,-15.137684106826782,-11.009793758392334,0.21428571428571427
17122,0,0,581,-15.137684106826782,-11.009793758392334,0.21428571428571427
17123,0,0,580,-15.137684106826782,-11.009793758392334,0.21428571428571427
17124,0,0,579,-15.137684106826782,-11.009793758392334,0.21428571428571427
17125,0,0,578,-15.137684106826782,-11.009793758392334,0.21428571428571427
17126,0,0,577,-15.137684106826782,-11.009793758392334,0.21428571428571427
17127,0,0,576,-15.137684106826782,-11.009793758392334,0.21428571428571427
17128,0,0,575,-15.137684106826782,-11.009793758392334,0.21428571428571427
17129,0,0,549,-15.137684106826782,-11.009793758392334,0.21428571428571427
17130,0,0,547,-15.137684106826782,-11.009793758392334,0.21428571428571427
17131,0,0,500,-15.137684106826782,-11.009793758392334,0.21428571428571427
17132,0,0,546,-15.137684106826782,-11.009793758392334,0.21428571428571427
17133,0,0,521,-15.137684106826782,-11.009793758392334,0.21428571428571427
17134,0,0,520,-15.137684106826782,-11.009793758392334,0.21428571428571427
17135,0,0,519,-15.137684106826782,-11.009793758392334,0.21428571428571427
17136,0,0,518,-15.137684106826782,-11.009793758392334,0.21428571428571427
17137,0,0,517,-15.137684106826782,-11.009793758392334,0.21428571428571427
17138,0,0,516,-15.137684106826782,-11.009793758392334,0.21428571428571427
17139,0,0,515,-15.137684106826782,-11.009793758392334,0.21428571428571427
17140,0,0,514,-15.137684106826782,-11.009793758392334,0.21428571428571427
17141,0,0,513,-15.137684106826782,-11.009793758392334,0.21428571428571427
17142,0,0,512,-15.137684106826782,-11.009793758392334,0.21428571428571427
17143,0,0,511,-15.137684106826782,-11.009793758392334,0.21428571428571427
17144,0,0,510,-15.137684106826782,-11.009793758392334,0.21428571428571427
17145,0,0,509,-15.137684106826782,-11.009793758392334,0.21428571428571427
17146,0,0,508,-15.137684106826782,-11.009793758392334,0.21428571428571427
17147,0,0,507,-15.137684106826782,-11.009793758392334,0.21428571428571427
17148,0,0,506,-15.137684106826782,-11.009793758392334,0.21428571428571427
17149,0,0,505,-15.137684106826782,-11.009793758392334,0.21428571428571427
17150,0,0,504,-15.137684106826782,-11.009793758392334,0.21428571428571427
17151,0,0,503,-15.137684106826782,-11.009793758392334,0.21428571428571427
17152,0,0,502,-15.137684106826782,-11.009793758392334,0.21428571428571427
17153,0,0,501,-15.137684106826782,-11.009793758392334,0.21428571428571427
17154,0,0,522,-15.137684106826782,-11.009793758392334,0.21428571428571427
17155,0,0,523,-15.137684106826782,-11.009793758392334,0.21428571428571427
17156,0,0,524,-15.137684106826782,-11.009793758392334,0.21428571428571427
17157,0,0,536,-15.137684106826782,-11.009793758392334,0.21428571428571427
17158,0,0,545,-15.137684106826782,-11.009793758392334,0.21428571428571427
17159,0,0,544,-15.137684106826782,-11.009793758392334,0.21428571428571427
17160,0,0,543,-15.137684106826782,-11.009793758392334,0.21428571428571427
17161,0,0,542,-15.137684106826782,-11.009793758392334,0.21428571428571427
17162,0,0,541,-15.137684106826782,-11.009793758392334,0.21428571428571427
17163,0,0,540,-15.137684106826782,-11.009793758392334,0.21428571428571427
17164,0,0,539,-15.137684106826782,-11.009793758392334,0.21428571428571427
17165,0,0,538,-15.137684106826782,-11.009793758392334,0.21428571428571427
17166,0,0,537,-15.137684106826782,-11.009793758392334,0.21428571428571427
17167,0,0,535,-15.137684106826782,-11.009793758392334,0.21428571428571427
17168,0,0,525,-15.137684106826782,-11.009793758392334,0.21428571428571427
17169,0,0,534,-15.137684106826782,-11.009793758392334,0.21428571428571427
17170,0,0,533,-15.137684106826782,-11.009793758392334,0.21428571428571427
17171,0,0,532,-15.137684106826782,-11.009793758392334,0.21428571428571427
17172,0,0,531,-15.137684106826782,-11.009793758392334,0.21428571428571427
17173,0,0,530,-15.137684106826782,-11.009793758392334,0.21428571428571427
17174,0,0,529,-15.137684106826782,-11.009793758392334,0.21428571428571427
17175,0,0,528,-15.137684106826782,-11.009793758392334,0.21428571428571427
17176,0,0,527,-15.137684106826782,-11.009793758392334,0.21428571428571427
17177,0,0,526,-15.137684106826782,-11.009793758392334,0.21428571428571427
17178,0,0,1568,-15.137684106826782,-11.009793758392334,0.21428571428571427
17179,0,0,1309,-15.137684106826782,-11.009793758392334,0.21428571428571427
17180,0,0,1570,-15.137684106826782,-11.009793758392334,0.21428571428571427
17181,0,0,1961,-15.137684106826782,-11.009793758392334,0.21428571428571427
17182,0,0,2619,-15.137684106826782,-11.009793758392334,0.21428571428571427
17183,0,0,1569,-15.137684106826782,-11.009793758392334,0.21428571428571427
17184,0,0,2617,-15.137684106826782,-11.009793758392334,0.21428571428571427
17185,0,0,2616,-15.137684106826782,-11.009793758392334,0.21428571428571427
17186,0,0,2615,-15.137684106826782,-11.009793758392334,0.21428571428571427
17187,0,0,2614,-15.137684106826782,-11.009793758392334,0.21428571428571427
17188,0,0,2613,-15.137684106826782,-11.009793758392334,0.21428571428571427
17189,0,0,2612,-15.137684106826782,-11.009793758392334,0.21428571428571427
17190,0,0,2611,-15.137684106826782,-11.009793758392334,0.21428571428571427
17191,0,0,2610,-15.137684106826782,-11.009793758392334,0.21428571428571427
17192,0,0,2609,-15.137684106826782,-11.009793758392334,0.21428571428571427
17193,0,0,2608,-15.137684106826782,-11.009793758392334,0.21428571428571427
17194,0,0,2607,-15.137684106826782,-11.009793758392334,0.21428571428571427
17195,0,0,2606,-15.137684106826782,-11.009793758392334,0.21428571428571427
17196,0,0,2605,-15.137684106826782,-11.009793758392334,0.21428571428571427
17197,0,0,2604,-15.137684106826782,-11.009793758392334,0.21428571428571427
17198,0,0,2603,-15.137684106826782,-11.009793758392334,0.21428571428571427
17199,0,0,2602,-15.137684106826782,-11.009793758392334,0.21428571428571427
17200,0,0,2601,-15.137684106826782,-11.009793758392334,0.21428571428571427
17201,0,0,2600,-15.137684106826782,-11.009793758392334,0.21428571428571427
17202,0,0,2599,-15.137684106826782,-11.009793758392334,0.21428571428571427
17203,0,0,2620,-15.137684106826782,-11.009793758392334,0.21428571428571427
17204,0,0,2621,-15.137684106826782,-11.009793758392334,0.21428571428571427
17205,0,0,2622,-15.137684106826782,-11.009793758392334,0.21428571428571427
17206,0,0,2634,-15.137684106826782,-11.009793758392334,0.21428571428571427
17207,0,0,2643,-15.137684106826782,-11.009793758392334,0.21428571428571427
17208,0,0,2642,-15.137684106826782,-11.009793758392334,0.21428571428571427
17209,0,0,2641,-15.137684106826782,-11.009793758392334,0.21428571428571427
17210,0,0,2640,-15.137684106826782,-11.009793758392334,0.21428571428571427
17211,0,0,2639,-15.137684106826782,-11.009793758392334,0.21428571428571427
17212,0,0,2638,-15.137684106826782,-11.009793758392334,0.21428571428571427
17213,0,0,2637,-15.137684106826782,-11.009793758392334,0.21428571428571427
17214,0,0,2636,-15.137684106826782,-11.009793758392334,0.21428571428571427
17215,0,0,2635,-15.137684106826782,-11.009793758392334,0.21428571428571427
17216,0,0,2633,-15.137684106826782,-11.009793758392334,0.21428571428571427
17217,0,0,2623,-15.137684106826782,-11.009793758392334,0.21428571428571427
17218,0,0,2632,-15.137684106826782,-11.009793758392334,0.21428571428571427
17219,0,0,2631,-15.137684106826782,-11.009793758392334,0.21428571428571427
17220,0,0,2630,-15.137684106826782,-11.009793758392334,0.21428571428571427
17221,0,0,2629,-15.137684106826782,-11.009793758392334,0.21428571428571427
17222,0,0,2628,-15.137684106826782,-11.009793758392334,0.21428571428571427
17223,0,0,2627,-15.137684106826782,-11.009793758392334,0.21428571428571427
17224,0,0,2626,-15.137684106826782,-11.009793758392334,0.21428571428571427
17225,0,0,2625,-15.137684106826782,-11.009793758392334,0.21428571428571427
17226,0,0,2624,-15.137684106826782,-11.009793758392334,0.21428571428571427
17227,0,0,2598,-15.137684106826782,-11.009793758392334,0.21428571428571427
17228,0,0,2596,-15.137684106826782,-11.009793758392334,0.21428571428571427
17229,0,0,2549,-15.137684106826782,-11.009793758392334,0.21428571428571427
17230,0,0,2595,-15.137684106826782,-11.009793758392334,0.21428571428571427
17231,0,0,2570,-15.137684106826782,-11.009793758392334,0.21428571428571427
17232,0,0,2569,-15.137684106826782,-11.009793758392334,0.21428571428571427
17233,0,0,2568,-15.137684106826782,-11.009793758392334,0.21428571428571427
17234,0,0,2567,-15.137684106826782,-11.009793758392334,0.21428571428571427
17235,0,0,2566,-15.137684106826782,-11.009793758392334,0.21428571428571427
17236,0,0,2565,-15.137684106826782,-11.009793758392334,0.21428571428571427
17237,0,0,2564,-15.137684106826782,-11.009793758392334,0.21428571428571427
17238,0,0,2563,-15.137684106826782,-11.009793758392334,0.21428571428571427
17239,0,0,2562,-15.137684106826782,-11.009793758392334,0.21428571428571427
17240,0,0,2561,-15.137684106826782,-11.009793758392334,0.21428571428571427
17241,0,0,2560,-15.137684106826782,-11.009793758392334,0.21428571428571427
17242,0,0,2559,-15.137684106826782,-11.009793758392334,0.21428571428571427
17243,0,0,2558,-15.137684106826782,-11.009793758392334,0.21428571428571427
17244,0,0,2557,-15.137684106826782,-11.009793758392334,0.21428571428571427
17245,0,0,2556,-15.137684106826782,-11.009793758392334,0.21428571428571427
17246,0,0,2555,-15.137684106826782,-11.009793758392334,0.21428571428571427
17247,0,0,2554,-15.137684106826782,-11.009793758392334,0.21428571428571427
17248,0,0,2553,-15.137684106826782,-11.009793758392334,0.21428571428571427
17249,0,0,2552,-15.137684106826782,-11.009793758392334,0.21428571428571427
17250,0,0,2551,-15.137684106826782,-11.009793758392334,0.21428571428571427
17251,0,0,2550,-15.137684106826782,-11.009793758392334,0.21428571428571427
17252,0,0,2571,-15.137684106826782,-11.009793758392334,0.21428571428571427
17253,0,0,2572,-15.137684106826782,-11.009793758392334,0.21428571428571427
17254,0,0,2573,-15.137684106826782,-11.009793758392334,0.21428571428571427
17255,0,0,2585,-15.137684106826782,-11.009793758392334,0.21428571428571427
17256,0,0,2594,-15.137684106826782,-11.009793758392334,0.21428571428571427
17257,0,0,2593,-15.137684106826782,-11.009793758392334,0.21428571428571427
17258,0,0,2592,-15.137684106826782,-11.009793758392334,0.21428571428571427
17259,0,0,2591,-15.137684106826782,-11.009793758392334,0.21428571428571427
17260,0,0,2590,-15.137684106826782,-11.009793758392334,0.21428571428571427
17261,0,0,2589,-15.137684106826782,-11.009793758392334,0.21428571428571427
17262,0,0,2588,-15.137684106826782,-11.009793758392334,0.21428571428571427
17263,0,0,2587,-15.137684106826782,-11.009793758392334,0.21428571428571427
17264,0,0,2586,-15.137684106826782,-11.009793758392334,0.21428571428571427
17265,0,0,2584,-15.137684106826782,-11.009793758392334,0.21428571428571427
17266,0,0,2574,-15.137684106826782,-11.009793758392334,0.21428571428571427
17267,0,0,2583,-15.137684106826782,-11.009793758392334,0.21428571428571427
17268,0,0,2582,-15.137684106826782,-11.009793758392334,0.21428571428571427
17269,0,0,2581,-15.137684106826782,-11.009793758392334,0.21428571428571427
17270,0,0,2580,-15.137684106826782,-11.009793758392334,0.21428571428571427
17271,0,0,2579,-15.137684106826782,-11.009793758392334,0.21428571428571427
17272,0,0,2578,-15.137684106826782,-11.009793758392334,0.21428571428571427
17273,0,0,2577,-15.137684106826782,-11.009793758392334,0.21428571428571427
17274,0,0,2576,-15.137684106826782,-11.009793758392334,0.21428571428571427
17275,0,0,2575,-15.137684106826782,-11.009793758392334,0.21428571428571427
17276,0,0,2644,-15.137684106826782,-11.009793758392334,0.21428571428571427
17277,0,0,2645,-15.137684106826782,-11.009793758392334,0.21428571428571427
17278,0,0,2646,-15.137684106826782,-11.009793758392334,0.21428571428571427
17279,0,0,2647,-15.137684106826782,-11.009793758392334,0.21428571428571427
17280,0,0,2716,-15.137684106826782,-11.009793758392334,0.21428571428571427
17281,0,0,2715,-15.137684106826782,-11.009793758392334,0.21428571428571427
17282,0,0,2714,-15.137684106826782,-11.009793758392334,0.21428571428571427
17283,0,0,2713,-15.137684106826782,-11.009793758392334,0.21428571428571427
17284,0,0,2712,-15.137684106826782,-11.009793758392334,0.21428571428571427
17285,0,0,2711,-15.137684106826782,-11.009793758392334,0.21428571428571427
17286,0,0,2710,-15.137684106826782,-11.009793758392334,0.21428571428571427
17287,0,0,2709,-15.137684106826782,-11.009793758392334,0.21428571428571427
17288,0,0,2708,-15.137684106826782,-11.009793758392334,0.21428571428571427
17289,0,0,2706,-15.137684106826782,-11.009793758392334,0.21428571428571427
17290,0,0,2696,-15.137684106826782,-11.009793758392334,0.21428571428571427
17291,0,0,2705,-15.137684106826782,-11.009793758392334,0.21428571428571427
17292,0,0,2704,-15.137684106826782,-11.009793758392334,0.21428571428571427
17293,0,0,2703,-15.137684106826782,-11.009793758392334,0.21428571428571427
17294,0,0,2702,-15.137684106826782,-11.009793758392334,0.21428571428571427
17295,0,0,2701,-15.137684106826782,-11.009793758392334,0.21428571428571427
17296,0,0,2700,-15.137684106826782,-11.009793758392334,0.21428571428571427
17297,0,0,2699,-15.137684106826782,-11.009793758392334,0.21428571428571427
17298,0,0,2698,-15.137684106826782,-11.009793758392334,0.21428571428571427
17299,0,0,2697,-15.137684106826782,-11.009793758392334,0.21428571428571427
17300,0,0,2717,-15.137684106826782,-11.009793758392334,0.21428571428571427
17301,0,0,2707,-15.137684106826782,-11.009793758392334,0.21428571428571427
17302,0,0,2718,-15.137684106826782,-11.009793758392334,0.21428571428571427
17303,0,0,2731,-15.137684106826782,-11.009793758392334,0.21428571428571427
17304,0,0,2740,-15.137684106826782,-11.009793758392334,0.21428571428571427
17305,0,0,2739,-15.137684106826782,-11.009793758392334,0.21428571428571427
17306,0,0,2738,-15.137684106826782,-11.009793758392334,0.21428571428571427
17307,0,0,2737,-15.137684106826782,-11.009793758392334,0.21428571428571427
17308,0,0,2736,-15.137684106826782,-11.009793758392334,0.21428571428571427
17309,0,0,2735,-15.137684106826782,-11.009793758392334,0.21428571428571427
17310,0,0,2734,-15.137684106826782,-11.009793758392334,0.21428571428571427
17311,0,0,2733,-15.137684106826782,-11.009793758392334,0.21428571428571427
17312,0,0,2732,-15.137684106826782,-11.009793758392334,0.21428571428571427
17313,0,0,2730,-15.137684106826782,-11.009793758392334,0.21428571428571427
17314,0,0,2720,-15.137684106826782,-11.009793758392334,0.21428571428571427
17315,0,0,2729,-15.137684106826782,-11.009793758392334,0.21428571428571427
17316,0,0,2728,-15.137684106826782,-11.009793758392334,0.21428571428571427
17317,0,0,2727,-15.137684106826782,-11.009793758392334,0.21428571428571427
17318,0,0,2726,-15.137684106826782,-11.009793758392334,0.21428571428571427
17319,0,0,2725,-15.137684106826782,-11.009793758392334,0.21428571428571427
17320,0,0,2724,-15.137684106826782,-11.009793758392334,0.21428571428571427
17321,0,0,2723,-15.137684106826782,-11.009793758392334,0.21428571428571427
17322,0,0,2722,-15.137684106826782,-11.009793758392334,0.21428571428571427
17323,0,0,2721,-15.137684106826782,-11.009793758392334,0.21428571428571427
17324,0,0,2719,-15.137684106826782,-11.009793758392334,0.21428571428571427
17325,0,0,2695,-15.137684106826782,-11.009793758392334,0.21428571428571427
17326,0,0,2694,-15.137684106826782,-11.009793758392334,0.21428571428571427
17327,0,0,2693,-15.137684106826782,-11.009793758392334,0.21428571428571427
17328,0,0,2668,-15.137684106826782,-11.009793758392334,0.21428571428571427
17329,0,0,2667,-15.137684106826782,-11.009793758392334,0.21428571428571427
17330,0,0,2666,-15.137684106826782,-11.009793758392334,0.21428571428571427
17331,0,0,2665,-15.137684106826782,-11.009793758392334,0.21428571428571427
17332,0,0,2664,-15.137684106826782,-11.009793758392334,0.21428571428571427
17333,0,0,2663,-15.137684106826782,-11.009793758392334,0.21428571428571427
17334,0,0,2662,-15.137684106826782,-11.009793758392334,0.21428571428571427
17335,0,0,2661,-15.137684106826782,-11.009793758392334,0.21428571428571427
17336,0,0,2660,-15.137684106826782,-11.009793758392334,0.21428571428571427
17337,0,0,2659,-15.137684106826782,-11.009793758392334,0.21428571428571427
17338,0,0,2658,-15.137684106826782,-11.009793758392334,0.21428571428571427
17339,0,0,2657,-15.137684106826782,-11.009793758392334,0.21428571428571427
17340,0,0,2656,-15.137684106826782,-11.009793758392334,0.21428571428571427
17341,0,0,2655,-15.137684106826782,-11.009793758392334,0.21428571428571427
17342,0,0,2654,-15.137684106826782,-11.009793758392334,0.21428571428571427
17343,0,0,2653,-15.137684106826782,-11.009793758392334,0.21428571428571427
17344,0,0,2652,-15.137684106826782,-11.009793758392334,0.21428571428571427
17345,0,0,2651,-15.137684106826782,-11.009793758392334,0.21428571428571427
17346,0,0,2650,-15.137684106826782,-11.009793758392334,0.21428571428571427
17347,0,0,2649,-15.137684106826782,-11.009793758392334,0.21428571428571427
17348,0,0,2648,-15.137684106826782,-11.009793758392334,0.21428571428571427
17349,0,0,2669,-15.137684106826782,-11.009793758392334,0.21428571428571427
17350,0,0,2670,-15.137684106826782,-11.009793758392334,0.21428571428571427
17351,0,0,2671,-15.137684106826782,-11.009793758392334,0.21428571428571427
17352,0,0,2683,-15.137684106826782,-11.009793758392334,0.21428571428571427
17353,0,0,2692,-15.137684106826782,-11.009793758392334,0.21428571428571427
17354,0,0,2691,-15.137684106826782,-11.009793758392334,0.21428571428571427
17355,0,0,2690,-15.137684106826782,-11.009793758392334,0.21428571428571427
17356,0,0,2689,-15.137684106826782,-11.009793758392334,0.21428571428571427
17357,0,0,2688,-15.137684106826782,-11.009793758392334,0.21428571428571427
17358,0,0,2687,-15.137684106826782,-11.009793758392334,0.21428571428571427
17359,0,0,2686,-15.137684106826782,-11.009793758392334,0.21428571428571427
17360,0,0,2685,-15.137684106826782,-11.009793758392334,0.21428571428571427
17361,0,0,2684,-15.137684106826782,-11.009793758392334,0.21428571428571427
17362,0,0,2682,-15.137684106826782,-11.009793758392334,0.21428571428571427
17363,0,0,2672,-15.137684106826782,-11.009793758392334,0.21428571428571427
17364,0,0,2681,-15.137684106826782,-11.009793758392334,0.21428571428571427
17365,0,0,2680,-15.137684106826782,-11.009793758392334,0.21428571428571427
17366,0,0,2679,-15.137684106826782,-11.009793758392334,0.21428571428571427
17367,0,0,2678,-15.137684106826782,-11.009793758392334,0.21428571428571427
17368,0,0,2677,-15.137684106826782,-11.009793758392334,0.21428571428571427
17369,0,0,2676,-15.137684106826782,-11.009793758392334,0.21428571428571427
17370,0,0,2675,-15.137684106826782,-11.009793758392334,0.21428571428571427
17371,0,0,2674,-15.137684106826782,-11.009793758392334,0.21428571428571427
17372,0,0,2673,-15.137684106826782,-11.009793758392334,0.21428571428571427
17373,0,0,2597,-15.137684106826782,-11.009793758392334,0.21428571428571427
17374,0,0,2548,-15.137684106826782,-11.009793758392334,0.21428571428571427
17375,0,0,2547,-15.137684106826782,-11.009793758392334,0.21428571428571427
17376,0,0,2546,-15.137684106826782,-11.009793758392334,0.21428571428571427
17377,0,0,2423,-15.137684106826782,-11.009793758392334,0.21428571428571427
17378,0,0,2422,-15.137684106826782,-11.009793758392334,0.21428571428571427
17379,0,0,2421,-15.137684106826782,-11.009793758392334,0.21428571428571427
17380,0,0,2420,-15.137684106826782,-11.009793758392334,0.21428571428571427
17381,0,0,2419,-15.137684106826782,-11.009793758392334,0.21428571428571427
17382,0,0,2418,-15.137684106826782,-11.009793758392334,0.21428571428571427
17383,0,0,2417,-15.137684106826782,-11.009793758392334,0.21428571428571427
17384,0,0,2416,-15.137684106826782,-11.009793758392334,0.21428571428571427
17385,0,0,2415,-15.137684106826782,-11.009793758392334,0.21428571428571427
17386,0,0,2414,-15.137684106826782,-11.009793758392334,0.21428571428571427
17387,0,0,2413,-15.137684106826782,-11.009793758392334,0.21428571428571427
17388,0,0,2412,-15.137684106826782,-11.009793758392334,0.21428571428571427
17389,0,0,2411,-15.137684106826782,-11.009793758392334,0.21428571428571427
17390,0,0,2410,-15.137684106826782,-11.009793758392334,0.21428571428571427
17391,0,0,2409,-15.137684106826782,-11.009793758392334,0.21428571428571427
17392,0,0,2408,-15.137684106826782,-11.009793758392334,0.21428571428571427
17393,0,0,2407,-15.137684106826782,-11.009793758392334,0.21428571428571427
17394,0,0,2406,-15.137684106826782,-11.009793758392334,0.21428571428571427
17395,0,0,2405,-15.137684106826782,-11.009793758392334,0.21428571428571427
17396,0,0,2404,-15.137684106826782,-11.009793758392334,0.21428571428571427
17397,0,0,2403,-15.137684106826782,-11.009793758392334,0.21428571428571427
17398,0,0,2424,-15.137684106826782,-11.009793758392334,0.21428571428571427
17399,0,0,2425,-15.137684106826782,-11.009793758392334,0.21428571428571427
17400,0,0,2426,-15.137684106826782,-11.009793758392334,0.21428571428571427
17401,0,0,2438,-15.137684106826782,-11.009793758392334,0.21428571428571427
17402,0,0,2447,-15.137684106826782,-11.009793758392334,0.21428571428571427
17403,0,0,2446,-15.137684106826782,-11.009793758392334,0.21428571428571427
17404,0,0,2445,-15.137684106826782,-11.009793758392334,0.21428571428571427
17405,0,0,2444,-15.137684106826782,-11.009793758392334,0.21428571428571427
17406,0,0,2443,-15.137684106826782,-11.009793758392334,0.21428571428571427
17407,0,0,2442,-15.137684106826782,-11.009793758392334,0.21428571428571427
17408,0,0,2441,-15.137684106826782,-11.009793758392334,0.21428571428571427
17409,0,0,2440,-15.137684106826782,-11.009793758392334,0.21428571428571427
17410,0,0,2439,-15.137684106826782,-11.009793758392334,0.21428571428571427
17411,0,0,2437,-15.137684106826782,-11.009793758392334,0.21428571428571427
17412,0,0,2427,-15.137684106826782,-11.009793758392334,0.21428571428571427
17413,0,0,2436,-15.137684106826782,-11.009793758392334,0.21428571428571427
17414,0,0,2435,-15.137684106826782,-11.009793758392334,0.21428571428571427
17415,0,0,2434,-15.137684106826782,-11.009793758392334,0.21428571428571427
17416,0,0,2433,-15.137684106826782,-11.009793758392334,0.21428571428571427
17417,0,0,2432,-15.137684106826782,-11.009793758392334,0.21428571428571427
17418,0,0,2431,-15.137684106826782,-11.009793758392334,0.21428571428571427
17419,0,0,2430,-15.137684106826782,-11.009793758392334,0.21428571428571427
17420,0,0,2429,-15.137684106826782,-11.009793758392334,0.21428571428571427
17421,0,0,2428,-15.137684106826782,-11.009793758392334,0.21428571428571427
17422,0,0,2402,-15.137684106826782,-11.009793758392334,0.21428571428571427
17423,0,0,2400,-15.137684106826782,-11.009793758392334,0.21428571428571427
17424,0,0,2353,-15.137684106826782,-11.009793758392334,0.21428571428571427
17425,0,0,2399,-15.137684106826782,-11.009793758392334,0.21428571428571427
17426,0,0,2374,-15.137684106826782,-11.009793758392334,0.21428571428571427
17427,0,0,2373,-15.137684106826782,-11.009793758392334,0.21428571428571427
17428,0,0,2372,-15.137684106826782,-11.009793758392334,0.21428571428571427
17429,0,0,2371,-15.137684106826782,-11.009793758392334,0.21428571428571427
17430,0,0,2370,-15.137684106826782,-11.009793758392334,0.21428571428571427
17431,0,0,2369,-15.137684106826782,-11.009793758392334,0.21428571428571427
17432,0,0,2368,-15.137684106826782,-11.009793758392334,0.21428571428571427
17433,0,0,2367,-15.137684106826782,-11.009793758392334,0.21428571428571427
17434,0,0,2366,-15.137684106826782,-11.009793758392334,0.21428571428571427
17435,0,0,2365,-15.137684106826782,-11.009793758392334,0.21428571428571427
17436,0,0,2364,-15.137684106826782,-11.009793758392334,0.21428571428571427
17437,0,0,2363,-15.137684106826782,-11.009793758392334,0.21428571428571427
17438,0,0,2362,-15.137684106826782,-11.009793758392334,0.21428571428571427
17439,0,0,2361,-15.137684106826782,-11.009793758392334,0.21428571428571427
17440,0,0,2360,-15.137684106826782,-11.009793758392334,0.21428571428571427
17441,0,0,2359,-15.137684106826782,-11.009793758392334,0.21428571428571427
17442,0,0,2358,-15.137684106826782,-11.009793758392334,0.21428571428571427
17443,0,0,2357,-15.137684106826782,-11.009793758392334,0.21428571428571427
17444,0,0,2356,-15.137684106826782,-11.009793758392334,0.21428571428571427
17445,0,0,2355,-15.137684106826782,-11.009793758392334,0.21428571428571427
17446,0,0,2354,-15.137684106826782,-11.009793758392334,0.21428571428571427
17447,0,0,2375,-15.137684106826782,-11.009793758392334,0.21428571428571427
17448,0,0,2376,-15.137684106826782,-11.009793758392334,0.21428571428571427
17449,0,0,2377,-15.137684106826782,-11.009793758392334,0.21428571428571427
17450,0,0,2389,-15.137684106826782,-11.009793758392334,0.21428571428571427
17451,0,0,2398,-15.137684106826782,-11.009793758392334,0.21428571428571427
17452,0,0,2397,-15.137684106826782,-11.009793758392334,0.21428571428571427
17453,0,0,2396,-15.137684106826782,-11.009793758392334,0.21428571428571427
17454,0,0,2395,-15.137684106826782,-11.009793758392334,0.21428571428571427
17455,0,0,2394,-15.137684106826782,-11.009793758392334,0.21428571428571427
17456,0,0,2393,-15.137684106826782,-11.009793758392334,0.21428571428571427
17457,0,0,2392,-15.137684106826782,-11.009793758392334,0.21428571428571427
17458,0,0,2391,-15.137684106826782,-11.009793758392334,0.21428571428571427
17459,0,0,2390,-15.137684106826782,-11.009793758392334,0.21428571428571427
17460,0,0,2388,-15.137684106826782,-11.009793758392334,0.21428571428571427
17461,0,0,2378,-15.137684106826782,-11.009793758392334,0.21428571428571427
17462,0,0,2387,-15.137684106826782,-11.009793758392334,0.21428571428571427
17463,0,0,2386,-15.137684106826782,-11.009793758392334,0.21428571428571427
17464,0,0,2385,-15.137684106826782,-11.009793758392334,0.21428571428571427
17465,0,0,2384,-15.137684106826782,-11.009793758392334,0.21428571428571427
17466,0,0,2383,-15.137684106826782,-11.009793758392334,0.21428571428571427
17467,0,0,2382,-15.137684106826782,-11.009793758392334,0.21428571428571427
17468,0,0,2381,-15.137684106826782,-11.009793758392334,0.21428571428571427
17469,0,0,2380,-15.137684106826782,-11.009793758392334,0.21428571428571427
17470,0,0,2379,-15.137684106826782,-11.009793758392334,0.21428571428571427
17471,0,0,2448,-15.137684106826782,-11.009793758392334,0.21428571428571427
17472,0,0,2401,-15.137684106826782,-11.009793758392334,0.21428571428571427
17473,0,0,2449,-15.137684106826782,-11.009793758392334,0.21428571428571427
17474,0,0,2499,-15.137684106826782,-11.009793758392334,0.21428571428571427
17475,0,0,2521,-15.137684106826782,-11.009793758392334,0.21428571428571427
17476,0,0,2520,-15.137684106826782,-11.009793758392334,0.21428571428571427
17477,0,0,2519,-15.137684106826782,-11.009793758392334,0.21428571428571427
17478,0,0,2518,-15.137684106826782,-11.009793758392334,0.21428571428571427
17479,0,0,2517,-15.137684106826782,-11.009793758392334,0.21428571428571427
17480,0,0,2516,-15.137684106826782,-11.009793758392334,0.21428571428571427
17481,0,0,2515,-15.137684106826782,-11.009793758392334,0.21428571428571427
17482,0,0,2514,-15.137684106826782,-11.009793758392334,0.21428571428571427
17483,0,0,2513,-15.137684106826782,-11.009793758392334,0.21428571428571427
17484,0,0,2512,-15.137684106826782,-11.009793758392334,0.21428571428571427
17485,0,0,2511,-15.137684106826782,-11.009793758392334,0.21428571428571427
17486,0,0,2510,-15.137684106826782,-11.009793758392334,0.21428571428571427
17487,0,0,2509,-15.137684106826782,-11.009793758392334,0.21428571428571427
17488,0,0,2508,-15.137684106826782,-11.009793758392334,0.21428571428571427
17489,0,0,2507,-15.137684106826782,-11.009793758392334,0.21428571428571427
17490,0,0,2506,-15.137684106826782,-11.009793758392334,0.21428571428571427
17491,0,0,2505,-15.137684106826782,-11.009793758392334,0.21428571428571427
17492,0,0,2504,-15.137684106826782,-11.009793758392334,0.21428571428571427
17493,0,0,2503,-15.137684106826782,-11.009793758392334,0.21428571428571427
17494,0,0,2502,-15.137684106826782,-11.009793758392334,0.21428571428571427
17495,0,0,2501,-15.137684106826782,-11.009793758392334,0.21428571428571427
17496,0,0,2522,-15.137684106826782,-11.009793758392334,0.21428571428571427
17497,0,0,2523,-15.137684106826782,-11.009793758392334,0.21428571428571427
17498,0,0,2524,-15.137684106826782,-11.009793758392334,0.21428571428571427
17499,0,0,2536,-15.137684106826782,-11.009793758392334,0.21428571428571427
17500,0,0,2545,-15.137684106826782,-11.009793758392334,0.21428571428571427
17501,0,0,2544,-15.137684106826782,-11.009793758392334,0.21428571428571427
17502,0,0,2543,-15.137684106826782,-11.009793758392334,0.21428571428571427
17503,0,0,2542,-15.137684106826782,-11.009793758392334,0.21428571428571427
17504,0,0,2541,-15.137684106826782,-11.009793758392334,0.21428571428571427
17505,0,0,2540,-15.137684106826782,-11.009793758392334,0.21428571428571427
17506,0,0,2539,-15.137684106826782,-11.009793758392334,0.21428571428571427
17507,0,0,2538,-15.137684106826782,-11.009793758392334,0.21428571428571427
17508,0,0,2537,-15.137684106826782,-11.009793758392334,0.21428571428571427
17509,0,0,2535,-15.137684106826782,-11.009793758392334,0.21428571428571427
17510,0,0,2525,-15.137684106826782,-11.009793758392334,0.21428571428571427
17511,0,0,2534,-15.137684106826782,-11.009793758392334,0.21428571428571427
17512,0,0,2533,-15.137684106826782,-11.009793758392334,0.21428571428571427
17513,0,0,2532,-15.137684106826782,-11.009793758392334,0.21428571428571427
17514,0,0,2531,-15.137684106826782,-11.009793758392334,0.21428571428571427
17515,0,0,2530,-15.137684106826782,-11.009793758392334,0.21428571428571427
17516,0,0,2529,-15.137684106826782,-11.009793758392334,0.21428571428571427
17517,0,0,2528,-15.137684106826782,-11.009793758392334,0.21428571428571427
17518,0,0,2527,-15.137684106826782,-11.009793758392334,0.21428571428571427
17519,0,0,2526,-15.137684106826782,-11.009793758392334,0.21428571428571427
17520,0,0,2500,-15.137684106826782,-11.009793758392334,0.21428571428571427
17521,0,0,2498,-15.137684106826782,-11.009793758392334,0.21428571428571427
17522,0,0,2451,-15.137684106826782,-11.009793758392334,0.21428571428571427
17523,0,0,2497,-15.137684106826782,-11.009793758392334,0.21428571428571427
17524,0,0,2472,-15.137684106826782,-11.009793758392334,0.21428571428571427
17525,0,0,2471,-15.137684106826782,-11.009793758392334,0.21428571428571427
17526,0,0,2470,-15.137684106826782,-11.009793758392334,0.21428571428571427
17527,0,0,2469,-15.137684106826782,-11.009793758392334,0.21428571428571427
17528,0,0,2468,-15.137684106826782,-11.009793758392334,0.21428571428571427
17529,0,0,2467,-15.137684106826782,-11.009793758392334,0.21428571428571427
17530,0,0,2466,-15.137684106826782,-11.009793758392334,0.21428571428571427
17531,0,0,2465,-15.137684106826782,-11.009793758392334,0.21428571428571427
17532,0,0,2464,-15.137684106826782,-11.009793758392334,0.21428571428571427
17533,0,0,2463,-15.137684106826782,-11.009793758392334,0.21428571428571427
17534,0,0,2462,-15.137684106826782,-11.009793758392334,0.21428571428571427
17535,0,0,2461,-15.137684106826782,-11.009793758392334,0.21428571428571427
17536,0,0,2460,-15.137684106826782,-11.009793758392334,0.21428571428571427
17537,0,0,2459,-15.137684106826782,-11.009793758392334,0.21428571428571427
17538,0,0,2458,-15.137684106826782,-11.009793758392334,0.21428571428571427
17539,0,0,2457,-15.137684106826782,-11.009793758392334,0.21428571428571427
17540,0,0,2456,-15.137684106826782,-11.009793758392334,0.21428571428571427
17541,0,0,2455,-15.137684106826782,-11.009793758392334,0.21428571428571427
17542,0,0,2454,-15.137684106826782,-11.009793758392334,0.21428571428571427
17543,0,0,2453,-15.137684106826782,-11.009793758392334,0.21428571428571427
17544,0,0,2452,-15.137684106826782,-11.009793758392334,0.21428571428571427
17545,0,0,2473,-15.137684106826782,-11.009793758392334,0.21428571428571427
17546,0,0,2474,-15.137684106826782,-11.009793758392334,0.21428571428571427
17547,0,0,2475,-15.137684106826782,-11.009793758392334,0.21428571428571427
17548,0,0,2487,-15.137684106826782,-11.009793758392334,0.21428571428571427
17549,0,0,2496,-15.137684106826782,-11.009793758392334,0.21428571428571427
17550,0,0,2495,-15.137684106826782,-11.009793758392334,0.21428571428571427
17551,0,0,2494,-15.137684106826782,-11.009793758392334,0.21428571428571427
17552,0,0,2493,-15.137684106826782,-11.009793758392334,0.21428571428571427
17553,0,0,2492,-15.137684106826782,-11.009793758392334,0.21428571428571427
17554,0,0,2491,-15.137684106826782,-11.009793758392334,0.21428571428571427
17555,0,0,2490,-15.137684106826782,-11.009793758392334,0.21428571428571427
17556,0,0,2489,-15.137684106826782,-11.009793758392334,0.21428571428571427
17557,0,0,2488,-15.137684106826782,-11.009793758392334,0.21428571428571427
17558,0,0,2486,-15.137684106826782,-11.009793758392334,0.21428571428571427
17559,0,0,2476,-15.137684106826782,-11.009793758392334,0.21428571428571427
17560,0,0,2485,-15.137684106826782,-11.009793758392334,0.21428571428571427
17561,0,0,2484,-15.137684106826782,-11.009793758392334,0.21428571428571427
17562,0,0,2483,-15.137684106826782,-11.009793758392334,0.21428571428571427
17563,0,0,2482,-15.137684106826782,-11.009793758392334,0.21428571428571427
17564,0,0,2481,-15.137684106826782,-11.009793758392334,0.21428571428571427
17565,0,0,2480,-15.137684106826782,-11.009793758392334,0.21428571428571427
17566,0,0,2479,-15.137684106826782,-11.009793758392334,0.21428571428571427
17567,0,0,2478,-15.137684106826782,-11.009793758392334,0.21428571428571427
17568,0,0,2477,-15.137684106826782,-11.009793758392334,0.21428571428571427
17569,0,0,2741,-15.137684106826782,-11.009793758392334,0.21428571428571427
17570,0,0,2742,-15.137684106826782,-11.009793758392334,0.21428571428571427
17571,0,0,2743,-15.137684106826782,-11.009793758392334,0.21428571428571427
17572,0,0,2938,-15.137684106826782,-11.009793758392334,0.21428571428571427
17573,0,0,3009,-15.137684106826782,-11.009793758392334,0.21428571428571427
17574,0,0,3008,-15.137684106826782,-11.009793758392334,0.21428571428571427
17575,0,0,3007,-15.137684106826782,-11.009793758392334,0.21428571428571427
17576,0,0,3006,-15.137684106826782,-11.009793758392334,0.21428571428571427
17577,0,0,3005,-15.137684106826782,-11.009793758392334,0.21428571428571427
17578,0,0,3004,-15.137684106826782,-11.009793758392334,0.21428571428571427
17579,0,0,3003,-15.137684106826782,-11.009793758392334,0.21428571428571427
17580,0,0,3002,-15.137684106826782,-11.009793758392334,0.21428571428571427
17581,0,0,3001,-15.137684106826782,-11.009793758392334,0.21428571428571427
17582,0,0,3000,-15.137684106826782,-11.009793758392334,0.21428571428571427
17583,0,0,2999,-15.137684106826782,-11.009793758392334,0.21428571428571427
17584,0,0,2998,-15.137684106826782,-11.009793758392334,0.21428571428571427
17585,0,0,2997,-15.137684106826782,-11.009793758392334,0.21428571428571427
17586,0,0,2996,-15.137684106826782,-11.009793758392334,0.21428571428571427
17587,0,0,2995,-15.137684106826782,-11.009793758392334,0.21428571428571427
17588,0,0,2994,-15.137684106826782,-11.009793758392334,0.21428571428571427
17589,0,0,2993,-15.137684106826782,-11.009793758392334,0.21428571428571427
17590,0,0,2992,-15.137684106826782,-11.009793758392334,0.21428571428571427
17591,0,0,2991,-15.137684106826782,-11.009793758392334,0.21428571428571427
17592,0,0,2990,-15.137684106826782,-11.009793758392334,0.21428571428571427
17593,0,0,2989,-15.137684106826782,-11.009793758392334,0.21428571428571427
17594,0,0,3010,-15.137684106826782,-11.009793758392334,0.21428571428571427
17595,0,0,3011,-15.137684106826782,-11.009793758392334,0.21428571428571427
17596,0,0,3012,-15.137684106826782,-11.009793758392334,0.21428571428571427
17597,0,0,3024,-15.137684106826782,-11.009793758392334,0.21428571428571427
17598,0,0,3033,-15.137684106826782,-11.009793758392334,0.21428571428571427
17599,0,0,3032,-15.137684106826782,-11.009793758392334,0.21428571428571427
17600,0,0,3031,-15.137684106826782,-11.009793758392334,0.21428571428571427
17601,0,0,3030,-15.137684106826782,-11.009793758392334,0.21428571428571427
17602,0,0,3029,-15.137684106826782,-11.009793758392334,0.21428571428571427
17603,0,0,3028,-15.137684106826782,-11.009793758392334,0.21428571428571427
17604,0,0,3027,-15.137684106826782,-11.009793758392334,0.21428571428571427
17605,0,0,3026,-15.137684106826782,-11.009793758392334,0.21428571428571427
17606,0,0,3025,-15.137684106826782,-11.009793758392334,0.21428571428571427
17607,0,0,3023,-15.137684106826782,-11.009793758392334,0.21428571428571427
17608,0,0,3013,-15.137684106826782,-11.009793758392334,0.21428571428571427
17609,0,0,3022,-15.137684106826782,-11.009793758392334,0.21428571428571427
17610,0,0,3021,-15.137684106826782,-11.009793758392334,0.21428571428571427
17611,0,0,3020,-15.137684106826782,-11.009793758392334,0.21428571428571427
17612,0,0,3019,-15.137684106826782,-11.009793758392334,0.21428571428571427
17613,0,0,3018,-15.137684106826782,-11.009793758392334,0.21428571428571427
17614,0,0,3017,-15.137684106826782,-11.009793758392334,0.21428571428571427
17615,0,0,3016,-15.137684106826782,-11.009793758392334,0.21428571428571427
17616,0,0,3015,-15.137684106826782,-11.009793758392334,0.21428571428571427
17617,0,0,3014,-15.137684106826782,-11.009793758392334,0.21428571428571427
17618,0,0,2988,-15.137684106826782,-11.009793758392334,0.21428571428571427
17619,0,0,2986,-15.137684106826782,-11.009793758392334,0.21428571428571427
17620,0,0,2939,-15.137684106826782,-11.009793758392334,0.21428571428571427
17621,0,0,2985,-15.137684106826782,-11.009793758392334,0.21428571428571427
17622,0,0,2960,-15.137684106826782,-11.009793758392334,0.21428571428571427
17623,0,0,2959,-15.137684106826782,-11.009793758392334,0.21428571428571427
17624,0,0,2958,-15.137684106826782,-11.009793758392334,0.21428571428571427
17625,0,0,2957,-15.137684106826782,-11.009793758392334,0.21428571428571427
17626,0,0,2956,-15.137684106826782,-11.009793758392334,0.21428571428571427
17627,0,0,2955,-15.137684106826782,-11.009793758392334,0.21428571428571427
17628,0,0,2954,-15.137684106826782,-11.009793758392334,0.21428571428571427
17629,0,0,2953,-15.137684106826782,-11.009793758392334,0.21428571428571427
17630,0,0,2952,-15.137684106826782,-11.009793758392334,0.21428571428571427
17631,0,0,2951,-15.137684106826782,-11.009793758392334,0.21428571428571427
17632,0,0,2950,-15.137684106826782,-11.009793758392334,0.21428571428571427
17633,0,0,2949,-15.137684106826782,-11.009793758392334,0.21428571428571427
17634,0,0,2948,-15.137684106826782,-11.009793758392334,0.21428571428571427
17635,0,0,2947,-15.137684106826782,-11.009793758392334,0.21428571428571427
17636,0,0,2946,-15.137684106826782,-11.009793758392334,0.21428571428571427
17637,0,0,2945,-15.137684106826782,-11.009793758392334,0.21428571428571427
17638,0,0,2944,-15.137684106826782,-11.009793758392334,0.21428571428571427
17639,0,0,2943,-15.137684106826782,-11.009793758392334,0.21428571428571427
17640,0,0,2942,-15.137684106826782,-11.009793758392334,0.21428571428571427
17641,0,0,2941,-15.137684106826782,-11.009793758392334,0.21428571428571427
17642,0,0,2940,-15.137684106826782,-11.009793758392334,0.21428571428571427
17643,0,0,2961,-15.137684106826782,-11.009793758392334,0.21428571428571427
17644,0,0,2962,-15.137684106826782,-11.009793758392334,0.21428571428571427
17645,0,0,2963,-15.137684106826782,-11.009793758392334,0.21428571428571427
17646,0,0,2975,-15.137684106826782,-11.009793758392334,0.21428571428571427
17647,0,0,2984,-15.137684106826782,-11.009793758392334,0.21428571428571427
17648,0,0,2983,-15.137684106826782,-11.009793758392334,0.21428571428571427
17649,0,0,2982,-15.137684106826782,-11.009793758392334,0.21428571428571427
17650,0,0,2981,-15.137684106826782,-11.009793758392334,0.21428571428571427
17651,0,0,2980,-15.137684106826782,-11.009793758392334,0.21428571428571427
17652,0,0,2979,-15.137684106826782,-11.009793758392334,0.21428571428571427
17653,0,0,2978,-15.137684106826782,-11.009793758392334,0.21428571428571427
17654,0,0,2977,-15.137684106826782,-11.009793758392334,0.21428571428571427
17655,0,0,2976,-15.137684106826782,-11.009793758392334,0.21428571428571427
17656,0,0,2974,-15.137684106826782,-11.009793758392334,0.21428571428571427
17657,0,0,2964,-15.137684106826782,-11.009793758392334,0.21428571428571427
17658,0,0,2973,-15.137684106826782,-11.009793758392334,0.21428571428571427
17659,0,0,2972,-15.137684106826782,-11.009793758392334,0.21428571428571427
17660,0,0,2971,-15.137684106826782,-11.009793758392334,0.21428571428571427
17661,0,0,2970,-15.137684106826782,-11.009793758392334,0.21428571428571427
17662,0,0,2969,-15.137684106826782,-11.009793758392334,0.21428571428571427
17663,0,0,2968,-15.137684106826782,-11.009793758392334,0.21428571428571427
17664,0,0,2967,-15.137684106826782,-11.009793758392334,0.21428571428571427
17665,0,0,2966,-15.137684106826782,-11.009793758392334,0.21428571428571427
17666,0,0,2965,-15.137684106826782,-11.009793758392334,0.21428571428571427
17667,0,0,3034,-15.137684106826782,-11.009793758392334,0.21428571428571427
17668,0,0,3035,-15.137684106826782,-11.009793758392334,0.21428571428571427
17669,0,0,3036,-15.137684106826782,-11.009793758392334,0.21428571428571427
17670,0,0,3037,-15.137684106826782,-11.009793758392334,0.21428571428571427
17671,0,0,3106,-15.137684106826782,-11.009793758392334,0.21428571428571427
17672,0,0,3105,-15.137684106826782,-11.009793758392334,0.21428571428571427
17673,0,0,3104,-15.137684106826782,-11.009793758392334,0.21428571428571427
17674,0,0,3103,-15.137684106826782,-11.009793758392334,0.21428571428571427
17675,0,0,3102,-15.137684106826782,-11.009793758392334,0.21428571428571427
17676,0,0,3101,-15.137684106826782,-11.009793758392334,0.21428571428571427
17677,0,0,3100,-15.137684106826782,-11.009793758392334,0.21428571428571427
17678,0,0,3099,-15.137684106826782,-11.009793758392334,0.21428571428571427
17679,0,0,3098,-15.137684106826782,-11.009793758392334,0.21428571428571427
17680,0,0,3096,-15.137684106826782,-11.009793758392334,0.21428571428571427
17681,0,0,3086,-15.137684106826782,-11.009793758392334,0.21428571428571427
17682,0,0,3095,-15.137684106826782,-11.009793758392334,0.21428571428571427
17683,0,0,3094,-15.137684106826782,-11.009793758392334,0.21428571428571427
17684,0,0,3093,-15.137684106826782,-11.009793758392334,0.21428571428571427
17685,0,0,3092,-15.137684106826782,-11.009793758392334,0.21428571428571427
17686,0,0,3091,-15.137684106826782,-11.009793758392334,0.21428571428571427
17687,0,0,3090,-15.137684106826782,-11.009793758392334,0.21428571428571427
17688,0,0,3089,-15.137684106826782,-11.009793758392334,0.21428571428571427
17689,0,0,3088,-15.137684106826782,-11.009793758392334,0.21428571428571427
17690,0,0,3087,-15.137684106826782,-11.009793758392334,0.21428571428571427
17691,0,0,3107,-15.137684106826782,-11.009793758392334,0.21428571428571427
17692,0,0,3097,-15.137684106826782,-11.009793758392334,0.21428571428571427
17693,0,0,3108,-15.137684106826782,-11.009793758392334,0.21428571428571427
17694,0,0,3121,-15.137684106826782,-11.009793758392334,0.21428571428571427
17695,0,0,3130,-15.137684106826782,-11.009793758392334,0.21428571428571427
17696,0,0,3129,-15.137684106826782,-11.009793758392334,0.21428571428571427
17697,0,0,3128,-15.137684106826782,-11.009793758392334,0.21428571428571427
17698,0,0,3127,-15.137684106826782,-11.009793758392334,0.21428571428571427
17699,0,0,3126,-15.137684106826782,-11.009793758392334,0.21428571428571427
17700,0,0,3125,-15.137684106826782,-11.009793758392334,0.21428571428571427
17701,0,0,3124,-15.137684106826782,-11.009793758392334,0.21428571428571427
17702,0,0,3123,-15.137684106826782,-11.009793758392334,0.21428571428571427
17703,0,0,3122,-15.137684106826782,-11.009793758392334,0.21428571428571427
17704,0,0,3120,-15.137684106826782,-11.009793758392334,0.21428571428571427
17705,0,0,3110,-15.137684106826782,-11.009793758392334,0.21428571428571427
17706,0,0,3119,-15.137684106826782,-11.009793758392334,0.21428571428571427
17707,0,0,3118,-15.137684106826782,-11.009793758392334,0.21428571428571427
17708,0,0,3117,-15.137684106826782,-11.009793758392334,0.21428571428571427
17709,0,0,3116,-15.137684106826782,-11.009793758392334,0.21428571428571427
17710,0,0,3115,-15.137684106826782,-11.009793758392334,0.21428571428571427
17711,0,0,3114,-15.137684106826782,-11.009793758392334,0.21428571428571427
17712,0,0,3113,-15.137684106826782,-11.009793758392334,0.21428571428571427
17713,0,0,3112,-15.137684106826782,-11.009793758392334,0.21428571428571427
17714,0,0,3111,-15.137684106826782,-11.009793758392334,0.21428571428571427
17715,0,0,3109,-15.137684106826782,-11.009793758392334,0.21428571428571427
17716,0,0,3085,-15.137684106826782,-11.009793758392334,0.21428571428571427
17717,0,0,3084,-15.137684106826782,-11.009793758392334,0.21428571428571427
17718,0,0,3083,-15.137684106826782,-11.009793758392334,0.21428571428571427
17719,0,0,3058,-15.137684106826782,-11.009793758392334,0.21428571428571427
17720,0,0,3057,-15.137684106826782,-11.009793758392334,0.21428571428571427
17721,0,0,3056,-15.137684106826782,-11.009793758392334,0.21428571428571427
17722,0,0,3055,-15.137684106826782,-11.009793758392334,0.21428571428571427
17723,0,0,3054,-15.137684106826782,-11.009793758392334,0.21428571428571427
17724,0,0,3053,-15.137684106826782,-11.009793758392334,0.21428571428571427
17725,0,0,3052,-15.137684106826782,-11.009793758392334,0.21428571428571427
17726,0,0,3051,-15.137684106826782,-11.009793758392334,0.21428571428571427
17727,0,0,3050,-15.137684106826782,-11.009793758392334,0.21428571428571427
17728,0,0,3049,-15.137684106826782,-11.009793758392334,0.21428571428571427
17729,0,0,3048,-15.137684106826782,-11.009793758392334,0.21428571428571427
17730,0,0,3047,-15.137684106826782,-11.009793758392334,0.21428571428571427
17731,0,0,3046,-15.137684106826782,-11.009793758392334,0.21428571428571427
17732,0,0,3045,-15.137684106826782,-11.009793758392334,0.21428571428571427
17733,0,0,3044,-15.137684106826782,-11.009793758392334,0.21428571428571427
17734,0,0,3043,-15.137684106826782,-11.009793758392334,0.21428571428571427
17735,0,0,3042,-15.137684106826782,-11.009793758392334,0.21428571428571427
17736,0,0,3041,-15.137684106826782,-11.009793758392334,0.21428571428571427
17737,0,0,3040,-15.137684106826782,-11.009793758392334,0.21428571428571427
17738,0,0,3039,-15.137684106826782,-11.009793758392334,0.21428571428571427
17739,0,0,3038,-15.137684106826782,-11.009793758392334,0.21428571428571427
17740,0,0,3059,-15.137684106826782,-11.009793758392334,0.21428571428571427
17741,0,0,3060,-15.137684106826782,-11.009793758392334,0.21428571428571427
17742,0,0,3061,-15.137684106826782,-11.009793758392334,0.21428571428571427
17743,0,0,3073,-15.137684106826782,-11.009793758392334,0.21428571428571427
17744,0,0,3082,-15.137684106826782,-11.009793758392334,0.21428571428571427
17745,0,0,3081,-15.137684106826782,-11.009793758392334,0.21428571428571427
17746,0,0,3080,-15.137684106826782,-11.009793758392334,0.21428571428571427
17747,0,0,3079,-15.137684106826782,-11.009793758392334,0.21428571428571427
17748,0,0,3078,-15.137684106826782,-11.009793758392334,0.21428571428571427
17749,0,0,3077,-15.137684106826782,-11.009793758392334,0.21428571428571427
17750,0,0,3076,-15.137684106826782,-11.009793758392334,0.21428571428571427
17751,0,0,3075,-15.137684106826782,-11.009793758392334,0.21428571428571427
17752,0,0,3074,-15.137684106826782,-11.009793758392334,0.21428571428571427
17753,0,0,3072,-15.137684106826782,-11.009793758392334,0.21428571428571427
17754,0,0,3062,-15.137684106826782,-11.009793758392334,0.21428571428571427
17755,0,0,3071,-15.137684106826782,-11.009793758392334,0.21428571428571427
17756,0,0,3070,-15.137684106826782,-11.009793758392334,0.21428571428571427
17757,0,0,3069,-15.137684106826782,-11.009793758392334,0.21428571428571427
17758,0,0,3068,-15.137684106826782,-11.009793758392334,0.21428571428571427
17759,0,0,3067,-15.137684106826782,-11.009793758392334,0.21428571428571427
17760,0,0,3066,-15.137684106826782,-11.009793758392334,0.21428571428571427
17761,0,0,3065,-15.137684106826782,-11.009793758392334,0.21428571428571427
17762,0,0,3064,-15.137684106826782,-11.009793758392334,0.21428571428571427
17763,0,0,3063,-15.137684106826782,-11.009793758392334,0.21428571428571427
17764,0,0,2987,-15.137684106826782,-11.009793758392334,0.21428571428571427
17765,0,0,2937,-15.137684106826782,-11.009793758392334,0.21428571428571427
17766,0,0,2792,-15.137684106826782,-11.009793758392334,0.21428571428571427
17767,0,0,2936,-15.137684106826782,-11.009793758392334,0.21428571428571427
17768,0,0,2814,-15.137684106826782,-11.009793758392334,0.21428571428571427
17769,0,0,2813,-15.137684106826782,-11.009793758392334,0.21428571428571427
17770,0,0,2812,-15.137684106826782,-11.009793758392334,0.21428571428571427
17771,0,0,2811,-15.137684106826782,-11.009793758392334,0.21428571428571427
17772,0,0,2810,-15.137684106826782,-11.009793758392334,0.21428571428571427
17773,0,0,2809,-15.137684106826782,-11.009793758392334,0.21428571428571427
17774,0,0,2808,-15.137684106826782,-11.009793758392334,0.21428571428571427
17775,0,0,2807,-15.137684106826782,-11.009793758392334,0.21428571428571427
17776,0,0,2806,-15.137684106826782,-11.009793758392334,0.21428571428571427
17777,0,0,2805,-15.137684106826782,-11.009793758392334,0.21428571428571427
17778,0,0,2804,-15.137684106826782,-11.009793758392334,0.21428571428571427
17779,0,0,2803,-15.137684106826782,-11.009793758392334,0.21428571428571427
17780,0,0,2802,-15.137684106826782,-11.009793758392334,0.21428571428571427
17781,0,0,2801,-15.137684106826782,-11.009793758392334,0.21428571428571427
17782,0,0,2800,-15.137684106826782,-11.009793758392334,0.21428571428571427
17783,0,0,2799,-15.137684106826782,-11.009793758392334,0.21428571428571427
17784,0,0,2798,-15.137684106826782,-11.009793758392334,0.21428571428571427
17785,0,0,2797,-15.137684106826782,-11.009793758392334,0.21428571428571427
17786,0,0,2796,-15.137684106826782,-11.009793758392334,0.21428571428571427
17787,0,0,2795,-15.137684106826782,-11.009793758392334,0.21428571428571427
17788,0,0,2794,-15.137684106826782,-11.009793758392334,0.21428571428571427
17789,0,0,2815,-15.137684106826782,-11.009793758392334,0.21428571428571427
17790,0,0,2816,-15.137684106826782,-11.009793758392334,0.21428571428571427
17791,0,0,2817,-15.137684106826782,-11.009793758392334,0.21428571428571427
17792,0,0,2829,-15.137684106826782,-11.009793758392334,0.21428571428571427
17793,0,0,2838,-15.137684106826782,-11.009793758392334,0.21428571428571427
17794,0,0,2837,-15.137684106826782,-11.009793758392334,0.21428571428571427
17795,0,0,2836,-15.137684106826782,-11.009793758392334,0.21428571428571427
17796,0,0,2835,-15.137684106826782,-11.009793758392334,0.21428571428571427
17797,0,0,2834,-15.137684106826782,-11.009793758392334,0.21428571428571427
17798,0,0,2833,-15.137684106826782,-11.009793758392334,0.21428571428571427
17799,0,0,2832,-15.137684106826782,-11.009793758392334,0.21428571428571427
17800,0,0,2831,-15.137684106826782,-11.009793758392334,0.21428571428571427
17801,0,0,2830,-15.137684106826782,-11.009793758392334,0.21428571428571427
17802,0,0,2828,-15.137684106826782,-11.009793758392334,0.21428571428571427
17803,0,0,2818,-15.137684106826782,-11.009793758392334,0.21428571428571427
17804,0,0,2827,-15.137684106826782,-11.009793758392334,0.21428571428571427
17805,0,0,2826,-15.137684106826782,-11.009793758392334,0.21428571428571427
17806,0,0,2825,-15.137684106826782,-11.009793758392334,0.21428571428571427
17807,0,0,2824,-15.137684106826782,-11.009793758392334,0.21428571428571427
17808,0,0,2823,-15.137684106826782,-11.009793758392334,0.21428571428571427
17809,0,0,2822,-15.137684106826782,-11.009793758392334,0.21428571428571427
17810,0,0,2821,-15.137684106826782,-11.009793758392334,0.21428571428571427
17811,0,0,2820,-15.137684106826782,-11.009793758392334,0.21428571428571427
17812,0,0,2819,-15.137684106826782,-11.009793758392334,0.21428571428571427
17813,0,0,2793,-15.137684106826782,-11.009793758392334,0.21428571428571427
17814,0,0,2791,-15.137684106826782,-11.009793758392334,0.21428571428571427
17815,0,0,2744,-15.137684106826782,-11.009793758392334,0.21428571428571427
17816,0,0,2790,-15.137684106826782,-11.009793758392334,0.21428571428571427
17817,0,0,2765,-15.137684106826782,-11.009793758392334,0.21428571428571427
17818,0,0,2764,-15.137684106826782,-11.009793758392334,0.21428571428571427
17819,0,0,2763,-15.137684106826782,-11.009793758392334,0.21428571428571427
17820,0,0,2762,-15.137684106826782,-11.009793758392334,0.21428571428571427
17821,0,0,2761,-15.137684106826782,-11.009793758392334,0.21428571428571427
17822,0,0,2760,-15.137684106826782,-11.009793758392334,0.21428571428571427
17823,0,0,2759,-15.137684106826782,-11.009793758392334,0.21428571428571427
17824,0,0,2758,-15.137684106826782,-11.009793758392334,0.21428571428571427
17825,0,0,2757,-15.137684106826782,-11.009793758392334,0.21428571428571427
17826,0,0,2756,-15.137684106826782,-11.009793758392334,0.21428571428571427
17827,0,0,2755,-15.137684106826782,-11.009793758392334,0.21428571428571427
17828,0,0,2754,-15.137684106826782,-11.009793758392334,0.21428571428571427
17829,0,0,2753,-15.137684106826782,-11.009793758392334,0.21428571428571427
17830,0,0,2752,-15.137684106826782,-11.009793758392334,0.21428571428571427
17831,0,0,2751,-15.137684106826782,-11.009793758392334,0.21428571428571427
17832,0,0,2750,-15.137684106826782,-11.009793758392334,0.21428571428571427
17833,0,0,2749,-15.137684106826782,-11.009793758392334,0.21428571428571427
17834,0,0,2748,-15.137684106826782,-11.009793758392334,0.21428571428571427
17835,0,0,2747,-15.137684106826782,-11.009793758392334,0.21428571428571427
17836,0,0,2746,-15.137684106826782,-11.009793758392334,0.21428571428571427
17837,0,0,2745,-15.137684106826782,-11.009793758392334,0.21428571428571427
17838,0,0,2766,-15.137684106826782,-11.009793758392334,0.21428571428571427
17839,0,0,2767,-15.137684106826782,-11.009793758392334,0.21428571428571427
17840,0,0,2768,-15.137684106826782,-11.009793758392334,0.21428571428571427
17841,0,0,2780,-15.137684106826782,-11.009793758392334,0.21428571428571427
17842,0,0,2789,-15.137684106826782,-11.009793758392334,0.21428571428571427
17843,0,0,2788,-15.137684106826782,-11.009793758392334,0.21428571428571427
17844,0,0,2787,-15.137684106826782,-11.009793758392334,0.21428571428571427
17845,0,0,2786,-15.137684106826782,-11.009793758392334,0.21428571428571427
17846,0,0,2785,-15.137684106826782,-11.009793758392334,0.21428571428571427
17847,0,0,2784,-15.137684106826782,-11.009793758392334,0.21428571428571427
17848,0,0,2783,-15.137684106826782,-11.009793758392334,0.21428571428571427
17849,0,0,2782,-15.137684106826782,-11.009793758392334,0.21428571428571427
17850,0,0,2781,-15.137684106826782,-11.009793758392334,0.21428571428571427
17851,0,0,2779,-15.137684106826782,-11.009793758392334,0.21428571428571427
17852,0,0,2769,-15.137684106826782,-11.009793758392334,0.21428571428571427
17853,0,0,2778,-15.137684106826782,-11.009793758392334,0.21428571428571427
17854,0,0,2777,-15.137684106826782,-11.009793758392334,0.21428571428571427
17855,0,0,2776,-15.137684106826782,-11.009793758392334,0.21428571428571427
17856,0,0,2775,-15.137684106826782,-11.009793758392334,0.21428571428571427
17857,0,0,2774,-15.137684106826782,-11.009793758392334,0.21428571428571427
17858,0,0,2773,-15.137684106826782,-11.009793758392334,0.21428571428571427
17859,0,0,2772,-15.137684106826782,-11.009793758392334,0.21428571428571427
17860,0,0,2771,-15.137684106826782,-11.009793758392334,0.21428571428571427
17861,0,0,2770,-15.137684106826782,-11.009793758392334,0.21428571428571427
17862,0,0,2839,-15.137684106826782,-11.009793758392334,0.21428571428571427
17863,0,0,2840,-15.137684106826782,-11.009793758392334,0.21428571428571427
17864,0,0,2841,-15.137684106826782,-11.009793758392334,0.21428571428571427
17865,0,0,2842,-15.137684106826782,-11.009793758392334,0.21428571428571427
17866,0,0,2911,-15.137684106826782,-11.009793758392334,0.21428571428571427
17867,0,0,2910,-15.137684106826782,-11.009793758392334,0.21428571428571427
17868,0,0,2909,-15.137684106826782,-11.009793758392334,0.21428571428571427
17869,0,0,2908,-15.137684106826782,-11.009793758392334,0.21428571428571427
17870,0,0,2907,-15.137684106826782,-11.009793758392334,0.21428571428571427
17871,0,0,2906,-15.137684106826782,-11.009793758392334,0.21428571428571427
17872,0,0,2905,-15.137684106826782,-11.009793758392334,0.21428571428571427
17873,0,0,2904,-15.137684106826782,-11.009793758392334,0.21428571428571427
17874,0,0,2903,-15.137684106826782,-11.009793758392334,0.21428571428571427
17875,0,0,2901,-15.137684106826782,-11.009793758392334,0.21428571428571427
17876,0,0,2891,-15.137684106826782,-11.009793758392334,0.21428571428571427
17877,0,0,2900,-15.137684106826782,-11.009793758392334,0.21428571428571427
17878,0,0,2899,-15.137684106826782,-11.009793758392334,0.21428571428571427
17879,0,0,2898,-15.137684106826782,-11.009793758392334,0.21428571428571427
17880,0,0,2897,-15.137684106826782,-11.009793758392334,0.21428571428571427
17881,0,0,2896,-15.137684106826782,-11.009793758392334,0.21428571428571427
17882,0,0,2895,-15.137684106826782,-11.009793758392334,0.21428571428571427
17883,0,0,2894,-15.137684106826782,-11.009793758392334,0.21428571428571427
17884,0,0,2893,-15.137684106826782,-11.009793758392334,0.21428571428571427
17885,0,0,2892,-15.137684106826782,-11.009793758392334,0.21428571428571427
17886,0,0,2912,-15.137684106826782,-11.009793758392334,0.21428571428571427
17887,0,0,2902,-15.137684106826782,-11.009793758392334,0.21428571428571427
17888,0,0,2913,-15.137684106826782,-11.009793758392334,0.21428571428571427
17889,0,0,2926,-15.137684106826782,-11.009793758392334,0.21428571428571427
17890,0,0,2935,-15.137684106826782,-11.009793758392334,0.21428571428571427
17891,0,0,2934,-15.137684106826782,-11.009793758392334,0.21428571428571427
17892,0,0,2933,-15.137684106826782,-11.009793758392334,0.21428571428571427
17893,0,0,2932,-15.137684106826782,-11.009793758392334,0.21428571428571427
17894,0,0,2931,-15.137684106826782,-11.009793758392334,0.21428571428571427
17895,0,0,2930,-15.137684106826782,-11.009793758392334,0.21428571428571427
17896,0,0,2929,-15.137684106826782,-11.009793758392334,0.21428571428571427
17897,0,0,2928,-15.137684106826782,-11.009793758392334,0.21428571428571427
17898,0,0,2927,-15.137684106826782,-11.009793758392334,0.21428571428571427
17899,0,0,2925,-15.137684106826782,-11.009793758392334,0.21428571428571427
17900,0,0,2915,-15.137684106826782,-11.009793758392334,0.21428571428571427
17901,0,0,2924,-15.137684106826782,-11.009793758392334,0.21428571428571427
17902,0,0,2923,-15.137684106826782,-11.009793758392334,0.21428571428571427
17903,0,0,2922,-15.137684106826782,-11.009793758392334,0.21428571428571427
17904,0,0,2921,-15.137684106826782,-11.009793758392334,0.21428571428571427
17905,0,0,2920,-15.137684106826782,-11.009793758392334,0.21428571428571427
17906,0,0,2919,-15.137684106826782,-11.009793758392334,0.21428571428571427
17907,0,0,2918,-15.137684106826782,-11.009793758392334,0.21428571428571427
17908,0,0,2917,-15.137684106826782,-11.009793758392334,0.21428571428571427
17909,0,0,2916,-15.137684106826782,-11.009793758392334,0.21428571428571427
17910,0,0,2914,-15.137684106826782,-11.009793758392334,0.21428571428571427
17911,0,0,2890,-15.137684106826782,-11.009793758392334,0.21428571428571427
17912,0,0,2889,-15.137684106826782,-11.009793758392334,0.21428571428571427
17913,0,0,2888,-15.137684106826782,-11.009793758392334,0.21428571428571427
17914,0,0,2863,-15.137684106826782,-11.009793758392334,0.21428571428571427
17915,0,0,2862,-15.137684106826782,-11.009793758392334,0.21428571428571427
17916,0,0,2861,-15.137684106826782,-11.009793758392334,0.21428571428571427
17917,0,0,2860,-15.137684106826782,-11.009793758392334,0.21428571428571427
17918,0,0,2859,-15.137684106826782,-11.009793758392334,0.21428571428571427
17919,0,0,2858,-15.137684106826782,-11.009793758392334,0.21428571428571427
17920,0,0,2857,-15.137684106826782,-11.009793758392334,0.21428571428571427
17921,0,0,2856,-15.137684106826782,-11.009793758392334,0.21428571428571427
17922,0,0,2855,-15.137684106826782,-11.009793758392334,0.21428571428571427
17923,0,0,2854,-15.137684106826782,-11.009793758392334,0.21428571428571427
17924,0,0,2853,-15.137684106826782,-11.009793758392334,0.21428571428571427
17925,0,0,2852,-15.137684106826782,-11.009793758392334,0.21428571428571427
17926,0,0,2851,-15.137684106826782,-11.009793758392334,0.21428571428571427
17927,0,0,2850,-15.137684106826782,-11.009793758392334,0.21428571428571427
17928,0,0,2849,-15.137684106826782,-11.009793758392334,0.21428571428571427
17929,0,0,2848,-15.137684106826782,-11.009793758392334,0.21428571428571427
17930,0,0,2847,-15.137684106826782,-11.009793758392334,0.21428571428571427
17931,0,0,2846,-15.137684106826782,-11.009793758392334,0.21428571428571427
17932,0,0,2845,-15.137684106826782,-11.009793758392334,0.21428571428571427
17933,0,0,2844,-15.137684106826782,-11.009793758392334,0.21428571428571427
17934,0,0,2843,-15.137684106826782,-11.009793758392334,0.21428571428571427
17935,0,0,2864,-15.137684106826782,-11.009793758392334,0.21428571428571427
17936,0,0,2865,-15.137684106826782,-11.009793758392334,0.21428571428571427
17937,0,0,2866,-15.137684106826782,-11.009793758392334,0.21428571428571427
17938,0,0,2878,-15.137684106826782,-11.009793758392334,0.21428571428571427
17939,0,0,2887,-15.137684106826782,-11.009793758392334,0.21428571428571427
17940,0,0,2886,-15.137684106826782,-11.009793758392334,0.21428571428571427
17941,0,0,2885,-15.137684106826782,-11.009793758392334,0.21428571428571427
17942,0,0,2884,-15.137684106826782,-11.009793758392334,0.21428571428571427
17943,0,0,2883,-15.137684106826782,-11.009793758392334,0.21428571428571427
17944,0,0,2882,-15.137684106826782,-11.009793758392334,0.21428571428571427
17945,0,0,2881,-15.137684106826782,-11.009793758392334,0.21428571428571427
17946,0,0,2880,-15.137684106826782,-11.009793758392334,0.21428571428571427
17947,0,0,2879,-15.137684106826782,-11.009793758392334,0.21428571428571427
17948,0,0,2877,-15.137684106826782,-11.009793758392334,0.21428571428571427
17949,0,0,2867,-15.137684106826782,-11.009793758392334,0.21428571428571427
17950,0,0,2876,-15.137684106826782,-11.009793758392334,0.21428571428571427
17951,0,0,2875,-15.137684106826782,-11.009793758392334,0.21428571428571427
17952,0,0,2874,-15.137684106826782,-11.009793758392334,0.21428571428571427
17953,0,0,2873,-15.137684106826782,-11.009793758392334,0.21428571428571427
17954,0,0,2872,-15.137684106826782,-11.009793758392334,0.21428571428571427
17955,0,0,2871,-15.137684106826782,-11.009793758392334,0.21428571428571427
17956,0,0,2870,-15.137684106826782,-11.009793758392334,0.21428571428571427
17957,0,0,2869,-15.137684106826782,-11.009793758392334,0.21428571428571427
17958,0,0,2868,-15.137684106826782,-11.009793758392334,0.21428571428571427
17959,0,0,2450,-15.137684106826782,-11.009793758392334,0.21428571428571427
17960,0,0,2352,-15.137684106826782,-11.009793758392334,0.21428571428571427
17961,0,0,2351,-15.137684106826782,-11.009793758392334,0.21428571428571427
17962,0,0,2350,-15.137684106826782,-11.009793758392334,0.21428571428571427
17963,0,0,1837,-15.137684106826782,-11.009793758392334,0.21428571428571427
17964,0,0,1836,-15.137684106826782,-11.009793758392334,0.21428571428571427
17965,0,0,1835,-15.137684106826782,-11.009793758392334,0.21428571428571427
17966,0,0,1834,-15.137684106826782,-11.009793758392334,0.21428571428571427
17967,0,0,1833,-15.137684106826782,-11.009793758392334,0.21428571428571427
17968,0,0,1832,-15.137684106826782,-11.009793758392334,0.21428571428571427
17969,0,0,1831,-15.137684106826782,-11.009793758392334,0.21428571428571427
17970,0,0,1830,-15.137684106826782,-11.009793758392334,0.21428571428571427
17971,0,0,1829,-15.137684106826782,-11.009793758392334,0.21428571428571427
17972,0,0,1828,-15.137684106826782,-11.009793758392334,0.21428571428571427
17973,0,0,1827,-15.137684106826782,-11.009793758392334,0.21428571428571427
17974,0,0,1826,-15.137684106826782,-11.009793758392334,0.21428571428571427
17975,0,0,1825,-15.137684106826782,-11.009793758392334,0.21428571428571427
17976,0,0,1824,-15.137684106826782,-11.009793758392334,0.21428571428571427
17977,0,0,1823,-15.137684106826782,-11.009793758392334,0.21428571428571427
17978,0,0,1822,-15.137684106826782,-11.009793758392334,0.21428571428571427
17979,0,0,1821,-15.137684106826782,-11.009793758392334,0.21428571428571427
17980,0,0,1820,-15.137684106826782,-11.009793758392334,0.21428571428571427
17981,0,0,1819,-15.137684106826782,-11.009793758392334,0.21428571428571427
17982,0,0,1818,-15.137684106826782,-11.009793758392334,0.21428571428571427
17983,0,0,1817,-15.137684106826782,-11.009793758392334,0.21428571428571427
17984,0,0,1838,-15.137684106826782,-11.009793758392334,0.21428571428571427
17985,0,0,1839,-15.137684106826782,-11.009793758392334,0.21428571428571427
17986,0,0,1840,-15.137684106826782,-11.009793758392334,0.21428571428571427
17987,0,0,1852,-15.137684106826782,-11.009793758392334,0.21428571428571427
17988,0,0,1861,-15.137684106826782,-11.009793758392334,0.21428571428571427
17989,0,0,1860,-15.137684106826782,-11.009793758392334,0.21428571428571427
17990,0,0,1859,-15.137684106826782,-11.009793758392334,0.21428571428571427
17991,0,0,1858,-15.137684106826782,-11.009793758392334,0.21428571428571427
17992,0,0,1857,-15.137684106826782,-11.009793758392334,0.21428571428571427
17993,0,0,1856,-15.137684106826782,-11.009793758392334,0.21428571428571427
17994,0,0,1855,-15.137684106826782,-11.009793758392334,0.21428571428571427
17995,0,0,1854,-15.137684106826782,-11.009793758392334,0.21428571428571427
17996,0,0,1853,-15.137684106826782,-11.009793758392334,0.21428571428571427
17997,0,0,1851,-15.137684106826782,-11.009793758392334,0.21428571428571427
17998,0,0,1841,-15.137684106826782,-11.009793758392334,0.21428571428571427
17999,0,0,1850,-15.137684106826782,-11.009793758392334,0.21428571428571427
18000,0,0,1849,-15.137684106826782,-11.009793758392334,0.21428571428571427
18001,0,0,1848,-15.137684106826782,-11.009793758392334,0.21428571428571427
18002,0,0,1847,-15.137684106826782,-11.009793758392334,0.21428571428571427
18003,0,0,1846,-15.137684106826782,-11.009793758392334,0.21428571428571427
18004,0,0,1845,-15.137684106826782,-11.009793758392334,0.21428571428571427
18005,0,0,1844,-15.137684106826782,-11.009793758392334,0.21428571428571427
18006,0,0,1843,-15.137684106826782,-11.009793758392334,0.21428571428571427
18007,0,0,1842,-15.137684106826782,-11.009793758392334,0.21428571428571427
18008,0,0,1816,-15.137684106826782,-11.009793758392334,0.21428571428571427
18009,0,0,1814,-15.137684106826782,-11.009793758392334,0.21428571428571427
18010,0,0,1767,-15.137684106826782,-11.009793758392334,0.21428571428571427
18011,0,0,1813,-15.137684106826782,-11.009793758392334,0.21428571428571427
18012,0,0,1788,-15.137684106826782,-11.009793758392334,0.21428571428571427
18013,0,0,1787,-15.137684106826782,-11.009793758392334,0.21428571428571427
18014,0,0,1786,-15.137684106826782,-11.009793758392334,0.21428571428571427
18015,0,0,1785,-15.137684106826782,-11.009793758392334,0.21428571428571427
18016,0,0,1784,-15.137684106826782,-11.009793758392334,0.21428571428571427
18017,0,0,1783,-15.137684106826782,-11.009793758392334,0.21428571428571427
18018,0,0,1782,-15.137684106826782,-11.009793758392334,0.21428571428571427
18019,0,0,1781,-15.137684106826782,-11.009793758392334,0.21428571428571427
18020,0,0,1780,-15.137684106826782,-11.009793758392334,0.21428571428571427
18021,0,0,1779,-15.137684106826782,-11.009793758392334,0.21428571428571427
18022,0,0,1778,-15.137684106826782,-11.009793758392334,0.21428571428571427
18023,0,0,1777,-15.137684106826782,-11.009793758392334,0.21428571428571427
18024,0,0,1776,-15.137684106826782,-11.009793758392334,0.21428571428571427
18025,0,0,1775,-15.137684106826782,-11.009793758392334,0.21428571428571427
18026,0,0,1774,-15.137684106826782,-11.009793758392334,0.21428571428571427
18027,0,0,1773,-15.137684106826782,-11.009793758392334,0.21428571428571427
18028,0,0,1772,-15.137684106826782,-11.009793758392334,0.21428571428571427
18029,0,0,1771,-15.137684106826782,-11.009793758392334,0.21428571428571427
18030,0,0,1770,-15.137684106826782,-11.009793758392334,0.21428571428571427
18031,0,0,1769,-15.137684106826782,-11.009793758392334,0.21428571428571427
18032,0,0,1768,-15.137684106826782,-11.009793758392334,0.21428571428571427
18033,0,0,1789,-15.137684106826782,-11.009793758392334,0.21428571428571427
18034,0,0,1790,-15.137684106826782,-11.009793758392334,0.21428571428571427
18035,0,0,1791,-15.137684106826782,-11.009793758392334,0.21428571428571427
18036,0,0,1803,-15.137684106826782,-11.009793758392334,0.21428571428571427
18037,0,0,1812,-15.137684106826782,-11.009793758392334,0.21428571428571427
18038,0,0,1811,-15.137684106826782,-11.009793758392334,0.21428571428571427
18039,0,0,1810,-15.137684106826782,-11.009793758392334,0.21428571428571427
18040,0,0,1809,-15.137684106826782,-11.009793758392334,0.21428571428571427
18041,0,0,1808,-15.137684106826782,-11.009793758392334,0.21428571428571427
18042,0,0,1807,-15.137684106826782,-11.009793758392334,0.21428571428571427
18043,0,0,1806,-15.137684106826782,-11.009793758392334,0.21428571428571427
18044,0,0,1805,-15.137684106826782,-11.009793758392334,0.21428571428571427
18045,0,0,1804,-15.137684106826782,-11.009793758392334,0.21428571428571427
18046,0,0,1802,-15.137684106826782,-11.009793758392334,0.21428571428571427
18047,0,0,1792,-15.137684106826782,-11.009793758392334,0.21428571428571427
18048,0,0,1801,-15.137684106826782,-11.009793758392334,0.21428571428571427
18049,0,0,1800,-15.137684106826782,-11.009793758392334,0.21428571428571427
18050,0,0,1799,-15.137684106826782,-11.009793758392334,0.21428571428571427
18051,0,0,1798,-15.137684106826782,-11.009793758392334,0.21428571428571427
18052,0,0,1797,-15.137684106826782,-11.009793758392334,0.21428571428571427
18053,0,0,1796,-15.137684106826782,-11.009793758392334,0.21428571428571427
18054,0,0,1795,-15.137684106826782,-11.009793758392334,0.21428571428571427
18055,0,0,1794,-15.137684106826782,-11.009793758392334,0.21428571428571427
18056,0,0,1793,-15.137684106826782,-11.009793758392334,0.21428571428571427
18057,0,0,1862,-15.137684106826782,-11.009793758392334,0.21428571428571427
18058,0,0,1863,-15.137684106826782,-11.009793758392334,0.21428571428571427
18059,0,0,1864,-15.137684106826782,-11.009793758392334,0.21428571428571427
18060,0,0,1865,-15.137684106826782,-11.009793758392334,0.21428571428571427
18061,0,0,1934,-15.137684106826782,-11.009793758392334,0.21428571428571427
18062,0,0,1933,-15.137684106826782,-11.009793758392334,0.21428571428571427
18063,0,0,1932,-15.137684106826782,-11.009793758392334,0.21428571428571427
18064,0,0,1931,-15.137684106826782,-11.009793758392334,0.21428571428571427
18065,0,0,1930,-15.137684106826782,-11.009793758392334,0.21428571428571427
18066,0,0,1929,-15.137684106826782,-11.009793758392334,0.21428571428571427
18067,0,0,1928,-15.137684106826782,-11.009793758392334,0.21428571428571427
18068,0,0,1927,-15.137684106826782,-11.009793758392334,0.21428571428571427
18069,0,0,1926,-15.137684106826782,-11.009793758392334,0.21428571428571427
18070,0,0,1924,-15.137684106826782,-11.009793758392334,0.21428571428571427
18071,0,0,1914,-15.137684106826782,-11.009793758392334,0.21428571428571427
18072,0,0,1923,-15.137684106826782,-11.009793758392334,0.21428571428571427
18073,0,0,1922,-15.137684106826782,-11.009793758392334,0.21428571428571427
18074,0,0,1921,-15.137684106826782,-11.009793758392334,0.21428571428571427
18075,0,0,1920,-15.137684106826782,-11.009793758392334,0.21428571428571427
18076,0,0,1919,-15.137684106826782,-11.009793758392334,0.21428571428571427
18077,0,0,1918,-15.137684106826782,-11.009793758392334,0.21428571428571427
18078,0,0,1917,-15.137684106826782,-11.009793758392334,0.21428571428571427
18079,0,0,1916,-15.137684106826782,-11.009793758392334,0.21428571428571427
18080,0,0,1915,-15.137684106826782,-11.009793758392334,0.21428571428571427
18081,0,0,1935,-15.137684106826782,-11.009793758392334,0.21428571428571427
18082,0,0,1925,-15.137684106826782,-11.009793758392334,0.21428571428571427
18083,0,0,1936,-15.137684106826782,-11.009793758392334,0.21428571428571427
18084,0,0,1949,-15.137684106826782,-11.009793758392334,0.21428571428571427
18085,0,0,1958,-15.137684106826782,-11.009793758392334,0.21428571428571427
18086,0,0,1957,-15.137684106826782,-11.009793758392334,0.21428571428571427
18087,0,0,1956,-15.137684106826782,-11.009793758392334,0.21428571428571427
18088,0,0,1955,-15.137684106826782,-11.009793758392334,0.21428571428571427
18089,0,0,1954,-15.137684106826782,-11.009793758392334,0.21428571428571427
18090,0,0,1953,-15.137684106826782,-11.009793758392334,0.21428571428571427
18091,0,0,1952,-15.137684106826782,-11.009793758392334,0.21428571428571427
18092,0,0,1951,-15.137684106826782,-11.009793758392334,0.21428571428571427
18093,0,0,1950,-15.137684106826782,-11.009793758392334,0.21428571428571427
18094,0,0,1948,-15.137684106826782,-11.009793758392334,0.21428571428571427
18095,0,0,1938,-15.137684106826782,-11.009793758392334,0.21428571428571427
18096,0,0,1947,-15.137684106826782,-11.009793758392334,0.21428571428571427
18097,0,0,1946,-15.137684106826782,-11.009793758392334,0.21428571428571427
18098,0,0,1945,-15.137684106826782,-11.009793758392334,0.21428571428571427
18099,0,0,1944,-15.137684106826782,-11.009793758392334,0.21428571428571427
18100,0,0,1943,-15.137684106826782,-11.009793758392334,0.21428571428571427
18101,0,0,1942,-15.137684106826782,-11.009793758392334,0.21428571428571427
18102,0,0,1941,-15.137684106826782,-11.009793758392334,0.21428571428571427
18103,0,0,1940,-15.137684106826782,-11.009793758392334,0.21428571428571427
18104,0,0,1939,-15.137684106826782,-11.009793758392334,0.21428571428571427
18105,0,0,1937,-15.137684106826782,-11.009793758392334,0.21428571428571427
18106,0,0,1913,-15.137684106826782,-11.009793758392334,0.21428571428571427
18107,0,0,1912,-15.137684106826782,-11.009793758392334,0.21428571428571427
18108,0,0,1911,-15.137684106826782,-11.009793758392334,0.21428571428571427
18109,0,0,1886,-15.137684106826782,-11.009793758392334,0.21428571428571427
18110,0,0,1885,-15.137684106826782,-11.009793758392334,0.21428571428571427
18111,0,0,1884,-15.137684106826782,-11.009793758392334,0.21428571428571427
18112,0,0,1883,-15.137684106826782,-11.009793758392334,0.21428571428571427
18113,0,0,1882,-15.137684106826782,-11.009793758392334,0.21428571428571427
18114,0,0,1881,-15.137684106826782,-11.009793758392334,0.21428571428571427
18115,0,0,1880,-15.137684106826782,-11.009793758392334,0.21428571428571427
18116,0,0,1879,-15.137684106826782,-11.009793758392334,0.21428571428571427
18117,0,0,1878,-15.137684106826782,-11.009793758392334,0.21428571428571427
18118,0,0,1877,-15.137684106826782,-11.009793758392334,0.21428571428571427
18119,0,0,1876,-15.137684106826782,-11.009793758392334,0.21428571428571427
18120,0,0,1875,-15.137684106826782,-11.009793758392334,0.21428571428571427
18121,0,0,1874,-15.137684106826782,-11.009793758392334,0.21428571428571427
18122,0,0,1873,-15.137684106826782,-11.009793758392334,0.21428571428571427
18123,0,0,1872,-15.137684106826782,-11.009793758392334,0.21428571428571427
18124,0,0,1871,-15.137684106826782,-11.009793758392334,0.21428571428571427
18125,0,0,1870,-15.137684106826782,-11.009793758392334,0.21428571428571427
18126,0,0,1869,-15.137684106826782,-11.009793758392334,0.21428571428571427
18127,0,0,1868,-15.137684106826782,-11.009793758392334,0.21428571428571427
18128,0,0,1867,-15.137684106826782,-11.009793758392334,0.21428571428571427
18129,0,0,1866,-15.137684106826782,-11.009793758392334,0.21428571428571427
18130,0,0,1887,-15.137684106826782,-11.009793758392334,0.21428571428571427
18131,0,0,1888,-15.137684106826782,-11.009793758392334,0.21428571428571427
18132,0,0,1889,-15.137684106826782,-11.009793758392334,0.21428571428571427
18133,0,0,1901,-15.137684106826782,-11.009793758392334,0.21428571428571427
18134,0,0,1910,-15.137684106826782,-11.009793758392334,0.21428571428571427
18135,0,0,1909,-15.137684106826782,-11.009793758392334,0.21428571428571427
18136,0,0,1908,-15.137684106826782,-11.009793758392334,0.21428571428571427
18137,0,0,1907,-15.137684106826782,-11.009793758392334,0.21428571428571427
18138,0,0,1906,-15.137684106826782,-11.009793758392334,0.21428571428571427
18139,0,0,1905,-15.137684106826782,-11.009793758392334,0.21428571428571427
18140,0,0,1904,-15.137684106826782,-11.009793758392334,0.21428571428571427
18141,0,0,1903,-15.137684106826782,-11.009793758392334,0.21428571428571427
18142,0,0,1902,-15.137684106826782,-11.009793758392334,0.21428571428571427
18143,0,0,1900,-15.137684106826782,-11.009793758392334,0.21428571428571427
18144,0,0,1890,-15.137684106826782,-11.009793758392334,0.21428571428571427
18145,0,0,1899,-15.137684106826782,-11.009793758392334,0.21428571428571427
18146,0,0,6,-15.137684106826782,-11.009793758392334,0.21428571428571427
18147,0,0,1898,-15.137684106826782,-11.009793758392334,0.21428571428571427
18148,0,0,1897,-15.137684106826782,-11.009793758392334,0.21428571428571427
18149,0,0,1896,-15.137684106826782,-11.009793758392334,0.21428571428571427
18150,0,0,1895,-15.137684106826782,-11.009793758392334,0.21428571428571427
18151,0,0,1894,-15.137684106826782,-11.009793758392334,0.21428571428571427
18152,0,0,1893,-15.137684106826782,-11.009793758392334,0.21428571428571427
18153,0,0,1892,-15.137684106826782,-11.009793758392334,0.21428571428571427
18154,0,0,1891,-15.137684106826782,-11.009793758392334,0.21428571428571427
18155,0,0,1815,-15.137684106826782,-11.009793758392334,0.21428571428571427
18156,0,0,1766,-15.137684106826782,-11.009793758392334,0.21428571428571427
18157,0,0,1765,-15.137684106826782,-11.009793758392334,0.21428571428571427
18158,0,0,1764,-15.137684106826782,-11.009793758392334,0.21428571428571427
18159,0,0,1641,-15.137684106826782,-11.009793758392334,0.21428571428571427
18160,0,0,1640,-15.137684106826782,-11.009793758392334,0.21428571428571427
18161,0,0,1639,-15.137684106826782,-11.009793758392334,0.21428571428571427
18162,0,0,1638,-15.137684106826782,-11.009793758392334,0.21428571428571427
18163,0,0,1637,-15.137684106826782,-11.009793758392334,0.21428571428571427
18164,0,0,1636,-15.137684106826782,-11.009793758392334,0.21428571428571427
18165,0,0,1635,-15.137684106826782,-11.009793758392334,0.21428571428571427
18166,0,0,1634,-15.137684106826782,-11.009793758392334,0.21428571428571427
18167,0,0,1633,-15.137684106826782,-11.009793758392334,0.21428571428571427
18168,0,0,1632,-15.137684106826782,-11.009793758392334,0.21428571428571427
18169,0,0,1631,-15.137684106826782,-11.009793758392334,0.21428571428571427
18170,0,0,1630,-15.137684106826782,-11.009793758392334,0.21428571428571427
18171,0,0,1629,-15.137684106826782,-11.009793758392334,0.21428571428571427
18172,0,0,1628,-15.137684106826782,-11.009793758392334,0.21428571428571427
18173,0,0,1627,-15.137684106826782,-11.009793758392334,0.21428571428571427
18174,0,0,1626,-15.137684106826782,-11.009793758392334,0.21428571428571427
18175,0,0,1625,-15.137684106826782,-11.009793758392334,0.21428571428571427
18176,0,0,1624,-15.137684106826782,-11.009793758392334,0.21428571428571427
18177,0,0,1623,-15.137684106826782,-11.009793758392334,0.21428571428571427
18178,0,0,1622,-15.137684106826782,-11.009793758392334,0.21428571428571427
18179,0,0,1621,-15.137684106826782,-11.009793758392334,0.21428571428571427
18180,0,0,1642,-15.137684106826782,-11.009793758392334,0.21428571428571427
18181,0,0,1643,-15.137684106826782,-11.009793758392334,0.21428571428571427
18182,0,0,1644,-15.137684106826782,-11.009793758392334,0.21428571428571427
18183,0,0,1656,-15.137684106826782,-11.009793758392334,0.21428571428571427
18184,0,0,1665,-15.137684106826782,-11.009793758392334,0.21428571428571427
18185,0,0,1664,-15.137684106826782,-11.009793758392334,0.21428571428571427
18186,0,0,1663,-15.137684106826782,-11.009793758392334,0.21428571428571427
18187,0,0,1662,-15.137684106826782,-11.009793758392334,0.21428571428571427
18188,0,0,1661,-15.137684106826782,-11.009793758392334,0.21428571428571427
18189,0,0,1660,-15.137684106826782,-11.009793758392334,0.21428571428571427
18190,0,0,1659,-15.137684106826782,-11.009793758392334,0.21428571428571427
18191,0,0,1658,-15.137684106826782,-11.009793758392334,0.21428571428571427
18192,0,0,1657,-15.137684106826782,-11.009793758392334,0.21428571428571427
18193,0,0,1655,-15.137684106826782,-11.009793758392334,0.21428571428571427
18194,0,0,1645,-15.137684106826782,-11.009793758392334,0.21428571428571427
18195,0,0,1654,-15.137684106826782,-11.009793758392334,0.21428571428571427
18196,0,0,1653,-15.137684106826782,-11.009793758392334,0.21428571428571427
18197,0,0,1652,-15.137684106826782,-11.009793758392334,0.21428571428571427
18198,0,0,1651,-15.137684106826782,-11.009793758392334,0.21428571428571427
18199,0,0,1650,-15.137684106826782,-11.009793758392334,0.21428571428571427
18200,0,0,1649,-15.137684106826782,-11.009793758392334,0.21428571428571427
18201,0,0,1648,-15.137684106826782,-11.009793758392334,0.21428571428571427
18202,0,0,1647,-15.137684106826782,-11.009793758392334,0.21428571428571427
18203,0,0,1646,-15.137684106826782,-11.009793758392334,0.21428571428571427
18204,0,0,1620,-15.137684106826782,-11.009793758392334,0.21428571428571427
18205,0,0,1618,-15.137684106826782,-11.009793758392334,0.21428571428571427
18206,0,0,1571,-15.137684106826782,-11.009793758392334,0.21428571428571427
18207,0,0,1617,-15.137684106826782,-11.009793758392334,0.21428571428571427
18208,0,0,1592,-15.137684106826782,-11.009793758392334,0.21428571428571427
18209,0,0,1591,-15.137684106826782,-11.009793758392334,0.21428571428571427
18210,0,0,1590,-15.137684106826782,-11.009793758392334,0.21428571428571427
18211,0,0,1589,-15.137684106826782,-11.009793758392334,0.21428571428571427
18212,0,0,1588,-15.137684106826782,-11.009793758392334,0.21428571428571427
18213,0,0,1587,-15.137684106826782,-11.009793758392334,0.21428571428571427
18214,0,0,1586,-15.137684106826782,-11.009793758392334,0.21428571428571427
18215,0,0,1585,-15.137684106826782,-11.009793758392334,0.21428571428571427
18216,0,0,1584,-15.137684106826782,-11.009793758392334,0.21428571428571427
18217,0,0,1583,-15.137684106826782,-11.009793758392334,0.21428571428571427
18218,0,0,1582,-15.137684106826782,-11.009793758392334,0.21428571428571427
18219,0,0,1581,-15.137684106826782,-11.009793758392334,0.21428571428571427
18220,0,0,1580,-15.137684106826782,-11.009793758392334,0.21428571428571427
18221,0,0,1579,-15.137684106826782,-11.009793758392334,0.21428571428571427
18222,0,0,1578,-15.137684106826782,-11.009793758392334,0.21428571428571427
18223,0,0,1577,-15.137684106826782,-11.009793758392334,0.21428571428571427
18224,0,0,1576,-15.137684106826782,-11.009793758392334,0.21428571428571427
18225,0,0,1575,-15.137684106826782,-11.009793758392334,0.21428571428571427
18226,0,0,1574,-15.137684106826782,-11.009793758392334,0.21428571428571427
18227,0,0,1573,-15.137684106826782,-11.009793758392334,0.21428571428571427
18228,0,0,1572,-15.137684106826782,-11.009793758392334,0.21428571428571427
18229,0,0,1593,-15.137684106826782,-11.009793758392334,0.21428571428571427
18230,0,0,1594,-15.137684106826782,-11.009793758392334,0.21428571428571427
18231,0,0,1595,-15.137684106826782,-11.009793758392334,0.21428571428571427
18232,0,0,1607,-15.137684106826782,-11.009793758392334,0.21428571428571427
18233,0,0,1616,-15.137684106826782,-11.009793758392334,0.21428571428571427
18234,0,0,1615,-15.137684106826782,-11.009793758392334,0.21428571428571427
18235,0,0,1614,-15.137684106826782,-11.009793758392334,0.21428571428571427
18236,0,0,1613,-15.137684106826782,-11.009793758392334,0.21428571428571427
18237,0,0,1612,-15.137684106826782,-11.009793758392334,0.21428571428571427
18238,0,0,1611,-15.137684106826782,-11.009793758392334,0.21428571428571427
18239,0,0,1610,-15.137684106826782,-11.009793758392334,0.21428571428571427
18240,0,0,1609,-15.137684106826782,-11.009793758392334,0.21428571428571427
18241,0,0,1608,-15.137684106826782,-11.009793758392334,0.21428571428571427
18242,0,0,1606,-15.137684106826782,-11.009793758392334,0.21428571428571427
18243,0,0,1596,-15.137684106826782,-11.009793758392334,0.21428571428571427
18244,0,0,1605,-15.137684106826782,-11.009793758392334,0.21428571428571427
18245,0,0,1604,-15.137684106826782,-11.009793758392334,0.21428571428571427
18246,0,0,1603,-15.137684106826782,-11.009793758392334,0.21428571428571427
18247,0,0,1602,-15.137684106826782,-11.009793758392334,0.21428571428571427
18248,0,0,1601,-15.137684106826782,-11.009793758392334,0.21428571428571427
18249,0,0,1600,-15.137684106826782,-11.009793758392334,0.21428571428571427
18250,0,0,1599,-15.137684106826782,-11.009793758392334,0.21428571428571427
18251,0,0,1598,-15.137684106826782,-11.009793758392334,0.21428571428571427
18252,0,0,1597,-15.137684106826782,-11.009793758392334,0.21428571428571427
18253,0,0,1666,-15.137684106826782,-11.009793758392334,0.21428571428571427
18254,0,0,1619,-15.137684106826782,-11.009793758392334,0.21428571428571427
18255,0,0,1667,-15.137684106826782,-11.009793758392334,0.21428571428571427
18256,0,0,1717,-15.137684106826782,-11.009793758392334,0.21428571428571427
18257,0,0,1739,-15.137684106826782,-11.009793758392334,0.21428571428571427
18258,0,0,1738,-15.137684106826782,-11.009793758392334,0.21428571428571427
18259,0,0,1737,-15.137684106826782,-11.009793758392334,0.21428571428571427
18260,0,0,1736,-15.137684106826782,-11.009793758392334,0.21428571428571427
18261,0,0,1735,-15.137684106826782,-11.009793758392334,0.21428571428571427
18262,0,0,1734,-15.137684106826782,-11.009793758392334,0.21428571428571427
18263,0,0,1733,-15.137684106826782,-11.009793758392334,0.21428571428571427
18264,0,0,1732,-15.137684106826782,-11.009793758392334,0.21428571428571427
18265,0,0,1731,-15.137684106826782,-11.009793758392334,0.21428571428571427
18266,0,0,1730,-15.137684106826782,-11.009793758392334,0.21428571428571427
18267,0,0,1729,-15.137684106826782,-11.009793758392334,0.21428571428571427
18268,0,0,1728,-15.137684106826782,-11.009793758392334,0.21428571428571427
18269,0,0,1727,-15.137684106826782,-11.009793758392334,0.21428571428571427
18270,0,0,1726,-15.137684106826782,-11.009793758392334,0.21428571428571427
18271,0,0,1725,-15.137684106826782,-11.009793758392334,0.21428571428571427
18272,0,0,1724,-15.137684106826782,-11.009793758392334,0.21428571428571427
18273,0,0,1723,-15.137684106826782,-11.009793758392334,0.21428571428571427
18274,0,0,1722,-15.137684106826782,-11.009793758392334,0.21428571428571427
18275,0,0,1721,-15.137684106826782,-11.009793758392334,0.21428571428571427
18276,0,0,1720,-15.137684106826782,-11.009793758392334,0.21428571428571427
18277,0,0,1719,-15.137684106826782,-11.009793758392334,0.21428571428571427
18278,0,0,1740,-15.137684106826782,-11.009793758392334,0.21428571428571427
18279,0,0,1741,-15.137684106826782,-11.009793758392334,0.21428571428571427
18280,0,0,1742,-15.137684106826782,-11.009793758392334,0.21428571428571427
18281,0,0,1754,-15.137684106826782,-11.009793758392334,0.21428571428571427
18282,0,0,1763,-15.137684106826782,-11.009793758392334,0.21428571428571427
18283,0,0,1762,-15.137684106826782,-11.009793758392334,0.21428571428571427
18284,0,0,1761,-15.137684106826782,-11.009793758392334,0.21428571428571427
18285,0,0,1760,-15.137684106826782,-11.009793758392334,0.21428571428571427
18286,0,0,1759,-15.137684106826782,-11.009793758392334,0.21428571428571427
18287,0,0,1758,-15.137684106826782,-11.009793758392334,0.21428571428571427
18288,0,0,1757,-15.137684106826782,-11.009793758392334,0.21428571428571427
18289,0,0,1756,-15.137684106826782,-11.009793758392334,0.21428571428571427
18290,0,0,1755,-15.137684106826782,-11.009793758392334,0.21428571428571427
18291,0,0,1753,-15.137684106826782,-11.009793758392334,0.21428571428571427
18292,0,0,1743,-15.137684106826782,-11.009793758392334,0.21428571428571427
18293,0,0,1752,-15.137684106826782,-11.009793758392334,0.21428571428571427
18294,0,0,1751,-15.137684106826782,-11.009793758392334,0.21428571428571427
18295,0,0,1750,-15.137684106826782,-11.009793758392334,0.21428571428571427
18296,0,0,1749,-15.137684106826782,-11.009793758392334,0.21428571428571427
18297,0,0,1748,-15.137684106826782,-11.009793758392334,0.21428571428571427
18298,0,0,1747,-15.137684106826782,-11.009793758392334,0.21428571428571427
18299,0,0,1746,-15.137684106826782,-11.009793758392334,0.21428571428571427
18300,0,0,1745,-15.137684106826782,-11.009793758392334,0.21428571428571427
18301,0,0,1744,-15.137684106826782,-11.009793758392334,0.21428571428571427
18302,0,0,1718,-15.137684106826782,-11.009793758392334,0.21428571428571427
18303,0,0,1716,-15.137684106826782,-11.009793758392334,0.21428571428571427
18304,0,0,1669,-15.137684106826782,-11.009793758392334,0.21428571428571427
18305,0,0,1715,-15.137684106826782,-11.009793758392334,0.21428571428571427
18306,0,0,1690,-15.137684106826782,-11.009793758392334,0.21428571428571427
18307,0,0,1689,-15.137684106826782,-11.009793758392334,0.21428571428571427
18308,0,0,1688,-15.137684106826782,-11.009793758392334,0.21428571428571427
18309,0,0,1687,-15.137684106826782,-11.009793758392334,0.21428571428571427
18310,0,0,1686,-15.137684106826782,-11.009793758392334,0.21428571428571427
18311,0,0,1685,-15.137684106826782,-11.009793758392334,0.21428571428571427
18312,0,0,1684,-15.137684106826782,-11.009793758392334,0.21428571428571427
18313,0,0,1683,-15.137684106826782,-11.009793758392334,0.21428571428571427
18314,0,0,1682,-15.137684106826782,-11.009793758392334,0.21428571428571427
18315,0,0,1681,-15.137684106826782,-11.009793758392334,0.21428571428571427
18316,0,0,1680,-15.137684106826782,-11.009793758392334,0.21428571428571427
18317,0,0,1679,-15.137684106826782,-11.009793758392334,0.21428571428571427
18318,0,0,1678,-15.137684106826782,-11.009793758392334,0.21428571428571427
18319,0,0,1677,-15.137684106826782,-11.009793758392334,0.21428571428571427
18320,0,0,1676,-15.137684106826782,-11.009793758392334,0.21428571428571427
18321,0,0,1675,-15.137684106826782,-11.009793758392334,0.21428571428571427
18322,0,0,1674,-15.137684106826782,-11.009793758392334,0.21428571428571427
18323,0,0,1673,-15.137684106826782,-11.009793758392334,0.21428571428571427
18324,0,0,1672,-15.137684106826782,-11.009793758392334,0.21428571428571427
18325,0,0,1671,-15.137684106826782,-11.009793758392334,0.21428571428571427
18326,0,0,1670,-15.137684106826782,-11.009793758392334,0.21428571428571427
18327,0,0,1691,-15.137684106826782,-11.009793758392334,0.21428571428571427
18328,0,0,1692,-15.137684106826782,-11.009793758392334,0.21428571428571427
18329,0,0,1693,-15.137684106826782,-11.009793758392334,0.21428571428571427
18330,0,0,1705,-15.137684106826782,-11.009793758392334,0.21428571428571427
18331,0,0,1714,-15.137684106826782,-11.009793758392334,0.21428571428571427
18332,0,0,1713,-15.137684106826782,-11.009793758392334,0.21428571428571427
18333,0,0,1712,-15.137684106826782,-11.009793758392334,0.21428571428571427
18334,0,0,1711,-15.137684106826782,-11.009793758392334,0.21428571428571427
18335,0,0,1710,-15.137684106826782,-11.009793758392334,0.21428571428571427
18336,0,0,1709,-15.137684106826782,-11.009793758392334,0.21428571428571427
18337,0,0,1708,-15.137684106826782,-11.009793758392334,0.21428571428571427
18338,0,0,1707,-15.137684106826782,-11.009793758392334,0.21428571428571427
18339,0,0,1706,-15.137684106826782,-11.009793758392334,0.21428571428571427
18340,0,0,1704,-15.137684106826782,-11.009793758392334,0.21428571428571427
18341,0,0,1694,-15.137684106826782,-11.009793758392334,0.21428571428571427
18342,0,0,1703,-15.137684106826782,-11.009793758392334,0.21428571428571427
18343,0,0,1702,-15.137684106826782,-11.009793758392334,0.21428571428571427
18344,0,0,1701,-15.137684106826782,-11.009793758392334,0.21428571428571427
18345,0,0,1700,-15.137684106826782,-11.009793758392334,0.21428571428571427
18346,0,0,1699,-15.137684106826782,-11.009793758392334,0.21428571428571427
18347,0,0,1698,-15.137684106826782,-11.009793758392334,0.21428571428571427
18348,0,0,1697,-15.137684106826782,-11.009793758392334,0.21428571428571427
18349,0,0,1696,-15.137684106826782,-11.009793758392334,0.21428571428571427
18350,0,0,1695,-15.137684106826782,-11.009793758392334,0.21428571428571427
18351,0,0,1959,-15.137684106826782,-11.009793758392334,0.21428571428571427
18352,0,0,1668,-15.137684106826782,-11.009793758392334,0.21428571428571427
18353,0,0,1960,-15.137684106826782,-11.009793758392334,0.21428571428571427
18354,0,0,2059,-15.137684106826782,-11.009793758392334,0.21428571428571427
18355,0,0,2228,-15.137684106826782,-11.009793758392334,0.21428571428571427
18356,0,0,2227,-15.137684106826782,-11.009793758392334,0.21428571428571427
18357,0,0,2226,-15.137684106826782,-11.009793758392334,0.21428571428571427
18358,0,0,2225,-15.137684106826782,-11.009793758392334,0.21428571428571427
18359,0,0,2224,-15.137684106826782,-11.009793758392334,0.21428571428571427
18360,0,0,2223,-15.137684106826782,-11.009793758392334,0.21428571428571427
18361,0,0,2222,-15.137684106826782,-11.009793758392334,0.21428571428571427
18362,0,0,2221,-15.137684106826782,-11.009793758392334,0.21428571428571427
18363,0,0,2220,-15.137684106826782,-11.009793758392334,0.21428571428571427
18364,0,0,2219,-15.137684106826782,-11.009793758392334,0.21428571428571427
18365,0,0,2218,-15.137684106826782,-11.009793758392334,0.21428571428571427
18366,0,0,2217,-15.137684106826782,-11.009793758392334,0.21428571428571427
18367,0,0,2216,-15.137684106826782,-11.009793758392334,0.21428571428571427
18368,0,0,2215,-15.137684106826782,-11.009793758392334,0.21428571428571427
18369,0,0,2214,-15.137684106826782,-11.009793758392334,0.21428571428571427
18370,0,0,2213,-15.137684106826782,-11.009793758392334,0.21428571428571427
18371,0,0,2212,-15.137684106826782,-11.009793758392334,0.21428571428571427
18372,0,0,2211,-15.137684106826782,-11.009793758392334,0.21428571428571427
18373,0,0,2210,-15.137684106826782,-11.009793758392334,0.21428571428571427
18374,0,0,2209,-15.137684106826782,-11.009793758392334,0.21428571428571427
18375,0,0,2208,-15.137684106826782,-11.009793758392334,0.21428571428571427
18376,0,0,2229,-15.137684106826782,-11.009793758392334,0.21428571428571427
18377,0,0,2230,-15.137684106826782,-11.009793758392334,0.21428571428571427
18378,0,0,2231,-15.137684106826782,-11.009793758392334,0.21428571428571427
18379,0,0,2243,-15.137684106826782,-11.009793758392334,0.21428571428571427
18380,0,0,2252,-15.137684106826782,-11.009793758392334,0.21428571428571427
18381,0,0,2251,-15.137684106826782,-11.009793758392334,0.21428571428571427
18382,0,0,2250,-15.137684106826782,-11.009793758392334,0.21428571428571427
18383,0,0,2249,-15.137684106826782,-11.009793758392334,0.21428571428571427
18384,0,0,2248,-15.137684106826782,-11.009793758392334,0.21428571428571427
18385,0,0,2247,-15.137684106826782,-11.009793758392334,0.21428571428571427
18386,0,0,2246,-15.137684106826782,-11.009793758392334,0.21428571428571427
18387,0,0,2245,-15.137684106826782,-11.009793758392334,0.21428571428571427
18388,0,0,2244,-15.137684106826782,-11.009793758392334,0.21428571428571427
18389,0,0,2242,-15.137684106826782,-11.009793758392334,0.21428571428571427
18390,0,0,2232,-15.137684106826782,-11.009793758392334,0.21428571428571427
18391,0,0,2241,-15.137684106826782,-11.009793758392334,0.21428571428571427
18392,0,0,2240,-15.137684106826782,-11.009793758392334,0.21428571428571427
18393,0,0,2239,-15.137684106826782,-11.009793758392334,0.21428571428571427
18394,0,0,2238,-15.137684106826782,-11.009793758392334,0.21428571428571427
18395,0,0,2237,-15.137684106826782,-11.009793758392334,0.21428571428571427
18396,0,0,2236,-15.137684106826782,-11.009793758392334,0.21428571428571427
18397,0,0,2235,-15.137684106826782,-11.009793758392334,0.21428571428571427
18398,0,0,2234,-15.137684106826782,-11.009793758392334,0.21428571428571427
18399,0,0,2233,-15.137684106826782,-11.009793758392334,0.21428571428571427
18400,0,0,2207,-15.137684106826782,-11.009793758392334,0.21428571428571427
18401,0,0,2205,-15.137684106826782,-11.009793758392334,0.21428571428571427
18402,0,0,2158,-15.137684106826782,-11.009793758392334,0.21428571428571427
18403,0,0,2204,-15.137684106826782,-11.009793758392334,0.21428571428571427
18404,0,0,2179,-15.137684106826782,-11.009793758392334,0.21428571428571427
18405,0,0,2178,-15.137684106826782,-11.009793758392334,0.21428571428571427
18406,0,0,2177,-15.137684106826782,-11.009793758392334,0.21428571428571427
18407,0,0,2176,-15.137684106826782,-11.009793758392334,0.21428571428571427
18408,0,0,2175,-15.137684106826782,-11.009793758392334,0.21428571428571427
18409,0,0,2174,-15.137684106826782,-11.009793758392334,0.21428571428571427
18410,0,0,2173,-15.137684106826782,-11.009793758392334,0.21428571428571427
18411,0,0,2172,-15.137684106826782,-11.009793758392334,0.21428571428571427
18412,0,0,2171,-15.137684106826782,-11.009793758392334,0.21428571428571427
18413,0,0,2170,-15.137684106826782,-11.009793758392334,0.21428571428571427
18414,0,0,2169,-15.137684106826782,-11.009793758392334,0.21428571428571427
18415,0,0,2168,-15.137684106826782,-11.009793758392334,0.21428571428571427
18416,0,0,2167,-15.137684106826782,-11.009793758392334,0.21428571428571427
18417,0,0,2166,-15.137684106826782,-11.009793758392334,0.21428571428571427
18418,0,0,2165,-15.137684106826782,-11.009793758392334,0.21428571428571427
18419,0,0,2164,-15.137684106826782,-11.009793758392334,0.21428571428571427
18420,0,0,2163,-15.137684106826782,-11.009793758392334,0.21428571428571427
18421,0,0,2162,-15.137684106826782,-11.009793758392334,0.21428571428571427
18422,0,0,2161,-15.137684106826782,-11.009793758392334,0.21428571428571427
18423,0,0,2160,-15.137684106826782,-11.009793758392334,0.21428571428571427
18424,0,0,2159,-15.137684106826782,-11.009793758392334,0.21428571428571427
18425,0,0,2180,-15.137684106826782,-11.009793758392334,0.21428571428571427
18426,0,0,2181,-15.137684106826782,-11.009793758392334,0.21428571428571427
18427,0,0,2182,-15.137684106826782,-11.009793758392334,0.21428571428571427
18428,0,0,2194,-15.137684106826782,-11.009793758392334,0.21428571428571427
18429,0,0,2203,-15.137684106826782,-11.009793758392334,0.21428571428571427
18430,0,0,2202,-15.137684106826782,-11.009793758392334,0.21428571428571427
18431,0,0,2201,-15.137684106826782,-11.009793758392334,0.21428571428571427
18432,0,0,2200,-15.137684106826782,-11.009793758392334,0.21428571428571427
18433,0,0,2199,-15.137684106826782,-11.009793758392334,0.21428571428571427
18434,0,0,2198,-15.137684106826782,-11.009793758392334,0.21428571428571427
18435,0,0,2197,-15.137684106826782,-11.009793758392334,0.21428571428571427
18436,0,0,2196,-15.137684106826782,-11.009793758392334,0.21428571428571427
18437,0,0,2195,-15.137684106826782,-11.009793758392334,0.21428571428571427
18438,0,0,2193,-15.137684106826782,-11.009793758392334,0.21428571428571427
18439,0,0,2183,-15.137684106826782,-11.009793758392334,0.21428571428571427
18440,0,0,2192,-15.137684106826782,-11.009793758392334,0.21428571428571427
18441,0,0,2191,-15.137684106826782,-11.009793758392334,0.21428571428571427
18442,0,0,2190,-15.137684106826782,-11.009793758392334,0.21428571428571427
18443,0,0,2189,-15.137684106826782,-11.009793758392334,0.21428571428571427
18444,0,0,2188,-15.137684106826782,-11.009793758392334,0.21428571428571427
18445,0,0,2187,-15.137684106826782,-11.009793758392334,0.21428571428571427
18446,0,0,2186,-15.137684106826782,-11.009793758392334,0.21428571428571427
18447,0,0,2185,-15.137684106826782,-11.009793758392334,0.21428571428571427
18448,0,0,2184,-15.137684106826782,-11.009793758392334,0.21428571428571427
18449,0,0,2253,-15.137684106826782,-11.009793758392334,0.21428571428571427
18450,0,0,2254,-15.137684106826782,-11.009793758392334,0.21428571428571427
18451,0,0,2255,-15.137684106826782,-11.009793758392334,0.21428571428571427
18452,0,0,2256,-15.137684106826782,-11.009793758392334,0.21428571428571427
18453,0,0,2325,-15.137684106826782,-11.009793758392334,0.21428571428571427
18454,0,0,2324,-15.137684106826782,-11.009793758392334,0.21428571428571427
18455,0,0,2323,-15.137684106826782,-11.009793758392334,0.21428571428571427
18456,0,0,2322,-15.137684106826782,-11.009793758392334,0.21428571428571427
18457,0,0,2321,-15.137684106826782,-11.009793758392334,0.21428571428571427
18458,0,0,2320,-15.137684106826782,-11.009793758392334,0.21428571428571427
18459,0,0,2319,-15.137684106826782,-11.009793758392334,0.21428571428571427
18460,0,0,2318,-15.137684106826782,-11.009793758392334,0.21428571428571427
18461,0,0,2317,-15.137684106826782,-11.009793758392334,0.21428571428571427
18462,0,0,2315,-15.137684106826782,-11.009793758392334,0.21428571428571427
18463,0,0,2305,-15.137684106826782,-11.009793758392334,0.21428571428571427
18464,0,0,2314,-15.137684106826782,-11.009793758392334,0.21428571428571427
18465,0,0,2313,-15.137684106826782,-11.009793758392334,0.21428571428571427
18466,0,0,2312,-15.137684106826782,-11.009793758392334,0.21428571428571427
18467,0,0,2311,-15.137684106826782,-11.009793758392334,0.21428571428571427
18468,0,0,2310,-15.137684106826782,-11.009793758392334,0.21428571428571427
18469,0,0,2309,-15.137684106826782,-11.009793758392334,0.21428571428571427
18470,0,0,2308,-15.137684106826782,-11.009793758392334,0.21428571428571427
18471,0,0,2307,-15.137684106826782,-11.009793758392334,0.21428571428571427
18472,0,0,2306,-15.137684106826782,-11.009793758392334,0.21428571428571427
18473,0,0,2326,-15.137684106826782,-11.009793758392334,0.21428571428571427
18474,0,0,2316,-15.137684106826782,-11.009793758392334,0.21428571428571427
18475,0,0,2327,-15.137684106826782,-11.009793758392334,0.21428571428571427
18476,0,0,2340,-15.137684106826782,-11.009793758392334,0.21428571428571427
18477,0,0,2349,-15.137684106826782,-11.009793758392334,0.21428571428571427
18478,0,0,2348,-15.137684106826782,-11.009793758392334,0.21428571428571427
18479,0,0,2347,-15.137684106826782,-11.009793758392334,0.21428571428571427
18480,0,0,2346,-15.137684106826782,-11.009793758392334,0.21428571428571427
18481,0,0,2345,-15.137684106826782,-11.009793758392334,0.21428571428571427
18482,0,0,2344,-15.137684106826782,-11.009793758392334,0.21428571428571427
18483,0,0,2343,-15.137684106826782,-11.009793758392334,0.21428571428571427
18484,0,0,2342,-15.137684106826782,-11.009793758392334,0.21428571428571427
18485,0,0,2341,-15.137684106826782,-11.009793758392334,0.21428571428571427
18486,0,0,2339,-15.137684106826782,-11.009793758392334,0.21428571428571427
18487,0,0,2329,-15.137684106826782,-11.009793758392334,0.21428571428571427
18488,0,0,2338,-15.137684106826782,-11.009793758392334,0.21428571428571427
18489,0,0,2337,-15.137684106826782,-11.009793758392334,0.21428571428571427
18490,0,0,2336,-15.137684106826782,-11.009793758392334,0.21428571428571427
18491,0,0,2335,-15.137684106826782,-11.009793758392334,0.21428571428571427
18492,0,0,2334,-15.137684106826782,-11.009793758392334,0.21428571428571427
18493,0,0,2333,-15.137684106826782,-11.009793758392334,0.21428571428571427
18494,0,0,2332,-15.137684106826782,-11.009793758392334,0.21428571428571427
18495,0,0,2331,-15.137684106826782,-11.009793758392334,0.21428571428571427
18496,0,0,2330,-15.137684106826782,-11.009793758392334,0.21428571428571427
18497,0,0,2328,-15.137684106826782,-11.009793758392334,0.21428571428571427
18498,0,0,2304,-15.137684106826782,-11.009793758392334,0.21428571428571427
18499,0,0,2303,-15.137684106826782,-11.009793758392334,0.21428571428571427
18500,0,0,2302,-15.137684106826782,-11.009793758392334,0.21428571428571427
18501,0,0,2277,-15.137684106826782,-11.009793758392334,0.21428571428571427
18502,0,0,2276,-15.137684106826782,-11.009793758392334,0.21428571428571427
18503,0,0,2275,-15.137684106826782,-11.009793758392334,0.21428571428571427
18504,0,0,2274,-15.137684106826782,-11.009793758392334,0.21428571428571427
18505,0,0,2273,-15.137684106826782,-11.009793758392334,0.21428571428571427
18506,0,0,2272,-15.137684106826782,-11.009793758392334,0.21428571428571427
18507,0,0,2271,-15.137684106826782,-11.009793758392334,0.21428571428571427
18508,0,0,2270,-15.137684106826782,-11.009793758392334,0.21428571428571427
18509,0,0,2269,-15.137684106826782,-11.009793758392334,0.21428571428571427
18510,0,0,2268,-15.137684106826782,-11.009793758392334,0.21428571428571427
18511,0,0,2267,-15.137684106826782,-11.009793758392334,0.21428571428571427
18512,0,0,2266,-15.137684106826782,-11.009793758392334,0.21428571428571427
18513,0,0,2265,-15.137684106826782,-11.009793758392334,0.21428571428571427
18514,0,0,2264,-15.137684106826782,-11.009793758392334,0.21428571428571427
18515,0,0,2263,-15.137684106826782,-11.009793758392334,0.21428571428571427
18516,0,0,2262,-15.137684106826782,-11.009793758392334,0.21428571428571427
18517,0,0,2261,-15.137684106826782,-11.009793758392334,0.21428571428571427
18518,0,0,2260,-15.137684106826782,-11.009793758392334,0.21428571428571427
18519,0,0,2259,-15.137684106826782,-11.009793758392334,0.21428571428571427
18520,0,0,2258,-15.137684106826782,-11.009793758392334,0.21428571428571427
18521,0,0,2257,-15.137684106826782,-11.009793758392334,0.21428571428571427
18522,0,0,2278,-15.137684106826782,-11.009793758392334,0.21428571428571427
18523,0,0,2279,-15.137684106826782,-11.009793758392334,0.21428571428571427
18524,0,0,2280,-15.137684106826782,-11.009793758392334,0.21428571428571427
18525,0,0,2292,-15.137684106826782,-11.009793758392334,0.21428571428571427
18526,0,0,2301,-15.137684106826782,-11.009793758392334,0.21428571428571427
18527,0,0,2300,-15.137684106826782,-11.009793758392334,0.21428571428571427
18528,0,0,2299,-15.137684106826782,-11.009793758392334,0.21428571428571427
18529,0,0,2298,-15.137684106826782,-11.009793758392334,0.21428571428571427
18530,0,0,2297,-15.137684106826782,-11.009793758392334,0.21428571428571427
18531,0,0,2296,-15.137684106826782,-11.009793758392334,0.21428571428571427
18532,0,0,2295,-15.137684106826782,-11.009793758392334,0.21428571428571427
18533,0,0,2294,-15.137684106826782,-11.009793758392334,0.21428571428571427
18534,0,0,2293,-15.137684106826782,-11.009793758392334,0.21428571428571427
18535,0,0,2291,-15.137684106826782,-11.009793758392334,0.21428571428571427
18536,0,0,2281,-15.137684106826782,-11.009793758392334,0.21428571428571427
18537,0,0,2290,-15.137684106826782,-11.009793758392334,0.21428571428571427
18538,0,0,2289,-15.137684106826782,-11.009793758392334,0.21428571428571427
18539,0,0,2288,-15.137684106826782,-11.009793758392334,0.21428571428571427
18540,0,0,2287,-15.137684106826782,-11.009793758392334,0.21428571428571427
18541,0,0,2286,-15.137684106826782,-11.009793758392334,0.21428571428571427
18542,0,0,2285,-15.137684106826782,-11.009793758392334,0.21428571428571427
18543,0,0,2284,-15.137684106826782,-11.009793758392334,0.21428571428571427
18544,0,0,2283,-15.137684106826782,-11.009793758392334,0.21428571428571427
18545,0,0,2282,-15.137684106826782,-11.009793758392334,0.21428571428571427
18546,0,0,2206,-15.137684106826782,-11.009793758392334,0.21428571428571427
18547,0,0,2157,-15.137684106826782,-11.009793758392334,0.21428571428571427
18548,0,0,2156,-15.137684106826782,-11.009793758392334,0.21428571428571427
18549,0,0,2155,-15.137684106826782,-11.009793758392334,0.21428571428571427
18550,0,0,2032,-15.137684106826782,-11.009793758392334,0.21428571428571427
18551,0,0,2031,-15.137684106826782,-11.009793758392334,0.21428571428571427
18552,0,0,2030,-15.137684106826782,-11.009793758392334,0.21428571428571427
18553,0,0,2029,-15.137684106826782,-11.009793758392334,0.21428571428571427
18554,0,0,2028,-15.137684106826782,-11.009793758392334,0.21428571428571427
18555,0,0,2027,-15.137684106826782,-11.009793758392334,0.21428571428571427
18556,0,0,2026,-15.137684106826782,-11.009793758392334,0.21428571428571427
18557,0,0,2025,-15.137684106826782,-11.009793758392334,0.21428571428571427
18558,0,0,2024,-15.137684106826782,-11.009793758392334,0.21428571428571427
18559,0,0,2023,-15.137684106826782,-11.009793758392334,0.21428571428571427
18560,0,0,2022,-15.137684106826782,-11.009793758392334,0.21428571428571427
18561,0,0,2021,-15.137684106826782,-11.009793758392334,0.21428571428571427
18562,0,0,2020,-15.137684106826782,-11.009793758392334,0.21428571428571427
18563,0,0,2019,-15.137684106826782,-11.009793758392334,0.21428571428571427
18564,0,0,2018,-15.137684106826782,-11.009793758392334,0.21428571428571427
18565,0,0,2017,-15.137684106826782,-11.009793758392334,0.21428571428571427
18566,0,0,2016,-15.137684106826782,-11.009793758392334,0.21428571428571427
18567,0,0,2015,-15.137684106826782,-11.009793758392334,0.21428571428571427
18568,0,0,2014,-15.137684106826782,-11.009793758392334,0.21428571428571427
18569,0,0,2013,-15.137684106826782,-11.009793758392334,0.21428571428571427
18570,0,0,2012,-15.137684106826782,-11.009793758392334,0.21428571428571427
18571,0,0,2033,-15.137684106826782,-11.009793758392334,0.21428571428571427
18572,0,0,2034,-15.137684106826782,-11.009793758392334,0.21428571428571427
18573,0,0,2035,-15.137684106826782,-11.009793758392334,0.21428571428571427
18574,0,0,2047,-15.137684106826782,-11.009793758392334,0.21428571428571427
18575,0,0,2056,-15.137684106826782,-11.009793758392334,0.21428571428571427
18576,0,0,2055,-15.137684106826782,-11.009793758392334,0.21428571428571427
18577,0,0,2054,-15.137684106826782,-11.009793758392334,0.21428571428571427
18578,0,0,2053,-15.137684106826782,-11.009793758392334,0.21428571428571427
18579,0,0,2052,-15.137684106826782,-11.009793758392334,0.21428571428571427
18580,0,0,2051,-15.137684106826782,-11.009793758392334,0.21428571428571427
18581,0,0,2050,-15.137684106826782,-11.009793758392334,0.21428571428571427
18582,0,0,2049,-15.137684106826782,-11.009793758392334,0.21428571428571427
18583,0,0,2048,-15.137684106826782,-11.009793758392334,0.21428571428571427
18584,0,0,2046,-15.137684106826782,-11.009793758392334,0.21428571428571427
18585,0,0,2036,-15.137684106826782,-11.009793758392334,0.21428571428571427
18586,0,0,2045,-15.137684106826782,-11.009793758392334,0.21428571428571427
18587,0,0,2044,-15.137684106826782,-11.009793758392334,0.21428571428571427
18588,0,0,2043,-15.137684106826782,-11.009793758392334,0.21428571428571427
18589,0,0,2042,-15.137684106826782,-11.009793758392334,0.21428571428571427
18590,0,0,2041,-15.137684106826782,-11.009793758392334,0.21428571428571427
18591,0,0,2040,-15.137684106826782,-11.009793758392334,0.21428571428571427
18592,0,0,2039,-15.137684106826782,-11.009793758392334,0.21428571428571427
18593,0,0,2038,-15.137684106826782,-11.009793758392334,0.21428571428571427
18594,0,0,2037,-15.137684106826782,-11.009793758392334,0.21428571428571427
18595,0,0,2011,-15.137684106826782,-11.009793758392334,0.21428571428571427
18596,0,0,2009,-15.137684106826782,-11.009793758392334,0.21428571428571427
18597,0,0,1962,-15.137684106826782,-11.009793758392334,0.21428571428571427
18598,0,0,2008,-15.137684106826782,-11.009793758392334,0.21428571428571427
18599,0,0,1983,-15.137684106826782,-11.009793758392334,0.21428571428571427
18600,0,0,1982,-15.137684106826782,-11.009793758392334,0.21428571428571427
18601,0,0,1981,-15.137684106826782,-11.009793758392334,0.21428571428571427
18602,0,0,1980,-15.137684106826782,-11.009793758392334,0.21428571428571427
18603,0,0,1979,-15.137684106826782,-11.009793758392334,0.21428571428571427
18604,0,0,1978,-15.137684106826782,-11.009793758392334,0.21428571428571427
18605,0,0,1977,-15.137684106826782,-11.009793758392334,0.21428571428571427
18606,0,0,1976,-15.137684106826782,-11.009793758392334,0.21428571428571427
18607,0,0,1975,-15.137684106826782,-11.009793758392334,0.21428571428571427
18608,0,0,1974,-15.137684106826782,-11.009793758392334,0.21428571428571427
18609,0,0,1973,-15.137684106826782,-11.009793758392334,0.21428571428571427
18610,0,0,1972,-15.137684106826782,-11.009793758392334,0.21428571428571427
18611,0,0,1971,-15.137684106826782,-11.009793758392334,0.21428571428571427
18612,0,0,1970,-15.137684106826782,-11.009793758392334,0.21428571428571427
18613,0,0,1969,-15.137684106826782,-11.009793758392334,0.21428571428571427
18614,0,0,1968,-15.137684106826782,-11.009793758392334,0.21428571428571427
18615,0,0,1967,-15.137684106826782,-11.009793758392334,0.21428571428571427
18616,0,0,1966,-15.137684106826782,-11.009793758392334,0.21428571428571427
18617,0,0,1965,-15.137684106826782,-11.009793758392334,0.21428571428571427
18618,0,0,1964,-15.137684106826782,-11.009793758392334,0.21428571428571427
18619,0,0,1963,-15.137684106826782,-11.009793758392334,0.21428571428571427
18620,0,0,1984,-15.137684106826782,-11.009793758392334,0.21428571428571427
18621,0,0,1985,-15.137684106826782,-11.009793758392334,0.21428571428571427
18622,0,0,1986,-15.137684106826782,-11.009793758392334,0.21428571428571427
18623,0,0,1998,-15.137684106826782,-11.009793758392334,0.21428571428571427
18624,0,0,2007,-15.137684106826782,-11.009793758392334,0.21428571428571427
18625,0,0,2006,-15.137684106826782,-11.009793758392334,0.21428571428571427
18626,0,0,2005,-15.137684106826782,-11.009793758392334,0.21428571428571427
18627,0,0,2004,-15.137684106826782,-11.009793758392334,0.21428571428571427
18628,0,0,2003,-15.137684106826782,-11.009793758392334,0.21428571428571427
18629,0,0,2002,-15.137684106826782,-11.009793758392334,0.21428571428571427
18630,0,0,2001,-15.137684106826782,-11.009793758392334,0.21428571428571427
18631,0,0,2000,-15.137684106826782,-11.009793758392334,0.21428571428571427
18632,0,0,1999,-15.137684106826782,-11.009793758392334,0.21428571428571427
18633,0,0,1997,-15.137684106826782,-11.009793758392334,0.21428571428571427
18634,0,0,1987,-15.137684106826782,-11.009793758392334,0.21428571428571427
18635,0,0,1996,-15.137684106826782,-11.009793758392334,0.21428571428571427
18636,0,0,1995,-15.137684106826782,-11.009793758392334,0.21428571428571427
18637,0,0,1994,-15.137684106826782,-11.009793758392334,0.21428571428571427
18638,0,0,1993,-15.137684106826782,-11.009793758392334,0.21428571428571427
18639,0,0,1992,-15.137684106826782,-11.009793758392334,0.21428571428571427
18640,0,0,1991,-15.137684106826782,-11.009793758392334,0.21428571428571427
18641,0,0,1990,-15.137684106826782,-11.009793758392334,0.21428571428571427
18642,0,0,1989,-15.137684106826782,-11.009793758392334,0.21428571428571427
18643,0,0,1988,-15.137684106826782,-11.009793758392334,0.21428571428571427
18644,0,0,2057,-15.137684106826782,-11.009793758392334,0.21428571428571427
18645,0,0,2010,-15.137684106826782,-11.009793758392334,0.21428571428571427
18646,0,0,2058,-15.137684106826782,-11.009793758392334,0.21428571428571427
18647,0,0,2108,-15.137684106826782,-11.009793758392334,0.21428571428571427
18648,0,0,2130,-15.137684106826782,-11.009793758392334,0.21428571428571427
18649,0,0,2129,-15.137684106826782,-11.009793758392334,0.21428571428571427
18650,0,0,2128,-15.137684106826782,-11.009793758392334,0.21428571428571427
18651,0,0,2127,-15.137684106826782,-11.009793758392334,0.21428571428571427
18652,0,0,2126,-15.137684106826782,-11.009793758392334,0.21428571428571427
18653,0,0,2125,-15.137684106826782,-11.009793758392334,0.21428571428571427
18654,0,0,2124,-15.137684106826782,-11.009793758392334,0.21428571428571427
18655,0,0,2123,-15.137684106826782,-11.009793758392334,0.21428571428571427
18656,0,0,2122,-15.137684106826782,-11.009793758392334,0.21428571428571427
18657,0,0,2121,-15.137684106826782,-11.009793758392334,0.21428571428571427
18658,0,0,2120,-15.137684106826782,-11.009793758392334,0.21428571428571427
18659,0,0,2119,-15.137684106826782,-11.009793758392334,0.21428571428571427
18660,0,0,2118,-15.137684106826782,-11.009793758392334,0.21428571428571427
18661,0,0,2117,-15.137684106826782,-11.009793758392334,0.21428571428571427
18662,0,0,2116,-15.137684106826782,-11.009793758392334,0.21428571428571427
18663,0,0,2115,-15.137684106826782,-11.009793758392334,0.21428571428571427
18664,0,0,2114,-15.137684106826782,-11.009793758392334,0.21428571428571427
18665,0,0,2113,-15.137684106826782,-11.009793758392334,0.21428571428571427
18666,0,0,2112,-15.137684106826782,-11.009793758392334,0.21428571428571427
18667,0,0,2111,-15.137684106826782,-11.009793758392334,0.21428571428571427
18668,0,0,2110,-15.137684106826782,-11.009793758392334,0.21428571428571427
18669,0,0,2131,-15.137684106826782,-11.009793758392334,0.21428571428571427
18670,0,0,2132,-15.137684106826782,-11.009793758392334,0.21428571428571427
18671,0,0,2133,-15.137684106826782,-11.009793758392334,0.21428571428571427
18672,0,0,2145,-15.137684106826782,-11.009793758392334,0.21428571428571427
18673,0,0,2154,-15.137684106826782,-11.009793758392334,0.21428571428571427
18674,0,0,2153,-15.137684106826782,-11.009793758392334,0.21428571428571427
18675,0,0,2152,-15.137684106826782,-11.009793758392334,0.21428571428571427
18676,0,0,2151,-15.137684106826782,-11.009793758392334,0.21428571428571427
18677,0,0,2150,-15.137684106826782,-11.009793758392334,0.21428571428571427
18678,0,0,2149,-15.137684106826782,-11.009793758392334,0.21428571428571427
18679,0,0,2148,-15.137684106826782,-11.009793758392334,0.21428571428571427
18680,0,0,2147,-15.137684106826782,-11.009793758392334,0.21428571428571427
18681,0,0,2146,-15.137684106826782,-11.009793758392334,0.21428571428571427
18682,0,0,2144,-15.137684106826782,-11.009793758392334,0.21428571428571427
18683,0,0,2134,-15.137684106826782,-11.009793758392334,0.21428571428571427
18684,0,0,2143,-15.137684106826782,-11.009793758392334,0.21428571428571427
18685,0,0,2142,-15.137684106826782,-11.009793758392334,0.21428571428571427
18686,0,0,2141,-15.137684106826782,-11.009793758392334,0.21428571428571427
18687,0,0,2140,-15.137684106826782,-11.009793758392334,0.21428571428571427
18688,0,0,2139,-15.137684106826782,-11.009793758392334,0.21428571428571427
18689,0,0,2138,-15.137684106826782,-11.009793758392334,0.21428571428571427
18690,0,0,2137,-15.137684106826782,-11.009793758392334,0.21428571428571427
18691,0,0,2136,-15.137684106826782,-11.009793758392334,0.21428571428571427
18692,0,0,2135,-15.137684106826782,-11.009793758392334,0.21428571428571427
18693,0,0,2109,-15.137684106826782,-11.009793758392334,0.21428571428571427
18694,0,0,2107,-15.137684106826782,-11.009793758392334,0.21428571428571427
18695,0,0,2060,-15.137684106826782,-11.009793758392334,0.21428571428571427
18696,0,0,2106,-15.137684106826782,-11.009793758392334,0.21428571428571427
18697,0,0,2081,-15.137684106826782,-11.009793758392334,0.21428571428571427
18698,0,0,2080,-15.137684106826782,-11.009793758392334,0.21428571428571427
18699,0,0,2079,-15.137684106826782,-11.009793758392334,0.21428571428571427
18700,0,0,2078,-15.137684106826782,-11.009793758392334,0.21428571428571427
18701,0,0,2077,-15.137684106826782,-11.009793758392334,0.21428571428571427
18702,0,0,2076,-15.137684106826782,-11.009793758392334,0.21428571428571427
18703,0,0,2075,-15.137684106826782,-11.009793758392334,0.21428571428571427
18704,0,0,2074,-15.137684106826782,-11.009793758392334,0.21428571428571427
18705,0,0,2073,-15.137684106826782,-11.009793758392334,0.21428571428571427
18706,0,0,2072,-15.137684106826782,-11.009793758392334,0.21428571428571427
18707,0,0,2071,-15.137684106826782,-11.009793758392334,0.21428571428571427
18708,0,0,2070,-15.137684106826782,-11.009793758392334,0.21428571428571427
18709,0,0,2069,-15.137684106826782,-11.009793758392334,0.21428571428571427
18710,0,0,2068,-15.137684106826782,-11.009793758392334,0.21428571428571427
18711,0,0,2067,-15.137684106826782,-11.009793758392334,0.21428571428571427
18712,0,0,2066,-15.137684106826782,-11.009793758392334,0.21428571428571427
18713,0,0,2065,-15.137684106826782,-11.009793758392334,0.21428571428571427
18714,0,0,2064,-15.137684106826782,-11.009793758392334,0.21428571428571427
18715,0,0,2063,-15.137684106826782,-11.009793758392334,0.21428571428571427
18716,0,0,2062,-15.137684106826782,-11.009793758392334,0.21428571428571427
18717,0,0,2061,-15.137684106826782,-11.009793758392334,0.21428571428571427
18718,0,0,2082,-15.137684106826782,-11.009793758392334,0.21428571428571427
18719,0,0,2083,-15.137684106826782,-11.009793758392334,0.21428571428571427
18720,0,0,2084,-15.137684106826782,-11.009793758392334,0.21428571428571427
18721,0,0,2096,-15.137684106826782,-11.009793758392334,0.21428571428571427
18722,0,0,2105,-15.137684106826782,-11.009793758392334,0.21428571428571427
18723,0,0,2104,-15.137684106826782,-11.009793758392334,0.21428571428571427
18724,0,0,2103,-15.137684106826782,-11.009793758392334,0.21428571428571427
18725,0,0,2102,-15.137684106826782,-11.009793758392334,0.21428571428571427
18726,0,0,2101,-15.137684106826782,-11.009793758392334,0.21428571428571427
18727,0,0,2100,-15.137684106826782,-11.009793758392334,0.21428571428571427
18728,0,0,2099,-15.137684106826782,-11.009793758392334,0.21428571428571427
18729,0,0,2098,-15.137684106826782,-11.009793758392334,0.21428571428571427
18730,0,0,2097,-15.137684106826782,-11.009793758392334,0.21428571428571427
18731,0,0,2095,-15.137684106826782,-11.009793758392334,0.21428571428571427
18732,0,0,2085,-15.137684106826782,-11.009793758392334,0.21428571428571427
18733,0,0,2094,-15.137684106826782,-11.009793758392334,0.21428571428571427
18734,0,0,2093,-15.137684106826782,-11.009793758392334,0.21428571428571427
18735,0,0,2092,-15.137684106826782,-11.009793758392334,0.21428571428571427
18736,0,0,2091,-15.137684106826782,-11.009793758392334,0.21428571428571427
18737,0,0,2090,-15.137684106826782,-11.009793758392334,0.21428571428571427
18738,0,0,2089,-15.137684106826782,-11.009793758392334,0.21428571428571427
18739,0,0,2088,-15.137684106826782,-11.009793758392334,0.21428571428571427
18740,0,0,2087,-15.137684106826782,-11.009793758392334,0.21428571428571427
18741,0,0,2086,-15.137684106826782,-11.009793758392334,0.21428571428571427
18742,0,0,6254,-15.137684106826782,-11.009793758392334,0.21428571428571427
18743,0,0,5213,-15.137684106826782,-11.009793758392334,0.21428571428571427
18744,0,0,6256,-15.137684106826782,-11.009793758392334,0.21428571428571427
18745,0,0,6647,-15.137684106826782,-11.009793758392334,0.21428571428571427
18746,0,0,10429,-15.137684106826782,-11.009793758392334,0.21428571428571427
18747,0,0,6255,-15.137684106826782,-11.009793758392334,0.21428571428571427
18748,0,0,10427,-15.137684106826782,-11.009793758392334,0.21428571428571427
18749,0,0,10426,-15.137684106826782,-11.009793758392334,0.21428571428571427
18750,0,0,10425,-15.137684106826782,-11.009793758392334,0.21428571428571427
18751,0,0,10424,-15.137684106826782,-11.009793758392334,0.21428571428571427
18752,0,0,10423,-15.137684106826782,-11.009793758392334,0.21428571428571427
18753,0,0,10422,-15.137684106826782,-11.009793758392334,0.21428571428571427
18754,0,0,10421,-15.137684106826782,-11.009793758392334,0.21428571428571427
18755,0,0,10420,-15.137684106826782,-11.009793758392334,0.21428571428571427
18756,0,0,10419,-15.137684106826782,-11.009793758392334,0.21428571428571427
18757,0,0,10418,-15.137684106826782,-11.009793758392334,0.21428571428571427
18758,0,0,10417,-15.137684106826782,-11.009793758392334,0.21428571428571427
18759,0,0,10416,-15.137684106826782,-11.009793758392334,0.21428571428571427
18760,0,0,10415,-15.137684106826782,-11.009793758392334,0.21428571428571427
18761,0,0,10414,-15.137684106826782,-11.009793758392334,0.21428571428571427
18762,0,0,10413,-15.137684106826782,-11.009793758392334,0.21428571428571427
18763,0,0,10412,-15.137684106826782,-11.009793758392334,0.21428571428571427
18764,0,0,10411,-15.137684106826782,-11.009793758392334,0.21428571428571427
18765,0,0,10410,-15.137684106826782,-11.009793758392334,0.21428571428571427
18766,0,0,10409,-15.137684106826782,-11.009793758392334,0.21428571428571427
18767,0,0,10430,-15.137684106826782,-11.009793758392334,0.21428571428571427
18768,0,0,10431,-15.137684106826782,-11.009793758392334,0.21428571428571427
18769,0,0,10432,-15.137684106826782,-11.009793758392334,0.21428571428571427
18770,0,0,10444,-15.137684106826782,-11.009793758392334,0.21428571428571427
18771,0,0,10453,-15.137684106826782,-11.009793758392334,0.21428571428571427
18772,0,0,10452,-15.137684106826782,-11.009793758392334,0.21428571428571427
18773,0,0,10451,-15.137684106826782,-11.009793758392334,0.21428571428571427
18774,0,0,10450,-15.137684106826782,-11.009793758392334,0.21428571428571427
18775,0,0,10449,-15.137684106826782,-11.009793758392334,0.21428571428571427
18776,0,0,10448,-15.137684106826782,-11.009793758392334,0.21428571428571427
18777,0,0,10447,-15.137684106826782,-11.009793758392334,0.21428571428571427
18778,0,0,10446,-15.137684106826782,-11.009793758392334,0.21428571428571427
18779,0,0,10445,-15.137684106826782,-11.009793758392334,0.21428571428571427
18780,0,0,10443,-15.137684106826782,-11.009793758392334,0.21428571428571427
18781,0,0,10433,-15.137684106826782,-11.009793758392334,0.21428571428571427
18782,0,0,10442,-15.137684106826782,-11.009793758392334,0.21428571428571427
18783,0,0,10441,-15.137684106826782,-11.009793758392334,0.21428571428571427
18784,0,0,10440,-15.137684106826782,-11.009793758392334,0.21428571428571427
18785,0,0,10439,-15.137684106826782,-11.009793758392334,0.21428571428571427
18786,0,0,10438,-15.137684106826782,-11.009793758392334,0.21428571428571427
18787,0,0,10437,-15.137684106826782,-11.009793758392334,0.21428571428571427
18788,0,0,10436,-15.137684106826782,-11.009793758392334,0.21428571428571427
18789,0,0,10435,-15.137684106826782,-11.009793758392334,0.21428571428571427
18790,0,0,10434,-15.137684106826782,-11.009793758392334,0.21428571428571427
18791,0,0,10408,-15.137684106826782,-11.009793758392334,0.21428571428571427
18792,0,0,10406,-15.137684106826782,-11.009793758392334,0.21428571428571427
18793,0,0,10359,-15.137684106826782,-11.009793758392334,0.21428571428571427
18794,0,0,10405,-15.137684106826782,-11.009793758392334,0.21428571428571427
18795,0,0,10380,-15.137684106826782,-11.009793758392334,0.21428571428571427
18796,0,0,10379,-15.137684106826782,-11.009793758392334,0.21428571428571427
18797,0,0,10378,-15.137684106826782,-11.009793758392334,0.21428571428571427
18798,0,0,10377,-15.137684106826782,-11.009793758392334,0.21428571428571427
18799,0,0,10376,-15.137684106826782,-11.009793758392334,0.21428571428571427
18800,0,0,10375,-15.137684106826782,-11.009793758392334,0.21428571428571427
18801,0,0,10374,-15.137684106826782,-11.009793758392334,0.21428571428571427
18802,0,0,10373,-15.137684106826782,-11.009793758392334,0.21428571428571427
18803,0,0,10372,-15.137684106826782,-11.009793758392334,0.21428571428571427
18804,0,0,10371,-15.137684106826782,-11.009793758392334,0.21428571428571427
18805,0,0,10370,-15.137684106826782,-11.009793758392334,0.21428571428571427
18806,0,0,10369,-15.137684106826782,-11.009793758392334,0.21428571428571427
18807,0,0,10368,-15.137684106826782,-11.009793758392334,0.21428571428571427
18808,0,0,10367,-15.137684106826782,-11.009793758392334,0.21428571428571427
18809,0,0,10366,-15.137684106826782,-11.009793758392334,0.21428571428571427
18810,0,0,10365,-15.137684106826782,-11.009793758392334,0.21428571428571427
18811,0,0,10364,-15.137684106826782,-11.009793758392334,0.21428571428571427
18812,0,0,10363,-15.137684106826782,-11.009793758392334,0.21428571428571427
18813,0,0,10362,-15.137684106826782,-11.009793758392334,0.21428571428571427
18814,0,0,10361,-15.137684106826782,-11.009793758392334,0.21428571428571427
18815,0,0,10360,-15.137684106826782,-11.009793758392334,0.21428571428571427
18816,0,0,10381,-15.137684106826782,-11.009793758392334,0.21428571428571427
18817,0,0,10382,-15.137684106826782,-11.009793758392334,0.21428571428571427
18818,0,0,10383,-15.137684106826782,-11.009793758392334,0.21428571428571427
18819,0,0,10395,-15.137684106826782,-11.009793758392334,0.21428571428571427
18820,0,0,10404,-15.137684106826782,-11.009793758392334,0.21428571428571427
18821,0,0,10403,-15.137684106826782,-11.009793758392334,0.21428571428571427
18822,0,0,10402,-15.137684106826782,-11.009793758392334,0.21428571428571427
18823,0,0,10401,-15.137684106826782,-11.009793758392334,0.21428571428571427
18824,0,0,10400,-15.137684106826782,-11.009793758392334,0.21428571428571427
18825,0,0,10399,-15.137684106826782,-11.009793758392334,0.21428571428571427
18826,0,0,10398,-15.137684106826782,-11.009793758392334,0.21428571428571427
18827,0,0,10397,-15.137684106826782,-11.009793758392334,0.21428571428571427
18828,0,0,10396,-15.137684106826782,-11.009793758392334,0.21428571428571427
18829,0,0,10394,-15.137684106826782,-11.009793758392334,0.21428571428571427
18830,0,0,10384,-15.137684106826782,-11.009793758392334,0.21428571428571427
18831,0,0,10393,-15.137684106826782,-11.009793758392334,0.21428571428571427
18832,0,0,10392,-15.137684106826782,-11.009793758392334,0.21428571428571427
18833,0,0,10391,-15.137684106826782,-11.009793758392334,0.21428571428571427
18834,0,0,10390,-15.137684106826782,-11.009793758392334,0.21428571428571427
18835,0,0,10389,-15.137684106826782,-11.009793758392334,0.21428571428571427
18836,0,0,10388,-15.137684106826782,-11.009793758392334,0.21428571428571427
18837,0,0,10387,-15.137684106826782,-11.009793758392334,0.21428571428571427
18838,0,0,10386,-15.137684106826782,-11.009793758392334,0.21428571428571427
18839,0,0,10385,-15.137684106826782,-11.009793758392334,0.21428571428571427
18840,0,0,10454,-15.137684106826782,-11.009793758392334,0.21428571428571427
18841,0,0,10455,-15.137684106826782,-11.009793758392334,0.21428571428571427
18842,0,0,10456,-15.137684106826782,-11.009793758392334,0.21428571428571427
18843,0,0,10457,-15.137684106826782,-11.009793758392334,0.21428571428571427
18844,0,0,10526,-15.137684106826782,-11.009793758392334,0.21428571428571427
18845,0,0,10525,-15.137684106826782,-11.009793758392334,0.21428571428571427
18846,0,0,10524,-15.137684106826782,-11.009793758392334,0.21428571428571427
18847,0,0,10523,-15.137684106826782,-11.009793758392334,0.21428571428571427
18848,0,0,10522,-15.137684106826782,-11.009793758392334,0.21428571428571427
18849,0,0,10521,-15.137684106826782,-11.009793758392334,0.21428571428571427
18850,0,0,10520,-15.137684106826782,-11.009793758392334,0.21428571428571427
18851,0,0,10519,-15.137684106826782,-11.009793758392334,0.21428571428571427
18852,0,0,10518,-15.137684106826782,-11.009793758392334,0.21428571428571427
18853,0,0,10516,-15.137684106826782,-11.009793758392334,0.21428571428571427
18854,0,0,10506,-15.137684106826782,-11.009793758392334,0.21428571428571427
18855,0,0,10515,-15.137684106826782,-11.009793758392334,0.21428571428571427
18856,0,0,10514,-15.137684106826782,-11.009793758392334,0.21428571428571427
18857,0,0,10513,-15.137684106826782,-11.009793758392334,0.21428571428571427
18858,0,0,10512,-15.137684106826782,-11.009793758392334,0.21428571428571427
18859,0,0,10511,-15.137684106826782,-11.009793758392334,0.21428571428571427
18860,0,0,10510,-15.137684106826782,-11.009793758392334,0.21428571428571427
18861,0,0,10509,-15.137684106826782,-11.009793758392334,0.21428571428571427
18862,0,0,10508,-15.137684106826782,-11.009793758392334,0.21428571428571427
18863,0,0,10507,-15.137684106826782,-11.009793758392334,0.21428571428571427
18864,0,0,10527,-15.137684106826782,-11.009793758392334,0.21428571428571427
18865,0,0,10517,-15.137684106826782,-11.009793758392334,0.21428571428571427
18866,0,0,10528,-15.137684106826782,-11.009793758392334,0.21428571428571427
18867,0,0,10541,-15.137684106826782,-11.009793758392334,0.21428571428571427
18868,0,0,10550,-15.137684106826782,-11.009793758392334,0.21428571428571427
18869,0,0,10549,-15.137684106826782,-11.009793758392334,0.21428571428571427
18870,0,0,10548,-15.137684106826782,-11.009793758392334,0.21428571428571427
18871,0,0,10547,-15.137684106826782,-11.009793758392334,0.21428571428571427
18872,0,0,10546,-15.137684106826782,-11.009793758392334,0.21428571428571427
18873,0,0,10545,-15.137684106826782,-11.009793758392334,0.21428571428571427
18874,0,0,10544,-15.137684106826782,-11.009793758392334,0.21428571428571427
18875,0,0,10543,-15.137684106826782,-11.009793758392334,0.21428571428571427
18876,0,0,10542,-15.137684106826782,-11.009793758392334,0.21428571428571427
18877,0,0,10540,-15.137684106826782,-11.009793758392334,0.21428571428571427
18878,0,0,10530,-15.137684106826782,-11.009793758392334,0.21428571428571427
18879,0,0,10539,-15.137684106826782,-11.009793758392334,0.21428571428571427
18880,0,0,10538,-15.137684106826782,-11.009793758392334,0.21428571428571427
18881,0,0,10537,-15.137684106826782,-11.009793758392334,0.21428571428571427
18882,0,0,10536,-15.137684106826782,-11.009793758392334,0.21428571428571427
18883,0,0,10535,-15.137684106826782,-11.009793758392334,0.21428571428571427
18884,0,0,10534,-15.137684106826782,-11.009793758392334,0.21428571428571427
18885,0,0,10533,-15.137684106826782,-11.009793758392334,0.21428571428571427
18886,0,0,10532,-15.137684106826782,-11.009793758392334,0.21428571428571427
18887,0,0,10531,-15.137684106826782,-11.009793758392334,0.21428571428571427
18888,0,0,10529,-15.137684106826782,-11.009793758392334,0.21428571428571427
18889,0,0,10505,-15.137684106826782,-11.009793758392334,0.21428571428571427
18890,0,0,10504,-15.137684106826782,-11.009793758392334,0.21428571428571427
18891,0,0,10503,-15.137684106826782,-11.009793758392334,0.21428571428571427
18892,0,0,10478,-15.137684106826782,-11.009793758392334,0.21428571428571427
18893,0,0,10477,-15.137684106826782,-11.009793758392334,0.21428571428571427
18894,0,0,10476,-15.137684106826782,-11.009793758392334,0.21428571428571427
18895,0,0,10475,-15.137684106826782,-11.009793758392334,0.21428571428571427
18896,0,0,10474,-15.137684106826782,-11.009793758392334,0.21428571428571427
18897,0,0,10473,-15.137684106826782,-11.009793758392334,0.21428571428571427
18898,0,0,10472,-15.137684106826782,-11.009793758392334,0.21428571428571427
18899,0,0,10471,-15.137684106826782,-11.009793758392334,0.21428571428571427
18900,0,0,10470,-15.137684106826782,-11.009793758392334,0.21428571428571427
18901,0,0,10469,-15.137684106826782,-11.009793758392334,0.21428571428571427
18902,0,0,10468,-15.137684106826782,-11.009793758392334,0.21428571428571427
18903,0,0,10467,-15.137684106826782,-11.009793758392334,0.21428571428571427
18904,0,0,10466,-15.137684106826782,-11.009793758392334,0.21428571428571427
18905,0,0,10465,-15.137684106826782,-11.009793758392334,0.21428571428571427
18906,0,0,10464,-15.137684106826782,-11.009793758392334,0.21428571428571427
18907,0,0,10463,-15.137684106826782,-11.009793758392334,0.21428571428571427
18908,0,0,10462,-15.137684106826782,-11.009793758392334,0.21428571428571427
18909,0,0,10461,-15.137684106826782,-11.009793758392334,0.21428571428571427
18910,0,0,10460,-15.137684106826782,-11.009793758392334,0.21428571428571427
18911,0,0,10459,-15.137684106826782,-11.009793758392334,0.21428571428571427
18912,0,0,10458,-15.137684106826782,-11.009793758392334,0.21428571428571427
18913,0,0,10479,-15.137684106826782,-11.009793758392334,0.21428571428571427
18914,0,0,10480,-15.137684106826782,-11.009793758392334,0.21428571428571427
18915,0,0,10481,-15.137684106826782,-11.009793758392334,0.21428571428571427
18916,0,0,10493,-15.137684106826782,-11.009793758392334,0.21428571428571427
18917,0,0,10502,-15.137684106826782,-11.009793758392334,0.21428571428571427
18918,0,0,10501,-15.137684106826782,-11.009793758392334,0.21428571428571427
18919,0,0,10500,-15.137684106826782,-11.009793758392334,0.21428571428571427
18920,0,0,10499,-15.137684106826782,-11.009793758392334,0.21428571428571427
18921,0,0,10498,-15.137684106826782,-11.009793758392334,0.21428571428571427
18922,0,0,10497,-15.137684106826782,-11.009793758392334,0.21428571428571427
18923,0,0,10496,-15.137684106826782,-11.009793758392334,0.21428571428571427
18924,0,0,10495,-15.137684106826782,-11.009793758392334,0.21428571428571427
18925,0,0,10494,-15.137684106826782,-11.009793758392334,0.21428571428571427
18926,0,0,10492,-15.137684106826782,-11.009793758392334,0.21428571428571427
18927,0,0,10482,-15.137684106826782,-11.009793758392334,0.21428571428571427
18928,0,0,10491,-15.137684106826782,-11.009793758392334,0.21428571428571427
18929,0,0,10490,-15.137684106826782,-11.009793758392334,0.21428571428571427
18930,0,0,10489,-15.137684106826782,-11.009793758392334,0.21428571428571427
18931,0,0,10488,-15.137684106826782,-11.009793758392334,0.21428571428571427
18932,0,0,10487,-15.137684106826782,-11.009793758392334,0.21428571428571427
18933,0,0,10486,-15.137684106826782,-11.009793758392334,0.21428571428571427
18934,0,0,10485,-15.137684106826782,-11.009793758392334,0.21428571428571427
18935,0,0,10484,-15.137684106826782,-11.009793758392334,0.21428571428571427
18936,0,0,10483,-15.137684106826782,-11.009793758392334,0.21428571428571427
18937,0,0,10407,-15.137684106826782,-11.009793758392334,0.21428571428571427
18938,0,0,10358,-15.137684106826782,-11.009793758392334,0.21428571428571427
18939,0,0,10357,-15.137684106826782,-11.009793758392334,0.21428571428571427
18940,0,0,10356,-15.137684106826782,-11.009793758392334,0.21428571428571427
18941,0,0,10233,-15.137684106826782,-11.009793758392334,0.21428571428571427
18942,0,0,10232,-15.137684106826782,-11.009793758392334,0.21428571428571427
18943,0,0,10231,-15.137684106826782,-11.009793758392334,0.21428571428571427
18944,0,0,10230,-15.137684106826782,-11.009793758392334,0.21428571428571427
18945,0,0,10229,-15.137684106826782,-11.009793758392334,0.21428571428571427
18946,0,0,10228,-15.137684106826782,-11.009793758392334,0.21428571428571427
18947,0,0,10227,-15.137684106826782,-11.009793758392334,0.21428571428571427
18948,0,0,10226,-15.137684106826782,-11.009793758392334,0.21428571428571427
18949,0,0,10225,-15.137684106826782,-11.009793758392334,0.21428571428571427
18950,0,0,10224,-15.137684106826782,-11.009793758392334,0.21428571428571427
18951,0,0,10223,-15.137684106826782,-11.009793758392334,0.21428571428571427
18952,0,0,10222,-15.137684106826782,-11.009793758392334,0.21428571428571427
18953,0,0,10221,-15.137684106826782,-11.009793758392334,0.21428571428571427
18954,0,0,10220,-15.137684106826782,-11.009793758392334,0.21428571428571427
18955,0,0,10219,-15.137684106826782,-11.009793758392334,0.21428571428571427
18956,0,0,10218,-15.137684106826782,-11.009793758392334,0.21428571428571427
18957,0,0,10217,-15.137684106826782,-11.009793758392334,0.21428571428571427
18958,0,0,10216,-15.137684106826782,-11.009793758392334,0.21428571428571427
18959,0,0,10215,-15.137684106826782,-11.009793758392334,0.21428571428571427
18960,0,0,10214,-15.137684106826782,-11.009793758392334,0.21428571428571427
18961,0,0,10213,-15.137684106826782,-11.009793758392334,0.21428571428571427
18962,0,0,10234,-15.137684106826782,-11.009793758392334,0.21428571428571427
18963,0,0,10235,-15.137684106826782,-11.009793758392334,0.21428571428571427
18964,0,0,10236,-15.137684106826782,-11.009793758392334,0.21428571428571427
18965,0,0,10248,-15.137684106826782,-11.009793758392334,0.21428571428571427
18966,0,0,10257,-15.137684106826782,-11.009793758392334,0.21428571428571427
18967,0,0,10256,-15.137684106826782,-11.009793758392334,0.21428571428571427
18968,0,0,10255,-15.137684106826782,-11.009793758392334,0.21428571428571427
18969,0,0,10254,-15.137684106826782,-11.009793758392334,0.21428571428571427
18970,0,0,10253,-15.137684106826782,-11.009793758392334,0.21428571428571427
18971,0,0,10252,-15.137684106826782,-11.009793758392334,0.21428571428571427
18972,0,0,10251,-15.137684106826782,-11.009793758392334,0.21428571428571427
18973,0,0,10250,-15.137684106826782,-11.009793758392334,0.21428571428571427
18974,0,0,10249,-15.137684106826782,-11.009793758392334,0.21428571428571427
18975,0,0,10247,-15.137684106826782,-11.009793758392334,0.21428571428571427
18976,0,0,10237,-15.137684106826782,-11.009793758392334,0.21428571428571427
18977,0,0,10246,-15.137684106826782,-11.009793758392334,0.21428571428571427
18978,0,0,10245,-15.137684106826782,-11.009793758392334,0.21428571428571427
18979,0,0,10244,-15.137684106826782,-11.009793758392334,0.21428571428571427
18980,0,0,10243,-15.137684106826782,-11.009793758392334,0.21428571428571427
18981,0,0,10242,-15.137684106826782,-11.009793758392334,0.21428571428571427
18982,0,0,10241,-15.137684106826782,-11.009793758392334,0.21428571428571427
18983,0,0,10240,-15.137684106826782,-11.009793758392334,0.21428571428571427
18984,0,0,10239,-15.137684106826782,-11.009793758392334,0.21428571428571427
18985,0,0,10238,-15.137684106826782,-11.009793758392334,0.21428571428571427
18986,0,0,10212,-15.137684106826782,-11.009793758392334,0.21428571428571427
18987,0,0,10210,-15.137684106826782,-11.009793758392334,0.21428571428571427
18988,0,0,10163,-15.137684106826782,-11.009793758392334,0.21428571428571427
18989,0,0,10209,-15.137684106826782,-11.009793758392334,0.21428571428571427
18990,0,0,10184,-15.137684106826782,-11.009793758392334,0.21428571428571427
18991,0,0,10183,-15.137684106826782,-11.009793758392334,0.21428571428571427
18992,0,0,10182,-15.137684106826782,-11.009793758392334,0.21428571428571427
18993,0,0,10181,-15.137684106826782,-11.009793758392334,0.21428571428571427
18994,0,0,10180,-15.137684106826782,-11.009793758392334,0.21428571428571427
18995,0,0,10179,-15.137684106826782,-11.009793758392334,0.21428571428571427
18996,0,0,10178,-15.137684106826782,-11.009793758392334,0.21428571428571427
18997,0,0,10177,-15.137684106826782,-11.009793758392334,0.21428571428571427
18998,0,0,10176,-15.137684106826782,-11.009793758392334,0.21428571428571427
18999,0,0,10175,-15.137684106826782,-11.009793758392334,0.21428571428571427
19000,0,0,10174,-15.137684106826782,-11.009793758392334,0.21428571428571427
19001,0,0,10173,-15.137684106826782,-11.009793758392334,0.21428571428571427
19002,0,0,10172,-15.137684106826782,-11.009793758392334,0.21428571428571427
19003,0,0,10171,-15.137684106826782,-11.009793758392334,0.21428571428571427
19004,0,0,10170,-15.137684106826782,-11.009793758392334,0.21428571428571427
19005,0,0,10169,-15.137684106826782,-11.009793758392334,0.21428571428571427
19006,0,0,10168,-15.137684106826782,-11.009793758392334,0.21428571428571427
19007,0,0,10167,-15.137684106826782,-11.009793758392334,0.21428571428571427
19008,0,0,10166,-15.137684106826782,-11.009793758392334,0.21428571428571427
19009,0,0,10165,-15.137684106826782,-11.009793758392334,0.21428571428571427
19010,0,0,10164,-15.137684106826782,-11.009793758392334,0.21428571428571427
19011,0,0,10185,-15.137684106826782,-11.009793758392334,0.21428571428571427
19012,0,0,10186,-15.137684106826782,-11.009793758392334,0.21428571428571427
19013,0,0,10187,-15.137684106826782,-11.009793758392334,0.21428571428571427
19014,0,0,10199,-15.137684106826782,-11.009793758392334,0.21428571428571427
19015,0,0,10208,-15.137684106826782,-11.009793758392334,0.21428571428571427
19016,0,0,10207,-15.137684106826782,-11.009793758392334,0.21428571428571427
19017,0,0,10206,-15.137684106826782,-11.009793758392334,0.21428571428571427
19018,0,0,10205,-15.137684106826782,-11.009793758392334,0.21428571428571427
19019,0,0,10204,-15.137684106826782,-11.009793758392334,0.21428571428571427
19020,0,0,10203,-15.137684106826782,-11.009793758392334,0.21428571428571427
19021,0,0,10202,-15.137684106826782,-11.009793758392334,0.21428571428571427
19022,0,0,10201,-15.137684106826782,-11.009793758392334,0.21428571428571427
19023,0,0,10200,-15.137684106826782,-11.009793758392334,0.21428571428571427
19024,0,0,10198,-15.137684106826782,-11.009793758392334,0.21428571428571427
19025,0,0,10188,-15.137684106826782,-11.009793758392334,0.21428571428571427
19026,0,0,10197,-15.137684106826782,-11.009793758392334,0.21428571428571427
19027,0,0,10196,-15.137684106826782,-11.009793758392334,0.21428571428571427
19028,0,0,10195,-15.137684106826782,-11.009793758392334,0.21428571428571427
19029,0,0,10194,-15.137684106826782,-11.009793758392334,0.21428571428571427
19030,0,0,10193,-15.137684106826782,-11.009793758392334,0.21428571428571427
19031,0,0,10192,-15.137684106826782,-11.009793758392334,0.21428571428571427
19032,0,0,10191,-15.137684106826782,-11.009793758392334,0.21428571428571427
19033,0,0,10190,-15.137684106826782,-11.009793758392334,0.21428571428571427
19034,0,0,10189,-15.137684106826782,-11.009793758392334,0.21428571428571427
19035,0,0,10258,-15.137684106826782,-11.009793758392334,0.21428571428571427
19036,0,0,10211,-15.137684106826782,-11.009793758392334,0.21428571428571427
19037,0,0,10259,-15.137684106826782,-11.009793758392334,0.21428571428571427
19038,0,0,10309,-15.137684106826782,-11.009793758392334,0.21428571428571427
19039,0,0,10331,-15.137684106826782,-11.009793758392334,0.21428571428571427
19040,0,0,10330,-15.137684106826782,-11.009793758392334,0.21428571428571427
19041,0,0,10329,-15.137684106826782,-11.009793758392334,0.21428571428571427
19042,0,0,10328,-15.137684106826782,-11.009793758392334,0.21428571428571427
19043,0,0,10327,-15.137684106826782,-11.009793758392334,0.21428571428571427
19044,0,0,10326,-15.137684106826782,-11.009793758392334,0.21428571428571427
19045,0,0,10325,-15.137684106826782,-11.009793758392334,0.21428571428571427
19046,0,0,10324,-15.137684106826782,-11.009793758392334,0.21428571428571427
19047,0,0,10323,-15.137684106826782,-11.009793758392334,0.21428571428571427
19048,0,0,10322,-15.137684106826782,-11.009793758392334,0.21428571428571427
19049,0,0,10321,-15.137684106826782,-11.009793758392334,0.21428571428571427
19050,0,0,10320,-15.137684106826782,-11.009793758392334,0.21428571428571427
19051,0,0,10319,-15.137684106826782,-11.009793758392334,0.21428571428571427
19052,0,0,10318,-15.137684106826782,-11.009793758392334,0.21428571428571427
19053,0,0,10317,-15.137684106826782,-11.009793758392334,0.21428571428571427
19054,0,0,10316,-15.137684106826782,-11.009793758392334,0.21428571428571427
19055,0,0,10315,-15.137684106826782,-11.009793758392334,0.21428571428571427
19056,0,0,10314,-15.137684106826782,-11.009793758392334,0.21428571428571427
19057,0,0,10313,-15.137684106826782,-11.009793758392334,0.21428571428571427
19058,0,0,10312,-15.137684106826782,-11.009793758392334,0.21428571428571427
19059,0,0,10311,-15.137684106826782,-11.009793758392334,0.21428571428571427
19060,0,0,10332,-15.137684106826782,-11.009793758392334,0.21428571428571427
19061,0,0,10333,-15.137684106826782,-11.009793758392334,0.21428571428571427
19062,0,0,10334,-15.137684106826782,-11.009793758392334,0.21428571428571427
19063,0,0,10346,-15.137684106826782,-11.009793758392334,0.21428571428571427
19064,0,0,10355,-15.137684106826782,-11.009793758392334,0.21428571428571427
19065,0,0,10354,-15.137684106826782,-11.009793758392334,0.21428571428571427
19066,0,0,10353,-15.137684106826782,-11.009793758392334,0.21428571428571427
19067,0,0,10352,-15.137684106826782,-11.009793758392334,0.21428571428571427
19068,0,0,10351,-15.137684106826782,-11.009793758392334,0.21428571428571427
19069,0,0,10350,-15.137684106826782,-11.009793758392334,0.21428571428571427
19070,0,0,10349,-15.137684106826782,-11.009793758392334,0.21428571428571427
19071,0,0,10348,-15.137684106826782,-11.009793758392334,0.21428571428571427
19072,0,0,10347,-15.137684106826782,-11.009793758392334,0.21428571428571427
19073,0,0,10345,-15.137684106826782,-11.009793758392334,0.21428571428571427
19074,0,0,10335,-15.137684106826782,-11.009793758392334,0.21428571428571427
19075,0,0,10344,-15.137684106826782,-11.009793758392334,0.21428571428571427
19076,0,0,10343,-15.137684106826782,-11.009793758392334,0.21428571428571427
19077,0,0,10342,-15.137684106826782,-11.009793758392334,0.21428571428571427
19078,0,0,10341,-15.137684106826782,-11.009793758392334,0.21428571428571427
19079,0,0,10340,-15.137684106826782,-11.009793758392334,0.21428571428571427
19080,0,0,10339,-15.137684106826782,-11.009793758392334,0.21428571428571427
19081,0,0,10338,-15.137684106826782,-11.009793758392334,0.21428571428571427
19082,0,0,10337,-15.137684106826782,-11.009793758392334,0.21428571428571427
19083,0,0,10336,-15.137684106826782,-11.009793758392334,0.21428571428571427
19084,0,0,10310,-15.137684106826782,-11.009793758392334,0.21428571428571427
19085,0,0,10308,-15.137684106826782,-11.009793758392334,0.21428571428571427
19086,0,0,10261,-15.137684106826782,-11.009793758392334,0.21428571428571427
19087,0,0,10307,-15.137684106826782,-11.009793758392334,0.21428571428571427
19088,0,0,10282,-15.137684106826782,-11.009793758392334,0.21428571428571427
19089,0,0,10281,-15.137684106826782,-11.009793758392334,0.21428571428571427
19090,0,0,10280,-15.137684106826782,-11.009793758392334,0.21428571428571427
19091,0,0,10279,-15.137684106826782,-11.009793758392334,0.21428571428571427
19092,0,0,10278,-15.137684106826782,-11.009793758392334,0.21428571428571427
19093,0,0,10277,-15.137684106826782,-11.009793758392334,0.21428571428571427
19094,0,0,10276,-15.137684106826782,-11.009793758392334,0.21428571428571427
19095,0,0,10275,-15.137684106826782,-11.009793758392334,0.21428571428571427
19096,0,0,10274,-15.137684106826782,-11.009793758392334,0.21428571428571427
19097,0,0,10273,-15.137684106826782,-11.009793758392334,0.21428571428571427
19098,0,0,10272,-15.137684106826782,-11.009793758392334,0.21428571428571427
19099,0,0,10271,-15.137684106826782,-11.009793758392334,0.21428571428571427
19100,0,0,10270,-15.137684106826782,-11.009793758392334,0.21428571428571427
19101,0,0,10269,-15.137684106826782,-11.009793758392334,0.21428571428571427
19102,0,0,10268,-15.137684106826782,-11.009793758392334,0.21428571428571427
19103,0,0,10267,-15.137684106826782,-11.009793758392334,0.21428571428571427
19104,0,0,10266,-15.137684106826782,-11.009793758392334,0.21428571428571427
19105,0,0,10265,-15.137684106826782,-11.009793758392334,0.21428571428571427
19106,0,0,10264,-15.137684106826782,-11.009793758392334,0.21428571428571427
19107,0,0,10263,-15.137684106826782,-11.009793758392334,0.21428571428571427
19108,0,0,10262,-15.137684106826782,-11.009793758392334,0.21428571428571427
19109,0,0,10283,-15.137684106826782,-11.009793758392334,0.21428571428571427
19110,0,0,10284,-15.137684106826782,-11.009793758392334,0.21428571428571427
19111,0,0,10285,-15.137684106826782,-11.009793758392334,0.21428571428571427
19112,0,0,10297,-15.137684106826782,-11.009793758392334,0.21428571428571427
19113,0,0,10306,-15.137684106826782,-11.009793758392334,0.21428571428571427
19114,0,0,10305,-15.137684106826782,-11.009793758392334,0.21428571428571427
19115,0,0,10304,-15.137684106826782,-11.009793758392334,0.21428571428571427
19116,0,0,10303,-15.137684106826782,-11.009793758392334,0.21428571428571427
19117,0,0,10302,-15.137684106826782,-11.009793758392334,0.21428571428571427
19118,0,0,10301,-15.137684106826782,-11.009793758392334,0.21428571428571427
19119,0,0,10300,-15.137684106826782,-11.009793758392334,0.21428571428571427
19120,0,0,10299,-15.137684106826782,-11.009793758392334,0.21428571428571427
19121,0,0,10298,-15.137684106826782,-11.009793758392334,0.21428571428571427
19122,0,0,10296,-15.137684106826782,-11.009793758392334,0.21428571428571427
19123,0,0,10286,-15.137684106826782,-11.009793758392334,0.21428571428571427
19124,0,0,10295,-15.137684106826782,-11.009793758392334,0.21428571428571427
19125,0,0,10294,-15.137684106826782,-11.009793758392334,0.21428571428571427
19126,0,0,10293,-15.137684106826782,-11.009793758392334,0.21428571428571427
19127,0,0,10292,-15.137684106826782,-11.009793758392334,0.21428571428571427
19128,0,0,10291,-15.137684106826782,-11.009793758392334,0.21428571428571427
19129,0,0,10290,-15.137684106826782,-11.009793758392334,0.21428571428571427
19130,0,0,10289,-15.137684106826782,-11.009793758392334,0.21428571428571427
19131,0,0,10288,-15.137684106826782,-11.009793758392334,0.21428571428571427
19132,0,0,10287,-15.137684106826782,-11.009793758392334,0.21428571428571427
19133,0,0,10551,-15.137684106826782,-11.009793758392334,0.21428571428571427
19134,0,0,10552,-15.137684106826782,-11.009793758392334,0.21428571428571427
19135,0,0,10553,-15.137684106826782,-11.009793758392334,0.21428571428571427
19136,0,0,10748,-15.137684106826782,-11.009793758392334,0.21428571428571427
19137,0,0,10819,-15.137684106826782,-11.009793758392334,0.21428571428571427
19138,0,0,10818,-15.137684106826782,-11.009793758392334,0.21428571428571427
19139,0,0,10817,-15.137684106826782,-11.009793758392334,0.21428571428571427
19140,0,0,10816,-15.137684106826782,-11.009793758392334,0.21428571428571427
19141,0,0,10815,-15.137684106826782,-11.009793758392334,0.21428571428571427
19142,0,0,10814,-15.137684106826782,-11.009793758392334,0.21428571428571427
19143,0,0,10813,-15.137684106826782,-11.009793758392334,0.21428571428571427
19144,0,0,10812,-15.137684106826782,-11.009793758392334,0.21428571428571427
19145,0,0,10811,-15.137684106826782,-11.009793758392334,0.21428571428571427
19146,0,0,10810,-15.137684106826782,-11.009793758392334,0.21428571428571427
19147,0,0,10809,-15.137684106826782,-11.009793758392334,0.21428571428571427
19148,0,0,10808,-15.137684106826782,-11.009793758392334,0.21428571428571427
19149,0,0,10807,-15.137684106826782,-11.009793758392334,0.21428571428571427
19150,0,0,10806,-15.137684106826782,-11.009793758392334,0.21428571428571427
19151,0,0,10805,-15.137684106826782,-11.009793758392334,0.21428571428571427
19152,0,0,10804,-15.137684106826782,-11.009793758392334,0.21428571428571427
19153,0,0,10803,-15.137684106826782,-11.009793758392334,0.21428571428571427
19154,0,0,10802,-15.137684106826782,-11.009793758392334,0.21428571428571427
19155,0,0,10801,-15.137684106826782,-11.009793758392334,0.21428571428571427
19156,0,0,10800,-15.137684106826782,-11.009793758392334,0.21428571428571427
19157,0,0,10799,-15.137684106826782,-11.009793758392334,0.21428571428571427
19158,0,0,10820,-15.137684106826782,-11.009793758392334,0.21428571428571427
19159,0,0,10821,-15.137684106826782,-11.009793758392334,0.21428571428571427
19160,0,0,10822,-15.137684106826782,-11.009793758392334,0.21428571428571427
19161,0,0,10834,-15.137684106826782,-11.009793758392334,0.21428571428571427
19162,0,0,10843,-15.137684106826782,-11.009793758392334,0.21428571428571427
19163,0,0,10842,-15.137684106826782,-11.009793758392334,0.21428571428571427
19164,0,0,10841,-15.137684106826782,-11.009793758392334,0.21428571428571427
19165,0,0,10840,-15.137684106826782,-11.009793758392334,0.21428571428571427
19166,0,0,10839,-15.137684106826782,-11.009793758392334,0.21428571428571427
19167,0,0,10838,-15.137684106826782,-11.009793758392334,0.21428571428571427
19168,0,0,10837,-15.137684106826782,-11.009793758392334,0.21428571428571427
19169,0,0,10836,-15.137684106826782,-11.009793758392334,0.21428571428571427
19170,0,0,10835,-15.137684106826782,-11.009793758392334,0.21428571428571427
19171,0,0,10833,-15.137684106826782,-11.009793758392334,0.21428571428571427
19172,0,0,10823,-15.137684106826782,-11.009793758392334,0.21428571428571427
19173,0,0,10832,-15.137684106826782,-11.009793758392334,0.21428571428571427
19174,0,0,10831,-15.137684106826782,-11.009793758392334,0.21428571428571427
19175,0,0,10830,-15.137684106826782,-11.009793758392334,0.21428571428571427
19176,0,0,10829,-15.137684106826782,-11.009793758392334,0.21428571428571427
19177,0,0,10828,-15.137684106826782,-11.009793758392334,0.21428571428571427
19178,0,0,10827,-15.137684106826782,-11.009793758392334,0.21428571428571427
19179,0,0,10826,-15.137684106826782,-11.009793758392334,0.21428571428571427
19180,0,0,10825,-15.137684106826782,-11.009793758392334,0.21428571428571427
19181,0,0,10824,-15.137684106826782,-11.009793758392334,0.21428571428571427
19182,0,0,10798,-15.137684106826782,-11.009793758392334,0.21428571428571427
19183,0,0,10796,-15.137684106826782,-11.009793758392334,0.21428571428571427
19184,0,0,10749,-15.137684106826782,-11.009793758392334,0.21428571428571427
19185,0,0,10795,-15.137684106826782,-11.009793758392334,0.21428571428571427
19186,0,0,10770,-15.137684106826782,-11.009793758392334,0.21428571428571427
19187,0,0,10769,-15.137684106826782,-11.009793758392334,0.21428571428571427
19188,0,0,10768,-15.137684106826782,-11.009793758392334,0.21428571428571427
19189,0,0,10767,-15.137684106826782,-11.009793758392334,0.21428571428571427
19190,0,0,10766,-15.137684106826782,-11.009793758392334,0.21428571428571427
19191,0,0,10765,-15.137684106826782,-11.009793758392334,0.21428571428571427
19192,0,0,10764,-15.137684106826782,-11.009793758392334,0.21428571428571427
19193,0,0,10763,-15.137684106826782,-11.009793758392334,0.21428571428571427
19194,0,0,10762,-15.137684106826782,-11.009793758392334,0.21428571428571427
19195,0,0,10761,-15.137684106826782,-11.009793758392334,0.21428571428571427
19196,0,0,10760,-15.137684106826782,-11.009793758392334,0.21428571428571427
19197,0,0,10759,-15.137684106826782,-11.009793758392334,0.21428571428571427
19198,0,0,10758,-15.137684106826782,-11.009793758392334,0.21428571428571427
19199,0,0,10757,-15.137684106826782,-11.009793758392334,0.21428571428571427
19200,0,0,10756,-15.137684106826782,-11.009793758392334,0.21428571428571427
19201,0,0,10755,-15.137684106826782,-11.009793758392334,0.21428571428571427
19202,0,0,10754,-15.137684106826782,-11.009793758392334,0.21428571428571427
19203,0,0,10753,-15.137684106826782,-11.009793758392334,0.21428571428571427
19204,0,0,10752,-15.137684106826782,-11.009793758392334,0.21428571428571427
19205,0,0,10751,-15.137684106826782,-11.009793758392334,0.21428571428571427
19206,0,0,10750,-15.137684106826782,-11.009793758392334,0.21428571428571427
19207,0,0,10771,-15.137684106826782,-11.009793758392334,0.21428571428571427
19208,0,0,10772,-15.137684106826782,-11.009793758392334,0.21428571428571427
19209,0,0,10773,-15.137684106826782,-11.009793758392334,0.21428571428571427
19210,0,0,10785,-15.137684106826782,-11.009793758392334,0.21428571428571427
19211,0,0,10794,-15.137684106826782,-11.009793758392334,0.21428571428571427
19212,0,0,10793,-15.137684106826782,-11.009793758392334,0.21428571428571427
19213,0,0,10792,-15.137684106826782,-11.009793758392334,0.21428571428571427
19214,0,0,10791,-15.137684106826782,-11.009793758392334,0.21428571428571427
19215,0,0,10790,-15.137684106826782,-11.009793758392334,0.21428571428571427
19216,0,0,10789,-15.137684106826782,-11.009793758392334,0.21428571428571427
19217,0,0,10788,-15.137684106826782,-11.009793758392334,0.21428571428571427
19218,0,0,10787,-15.137684106826782,-11.009793758392334,0.21428571428571427
19219,0,0,10786,-15.137684106826782,-11.009793758392334,0.21428571428571427
19220,0,0,10784,-15.137684106826782,-11.009793758392334,0.21428571428571427
19221,0,0,10774,-15.137684106826782,-11.009793758392334,0.21428571428571427
19222,0,0,10783,-15.137684106826782,-11.009793758392334,0.21428571428571427
19223,0,0,10782,-15.137684106826782,-11.009793758392334,0.21428571428571427
19224,0,0,10781,-15.137684106826782,-11.009793758392334,0.21428571428571427
19225,0,0,10780,-15.137684106826782,-11.009793758392334,0.21428571428571427
19226,0,0,10779,-15.137684106826782,-11.009793758392334,0.21428571428571427
19227,0,0,10778,-15.137684106826782,-11.009793758392334,0.21428571428571427
19228,0,0,10777,-15.137684106826782,-11.009793758392334,0.21428571428571427
19229,0,0,10776,-15.137684106826782,-11.009793758392334,0.21428571428571427
19230,0,0,10775,-15.137684106826782,-11.009793758392334,0.21428571428571427
19231,0,0,10844,-15.137684106826782,-11.009793758392334,0.21428571428571427
19232,0,0,10845,-15.137684106826782,-11.009793758392334,0.21428571428571427
19233,0,0,10846,-15.137684106826782,-11.009793758392334,0.21428571428571427
19234,0,0,10847,-15.137684106826782,-11.009793758392334,0.21428571428571427
19235,0,0,10916,-15.137684106826782,-11.009793758392334,0.21428571428571427
19236,0,0,10915,-15.137684106826782,-11.009793758392334,0.21428571428571427
19237,0,0,10914,-15.137684106826782,-11.009793758392334,0.21428571428571427
19238,0,0,10913,-15.137684106826782,-11.009793758392334,0.21428571428571427
19239,0,0,10912,-15.137684106826782,-11.009793758392334,0.21428571428571427
19240,0,0,10911,-15.137684106826782,-11.009793758392334,0.21428571428571427
19241,0,0,10910,-15.137684106826782,-11.009793758392334,0.21428571428571427
19242,0,0,10909,-15.137684106826782,-11.009793758392334,0.21428571428571427
19243,0,0,10908,-15.137684106826782,-11.009793758392334,0.21428571428571427
19244,0,0,10906,-15.137684106826782,-11.009793758392334,0.21428571428571427
19245,0,0,10896,-15.137684106826782,-11.009793758392334,0.21428571428571427
19246,0,0,10905,-15.137684106826782,-11.009793758392334,0.21428571428571427
19247,0,0,10904,-15.137684106826782,-11.009793758392334,0.21428571428571427
19248,0,0,10903,-15.137684106826782,-11.009793758392334,0.21428571428571427
19249,0,0,10902,-15.137684106826782,-11.009793758392334,0.21428571428571427
19250,0,0,10901,-15.137684106826782,-11.009793758392334,0.21428571428571427
19251,0,0,10900,-15.137684106826782,-11.009793758392334,0.21428571428571427
19252,0,0,10899,-15.137684106826782,-11.009793758392334,0.21428571428571427
19253,0,0,10898,-15.137684106826782,-11.009793758392334,0.21428571428571427
19254,0,0,10897,-15.137684106826782,-11.009793758392334,0.21428571428571427
19255,0,0,10917,-15.137684106826782,-11.009793758392334,0.21428571428571427
19256,0,0,10907,-15.137684106826782,-11.009793758392334,0.21428571428571427
19257,0,0,10918,-15.137684106826782,-11.009793758392334,0.21428571428571427
19258,0,0,10931,-15.137684106826782,-11.009793758392334,0.21428571428571427
19259,0,0,10940,-15.137684106826782,-11.009793758392334,0.21428571428571427
19260,0,0,10939,-15.137684106826782,-11.009793758392334,0.21428571428571427
19261,0,0,10938,-15.137684106826782,-11.009793758392334,0.21428571428571427
19262,0,0,10937,-15.137684106826782,-11.009793758392334,0.21428571428571427
19263,0,0,10936,-15.137684106826782,-11.009793758392334,0.21428571428571427
19264,0,0,10935,-15.137684106826782,-11.009793758392334,0.21428571428571427
19265,0,0,10934,-15.137684106826782,-11.009793758392334,0.21428571428571427
19266,0,0,10933,-15.137684106826782,-11.009793758392334,0.21428571428571427
19267,0,0,10932,-15.137684106826782,-11.009793758392334,0.21428571428571427
19268,0,0,10930,-15.137684106826782,-11.009793758392334,0.21428571428571427
19269,0,0,10920,-15.137684106826782,-11.009793758392334,0.21428571428571427
19270,0,0,10929,-15.137684106826782,-11.009793758392334,0.21428571428571427
19271,0,0,10928,-15.137684106826782,-11.009793758392334,0.21428571428571427
19272,0,0,10927,-15.137684106826782,-11.009793758392334,0.21428571428571427
19273,0,0,10926,-15.137684106826782,-11.009793758392334,0.21428571428571427
19274,0,0,10925,-15.137684106826782,-11.009793758392334,0.21428571428571427
19275,0,0,10924,-15.137684106826782,-11.009793758392334,0.21428571428571427
19276,0,0,10923,-15.137684106826782,-11.009793758392334,0.21428571428571427
19277,0,0,10922,-15.137684106826782,-11.009793758392334,0.21428571428571427
19278,0,0,10921,-15.137684106826782,-11.009793758392334,0.21428571428571427
19279,0,0,10919,-15.137684106826782,-11.009793758392334,0.21428571428571427
19280,0,0,10895,-15.137684106826782,-11.009793758392334,0.21428571428571427
19281,0,0,10894,-15.137684106826782,-11.009793758392334,0.21428571428571427
19282,0,0,10893,-15.137684106826782,-11.009793758392334,0.21428571428571427
19283,0,0,10868,-15.137684106826782,-11.009793758392334,0.21428571428571427
19284,0,0,10867,-15.137684106826782,-11.009793758392334,0.21428571428571427
19285,0,0,10866,-15.137684106826782,-11.009793758392334,0.21428571428571427
19286,0,0,10865,-15.137684106826782,-11.009793758392334,0.21428571428571427
19287,0,0,10864,-15.137684106826782,-11.009793758392334,0.21428571428571427
19288,0,0,10863,-15.137684106826782,-11.009793758392334,0.21428571428571427
19289,0,0,10862,-15.137684106826782,-11.009793758392334,0.21428571428571427
19290,0,0,10861,-15.137684106826782,-11.009793758392334,0.21428571428571427
19291,0,0,10860,-15.137684106826782,-11.009793758392334,0.21428571428571427
19292,0,0,10859,-15.137684106826782,-11.009793758392334,0.21428571428571427
19293,0,0,10858,-15.137684106826782,-11.009793758392334,0.21428571428571427
19294,0,0,10857,-15.137684106826782,-11.009793758392334,0.21428571428571427
19295,0,0,10856,-15.137684106826782,-11.009793758392334,0.21428571428571427
19296,0,0,10855,-15.137684106826782,-11.009793758392334,0.21428571428571427
19297,0,0,10854,-15.137684106826782,-11.009793758392334,0.21428571428571427
19298,0,0,10853,-15.137684106826782,-11.009793758392334,0.21428571428571427
19299,0,0,10852,-15.137684106826782,-11.009793758392334,0.21428571428571427
19300,0,0,10851,-15.137684106826782,-11.009793758392334,0.21428571428571427
19301,0,0,10850,-15.137684106826782,-11.009793758392334,0.21428571428571427
19302,0,0,10849,-15.137684106826782,-11.009793758392334,0.21428571428571427
19303,0,0,10848,-15.137684106826782,-11.009793758392334,0.21428571428571427
19304,0,0,10869,-15.137684106826782,-11.009793758392334,0.21428571428571427
19305,0,0,10870,-15.137684106826782,-11.009793758392334,0.21428571428571427
19306,0,0,10871,-15.137684106826782,-11.009793758392334,0.21428571428571427
19307,0,0,10883,-15.137684106826782,-11.009793758392334,0.21428571428571427
19308,0,0,10892,-15.137684106826782,-11.009793758392334,0.21428571428571427
19309,0,0,10891,-15.137684106826782,-11.009793758392334,0.21428571428571427
19310,0,0,10890,-15.137684106826782,-11.009793758392334,0.21428571428571427
19311,0,0,10889,-15.137684106826782,-11.009793758392334,0.21428571428571427
19312,0,0,10888,-15.137684106826782,-11.009793758392334,0.21428571428571427
19313,0,0,10887,-15.137684106826782,-11.009793758392334,0.21428571428571427
19314,0,0,10886,-15.137684106826782,-11.009793758392334,0.21428571428571427
19315,0,0,10885,-15.137684106826782,-11.009793758392334,0.21428571428571427
19316,0,0,10884,-15.137684106826782,-11.009793758392334,0.21428571428571427
19317,0,0,10882,-15.137684106826782,-11.009793758392334,0.21428571428571427
19318,0,0,10872,-15.137684106826782,-11.009793758392334,0.21428571428571427
19319,0,0,10881,-15.137684106826782,-11.009793758392334,0.21428571428571427
19320,0,0,10880,-15.137684106826782,-11.009793758392334,0.21428571428571427
19321,0,0,10879,-15.137684106826782,-11.009793758392334,0.21428571428571427
19322,0,0,10878,-15.137684106826782,-11.009793758392334,0.21428571428571427
19323,0,0,10877,-15.137684106826782,-11.009793758392334,0.21428571428571427
19324,0,0,10876,-15.137684106826782,-11.009793758392334,0.21428571428571427
19325,0,0,10875,-15.137684106826782,-11.009793758392334,0.21428571428571427
19326,0,0,10874,-15.137684106826782,-11.009793758392334,0.21428571428571427
19327,0,0,10873,-15.137684106826782,-11.009793758392334,0.21428571428571427
19328,0,0,10797,-15.137684106826782,-11.009793758392334,0.21428571428571427
19329,0,0,10747,-15.137684106826782,-11.009793758392334,0.21428571428571427
19330,0,0,10602,-15.137684106826782,-11.009793758392334,0.21428571428571427
19331,0,0,10746,-15.137684106826782,-11.009793758392334,0.21428571428571427
19332,0,0,10624,-15.137684106826782,-11.009793758392334,0.21428571428571427
19333,0,0,10623,-15.137684106826782,-11.009793758392334,0.21428571428571427
19334,0,0,10622,-15.137684106826782,-11.009793758392334,0.21428571428571427
19335,0,0,10621,-15.137684106826782,-11.009793758392334,0.21428571428571427
19336,0,0,10620,-15.137684106826782,-11.009793758392334,0.21428571428571427
19337,0,0,10619,-15.137684106826782,-11.009793758392334,0.21428571428571427
19338,0,0,10618,-15.137684106826782,-11.009793758392334,0.21428571428571427
19339,0,0,10617,-15.137684106826782,-11.009793758392334,0.21428571428571427
19340,0,0,10616,-15.137684106826782,-11.009793758392334,0.21428571428571427
19341,0,0,10615,-15.137684106826782,-11.009793758392334,0.21428571428571427
19342,0,0,10614,-15.137684106826782,-11.009793758392334,0.21428571428571427
19343,0,0,10613,-15.137684106826782,-11.009793758392334,0.21428571428571427
19344,0,0,10612,-15.137684106826782,-11.009793758392334,0.21428571428571427
19345,0,0,10611,-15.137684106826782,-11.009793758392334,0.21428571428571427
19346,0,0,10610,-15.137684106826782,-11.009793758392334,0.21428571428571427
19347,0,0,10609,-15.137684106826782,-11.009793758392334,0.21428571428571427
19348,0,0,10608,-15.137684106826782,-11.009793758392334,0.21428571428571427
19349,0,0,10607,-15.137684106826782,-11.009793758392334,0.21428571428571427
19350,0,0,10606,-15.137684106826782,-11.009793758392334,0.21428571428571427
19351,0,0,10605,-15.137684106826782,-11.009793758392334,0.21428571428571427
19352,0,0,10604,-15.137684106826782,-11.009793758392334,0.21428571428571427
19353,0,0,10625,-15.137684106826782,-11.009793758392334,0.21428571428571427
19354,0,0,10626,-15.137684106826782,-11.009793758392334,0.21428571428571427
19355,0,0,10627,-15.137684106826782,-11.009793758392334,0.21428571428571427
19356,0,0,10639,-15.137684106826782,-11.009793758392334,0.21428571428571427
19357,0,0,10648,-15.137684106826782,-11.009793758392334,0.21428571428571427
19358,0,0,10647,-15.137684106826782,-11.009793758392334,0.21428571428571427
19359,0,0,10646,-15.137684106826782,-11.009793758392334,0.21428571428571427
19360,0,0,10645,-15.137684106826782,-11.009793758392334,0.21428571428571427
19361,0,0,10644,-15.137684106826782,-11.009793758392334,0.21428571428571427
19362,0,0,10643,-15.137684106826782,-11.009793758392334,0.21428571428571427
19363,0,0,10642,-15.137684106826782,-11.009793758392334,0.21428571428571427
19364,0,0,10641,-15.137684106826782,-11.009793758392334,0.21428571428571427
19365,0,0,10640,-15.137684106826782,-11.009793758392334,0.21428571428571427
19366,0,0,10638,-15.137684106826782,-11.009793758392334,0.21428571428571427
19367,0,0,10628,-15.137684106826782,-11.009793758392334,0.21428571428571427
19368,0,0,10637,-15.137684106826782,-11.009793758392334,0.21428571428571427
19369,0,0,10636,-15.137684106826782,-11.009793758392334,0.21428571428571427
19370,0,0,10635,-15.137684106826782,-11.009793758392334,0.21428571428571427
19371,0,0,10634,-15.137684106826782,-11.009793758392334,0.21428571428571427
19372,0,0,10633,-15.137684106826782,-11.009793758392334,0.21428571428571427
19373,0,0,10632,-15.137684106826782,-11.009793758392334,0.21428571428571427
19374,0,0,10631,-15.137684106826782,-11.009793758392334,0.21428571428571427
19375,0,0,10630,-15.137684106826782,-11.009793758392334,0.21428571428571427
19376,0,0,10629,-15.137684106826782,-11.009793758392334,0.21428571428571427
19377,0,0,10603,-15.137684106826782,-11.009793758392334,0.21428571428571427
19378,0,0,10601,-15.137684106826782,-11.009793758392334,0.21428571428571427
19379,0,0,10554,-15.137684106826782,-11.009793758392334,0.21428571428571427
19380,0,0,10600,-15.137684106826782,-11.009793758392334,0.21428571428571427
19381,0,0,10575,-15.137684106826782,-11.009793758392334,0.21428571428571427
19382,0,0,10574,-15.137684106826782,-11.009793758392334,0.21428571428571427
19383,0,0,10573,-15.137684106826782,-11.009793758392334,0.21428571428571427
19384,0,0,10572,-15.137684106826782,-11.009793758392334,0.21428571428571427
19385,0,0,10571,-15.137684106826782,-11.009793758392334,0.21428571428571427
19386,0,0,10570,-15.137684106826782,-11.009793758392334,0.21428571428571427
19387,0,0,10569,-15.137684106826782,-11.009793758392334,0.21428571428571427
19388,0,0,10568,-15.137684106826782,-11.009793758392334,0.21428571428571427
19389,0,0,10567,-15.137684106826782,-11.009793758392334,0.21428571428571427
19390,0,0,10566,-15.137684106826782,-11.009793758392334,0.21428571428571427
19391,0,0,10565,-15.137684106826782,-11.009793758392334,0.21428571428571427
19392,0,0,10564,-15.137684106826782,-11.009793758392334,0.21428571428571427
19393,0,0,10563,-15.137684106826782,-11.009793758392334,0.21428571428571427
19394,0,0,10562,-15.137684106826782,-11.009793758392334,0.21428571428571427
19395,0,0,10561,-15.137684106826782,-11.009793758392334,0.21428571428571427
19396,0,0,10560,-15.137684106826782,-11.009793758392334,0.21428571428571427
19397,0,0,10559,-15.137684106826782,-11.009793758392334,0.21428571428571427
19398,0,0,10558,-15.137684106826782,-11.009793758392334,0.21428571428571427
19399,0,0,10557,-15.137684106826782,-11.009793758392334,0.21428571428571427
19400,0,0,10556,-15.137684106826782,-11.009793758392334,0.21428571428571427
19401,0,0,10555,-15.137684106826782,-11.009793758392334,0.21428571428571427
19402,0,0,10576,-15.137684106826782,-11.009793758392334,0.21428571428571427
19403,0,0,10577,-15.137684106826782,-11.009793758392334,0.21428571428571427
19404,0,0,10578,-15.137684106826782,-11.009793758392334,0.21428571428571427
19405,0,0,10590,-15.137684106826782,-11.009793758392334,0.21428571428571427
19406,0,0,10599,-15.137684106826782,-11.009793758392334,0.21428571428571427
19407,0,0,10598,-15.137684106826782,-11.009793758392334,0.21428571428571427
19408,0,0,10597,-15.137684106826782,-11.009793758392334,0.21428571428571427
19409,0,0,10596,-15.137684106826782,-11.009793758392334,0.21428571428571427
19410,0,0,10595,-15.137684106826782,-11.009793758392334,0.21428571428571427
19411,0,0,10594,-15.137684106826782,-11.009793758392334,0.21428571428571427
19412,0,0,10593,-15.137684106826782,-11.009793758392334,0.21428571428571427
19413,0,0,10592,-15.137684106826782,-11.009793758392334,0.21428571428571427
19414,0,0,10591,-15.137684106826782,-11.009793758392334,0.21428571428571427
19415,0,0,10589,-15.137684106826782,-11.009793758392334,0.21428571428571427
19416,0,0,10579,-15.137684106826782,-11.009793758392334,0.21428571428571427
19417,0,0,10588,-15.137684106826782,-11.009793758392334,0.21428571428571427
19418,0,0,10587,-15.137684106826782,-11.009793758392334,0.21428571428571427
19419,0,0,10586,-15.137684106826782,-11.009793758392334,0.21428571428571427
19420,0,0,10585,-15.137684106826782,-11.009793758392334,0.21428571428571427
19421,0,0,10584,-15.137684106826782,-11.009793758392334,0.21428571428571427
19422,0,0,10583,-15.137684106826782,-11.009793758392334,0.21428571428571427
19423,0,0,10582,-15.137684106826782,-11.009793758392334,0.21428571428571427
19424,0,0,10581,-15.137684106826782,-11.009793758392334,0.21428571428571427
19425,0,0,10580,-15.137684106826782,-11.009793758392334,0.21428571428571427
19426,0,0,10649,-15.137684106826782,-11.009793758392334,0.21428571428571427
19427,0,0,10650,-15.137684106826782,-11.009793758392334,0.21428571428571427
19428,0,0,10651,-15.137684106826782,-11.009793758392334,0.21428571428571427
19429,0,0,10652,-15.137684106826782,-11.009793758392334,0.21428571428571427
19430,0,0,10721,-15.137684106826782,-11.009793758392334,0.21428571428571427
19431,0,0,10720,-15.137684106826782,-11.009793758392334,0.21428571428571427
19432,0,0,10719,-15.137684106826782,-11.009793758392334,0.21428571428571427
19433,0,0,10718,-15.137684106826782,-11.009793758392334,0.21428571428571427
19434,0,0,10717,-15.137684106826782,-11.009793758392334,0.21428571428571427
19435,0,0,10716,-15.137684106826782,-11.009793758392334,0.21428571428571427
19436,0,0,10715,-15.137684106826782,-11.009793758392334,0.21428571428571427
19437,0,0,10714,-15.137684106826782,-11.009793758392334,0.21428571428571427
19438,0,0,10713,-15.137684106826782,-11.009793758392334,0.21428571428571427
19439,0,0,10711,-15.137684106826782,-11.009793758392334,0.21428571428571427
19440,0,0,10701,-15.137684106826782,-11.009793758392334,0.21428571428571427
19441,0,0,10710,-15.137684106826782,-11.009793758392334,0.21428571428571427
19442,0,0,10709,-15.137684106826782,-11.009793758392334,0.21428571428571427
19443,0,0,10708,-15.137684106826782,-11.009793758392334,0.21428571428571427
19444,0,0,10707,-15.137684106826782,-11.009793758392334,0.21428571428571427
19445,0,0,10706,-15.137684106826782,-11.009793758392334,0.21428571428571427
19446,0,0,10705,-15.137684106826782,-11.009793758392334,0.21428571428571427
19447,0,0,10704,-15.137684106826782,-11.009793758392334,0.21428571428571427
19448,0,0,10703,-15.137684106826782,-11.009793758392334,0.21428571428571427
19449,0,0,10702,-15.137684106826782,-11.009793758392334,0.21428571428571427
19450,0,0,10722,-15.137684106826782,-11.009793758392334,0.21428571428571427
19451,0,0,10712,-15.137684106826782,-11.009793758392334,0.21428571428571427
19452,0,0,10723,-15.137684106826782,-11.009793758392334,0.21428571428571427
19453,0,0,10736,-15.137684106826782,-11.009793758392334,0.21428571428571427
19454,0,0,10745,-15.137684106826782,-11.009793758392334,0.21428571428571427
19455,0,0,10744,-15.137684106826782,-11.009793758392334,0.21428571428571427
19456,0,0,10743,-15.137684106826782,-11.009793758392334,0.21428571428571427
19457,0,0,10742,-15.137684106826782,-11.009793758392334,0.21428571428571427
19458,0,0,10741,-15.137684106826782,-11.009793758392334,0.21428571428571427
19459,0,0,10740,-15.137684106826782,-11.009793758392334,0.21428571428571427
19460,0,0,10739,-15.137684106826782,-11.009793758392334,0.21428571428571427
19461,0,0,10738,-15.137684106826782,-11.009793758392334,0.21428571428571427
19462,0,0,10737,-15.137684106826782,-11.009793758392334,0.21428571428571427
19463,0,0,10735,-15.137684106826782,-11.009793758392334,0.21428571428571427
19464,0,0,10725,-15.137684106826782,-11.009793758392334,0.21428571428571427
19465,0,0,10734,-15.137684106826782,-11.009793758392334,0.21428571428571427
19466,0,0,10733,-15.137684106826782,-11.009793758392334,0.21428571428571427
19467,0,0,10732,-15.137684106826782,-11.009793758392334,0.21428571428571427
19468,0,0,10731,-15.137684106826782,-11.009793758392334,0.21428571428571427
19469,0,0,10730,-15.137684106826782,-11.009793758392334,0.21428571428571427
19470,0,0,10729,-15.137684106826782,-11.009793758392334,0.21428571428571427
19471,0,0,10728,-15.137684106826782,-11.009793758392334,0.21428571428571427
19472,0,0,10727,-15.137684106826782,-11.009793758392334,0.21428571428571427
19473,0,0,10726,-15.137684106826782,-11.009793758392334,0.21428571428571427
19474,0,0,10724,-15.137684106826782,-11.009793758392334,0.21428571428571427
19475,0,0,10700,-15.137684106826782,-11.009793758392334,0.21428571428571427
19476,0,0,10699,-15.137684106826782,-11.009793758392334,0.21428571428571427
19477,0,0,10698,-15.137684106826782,-11.009793758392334,0.21428571428571427
19478,0,0,10673,-15.137684106826782,-11.009793758392334,0.21428571428571427
19479,0,0,10672,-15.137684106826782,-11.009793758392334,0.21428571428571427
19480,0,0,10671,-15.137684106826782,-11.009793758392334,0.21428571428571427
19481,0,0,10670,-15.137684106826782,-11.009793758392334,0.21428571428571427
19482,0,0,10669,-15.137684106826782,-11.009793758392334,0.21428571428571427
19483,0,0,10668,-15.137684106826782,-11.009793758392334,0.21428571428571427
19484,0,0,10667,-15.137684106826782,-11.009793758392334,0.21428571428571427
19485,0,0,10666,-15.137684106826782,-11.009793758392334,0.21428571428571427
19486,0,0,10665,-15.137684106826782,-11.009793758392334,0.21428571428571427
19487,0,0,10664,-15.137684106826782,-11.009793758392334,0.21428571428571427
19488,0,0,10663,-15.137684106826782,-11.009793758392334,0.21428571428571427
19489,0,0,10662,-15.137684106826782,-11.009793758392334,0.21428571428571427
19490,0,0,10661,-15.137684106826782,-11.009793758392334,0.21428571428571427
19491,0,0,10660,-15.137684106826782,-11.009793758392334,0.21428571428571427
19492,0,0,10659,-15.137684106826782,-11.009793758392334,0.21428571428571427
19493,0,0,10658,-15.137684106826782,-11.009793758392334,0.21428571428571427
19494,0,0,10657,-15.137684106826782,-11.009793758392334,0.21428571428571427
19495,0,0,10656,-15.137684106826782,-11.009793758392334,0.21428571428571427
19496,0,0,10655,-15.137684106826782,-11.009793758392334,0.21428571428571427
19497,0,0,10654,-15.137684106826782,-11.009793758392334,0.21428571428571427
19498,0,0,10653,-15.137684106826782,-11.009793758392334,0.21428571428571427
19499,0,0,10674,-15.137684106826782,-11.009793758392334,0.21428571428571427
19500,0,0,10675,-15.137684106826782,-11.009793758392334,0.21428571428571427
19501,0,0,10676,-15.137684106826782,-11.009793758392334,0.21428571428571427
19502,0,0,10688,-15.137684106826782,-11.009793758392334,0.21428571428571427
19503,0,0,10697,-15.137684106826782,-11.009793758392334,0.21428571428571427
19504,0,0,10696,-15.137684106826782,-11.009793758392334,0.21428571428571427
19505,0,0,10695,-15.137684106826782,-11.009793758392334,0.21428571428571427
19506,0,0,10694,-15.137684106826782,-11.009793758392334,0.21428571428571427
19507,0,0,10693,-15.137684106826782,-11.009793758392334,0.21428571428571427
19508,0,0,10692,-15.137684106826782,-11.009793758392334,0.21428571428571427
19509,0,0,10691,-15.137684106826782,-11.009793758392334,0.21428571428571427
19510,0,0,10690,-15.137684106826782,-11.009793758392334,0.21428571428571427
19511,0,0,10689,-15.137684106826782,-11.009793758392334,0.21428571428571427
19512,0,0,10687,-15.137684106826782,-11.009793758392334,0.21428571428571427
19513,0,0,10677,-15.137684106826782,-11.009793758392334,0.21428571428571427
19514,0,0,10686,-15.137684106826782,-11.009793758392334,0.21428571428571427
19515,0,0,10685,-15.137684106826782,-11.009793758392334,0.21428571428571427
19516,0,0,10684,-15.137684106826782,-11.009793758392334,0.21428571428571427
19517,0,0,10683,-15.137684106826782,-11.009793758392334,0.21428571428571427
19518,0,0,10682,-15.137684106826782,-11.009793758392334,0.21428571428571427
19519,0,0,10681,-15.137684106826782,-11.009793758392334,0.21428571428571427
19520,0,0,10680,-15.137684106826782,-11.009793758392334,0.21428571428571427
19521,0,0,10679,-15.137684106826782,-11.009793758392334,0.21428571428571427
19522,0,0,10678,-15.137684106826782,-11.009793758392334,0.21428571428571427
19523,0,0,10260,-15.137684106826782,-11.009793758392334,0.21428571428571427
19524,0,0,10161,-15.137684106826782,-11.009793758392334,0.21428571428571427
19525,0,0,9479,-15.137684106826782,-11.009793758392334,0.21428571428571427
19526,0,0,10160,-15.137684106826782,-11.009793758392334,0.21428571428571427
19527,0,0,9648,-15.137684106826782,-11.009793758392334,0.21428571428571427
19528,0,0,9647,-15.137684106826782,-11.009793758392334,0.21428571428571427
19529,0,0,9646,-15.137684106826782,-11.009793758392334,0.21428571428571427
19530,0,0,9645,-15.137684106826782,-11.009793758392334,0.21428571428571427
19531,0,0,9644,-15.137684106826782,-11.009793758392334,0.21428571428571427
19532,0,0,9643,-15.137684106826782,-11.009793758392334,0.21428571428571427
19533,0,0,9642,-15.137684106826782,-11.009793758392334,0.21428571428571427
19534,0,0,9641,-15.137684106826782,-11.009793758392334,0.21428571428571427
19535,0,0,9640,-15.137684106826782,-11.009793758392334,0.21428571428571427
19536,0,0,9639,-15.137684106826782,-11.009793758392334,0.21428571428571427
19537,0,0,9638,-15.137684106826782,-11.009793758392334,0.21428571428571427
19538,0,0,9637,-15.137684106826782,-11.009793758392334,0.21428571428571427
19539,0,0,9636,-15.137684106826782,-11.009793758392334,0.21428571428571427
19540,0,0,9635,-15.137684106826782,-11.009793758392334,0.21428571428571427
19541,0,0,9634,-15.137684106826782,-11.009793758392334,0.21428571428571427
19542,0,0,9633,-15.137684106826782,-11.009793758392334,0.21428571428571427
19543,0,0,9632,-15.137684106826782,-11.009793758392334,0.21428571428571427
19544,0,0,9631,-15.137684106826782,-11.009793758392334,0.21428571428571427
19545,0,0,9630,-15.137684106826782,-11.009793758392334,0.21428571428571427
19546,0,0,9629,-15.137684106826782,-11.009793758392334,0.21428571428571427
19547,0,0,9628,-15.137684106826782,-11.009793758392334,0.21428571428571427
19548,0,0,9649,-15.137684106826782,-11.009793758392334,0.21428571428571427
19549,0,0,9650,-15.137684106826782,-11.009793758392334,0.21428571428571427
19550,0,0,9651,-15.137684106826782,-11.009793758392334,0.21428571428571427
19551,0,0,9663,-15.137684106826782,-11.009793758392334,0.21428571428571427
19552,0,0,9672,-15.137684106826782,-11.009793758392334,0.21428571428571427
19553,0,0,9671,-15.137684106826782,-11.009793758392334,0.21428571428571427
19554,0,0,9670,-15.137684106826782,-11.009793758392334,0.21428571428571427
19555,0,0,9669,-15.137684106826782,-11.009793758392334,0.21428571428571427
19556,0,0,9668,-15.137684106826782,-11.009793758392334,0.21428571428571427
19557,0,0,9667,-15.137684106826782,-11.009793758392334,0.21428571428571427
19558,0,0,9666,-15.137684106826782,-11.009793758392334,0.21428571428571427
19559,0,0,9665,-15.137684106826782,-11.009793758392334,0.21428571428571427
19560,0,0,9664,-15.137684106826782,-11.009793758392334,0.21428571428571427
19561,0,0,9662,-15.137684106826782,-11.009793758392334,0.21428571428571427
19562,0,0,9652,-15.137684106826782,-11.009793758392334,0.21428571428571427
19563,0,0,9661,-15.137684106826782,-11.009793758392334,0.21428571428571427
19564,0,0,9660,-15.137684106826782,-11.009793758392334,0.21428571428571427
19565,0,0,9659,-15.137684106826782,-11.009793758392334,0.21428571428571427
19566,0,0,9658,-15.137684106826782,-11.009793758392334,0.21428571428571427
19567,0,0,9657,-15.137684106826782,-11.009793758392334,0.21428571428571427
19568,0,0,9656,-15.137684106826782,-11.009793758392334,0.21428571428571427
19569,0,0,9655,-15.137684106826782,-11.009793758392334,0.21428571428571427
19570,0,0,9654,-15.137684106826782,-11.009793758392334,0.21428571428571427
19571,0,0,9653,-15.137684106826782,-11.009793758392334,0.21428571428571427
19572,0,0,9627,-15.137684106826782,-11.009793758392334,0.21428571428571427
19573,0,0,9625,-15.137684106826782,-11.009793758392334,0.21428571428571427
19574,0,0,9578,-15.137684106826782,-11.009793758392334,0.21428571428571427
19575,0,0,9624,-15.137684106826782,-11.009793758392334,0.21428571428571427
19576,0,0,9599,-15.137684106826782,-11.009793758392334,0.21428571428571427
19577,0,0,9598,-15.137684106826782,-11.009793758392334,0.21428571428571427
19578,0,0,9597,-15.137684106826782,-11.009793758392334,0.21428571428571427
19579,0,0,9596,-15.137684106826782,-11.009793758392334,0.21428571428571427
19580,0,0,9595,-15.137684106826782,-11.009793758392334,0.21428571428571427
19581,0,0,9594,-15.137684106826782,-11.009793758392334,0.21428571428571427
19582,0,0,9593,-15.137684106826782,-11.009793758392334,0.21428571428571427
19583,0,0,9592,-15.137684106826782,-11.009793758392334,0.21428571428571427
19584,0,0,9591,-15.137684106826782,-11.009793758392334,0.21428571428571427
19585,0,0,9590,-15.137684106826782,-11.009793758392334,0.21428571428571427
19586,0,0,9589,-15.137684106826782,-11.009793758392334,0.21428571428571427
19587,0,0,9588,-15.137684106826782,-11.009793758392334,0.21428571428571427
19588,0,0,9587,-15.137684106826782,-11.009793758392334,0.21428571428571427
19589,0,0,9586,-15.137684106826782,-11.009793758392334,0.21428571428571427
19590,0,0,9585,-15.137684106826782,-11.009793758392334,0.21428571428571427
19591,0,0,9584,-15.137684106826782,-11.009793758392334,0.21428571428571427
19592,0,0,9583,-15.137684106826782,-11.009793758392334,0.21428571428571427
19593,0,0,9582,-15.137684106826782,-11.009793758392334,0.21428571428571427
19594,0,0,9581,-15.137684106826782,-11.009793758392334,0.21428571428571427
19595,0,0,9580,-15.137684106826782,-11.009793758392334,0.21428571428571427
19596,0,0,9579,-15.137684106826782,-11.009793758392334,0.21428571428571427
19597,0,0,9600,-15.137684106826782,-11.009793758392334,0.21428571428571427
19598,0,0,9601,-15.137684106826782,-11.009793758392334,0.21428571428571427
19599,0,0,9602,-15.137684106826782,-11.009793758392334,0.21428571428571427
19600,0,0,9614,-15.137684106826782,-11.009793758392334,0.21428571428571427
19601,0,0,9623,-15.137684106826782,-11.009793758392334,0.21428571428571427
19602,0,0,9622,-15.137684106826782,-11.009793758392334,0.21428571428571427
19603,0,0,9621,-15.137684106826782,-11.009793758392334,0.21428571428571427
19604,0,0,9620,-15.137684106826782,-11.009793758392334,0.21428571428571427
19605,0,0,9619,-15.137684106826782,-11.009793758392334,0.21428571428571427
19606,0,0,9618,-15.137684106826782,-11.009793758392334,0.21428571428571427
19607,0,0,9617,-15.137684106826782,-11.009793758392334,0.21428571428571427
19608,0,0,9616,-15.137684106826782,-11.009793758392334,0.21428571428571427
19609,0,0,9615,-15.137684106826782,-11.009793758392334,0.21428571428571427
19610,0,0,9613,-15.137684106826782,-11.009793758392334,0.21428571428571427
19611,0,0,9603,-15.137684106826782,-11.009793758392334,0.21428571428571427
19612,0,0,9612,-15.137684106826782,-11.009793758392334,0.21428571428571427
19613,0,0,9611,-15.137684106826782,-11.009793758392334,0.21428571428571427
19614,0,0,9610,-15.137684106826782,-11.009793758392334,0.21428571428571427
19615,0,0,9609,-15.137684106826782,-11.009793758392334,0.21428571428571427
19616,0,0,9608,-15.137684106826782,-11.009793758392334,0.21428571428571427
19617,0,0,9607,-15.137684106826782,-11.009793758392334,0.21428571428571427
19618,0,0,9606,-15.137684106826782,-11.009793758392334,0.21428571428571427
19619,0,0,9605,-15.137684106826782,-11.009793758392334,0.21428571428571427
19620,0,0,9604,-15.137684106826782,-11.009793758392334,0.21428571428571427
19621,0,0,9673,-15.137684106826782,-11.009793758392334,0.21428571428571427
19622,0,0,9674,-15.137684106826782,-11.009793758392334,0.21428571428571427
19623,0,0,9675,-15.137684106826782,-11.009793758392334,0.21428571428571427
19624,0,0,9676,-15.137684106826782,-11.009793758392334,0.21428571428571427
19625,0,0,9745,-15.137684106826782,-11.009793758392334,0.21428571428571427
19626,0,0,9744,-15.137684106826782,-11.009793758392334,0.21428571428571427
19627,0,0,9743,-15.137684106826782,-11.009793758392334,0.21428571428571427
19628,0,0,9742,-15.137684106826782,-11.009793758392334,0.21428571428571427
19629,0,0,9741,-15.137684106826782,-11.009793758392334,0.21428571428571427
19630,0,0,9740,-15.137684106826782,-11.009793758392334,0.21428571428571427
19631,0,0,9739,-15.137684106826782,-11.009793758392334,0.21428571428571427
19632,0,0,9738,-15.137684106826782,-11.009793758392334,0.21428571428571427
19633,0,0,9737,-15.137684106826782,-11.009793758392334,0.21428571428571427
19634,0,0,9735,-15.137684106826782,-11.009793758392334,0.21428571428571427
19635,0,0,9725,-15.137684106826782,-11.009793758392334,0.21428571428571427
19636,0,0,9734,-15.137684106826782,-11.009793758392334,0.21428571428571427
19637,0,0,9733,-15.137684106826782,-11.009793758392334,0.21428571428571427
19638,0,0,9732,-15.137684106826782,-11.009793758392334,0.21428571428571427
19639,0,0,9731,-15.137684106826782,-11.009793758392334,0.21428571428571427
19640,0,0,9730,-15.137684106826782,-11.009793758392334,0.21428571428571427
19641,0,0,9729,-15.137684106826782,-11.009793758392334,0.21428571428571427
19642,0,0,9728,-15.137684106826782,-11.009793758392334,0.21428571428571427
19643,0,0,9727,-15.137684106826782,-11.009793758392334,0.21428571428571427
19644,0,0,9726,-15.137684106826782,-11.009793758392334,0.21428571428571427
19645,0,0,9746,-15.137684106826782,-11.009793758392334,0.21428571428571427
19646,0,0,9736,-15.137684106826782,-11.009793758392334,0.21428571428571427
19647,0,0,9747,-15.137684106826782,-11.009793758392334,0.21428571428571427
19648,0,0,9760,-15.137684106826782,-11.009793758392334,0.21428571428571427
19649,0,0,9769,-15.137684106826782,-11.009793758392334,0.21428571428571427
19650,0,0,9768,-15.137684106826782,-11.009793758392334,0.21428571428571427
19651,0,0,9767,-15.137684106826782,-11.009793758392334,0.21428571428571427
19652,0,0,9766,-15.137684106826782,-11.009793758392334,0.21428571428571427
19653,0,0,9765,-15.137684106826782,-11.009793758392334,0.21428571428571427
19654,0,0,9764,-15.137684106826782,-11.009793758392334,0.21428571428571427
19655,0,0,9763,-15.137684106826782,-11.009793758392334,0.21428571428571427
19656,0,0,9762,-15.137684106826782,-11.009793758392334,0.21428571428571427
19657,0,0,9761,-15.137684106826782,-11.009793758392334,0.21428571428571427
19658,0,0,9759,-15.137684106826782,-11.009793758392334,0.21428571428571427
19659,0,0,9749,-15.137684106826782,-11.009793758392334,0.21428571428571427
19660,0,0,9758,-15.137684106826782,-11.009793758392334,0.21428571428571427
19661,0,0,9757,-15.137684106826782,-11.009793758392334,0.21428571428571427
19662,0,0,9756,-15.137684106826782,-11.009793758392334,0.21428571428571427
19663,0,0,9755,-15.137684106826782,-11.009793758392334,0.21428571428571427
19664,0,0,9754,-15.137684106826782,-11.009793758392334,0.21428571428571427
19665,0,0,9753,-15.137684106826782,-11.009793758392334,0.21428571428571427
19666,0,0,9752,-15.137684106826782,-11.009793758392334,0.21428571428571427
19667,0,0,9751,-15.137684106826782,-11.009793758392334,0.21428571428571427
19668,0,0,9750,-15.137684106826782,-11.009793758392334,0.21428571428571427
19669,0,0,9748,-15.137684106826782,-11.009793758392334,0.21428571428571427
19670,0,0,9724,-15.137684106826782,-11.009793758392334,0.21428571428571427
19671,0,0,9723,-15.137684106826782,-11.009793758392334,0.21428571428571427
19672,0,0,9722,-15.137684106826782,-11.009793758392334,0.21428571428571427
19673,0,0,9697,-15.137684106826782,-11.009793758392334,0.21428571428571427
19674,0,0,9696,-15.137684106826782,-11.009793758392334,0.21428571428571427
19675,0,0,9695,-15.137684106826782,-11.009793758392334,0.21428571428571427
19676,0,0,9694,-15.137684106826782,-11.009793758392334,0.21428571428571427
19677,0,0,9693,-15.137684106826782,-11.009793758392334,0.21428571428571427
19678,0,0,9692,-15.137684106826782,-11.009793758392334,0.21428571428571427
19679,0,0,9691,-15.137684106826782,-11.009793758392334,0.21428571428571427
19680,0,0,9690,-15.137684106826782,-11.009793758392334,0.21428571428571427
19681,0,0,9689,-15.137684106826782,-11.009793758392334,0.21428571428571427
19682,0,0,9688,-15.137684106826782,-11.009793758392334,0.21428571428571427
19683,0,0,9687,-15.137684106826782,-11.009793758392334,0.21428571428571427
19684,0,0,9686,-15.137684106826782,-11.009793758392334,0.21428571428571427
19685,0,0,9685,-15.137684106826782,-11.009793758392334,0.21428571428571427
19686,0,0,9684,-15.137684106826782,-11.009793758392334,0.21428571428571427
19687,0,0,9683,-15.137684106826782,-11.009793758392334,0.21428571428571427
19688,0,0,9682,-15.137684106826782,-11.009793758392334,0.21428571428571427
19689,0,0,9681,-15.137684106826782,-11.009793758392334,0.21428571428571427
19690,0,0,9680,-15.137684106826782,-11.009793758392334,0.21428571428571427
19691,0,0,9679,-15.137684106826782,-11.009793758392334,0.21428571428571427
19692,0,0,9678,-15.137684106826782,-11.009793758392334,0.21428571428571427
19693,0,0,9677,-15.137684106826782,-11.009793758392334,0.21428571428571427
19694,0,0,9698,-15.137684106826782,-11.009793758392334,0.21428571428571427
19695,0,0,9699,-15.137684106826782,-11.009793758392334,0.21428571428571427
19696,0,0,9700,-15.137684106826782,-11.009793758392334,0.21428571428571427
19697,0,0,9712,-15.137684106826782,-11.009793758392334,0.21428571428571427
19698,0,0,9721,-15.137684106826782,-11.009793758392334,0.21428571428571427
19699,0,0,9720,-15.137684106826782,-11.009793758392334,0.21428571428571427
19700,0,0,9719,-15.137684106826782,-11.009793758392334,0.21428571428571427
19701,0,0,9718,-15.137684106826782,-11.009793758392334,0.21428571428571427
19702,0,0,9717,-15.137684106826782,-11.009793758392334,0.21428571428571427
19703,0,0,9716,-15.137684106826782,-11.009793758392334,0.21428571428571427
19704,0,0,9715,-15.137684106826782,-11.009793758392334,0.21428571428571427
19705,0,0,9714,-15.137684106826782,-11.009793758392334,0.21428571428571427
19706,0,0,9713,-15.137684106826782,-11.009793758392334,0.21428571428571427
19707,0,0,9711,-15.137684106826782,-11.009793758392334,0.21428571428571427
19708,0,0,9701,-15.137684106826782,-11.009793758392334,0.21428571428571427
19709,0,0,9710,-15.137684106826782,-11.009793758392334,0.21428571428571427
19710,0,0,9709,-15.137684106826782,-11.009793758392334,0.21428571428571427
19711,0,0,9708,-15.137684106826782,-11.009793758392334,0.21428571428571427
19712,0,0,9707,-15.137684106826782,-11.009793758392334,0.21428571428571427
19713,0,0,9706,-15.137684106826782,-11.009793758392334,0.21428571428571427
19714,0,0,9705,-15.137684106826782,-11.009793758392334,0.21428571428571427
19715,0,0,9704,-15.137684106826782,-11.009793758392334,0.21428571428571427
19716,0,0,9703,-15.137684106826782,-11.009793758392334,0.21428571428571427
19717,0,0,9702,-15.137684106826782,-11.009793758392334,0.21428571428571427
19718,0,0,9626,-15.137684106826782,-11.009793758392334,0.21428571428571427
19719,0,0,9577,-15.137684106826782,-11.009793758392334,0.21428571428571427
19720,0,0,9576,-15.137684106826782,-11.009793758392334,0.21428571428571427
19721,0,0,9575,-15.137684106826782,-11.009793758392334,0.21428571428571427
19722,0,0,9452,-15.137684106826782,-11.009793758392334,0.21428571428571427
19723,0,0,9451,-15.137684106826782,-11.009793758392334,0.21428571428571427
19724,0,0,9450,-15.137684106826782,-11.009793758392334,0.21428571428571427
19725,0,0,9449,-15.137684106826782,-11.009793758392334,0.21428571428571427
19726,0,0,9448,-15.137684106826782,-11.009793758392334,0.21428571428571427
19727,0,0,9447,-15.137684106826782,-11.009793758392334,0.21428571428571427
19728,0,0,9446,-15.137684106826782,-11.009793758392334,0.21428571428571427
19729,0,0,9445,-15.137684106826782,-11.009793758392334,0.21428571428571427
19730,0,0,9444,-15.137684106826782,-11.009793758392334,0.21428571428571427
19731,0,0,9443,-15.137684106826782,-11.009793758392334,0.21428571428571427
19732,0,0,9442,-15.137684106826782,-11.009793758392334,0.21428571428571427
19733,0,0,9441,-15.137684106826782,-11.009793758392334,0.21428571428571427
19734,0,0,9440,-15.137684106826782,-11.009793758392334,0.21428571428571427
19735,0,0,9439,-15.137684106826782,-11.009793758392334,0.21428571428571427
19736,0,0,9438,-15.137684106826782,-11.009793758392334,0.21428571428571427
19737,0,0,9437,-15.137684106826782,-11.009793758392334,0.21428571428571427
19738,0,0,9436,-15.137684106826782,-11.009793758392334,0.21428571428571427
19739,0,0,9435,-15.137684106826782,-11.009793758392334,0.21428571428571427
19740,0,0,9434,-15.137684106826782,-11.009793758392334,0.21428571428571427
19741,0,0,9433,-15.137684106826782,-11.009793758392334,0.21428571428571427
19742,0,0,9432,-15.137684106826782,-11.009793758392334,0.21428571428571427
19743,0,0,9453,-15.137684106826782,-11.009793758392334,0.21428571428571427
19744,0,0,9454,-15.137684106826782,-11.009793758392334,0.21428571428571427
19745,0,0,9455,-15.137684106826782,-11.009793758392334,0.21428571428571427
19746,0,0,9467,-15.137684106826782,-11.009793758392334,0.21428571428571427
19747,0,0,9476,-15.137684106826782,-11.009793758392334,0.21428571428571427
19748,0,0,9475,-15.137684106826782,-11.009793758392334,0.21428571428571427
19749,0,0,9474,-15.137684106826782,-11.009793758392334,0.21428571428571427
19750,0,0,9473,-15.137684106826782,-11.009793758392334,0.21428571428571427
19751,0,0,9472,-15.137684106826782,-11.009793758392334,0.21428571428571427
19752,0,0,9471,-15.137684106826782,-11.009793758392334,0.21428571428571427
19753,0,0,9470,-15.137684106826782,-11.009793758392334,0.21428571428571427
19754,0,0,9469,-15.137684106826782,-11.009793758392334,0.21428571428571427
19755,0,0,9468,-15.137684106826782,-11.009793758392334,0.21428571428571427
19756,0,0,9466,-15.137684106826782,-11.009793758392334,0.21428571428571427
19757,0,0,9456,-15.137684106826782,-11.009793758392334,0.21428571428571427
19758,0,0,9465,-15.137684106826782,-11.009793758392334,0.21428571428571427
19759,0,0,9464,-15.137684106826782,-11.009793758392334,0.21428571428571427
19760,0,0,9463,-15.137684106826782,-11.009793758392334,0.21428571428571427
19761,0,0,9462,-15.137684106826782,-11.009793758392334,0.21428571428571427
19762,0,0,9461,-15.137684106826782,-11.009793758392334,0.21428571428571427
19763,0,0,9460,-15.137684106826782,-11.009793758392334,0.21428571428571427
19764,0,0,9459,-15.137684106826782,-11.009793758392334,0.21428571428571427
19765,0,0,9458,-15.137684106826782,-11.009793758392334,0.21428571428571427
19766,0,0,9457,-15.137684106826782,-11.009793758392334,0.21428571428571427
19767,0,0,9431,-15.137684106826782,-11.009793758392334,0.21428571428571427
19768,0,0,9429,-15.137684106826782,-11.009793758392334,0.21428571428571427
19769,0,0,9382,-15.137684106826782,-11.009793758392334,0.21428571428571427
19770,0,0,9428,-15.137684106826782,-11.009793758392334,0.21428571428571427
19771,0,0,9403,-15.137684106826782,-11.009793758392334,0.21428571428571427
19772,0,0,9402,-15.137684106826782,-11.009793758392334,0.21428571428571427
19773,0,0,9401,-15.137684106826782,-11.009793758392334,0.21428571428571427
19774,0,0,9400,-15.137684106826782,-11.009793758392334,0.21428571428571427
19775,0,0,9399,-15.137684106826782,-11.009793758392334,0.21428571428571427
19776,0,0,9398,-15.137684106826782,-11.009793758392334,0.21428571428571427
19777,0,0,9397,-15.137684106826782,-11.009793758392334,0.21428571428571427
19778,0,0,9396,-15.137684106826782,-11.009793758392334,0.21428571428571427
19779,0,0,9395,-15.137684106826782,-11.009793758392334,0.21428571428571427
19780,0,0,9394,-15.137684106826782,-11.009793758392334,0.21428571428571427
19781,0,0,9393,-15.137684106826782,-11.009793758392334,0.21428571428571427
19782,0,0,9392,-15.137684106826782,-11.009793758392334,0.21428571428571427
19783,0,0,9391,-15.137684106826782,-11.009793758392334,0.21428571428571427
19784,0,0,9390,-15.137684106826782,-11.009793758392334,0.21428571428571427
19785,0,0,9389,-15.137684106826782,-11.009793758392334,0.21428571428571427
19786,0,0,9388,-15.137684106826782,-11.009793758392334,0.21428571428571427
19787,0,0,9387,-15.137684106826782,-11.009793758392334,0.21428571428571427
19788,0,0,9386,-15.137684106826782,-11.009793758392334,0.21428571428571427
19789,0,0,9385,-15.137684106826782,-11.009793758392334,0.21428571428571427
19790,0,0,9384,-15.137684106826782,-11.009793758392334,0.21428571428571427
19791,0,0,9383,-15.137684106826782,-11.009793758392334,0.21428571428571427
19792,0,0,9404,-15.137684106826782,-11.009793758392334,0.21428571428571427
19793,0,0,9405,-15.137684106826782,-11.009793758392334,0.21428571428571427
19794,0,0,9406,-15.137684106826782,-11.009793758392334,0.21428571428571427
19795,0,0,9418,-15.137684106826782,-11.009793758392334,0.21428571428571427
19796,0,0,9427,-15.137684106826782,-11.009793758392334,0.21428571428571427
19797,0,0,9426,-15.137684106826782,-11.009793758392334,0.21428571428571427
19798,0,0,9425,-15.137684106826782,-11.009793758392334,0.21428571428571427
19799,0,0,9424,-15.137684106826782,-11.009793758392334,0.21428571428571427
19800,0,0,9423,-15.137684106826782,-11.009793758392334,0.21428571428571427
19801,0,0,9422,-15.137684106826782,-11.009793758392334,0.21428571428571427
19802,0,0,9421,-15.137684106826782,-11.009793758392334,0.21428571428571427
19803,0,0,9420,-15.137684106826782,-11.009793758392334,0.21428571428571427
19804,0,0,9419,-15.137684106826782,-11.009793758392334,0.21428571428571427
19805,0,0,9417,-15.137684106826782,-11.009793758392334,0.21428571428571427
19806,0,0,9407,-15.137684106826782,-11.009793758392334,0.21428571428571427
19807,0,0,9416,-15.137684106826782,-11.009793758392334,0.21428571428571427
19808,0,0,9415,-15.137684106826782,-11.009793758392334,0.21428571428571427
19809,0,0,9414,-15.137684106826782,-11.009793758392334,0.21428571428571427
19810,0,0,9413,-15.137684106826782,-11.009793758392334,0.21428571428571427
19811,0,0,9412,-15.137684106826782,-11.009793758392334,0.21428571428571427
19812,0,0,9411,-15.137684106826782,-11.009793758392334,0.21428571428571427
19813,0,0,9410,-15.137684106826782,-11.009793758392334,0.21428571428571427
19814,0,0,9409,-15.137684106826782,-11.009793758392334,0.21428571428571427
19815,0,0,9408,-15.137684106826782,-11.009793758392334,0.21428571428571427
19816,0,0,9477,-15.137684106826782,-11.009793758392334,0.21428571428571427
19817,0,0,9430,-15.137684106826782,-11.009793758392334,0.21428571428571427
19818,0,0,9478,-15.137684106826782,-11.009793758392334,0.21428571428571427
19819,0,0,9528,-15.137684106826782,-11.009793758392334,0.21428571428571427
19820,0,0,9550,-15.137684106826782,-11.009793758392334,0.21428571428571427
19821,0,0,9549,-15.137684106826782,-11.009793758392334,0.21428571428571427
19822,0,0,9548,-15.137684106826782,-11.009793758392334,0.21428571428571427
19823,0,0,9547,-15.137684106826782,-11.009793758392334,0.21428571428571427
19824,0,0,9546,-15.137684106826782,-11.009793758392334,0.21428571428571427
19825,0,0,9545,-15.137684106826782,-11.009793758392334,0.21428571428571427
19826,0,0,9544,-15.137684106826782,-11.009793758392334,0.21428571428571427
19827,0,0,9543,-15.137684106826782,-11.009793758392334,0.21428571428571427
19828,0,0,9542,-15.137684106826782,-11.009793758392334,0.21428571428571427
19829,0,0,9541,-15.137684106826782,-11.009793758392334,0.21428571428571427
19830,0,0,9540,-15.137684106826782,-11.009793758392334,0.21428571428571427
19831,0,0,9539,-15.137684106826782,-11.009793758392334,0.21428571428571427
19832,0,0,9538,-15.137684106826782,-11.009793758392334,0.21428571428571427
19833,0,0,9537,-15.137684106826782,-11.009793758392334,0.21428571428571427
19834,0,0,9536,-15.137684106826782,-11.009793758392334,0.21428571428571427
19835,0,0,9535,-15.137684106826782,-11.009793758392334,0.21428571428571427
19836,0,0,9534,-15.137684106826782,-11.009793758392334,0.21428571428571427
19837,0,0,9533,-15.137684106826782,-11.009793758392334,0.21428571428571427
19838,0,0,9532,-15.137684106826782,-11.009793758392334,0.21428571428571427
19839,0,0,9531,-15.137684106826782,-11.009793758392334,0.21428571428571427
19840,0,0,9530,-15.137684106826782,-11.009793758392334,0.21428571428571427
19841,0,0,9551,-15.137684106826782,-11.009793758392334,0.21428571428571427
19842,0,0,9552,-15.137684106826782,-11.009793758392334,0.21428571428571427
19843,0,0,9553,-15.137684106826782,-11.009793758392334,0.21428571428571427
19844,0,0,9565,-15.137684106826782,-11.009793758392334,0.21428571428571427
19845,0,0,9574,-15.137684106826782,-11.009793758392334,0.21428571428571427
19846,0,0,9573,-15.137684106826782,-11.009793758392334,0.21428571428571427
19847,0,0,9572,-15.137684106826782,-11.009793758392334,0.21428571428571427
19848,0,0,9571,-15.137684106826782,-11.009793758392334,0.21428571428571427
19849,0,0,9570,-15.137684106826782,-11.009793758392334,0.21428571428571427
19850,0,0,9569,-15.137684106826782,-11.009793758392334,0.21428571428571427
19851,0,0,9568,-15.137684106826782,-11.009793758392334,0.21428571428571427
19852,0,0,9567,-15.137684106826782,-11.009793758392334,0.21428571428571427
19853,0,0,9566,-15.137684106826782,-11.009793758392334,0.21428571428571427
19854,0,0,9564,-15.137684106826782,-11.009793758392334,0.21428571428571427
19855,0,0,9554,-15.137684106826782,-11.009793758392334,0.21428571428571427
19856,0,0,9563,-15.137684106826782,-11.009793758392334,0.21428571428571427
19857,0,0,9562,-15.137684106826782,-11.009793758392334,0.21428571428571427
19858,0,0,9561,-15.137684106826782,-11.009793758392334,0.21428571428571427
19859,0,0,9560,-15.137684106826782,-11.009793758392334,0.21428571428571427
19860,0,0,9559,-15.137684106826782,-11.009793758392334,0.21428571428571427
19861,0,0,9558,-15.137684106826782,-11.009793758392334,0.21428571428571427
19862,0,0,9557,-15.137684106826782,-11.009793758392334,0.21428571428571427
19863,0,0,9556,-15.137684106826782,-11.009793758392334,0.21428571428571427
19864,0,0,9555,-15.137684106826782,-11.009793758392334,0.21428571428571427
19865,0,0,9529,-15.137684106826782,-11.009793758392334,0.21428571428571427
19866,0,0,9527,-15.137684106826782,-11.009793758392334,0.21428571428571427
19867,0,0,9480,-15.137684106826782,-11.009793758392334,0.21428571428571427
19868,0,0,9526,-15.137684106826782,-11.009793758392334,0.21428571428571427
19869,0,0,9501,-15.137684106826782,-11.009793758392334,0.21428571428571427
19870,0,0,9500,-15.137684106826782,-11.009793758392334,0.21428571428571427
19871,0,0,9499,-15.137684106826782,-11.009793758392334,0.21428571428571427
19872,0,0,9498,-15.137684106826782,-11.009793758392334,0.21428571428571427
19873,0,0,9497,-15.137684106826782,-11.009793758392334,0.21428571428571427
19874,0,0,9496,-15.137684106826782,-11.009793758392334,0.21428571428571427
19875,0,0,9495,-15.137684106826782,-11.009793758392334,0.21428571428571427
19876,0,0,9494,-15.137684106826782,-11.009793758392334,0.21428571428571427
19877,0,0,9493,-15.137684106826782,-11.009793758392334,0.21428571428571427
19878,0,0,9492,-15.137684106826782,-11.009793758392334,0.21428571428571427
19879,0,0,9491,-15.137684106826782,-11.009793758392334,0.21428571428571427
19880,0,0,9490,-15.137684106826782,-11.009793758392334,0.21428571428571427
19881,0,0,9489,-15.137684106826782,-11.009793758392334,0.21428571428571427
19882,0,0,9488,-15.137684106826782,-11.009793758392334,0.21428571428571427
19883,0,0,9487,-15.137684106826782,-11.009793758392334,0.21428571428571427
19884,0,0,9486,-15.137684106826782,-11.009793758392334,0.21428571428571427
19885,0,0,9485,-15.137684106826782,-11.009793758392334,0.21428571428571427
19886,0,0,9484,-15.137684106826782,-11.009793758392334,0.21428571428571427
19887,0,0,9483,-15.137684106826782,-11.009793758392334,0.21428571428571427
19888,0,0,9482,-15.137684106826782,-11.009793758392334,0.21428571428571427
19889,0,0,9481,-15.137684106826782,-11.009793758392334,0.21428571428571427
19890,0,0,9502,-15.137684106826782,-11.009793758392334,0.21428571428571427
19891,0,0,9503,-15.137684106826782,-11.009793758392334,0.21428571428571427
19892,0,0,9504,-15.137684106826782,-11.009793758392334,0.21428571428571427
19893,0,0,9516,-15.137684106826782,-11.009793758392334,0.21428571428571427
19894,0,0,9525,-15.137684106826782,-11.009793758392334,0.21428571428571427
19895,0,0,9524,-15.137684106826782,-11.009793758392334,0.21428571428571427
19896,0,0,9523,-15.137684106826782,-11.009793758392334,0.21428571428571427
19897,0,0,9522,-15.137684106826782,-11.009793758392334,0.21428571428571427
19898,0,0,9521,-15.137684106826782,-11.009793758392334,0.21428571428571427
19899,0,0,9520,-15.137684106826782,-11.009793758392334,0.21428571428571427
19900,0,0,9519,-15.137684106826782,-11.009793758392334,0.21428571428571427
19901,0,0,9518,-15.137684106826782,-11.009793758392334,0.21428571428571427
19902,0,0,9517,-15.137684106826782,-11.009793758392334,0.21428571428571427
19903,0,0,9515,-15.137684106826782,-11.009793758392334,0.21428571428571427
19904,0,0,9505,-15.137684106826782,-11.009793758392334,0.21428571428571427
19905,0,0,9514,-15.137684106826782,-11.009793758392334,0.21428571428571427
19906,0,0,9513,-15.137684106826782,-11.009793758392334,0.21428571428571427
19907,0,0,9512,-15.137684106826782,-11.009793758392334,0.21428571428571427
19908,0,0,9511,-15.137684106826782,-11.009793758392334,0.21428571428571427
19909,0,0,9510,-15.137684106826782,-11.009793758392334,0.21428571428571427
19910,0,0,9509,-15.137684106826782,-11.009793758392334,0.21428571428571427
19911,0,0,9508,-15.137684106826782,-11.009793758392334,0.21428571428571427
19912,0,0,9507,-15.137684106826782,-11.009793758392334,0.21428571428571427
19913,0,0,9506,-15.137684106826782,-11.009793758392334,0.21428571428571427
19914,0,0,9770,-15.137684106826782,-11.009793758392334,0.21428571428571427
19915,0,0,9771,-15.137684106826782,-11.009793758392334,0.21428571428571427
19916,0,0,9772,-15.137684106826782,-11.009793758392334,0.21428571428571427
19917,0,0,9967,-15.137684106826782,-11.009793758392334,0.21428571428571427
19918,0,0,10038,-15.137684106826782,-11.009793758392334,0.21428571428571427
19919,0,0,10037,-15.137684106826782,-11.009793758392334,0.21428571428571427
19920,0,0,10036,-15.137684106826782,-11.009793758392334,0.21428571428571427
19921,0,0,10035,-15.137684106826782,-11.009793758392334,0.21428571428571427
19922,0,0,10034,-15.137684106826782,-11.009793758392334,0.21428571428571427
19923,0,0,10033,-15.137684106826782,-11.009793758392334,0.21428571428571427
19924,0,0,10032,-15.137684106826782,-11.009793758392334,0.21428571428571427
19925,0,0,10031,-15.137684106826782,-11.009793758392334,0.21428571428571427
19926,0,0,10030,-15.137684106826782,-11.009793758392334,0.21428571428571427
19927,0,0,10029,-15.137684106826782,-11.009793758392334,0.21428571428571427
19928,0,0,10028,-15.137684106826782,-11.009793758392334,0.21428571428571427
19929,0,0,10027,-15.137684106826782,-11.009793758392334,0.21428571428571427
19930,0,0,10026,-15.137684106826782,-11.009793758392334,0.21428571428571427
19931,0,0,10025,-15.137684106826782,-11.009793758392334,0.21428571428571427
19932,0,0,10024,-15.137684106826782,-11.009793758392334,0.21428571428571427
19933,0,0,10023,-15.137684106826782,-11.009793758392334,0.21428571428571427
19934,0,0,10022,-15.137684106826782,-11.009793758392334,0.21428571428571427
19935,0,0,10021,-15.137684106826782,-11.009793758392334,0.21428571428571427
19936,0,0,10020,-15.137684106826782,-11.009793758392334,0.21428571428571427
19937,0,0,10019,-15.137684106826782,-11.009793758392334,0.21428571428571427
19938,0,0,10018,-15.137684106826782,-11.009793758392334,0.21428571428571427
19939,0,0,10039,-15.137684106826782,-11.009793758392334,0.21428571428571427
19940,0,0,10040,-15.137684106826782,-11.009793758392334,0.21428571428571427
19941,0,0,10041,-15.137684106826782,-11.009793758392334,0.21428571428571427
19942,0,0,10053,-15.137684106826782,-11.009793758392334,0.21428571428571427
19943,0,0,10062,-15.137684106826782,-11.009793758392334,0.21428571428571427
19944,0,0,10061,-15.137684106826782,-11.009793758392334,0.21428571428571427
19945,0,0,10060,-15.137684106826782,-11.009793758392334,0.21428571428571427
19946,0,0,10059,-15.137684106826782,-11.009793758392334,0.21428571428571427
19947,0,0,10058,-15.137684106826782,-11.009793758392334,0.21428571428571427
19948,0,0,10057,-15.137684106826782,-11.009793758392334,0.21428571428571427
19949,0,0,10056,-15.137684106826782,-11.009793758392334,0.21428571428571427
19950,0,0,10055,-15.137684106826782,-11.009793758392334,0.21428571428571427
19951,0,0,10054,-15.137684106826782,-11.009793758392334,0.21428571428571427
19952,0,0,10052,-15.137684106826782,-11.009793758392334,0.21428571428571427
19953,0,0,10042,-15.137684106826782,-11.009793758392334,0.21428571428571427
19954,0,0,10051,-15.137684106826782,-11.009793758392334,0.21428571428571427
19955,0,0,10050,-15.137684106826782,-11.009793758392334,0.21428571428571427
19956,0,0,10049,-15.137684106826782,-11.009793758392334,0.21428571428571427
19957,0,0,10048,-15.137684106826782,-11.009793758392334,0.21428571428571427
19958,0,0,10047,-15.137684106826782,-11.009793758392334,0.21428571428571427
19959,0,0,10046,-15.137684106826782,-11.009793758392334,0.21428571428571427
19960,0,0,10045,-15.137684106826782,-11.009793758392334,0.21428571428571427
19961,0,0,10044,-15.137684106826782,-11.009793758392334,0.21428571428571427
19962,0,0,10043,-15.137684106826782,-11.009793758392334,0.21428571428571427
19963,0,0,10017,-15.137684106826782,-11.009793758392334,0.21428571428571427
19964,0,0,10015,-15.137684106826782,-11.009793758392334,0.21428571428571427
19965,0,0,9968,-15.137684106826782,-11.009793758392334,0.21428571428571427
19966,0,0,10014,-15.137684106826782,-11.009793758392334,0.21428571428571427
19967,0,0,9989,-15.137684106826782,-11.009793758392334,0.21428571428571427
19968,0,0,9988,-15.137684106826782,-11.009793758392334,0.21428571428571427
19969,0,0,9987,-15.137684106826782,-11.009793758392334,0.21428571428571427
19970,0,0,9986,-15.137684106826782,-11.009793758392334,0.21428571428571427
19971,0,0,9985,-15.137684106826782,-11.009793758392334,0.21428571428571427
19972,0,0,9984,-15.137684106826782,-11.009793758392334,0.21428571428571427
19973,0,0,9983,-15.137684106826782,-11.009793758392334,0.21428571428571427
19974,0,0,9982,-15.137684106826782,-11.009793758392334,0.21428571428571427
19975,0,0,9981,-15.137684106826782,-11.009793758392334,0.21428571428571427
19976,0,0,9980,-15.137684106826782,-11.009793758392334,0.21428571428571427
19977,0,0,9979,-15.137684106826782,-11.009793758392334,0.21428571428571427
19978,0,0,9978,-15.137684106826782,-11.009793758392334,0.21428571428571427
19979,0,0,9977,-15.137684106826782,-11.009793758392334,0.21428571428571427
19980,0,0,9976,-15.137684106826782,-11.009793758392334,0.21428571428571427
19981,0,0,9975,-15.137684106826782,-11.009793758392334,0.21428571428571427
19982,0,0,9974,-15.137684106826782,-11.009793758392334,0.21428571428571427
19983,0,0,9973,-15.137684106826782,-11.009793758392334,0.21428571428571427
19984,0,0,9972,-15.137684106826782,-11.009793758392334,0.21428571428571427
19985,0,0,9971,-15.137684106826782,-11.009793758392334,0.21428571428571427
19986,0,0,9970,-15.137684106826782,-11.009793758392334,0.21428571428571427
19987,0,0,9969,-15.137684106826782,-11.009793758392334,0.21428571428571427
19988,0,0,9990,-15.137684106826782,-11.009793758392334,0.21428571428571427
19989,0,0,9991,-15.137684106826782,-11.009793758392334,0.21428571428571427
19990,0,0,9992,-15.137684106826782,-11.009793758392334,0.21428571428571427
19991,0,0,10004,-15.137684106826782,-11.009793758392334,0.21428571428571427
19992,0,0,10013,-15.137684106826782,-11.009793758392334,0.21428571428571427
19993,0,0,10012,-15.137684106826782,-11.009793758392334,0.21428571428571427
19994,0,0,10011,-15.137684106826782,-11.009793758392334,0.21428571428571427
19995,0,0,10010,-15.137684106826782,-11.009793758392334,0.21428571428571427
19996,0,0,10009,-15.137684106826782,-11.009793758392334,0.21428571428571427
19997,0,0,10008,-15.137684106826782,-11.009793758392334,0.21428571428571427
19998,0,0,10007,-15.137684106826782,-11.009793758392334,0.21428571428571427
19999,0,0,10006,-15.137684106826782,-11.009793758392334,0.21428571428571427
20000,0,0,10005,-15.137684106826782,-11.009793758392334,0.21428571428571427
20001,0,0,10003,-15.137684106826782,-11.009793758392334,0.21428571428571427
20002,0,0,9993,-15.137684106826782,-11.009793758392334,0.21428571428571427
20003,0,0,10002,-15.137684106826782,-11.009793758392334,0.21428571428571427
20004,0,0,10001,-15.137684106826782,-11.009793758392334,0.21428571428571427
20005,0,0,10000,-15.137684106826782,-11.009793758392334,0.21428571428571427
20006,0,0,9999,-15.137684106826782,-11.009793758392334,0.21428571428571427
20007,0,0,9998,-15.137684106826782,-11.009793758392334,0.21428571428571427
20008,0,0,9997,-15.137684106826782,-11.009793758392334,0.21428571428571427
20009,0,0,9996,-15.137684106826782,-11.009793758392334,0.21428571428571427
20010,0,0,9995,-15.137684106826782,-11.009793758392334,0.21428571428571427
20011,0,0,9994,-15.137684106826782,-11.009793758392334,0.21428571428571427
20012,0,0,10063,-15.137684106826782,-11.009793758392334,0.21428571428571427
20013,0,0,10064,-15.137684106826782,-11.009793758392334,0.21428571428571427
20014,0,0,10065,-15.137684106826782,-11.009793758392334,0.21428571428571427
20015,0,0,10066,-15.137684106826782,-11.009793758392334,0.21428571428571427
20016,0,0,10135,-15.137684106826782,-11.009793758392334,0.21428571428571427
20017,0,0,10134,-15.137684106826782,-11.009793758392334,0.21428571428571427
20018,0,0,10133,-15.137684106826782,-11.009793758392334,0.21428571428571427
20019,0,0,10132,-15.137684106826782,-11.009793758392334,0.21428571428571427
20020,0,0,10131,-15.137684106826782,-11.009793758392334,0.21428571428571427
20021,0,0,10130,-15.137684106826782,-11.009793758392334,0.21428571428571427
20022,0,0,10129,-15.137684106826782,-11.009793758392334,0.21428571428571427
20023,0,0,10128,-15.137684106826782,-11.009793758392334,0.21428571428571427
20024,0,0,10127,-15.137684106826782,-11.009793758392334,0.21428571428571427
20025,0,0,10125,-15.137684106826782,-11.009793758392334,0.21428571428571427
20026,0,0,10115,-15.137684106826782,-11.009793758392334,0.21428571428571427
20027,0,0,10124,-15.137684106826782,-11.009793758392334,0.21428571428571427
20028,0,0,10123,-15.137684106826782,-11.009793758392334,0.21428571428571427
20029,0,0,10122,-15.137684106826782,-11.009793758392334,0.21428571428571427
20030,0,0,10121,-15.137684106826782,-11.009793758392334,0.21428571428571427
20031,0,0,10120,-15.137684106826782,-11.009793758392334,0.21428571428571427
20032,0,0,10119,-15.137684106826782,-11.009793758392334,0.21428571428571427
20033,0,0,10118,-15.137684106826782,-11.009793758392334,0.21428571428571427
20034,0,0,10117,-15.137684106826782,-11.009793758392334,0.21428571428571427
20035,0,0,10116,-15.137684106826782,-11.009793758392334,0.21428571428571427
20036,0,0,10136,-15.137684106826782,-11.009793758392334,0.21428571428571427
20037,0,0,10126,-15.137684106826782,-11.009793758392334,0.21428571428571427
20038,0,0,10137,-15.137684106826782,-11.009793758392334,0.21428571428571427
20039,0,0,10150,-15.137684106826782,-11.009793758392334,0.21428571428571427
20040,0,0,10159,-15.137684106826782,-11.009793758392334,0.21428571428571427
20041,0,0,10158,-15.137684106826782,-11.009793758392334,0.21428571428571427
20042,0,0,10157,-15.137684106826782,-11.009793758392334,0.21428571428571427
20043,0,0,10156,-15.137684106826782,-11.009793758392334,0.21428571428571427
20044,0,0,10155,-15.137684106826782,-11.009793758392334,0.21428571428571427
20045,0,0,10154,-15.137684106826782,-11.009793758392334,0.21428571428571427
20046,0,0,10153,-15.137684106826782,-11.009793758392334,0.21428571428571427
20047,0,0,10152,-15.137684106826782,-11.009793758392334,0.21428571428571427
20048,0,0,10151,-15.137684106826782,-11.009793758392334,0.21428571428571427
20049,0,0,10149,-15.137684106826782,-11.009793758392334,0.21428571428571427
20050,0,0,10139,-15.137684106826782,-11.009793758392334,0.21428571428571427
20051,0,0,10148,-15.137684106826782,-11.009793758392334,0.21428571428571427
20052,0,0,10147,-15.137684106826782,-11.009793758392334,0.21428571428571427
20053,0,0,10146,-15.137684106826782,-11.009793758392334,0.21428571428571427
20054,0,0,10145,-15.137684106826782,-11.009793758392334,0.21428571428571427
20055,0,0,10144,-15.137684106826782,-11.009793758392334,0.21428571428571427
20056,0,0,10143,-15.137684106826782,-11.009793758392334,0.21428571428571427
20057,0,0,10142,-15.137684106826782,-11.009793758392334,0.21428571428571427
20058,0,0,10141,-15.137684106826782,-11.009793758392334,0.21428571428571427
20059,0,0,10140,-15.137684106826782,-11.009793758392334,0.21428571428571427
20060,0,0,10138,-15.137684106826782,-11.009793758392334,0.21428571428571427
20061,0,0,10114,-15.137684106826782,-11.009793758392334,0.21428571428571427
20062,0,0,10113,-15.137684106826782,-11.009793758392334,0.21428571428571427
20063,0,0,10112,-15.137684106826782,-11.009793758392334,0.21428571428571427
20064,0,0,10087,-15.137684106826782,-11.009793758392334,0.21428571428571427
20065,0,0,10086,-15.137684106826782,-11.009793758392334,0.21428571428571427
20066,0,0,10085,-15.137684106826782,-11.009793758392334,0.21428571428571427
20067,0,0,10084,-15.137684106826782,-11.009793758392334,0.21428571428571427
20068,0,0,10083,-15.137684106826782,-11.009793758392334,0.21428571428571427
20069,0,0,10082,-15.137684106826782,-11.009793758392334,0.21428571428571427
20070,0,0,10081,-15.137684106826782,-11.009793758392334,0.21428571428571427
20071,0,0,10080,-15.137684106826782,-11.009793758392334,0.21428571428571427
20072,0,0,10079,-15.137684106826782,-11.009793758392334,0.21428571428571427
20073,0,0,10078,-15.137684106826782,-11.009793758392334,0.21428571428571427
20074,0,0,10077,-15.137684106826782,-11.009793758392334,0.21428571428571427
20075,0,0,10076,-15.137684106826782,-11.009793758392334,0.21428571428571427
20076,0,0,10075,-15.137684106826782,-11.009793758392334,0.21428571428571427
20077,0,0,10074,-15.137684106826782,-11.009793758392334,0.21428571428571427
20078,0,0,10073,-15.137684106826782,-11.009793758392334,0.21428571428571427
20079,0,0,10072,-15.137684106826782,-11.009793758392334,0.21428571428571427
20080,0,0,10071,-15.137684106826782,-11.009793758392334,0.21428571428571427
20081,0,0,10070,-15.137684106826782,-11.009793758392334,0.21428571428571427
20082,0,0,10069,-15.137684106826782,-11.009793758392334,0.21428571428571427
20083,0,0,10068,-15.137684106826782,-11.009793758392334,0.21428571428571427
20084,0,0,10067,-15.137684106826782,-11.009793758392334,0.21428571428571427
20085,0,0,10088,-15.137684106826782,-11.009793758392334,0.21428571428571427
20086,0,0,10089,-15.137684106826782,-11.009793758392334,0.21428571428571427
20087,0,0,10090,-15.137684106826782,-11.009793758392334,0.21428571428571427
20088,0,0,10102,-15.137684106826782,-11.009793758392334,0.21428571428571427
20089,0,0,10111,-15.137684106826782,-11.009793758392334,0.21428571428571427
20090,0,0,10110,-15.137684106826782,-11.009793758392334,0.21428571428571427
20091,0,0,10109,-15.137684106826782,-11.009793758392334,0.21428571428571427
20092,0,0,10108,-15.137684106826782,-11.009793758392334,0.21428571428571427
20093,0,0,10107,-15.137684106826782,-11.009793758392334,0.21428571428571427
20094,0,0,10106,-15.137684106826782,-11.009793758392334,0.21428571428571427
20095,0,0,10105,-15.137684106826782,-11.009793758392334,0.21428571428571427
20096,0,0,10104,-15.137684106826782,-11.009793758392334,0.21428571428571427
20097,0,0,10103,-15.137684106826782,-11.009793758392334,0.21428571428571427
20098,0,0,10101,-15.137684106826782,-11.009793758392334,0.21428571428571427
20099,0,0,10091,-15.137684106826782,-11.009793758392334,0.21428571428571427
20100,0,0,10100,-15.137684106826782,-11.009793758392334,0.21428571428571427
20101,0,0,10099,-15.137684106826782,-11.009793758392334,0.21428571428571427
20102,0,0,10098,-15.137684106826782,-11.009793758392334,0.21428571428571427
20103,0,0,10097,-15.137684106826782,-11.009793758392334,0.21428571428571427
20104,0,0,10096,-15.137684106826782,-11.009793758392334,0.21428571428571427
20105,0,0,10095,-15.137684106826782,-11.009793758392334,0.21428571428571427
20106,0,0,10094,-15.137684106826782,-11.009793758392334,0.21428571428571427
20107,0,0,10093,-15.137684106826782,-11.009793758392334,0.21428571428571427
20108,0,0,10092,-15.137684106826782,-11.009793758392334,0.21428571428571427
20109,0,0,10016,-15.137684106826782,-11.009793758392334,0.21428571428571427
20110,0,0,9966,-15.137684106826782,-11.009793758392334,0.21428571428571427
20111,0,0,9821,-15.137684106826782,-11.009793758392334,0.21428571428571427
20112,0,0,9965,-15.137684106826782,-11.009793758392334,0.21428571428571427
20113,0,0,9843,-15.137684106826782,-11.009793758392334,0.21428571428571427
20114,0,0,9842,-15.137684106826782,-11.009793758392334,0.21428571428571427
20115,0,0,9841,-15.137684106826782,-11.009793758392334,0.21428571428571427
20116,0,0,9840,-15.137684106826782,-11.009793758392334,0.21428571428571427
20117,0,0,9839,-15.137684106826782,-11.009793758392334,0.21428571428571427
20118,0,0,9838,-15.137684106826782,-11.009793758392334,0.21428571428571427
20119,0,0,9837,-15.137684106826782,-11.009793758392334,0.21428571428571427
20120,0,0,9836,-15.137684106826782,-11.009793758392334,0.21428571428571427
20121,0,0,9835,-15.137684106826782,-11.009793758392334,0.21428571428571427
20122,0,0,9834,-15.137684106826782,-11.009793758392334,0.21428571428571427
20123,0,0,9833,-15.137684106826782,-11.009793758392334,0.21428571428571427
20124,0,0,9832,-15.137684106826782,-11.009793758392334,0.21428571428571427
20125,0,0,9831,-15.137684106826782,-11.009793758392334,0.21428571428571427
20126,0,0,9830,-15.137684106826782,-11.009793758392334,0.21428571428571427
20127,0,0,9829,-15.137684106826782,-11.009793758392334,0.21428571428571427
20128,0,0,9828,-15.137684106826782,-11.009793758392334,0.21428571428571427
20129,0,0,9827,-15.137684106826782,-11.009793758392334,0.21428571428571427
20130,0,0,9826,-15.137684106826782,-11.009793758392334,0.21428571428571427
20131,0,0,9825,-15.137684106826782,-11.009793758392334,0.21428571428571427
20132,0,0,9824,-15.137684106826782,-11.009793758392334,0.21428571428571427
20133,0,0,9823,-15.137684106826782,-11.009793758392334,0.21428571428571427
20134,0,0,9844,-15.137684106826782,-11.009793758392334,0.21428571428571427
20135,0,0,9845,-15.137684106826782,-11.009793758392334,0.21428571428571427
20136,0,0,9846,-15.137684106826782,-11.009793758392334,0.21428571428571427
20137,0,0,9858,-15.137684106826782,-11.009793758392334,0.21428571428571427
20138,0,0,9867,-15.137684106826782,-11.009793758392334,0.21428571428571427
20139,0,0,9866,-15.137684106826782,-11.009793758392334,0.21428571428571427
20140,0,0,9865,-15.137684106826782,-11.009793758392334,0.21428571428571427
20141,0,0,9864,-15.137684106826782,-11.009793758392334,0.21428571428571427
20142,0,0,9863,-15.137684106826782,-11.009793758392334,0.21428571428571427
20143,0,0,9862,-15.137684106826782,-11.009793758392334,0.21428571428571427
20144,0,0,9861,-15.137684106826782,-11.009793758392334,0.21428571428571427
20145,0,0,9860,-15.137684106826782,-11.009793758392334,0.21428571428571427
20146,0,0,9859,-15.137684106826782,-11.009793758392334,0.21428571428571427
20147,0,0,9857,-15.137684106826782,-11.009793758392334,0.21428571428571427
20148,0,0,9847,-15.137684106826782,-11.009793758392334,0.21428571428571427
20149,0,0,9856,-15.137684106826782,-11.009793758392334,0.21428571428571427
20150,0,0,9855,-15.137684106826782,-11.009793758392334,0.21428571428571427
20151,0,0,9854,-15.137684106826782,-11.009793758392334,0.21428571428571427
20152,0,0,9853,-15.137684106826782,-11.009793758392334,0.21428571428571427
20153,0,0,9852,-15.137684106826782,-11.009793758392334,0.21428571428571427
20154,0,0,9851,-15.137684106826782,-11.009793758392334,0.21428571428571427
20155,0,0,9850,-15.137684106826782,-11.009793758392334,0.21428571428571427
20156,0,0,9849,-15.137684106826782,-11.009793758392334,0.21428571428571427
20157,0,0,9848,-15.137684106826782,-11.009793758392334,0.21428571428571427
20158,0,0,9822,-15.137684106826782,-11.009793758392334,0.21428571428571427
20159,0,0,9820,-15.137684106826782,-11.009793758392334,0.21428571428571427
20160,0,0,9773,-15.137684106826782,-11.009793758392334,0.21428571428571427
20161,0,0,9819,-15.137684106826782,-11.009793758392334,0.21428571428571427
20162,0,0,9794,-15.137684106826782,-11.009793758392334,0.21428571428571427
20163,0,0,9793,-15.137684106826782,-11.009793758392334,0.21428571428571427
20164,0,0,9792,-15.137684106826782,-11.009793758392334,0.21428571428571427
20165,0,0,9791,-15.137684106826782,-11.009793758392334,0.21428571428571427
20166,0,0,9790,-15.137684106826782,-11.009793758392334,0.21428571428571427
20167,0,0,9789,-15.137684106826782,-11.009793758392334,0.21428571428571427
20168,0,0,9788,-15.137684106826782,-11.009793758392334,0.21428571428571427
20169,0,0,9787,-15.137684106826782,-11.009793758392334,0.21428571428571427
20170,0,0,9786,-15.137684106826782,-11.009793758392334,0.21428571428571427
20171,0,0,9785,-15.137684106826782,-11.009793758392334,0.21428571428571427
20172,0,0,9784,-15.137684106826782,-11.009793758392334,0.21428571428571427
20173,0,0,9783,-15.137684106826782,-11.009793758392334,0.21428571428571427
20174,0,0,9782,-15.137684106826782,-11.009793758392334,0.21428571428571427
20175,0,0,9781,-15.137684106826782,-11.009793758392334,0.21428571428571427
20176,0,0,9780,-15.137684106826782,-11.009793758392334,0.21428571428571427
20177,0,0,9779,-15.137684106826782,-11.009793758392334,0.21428571428571427
20178,0,0,9778,-15.137684106826782,-11.009793758392334,0.21428571428571427
20179,0,0,9777,-15.137684106826782,-11.009793758392334,0.21428571428571427
20180,0,0,9776,-15.137684106826782,-11.009793758392334,0.21428571428571427
20181,0,0,9775,-15.137684106826782,-11.009793758392334,0.21428571428571427
20182,0,0,9774,-15.137684106826782,-11.009793758392334,0.21428571428571427
20183,0,0,9795,-15.137684106826782,-11.009793758392334,0.21428571428571427
20184,0,0,9796,-15.137684106826782,-11.009793758392334,0.21428571428571427
20185,0,0,9797,-15.137684106826782,-11.009793758392334,0.21428571428571427
20186,0,0,9809,-15.137684106826782,-11.009793758392334,0.21428571428571427
20187,0,0,9818,-15.137684106826782,-11.009793758392334,0.21428571428571427
20188,0,0,9817,-15.137684106826782,-11.009793758392334,0.21428571428571427
20189,0,0,9816,-15.137684106826782,-11.009793758392334,0.21428571428571427
20190,0,0,9815,-15.137684106826782,-11.009793758392334,0.21428571428571427
20191,0,0,9814,-15.137684106826782,-11.009793758392334,0.21428571428571427
20192,0,0,9813,-15.137684106826782,-11.009793758392334,0.21428571428571427
20193,0,0,9812,-15.137684106826782,-11.009793758392334,0.21428571428571427
20194,0,0,9811,-15.137684106826782,-11.009793758392334,0.21428571428571427
20195,0,0,9810,-15.137684106826782,-11.009793758392334,0.21428571428571427
20196,0,0,9808,-15.137684106826782,-11.009793758392334,0.21428571428571427
20197,0,0,9798,-15.137684106826782,-11.009793758392334,0.21428571428571427
20198,0,0,9807,-15.137684106826782,-11.009793758392334,0.21428571428571427
20199,0,0,9806,-15.137684106826782,-11.009793758392334,0.21428571428571427
20200,0,0,9805,-15.137684106826782,-11.009793758392334,0.21428571428571427
20201,0,0,9804,-15.137684106826782,-11.009793758392334,0.21428571428571427
20202,0,0,9803,-15.137684106826782,-11.009793758392334,0.21428571428571427
20203,0,0,9802,-15.137684106826782,-11.009793758392334,0.21428571428571427
20204,0,0,9801,-15.137684106826782,-11.009793758392334,0.21428571428571427
20205,0,0,9800,-15.137684106826782,-11.009793758392334,0.21428571428571427
20206,0,0,9799,-15.137684106826782,-11.009793758392334,0.21428571428571427
20207,0,0,9868,-15.137684106826782,-11.009793758392334,0.21428571428571427
20208,0,0,9869,-15.137684106826782,-11.009793758392334,0.21428571428571427
20209,0,0,9870,-15.137684106826782,-11.009793758392334,0.21428571428571427
20210,0,0,9871,-15.137684106826782,-11.009793758392334,0.21428571428571427
20211,0,0,9940,-15.137684106826782,-11.009793758392334,0.21428571428571427
20212,0,0,9939,-15.137684106826782,-11.009793758392334,0.21428571428571427
20213,0,0,9938,-15.137684106826782,-11.009793758392334,0.21428571428571427
20214,0,0,9937,-15.137684106826782,-11.009793758392334,0.21428571428571427
20215,0,0,9936,-15.137684106826782,-11.009793758392334,0.21428571428571427
20216,0,0,9935,-15.137684106826782,-11.009793758392334,0.21428571428571427
20217,0,0,9934,-15.137684106826782,-11.009793758392334,0.21428571428571427
20218,0,0,9933,-15.137684106826782,-11.009793758392334,0.21428571428571427
20219,0,0,9932,-15.137684106826782,-11.009793758392334,0.21428571428571427
20220,0,0,9930,-15.137684106826782,-11.009793758392334,0.21428571428571427
20221,0,0,9920,-15.137684106826782,-11.009793758392334,0.21428571428571427
20222,0,0,9929,-15.137684106826782,-11.009793758392334,0.21428571428571427
20223,0,0,9928,-15.137684106826782,-11.009793758392334,0.21428571428571427
20224,0,0,9927,-15.137684106826782,-11.009793758392334,0.21428571428571427
20225,0,0,9926,-15.137684106826782,-11.009793758392334,0.21428571428571427
20226,0,0,9925,-15.137684106826782,-11.009793758392334,0.21428571428571427
20227,0,0,9924,-15.137684106826782,-11.009793758392334,0.21428571428571427
20228,0,0,9923,-15.137684106826782,-11.009793758392334,0.21428571428571427
20229,0,0,9922,-15.137684106826782,-11.009793758392334,0.21428571428571427
20230,0,0,9921,-15.137684106826782,-11.009793758392334,0.21428571428571427
20231,0,0,9941,-15.137684106826782,-11.009793758392334,0.21428571428571427
20232,0,0,9931,-15.137684106826782,-11.009793758392334,0.21428571428571427
20233,0,0,9942,-15.137684106826782,-11.009793758392334,0.21428571428571427
20234,0,0,9955,-15.137684106826782,-11.009793758392334,0.21428571428571427
20235,0,0,9964,-15.137684106826782,-11.009793758392334,0.21428571428571427
20236,0,0,9963,-15.137684106826782,-11.009793758392334,0.21428571428571427
20237,0,0,9962,-15.137684106826782,-11.009793758392334,0.21428571428571427
20238,0,0,9961,-15.137684106826782,-11.009793758392334,0.21428571428571427
20239,0,0,9960,-15.137684106826782,-11.009793758392334,0.21428571428571427
20240,0,0,9959,-15.137684106826782,-11.009793758392334,0.21428571428571427
20241,0,0,9958,-15.137684106826782,-11.009793758392334,0.21428571428571427
20242,0,0,9957,-15.137684106826782,-11.009793758392334,0.21428571428571427
20243,0,0,9956,-15.137684106826782,-11.009793758392334,0.21428571428571427
20244,0,0,9954,-15.137684106826782,-11.009793758392334,0.21428571428571427
20245,0,0,9944,-15.137684106826782,-11.009793758392334,0.21428571428571427
20246,0,0,9953,-15.137684106826782,-11.009793758392334,0.21428571428571427
20247,0,0,9952,-15.137684106826782,-11.009793758392334,0.21428571428571427
20248,0,0,9951,-15.137684106826782,-11.009793758392334,0.21428571428571427
20249,0,0,9950,-15.137684106826782,-11.009793758392334,0.21428571428571427
20250,0,0,9949,-15.137684106826782,-11.009793758392334,0.21428571428571427
20251,0,0,9948,-15.137684106826782,-11.009793758392334,0.21428571428571427
20252,0,0,9947,-15.137684106826782,-11.009793758392334,0.21428571428571427
20253,0,0,9946,-15.137684106826782,-11.009793758392334,0.21428571428571427
20254,0,0,9945,-15.137684106826782,-11.009793758392334,0.21428571428571427
20255,0,0,9943,-15.137684106826782,-11.009793758392334,0.21428571428571427
20256,0,0,9919,-15.137684106826782,-11.009793758392334,0.21428571428571427
20257,0,0,9918,-15.137684106826782,-11.009793758392334,0.21428571428571427
20258,0,0,9917,-15.137684106826782,-11.009793758392334,0.21428571428571427
20259,0,0,9892,-15.137684106826782,-11.009793758392334,0.21428571428571427
20260,0,0,9891,-15.137684106826782,-11.009793758392334,0.21428571428571427
20261,0,0,9890,-15.137684106826782,-11.009793758392334,0.21428571428571427
20262,0,0,9889,-15.137684106826782,-11.009793758392334,0.21428571428571427
20263,0,0,9888,-15.137684106826782,-11.009793758392334,0.21428571428571427
20264,0,0,9887,-15.137684106826782,-11.009793758392334,0.21428571428571427
20265,0,0,9886,-15.137684106826782,-11.009793758392334,0.21428571428571427
20266,0,0,9885,-15.137684106826782,-11.009793758392334,0.21428571428571427
20267,0,0,9884,-15.137684106826782,-11.009793758392334,0.21428571428571427
20268,0,0,9883,-15.137684106826782,-11.009793758392334,0.21428571428571427
20269,0,0,9882,-15.137684106826782,-11.009793758392334,0.21428571428571427
20270,0,0,9881,-15.137684106826782,-11.009793758392334,0.21428571428571427
20271,0,0,9880,-15.137684106826782,-11.009793758392334,0.21428571428571427
20272,0,0,9879,-15.137684106826782,-11.009793758392334,0.21428571428571427
20273,0,0,9878,-15.137684106826782,-11.009793758392334,0.21428571428571427
20274,0,0,9877,-15.137684106826782,-11.009793758392334,0.21428571428571427
20275,0,0,9876,-15.137684106826782,-11.009793758392334,0.21428571428571427
20276,0,0,9875,-15.137684106826782,-11.009793758392334,0.21428571428571427
20277,0,0,9874,-15.137684106826782,-11.009793758392334,0.21428571428571427
20278,0,0,9873,-15.137684106826782,-11.009793758392334,0.21428571428571427
20279,0,0,9872,-15.137684106826782,-11.009793758392334,0.21428571428571427
20280,0,0,9893,-15.137684106826782,-11.009793758392334,0.21428571428571427
20281,0,0,9894,-15.137684106826782,-11.009793758392334,0.21428571428571427
20282,0,0,9895,-15.137684106826782,-11.009793758392334,0.21428571428571427
20283,0,0,9907,-15.137684106826782,-11.009793758392334,0.21428571428571427
20284,0,0,9916,-15.137684106826782,-11.009793758392334,0.21428571428571427
20285,0,0,9915,-15.137684106826782,-11.009793758392334,0.21428571428571427
20286,0,0,9914,-15.137684106826782,-11.009793758392334,0.21428571428571427
20287,0,0,9913,-15.137684106826782,-11.009793758392334,0.21428571428571427
20288,0,0,9912,-15.137684106826782,-11.009793758392334,0.21428571428571427
20289,0,0,9911,-15.137684106826782,-11.009793758392334,0.21428571428571427
20290,0,0,9910,-15.137684106826782,-11.009793758392334,0.21428571428571427
20291,0,0,9909,-15.137684106826782,-11.009793758392334,0.21428571428571427
20292,0,0,9908,-15.137684106826782,-11.009793758392334,0.21428571428571427
20293,0,0,9906,-15.137684106826782,-11.009793758392334,0.21428571428571427
20294,0,0,9896,-15.137684106826782,-11.009793758392334,0.21428571428571427
20295,0,0,9905,-15.137684106826782,-11.009793758392334,0.21428571428571427
20296,0,0,9904,-15.137684106826782,-11.009793758392334,0.21428571428571427
20297,0,0,9903,-15.137684106826782,-11.009793758392334,0.21428571428571427
20298,0,0,9902,-15.137684106826782,-11.009793758392334,0.21428571428571427
20299,0,0,9901,-15.137684106826782,-11.009793758392334,0.21428571428571427
20300,0,0,9900,-15.137684106826782,-11.009793758392334,0.21428571428571427
20301,0,0,9899,-15.137684106826782,-11.009793758392334,0.21428571428571427
20302,0,0,9898,-15.137684106826782,-11.009793758392334,0.21428571428571427
20303,0,0,9897,-15.137684106826782,-11.009793758392334,0.21428571428571427
20304,0,0,10941,-15.137684106826782,-11.009793758392334,0.21428571428571427
20305,0,0,10162,-15.137684106826782,-11.009793758392334,0.21428571428571427
20306,0,0,10942,-15.137684106826782,-11.009793758392334,0.21428571428571427
20307,0,0,11724,-15.137684106826782,-11.009793758392334,0.21428571428571427
20308,0,0,11991,-15.137684106826782,-11.009793758392334,0.21428571428571427
20309,0,0,11990,-15.137684106826782,-11.009793758392334,0.21428571428571427
20310,0,0,11989,-15.137684106826782,-11.009793758392334,0.21428571428571427
20311,0,0,11988,-15.137684106826782,-11.009793758392334,0.21428571428571427
20312,0,0,11987,-15.137684106826782,-11.009793758392334,0.21428571428571427
20313,0,0,11986,-15.137684106826782,-11.009793758392334,0.21428571428571427
20314,0,0,11985,-15.137684106826782,-11.009793758392334,0.21428571428571427
20315,0,0,11984,-15.137684106826782,-11.009793758392334,0.21428571428571427
20316,0,0,11983,-15.137684106826782,-11.009793758392334,0.21428571428571427
20317,0,0,11982,-15.137684106826782,-11.009793758392334,0.21428571428571427
20318,0,0,11981,-15.137684106826782,-11.009793758392334,0.21428571428571427
20319,0,0,11980,-15.137684106826782,-11.009793758392334,0.21428571428571427
20320,0,0,11979,-15.137684106826782,-11.009793758392334,0.21428571428571427
20321,0,0,11978,-15.137684106826782,-11.009793758392334,0.21428571428571427
20322,0,0,11977,-15.137684106826782,-11.009793758392334,0.21428571428571427
20323,0,0,11976,-15.137684106826782,-11.009793758392334,0.21428571428571427
20324,0,0,11975,-15.137684106826782,-11.009793758392334,0.21428571428571427
20325,0,0,11974,-15.137684106826782,-11.009793758392334,0.21428571428571427
20326,0,0,11973,-15.137684106826782,-11.009793758392334,0.21428571428571427
20327,0,0,11972,-15.137684106826782,-11.009793758392334,0.21428571428571427
20328,0,0,11971,-15.137684106826782,-11.009793758392334,0.21428571428571427
20329,0,0,11992,-15.137684106826782,-11.009793758392334,0.21428571428571427
20330,0,0,11993,-15.137684106826782,-11.009793758392334,0.21428571428571427
20331,0,0,11994,-15.137684106826782,-11.009793758392334,0.21428571428571427
20332,0,0,12006,-15.137684106826782,-11.009793758392334,0.21428571428571427
20333,0,0,12015,-15.137684106826782,-11.009793758392334,0.21428571428571427
20334,0,0,12014,-15.137684106826782,-11.009793758392334,0.21428571428571427
20335,0,0,12013,-15.137684106826782,-11.009793758392334,0.21428571428571427
20336,0,0,12012,-15.137684106826782,-11.009793758392334,0.21428571428571427
20337,0,0,12011,-15.137684106826782,-11.009793758392334,0.21428571428571427
20338,0,0,12010,-15.137684106826782,-11.009793758392334,0.21428571428571427
20339,0,0,12009,-15.137684106826782,-11.009793758392334,0.21428571428571427
20340,0,0,12008,-15.137684106826782,-11.009793758392334,0.21428571428571427
20341,0,0,12007,-15.137684106826782,-11.009793758392334,0.21428571428571427
20342,0,0,12005,-15.137684106826782,-11.009793758392334,0.21428571428571427
20343,0,0,11995,-15.137684106826782,-11.009793758392334,0.21428571428571427
20344,0,0,12004,-15.137684106826782,-11.009793758392334,0.21428571428571427
20345,0,0,12003,-15.137684106826782,-11.009793758392334,0.21428571428571427
20346,0,0,12002,-15.137684106826782,-11.009793758392334,0.21428571428571427
20347,0,0,12001,-15.137684106826782,-11.009793758392334,0.21428571428571427
20348,0,0,12000,-15.137684106826782,-11.009793758392334,0.21428571428571427
20349,0,0,11999,-15.137684106826782,-11.009793758392334,0.21428571428571427
20350,0,0,11998,-15.137684106826782,-11.009793758392334,0.21428571428571427
20351,0,0,11997,-15.137684106826782,-11.009793758392334,0.21428571428571427
20352,0,0,11996,-15.137684106826782,-11.009793758392334,0.21428571428571427
20353,0,0,11970,-15.137684106826782,-11.009793758392334,0.21428571428571427
20354,0,0,11968,-15.137684106826782,-11.009793758392334,0.21428571428571427
20355,0,0,11921,-15.137684106826782,-11.009793758392334,0.21428571428571427
20356,0,0,11967,-15.137684106826782,-11.009793758392334,0.21428571428571427
20357,0,0,11942,-15.137684106826782,-11.009793758392334,0.21428571428571427
20358,0,0,11941,-15.137684106826782,-11.009793758392334,0.21428571428571427
20359,0,0,11940,-15.137684106826782,-11.009793758392334,0.21428571428571427
20360,0,0,11939,-15.137684106826782,-11.009793758392334,0.21428571428571427
20361,0,0,11938,-15.137684106826782,-11.009793758392334,0.21428571428571427
20362,0,0,11937,-15.137684106826782,-11.009793758392334,0.21428571428571427
20363,0,0,11936,-15.137684106826782,-11.009793758392334,0.21428571428571427
20364,0,0,11935,-15.137684106826782,-11.009793758392334,0.21428571428571427
20365,0,0,11934,-15.137684106826782,-11.009793758392334,0.21428571428571427
20366,0,0,11933,-15.137684106826782,-11.009793758392334,0.21428571428571427
20367,0,0,11932,-15.137684106826782,-11.009793758392334,0.21428571428571427
20368,0,0,11931,-15.137684106826782,-11.009793758392334,0.21428571428571427
20369,0,0,11930,-15.137684106826782,-11.009793758392334,0.21428571428571427
20370,0,0,11929,-15.137684106826782,-11.009793758392334,0.21428571428571427
20371,0,0,11928,-15.137684106826782,-11.009793758392334,0.21428571428571427
20372,0,0,11927,-15.137684106826782,-11.009793758392334,0.21428571428571427
20373,0,0,11926,-15.137684106826782,-11.009793758392334,0.21428571428571427
20374,0,0,11925,-15.137684106826782,-11.009793758392334,0.21428571428571427
20375,0,0,11924,-15.137684106826782,-11.009793758392334,0.21428571428571427
20376,0,0,11923,-15.137684106826782,-11.009793758392334,0.21428571428571427
20377,0,0,11922,-15.137684106826782,-11.009793758392334,0.21428571428571427
20378,0,0,11943,-15.137684106826782,-11.009793758392334,0.21428571428571427
20379,0,0,11944,-15.137684106826782,-11.009793758392334,0.21428571428571427
20380,0,0,11945,-15.137684106826782,-11.009793758392334,0.21428571428571427
20381,0,0,11957,-15.137684106826782,-11.009793758392334,0.21428571428571427
20382,0,0,11966,-15.137684106826782,-11.009793758392334,0.21428571428571427
20383,0,0,11965,-15.137684106826782,-11.009793758392334,0.21428571428571427
20384,0,0,11964,-15.137684106826782,-11.009793758392334,0.21428571428571427
20385,0,0,11963,-15.137684106826782,-11.009793758392334,0.21428571428571427
20386,0,0,11962,-15.137684106826782,-11.009793758392334,0.21428571428571427
20387,0,0,11961,-15.137684106826782,-11.009793758392334,0.21428571428571427
20388,0,0,11960,-15.137684106826782,-11.009793758392334,0.21428571428571427
20389,0,0,11959,-15.137684106826782,-11.009793758392334,0.21428571428571427
20390,0,0,11958,-15.137684106826782,-11.009793758392334,0.21428571428571427
20391,0,0,11956,-15.137684106826782,-11.009793758392334,0.21428571428571427
20392,0,0,11946,-15.137684106826782,-11.009793758392334,0.21428571428571427
20393,0,0,11955,-15.137684106826782,-11.009793758392334,0.21428571428571427
20394,0,0,11954,-15.137684106826782,-11.009793758392334,0.21428571428571427
20395,0,0,11953,-15.137684106826782,-11.009793758392334,0.21428571428571427
20396,0,0,11952,-15.137684106826782,-11.009793758392334,0.21428571428571427
20397,0,0,11951,-15.137684106826782,-11.009793758392334,0.21428571428571427
20398,0,0,11950,-15.137684106826782,-11.009793758392334,0.21428571428571427
20399,0,0,11949,-15.137684106826782,-11.009793758392334,0.21428571428571427
20400,0,0,11948,-15.137684106826782,-11.009793758392334,0.21428571428571427
20401,0,0,11947,-15.137684106826782,-11.009793758392334,0.21428571428571427
20402,0,0,12016,-15.137684106826782,-11.009793758392334,0.21428571428571427
20403,0,0,12017,-15.137684106826782,-11.009793758392334,0.21428571428571427
20404,0,0,12018,-15.137684106826782,-11.009793758392334,0.21428571428571427
20405,0,0,12019,-15.137684106826782,-11.009793758392334,0.21428571428571427
20406,0,0,12088,-15.137684106826782,-11.009793758392334,0.21428571428571427
20407,0,0,12087,-15.137684106826782,-11.009793758392334,0.21428571428571427
20408,0,0,12086,-15.137684106826782,-11.009793758392334,0.21428571428571427
20409,0,0,12085,-15.137684106826782,-11.009793758392334,0.21428571428571427
20410,0,0,12084,-15.137684106826782,-11.009793758392334,0.21428571428571427
20411,0,0,12083,-15.137684106826782,-11.009793758392334,0.21428571428571427
20412,0,0,12082,-15.137684106826782,-11.009793758392334,0.21428571428571427
20413,0,0,12081,-15.137684106826782,-11.009793758392334,0.21428571428571427
20414,0,0,12080,-15.137684106826782,-11.009793758392334,0.21428571428571427
20415,0,0,12078,-15.137684106826782,-11.009793758392334,0.21428571428571427
20416,0,0,12068,-15.137684106826782,-11.009793758392334,0.21428571428571427
20417,0,0,12077,-15.137684106826782,-11.009793758392334,0.21428571428571427
20418,0,0,12076,-15.137684106826782,-11.009793758392334,0.21428571428571427
20419,0,0,12075,-15.137684106826782,-11.009793758392334,0.21428571428571427
20420,0,0,12074,-15.137684106826782,-11.009793758392334,0.21428571428571427
20421,0,0,12073,-15.137684106826782,-11.009793758392334,0.21428571428571427
20422,0,0,12072,-15.137684106826782,-11.009793758392334,0.21428571428571427
20423,0,0,12071,-15.137684106826782,-11.009793758392334,0.21428571428571427
20424,0,0,12070,-15.137684106826782,-11.009793758392334,0.21428571428571427
20425,0,0,12069,-15.137684106826782,-11.009793758392334,0.21428571428571427
20426,0,0,12089,-15.137684106826782,-11.009793758392334,0.21428571428571427
20427,0,0,12079,-15.137684106826782,-11.009793758392334,0.21428571428571427
20428,0,0,12090,-15.137684106826782,-11.009793758392334,0.21428571428571427
20429,0,0,12103,-15.137684106826782,-11.009793758392334,0.21428571428571427
20430,0,0,12112,-15.137684106826782,-11.009793758392334,0.21428571428571427
20431,0,0,12111,-15.137684106826782,-11.009793758392334,0.21428571428571427
20432,0,0,12110,-15.137684106826782,-11.009793758392334,0.21428571428571427
20433,0,0,12109,-15.137684106826782,-11.009793758392334,0.21428571428571427
20434,0,0,12108,-15.137684106826782,-11.009793758392334,0.21428571428571427
20435,0,0,12107,-15.137684106826782,-11.009793758392334,0.21428571428571427
20436,0,0,12106,-15.137684106826782,-11.009793758392334,0.21428571428571427
20437,0,0,12105,-15.137684106826782,-11.009793758392334,0.21428571428571427
20438,0,0,12104,-15.137684106826782,-11.009793758392334,0.21428571428571427
20439,0,0,12102,-15.137684106826782,-11.009793758392334,0.21428571428571427
20440,0,0,12092,-15.137684106826782,-11.009793758392334,0.21428571428571427
20441,0,0,12101,-15.137684106826782,-11.009793758392334,0.21428571428571427
20442,0,0,12100,-15.137684106826782,-11.009793758392334,0.21428571428571427
20443,0,0,12099,-15.137684106826782,-11.009793758392334,0.21428571428571427
20444,0,0,12098,-15.137684106826782,-11.009793758392334,0.21428571428571427
20445,0,0,12097,-15.137684106826782,-11.009793758392334,0.21428571428571427
20446,0,0,12096,-15.137684106826782,-11.009793758392334,0.21428571428571427
20447,0,0,12095,-15.137684106826782,-11.009793758392334,0.21428571428571427
20448,0,0,12094,-15.137684106826782,-11.009793758392334,0.21428571428571427
20449,0,0,12093,-15.137684106826782,-11.009793758392334,0.21428571428571427
20450,0,0,12091,-15.137684106826782,-11.009793758392334,0.21428571428571427
20451,0,0,12067,-15.137684106826782,-11.009793758392334,0.21428571428571427
20452,0,0,12066,-15.137684106826782,-11.009793758392334,0.21428571428571427
20453,0,0,12065,-15.137684106826782,-11.009793758392334,0.21428571428571427
20454,0,0,12040,-15.137684106826782,-11.009793758392334,0.21428571428571427
20455,0,0,12039,-15.137684106826782,-11.009793758392334,0.21428571428571427
20456,0,0,12038,-15.137684106826782,-11.009793758392334,0.21428571428571427
20457,0,0,12037,-15.137684106826782,-11.009793758392334,0.21428571428571427
20458,0,0,12036,-15.137684106826782,-11.009793758392334,0.21428571428571427
20459,0,0,12035,-15.137684106826782,-11.009793758392334,0.21428571428571427
20460,0,0,12034,-15.137684106826782,-11.009793758392334,0.21428571428571427
20461,0,0,12033,-15.137684106826782,-11.009793758392334,0.21428571428571427
20462,0,0,12032,-15.137684106826782,-11.009793758392334,0.21428571428571427
20463,0,0,12031,-15.137684106826782,-11.009793758392334,0.21428571428571427
20464,0,0,12030,-15.137684106826782,-11.009793758392334,0.21428571428571427
20465,0,0,12029,-15.137684106826782,-11.009793758392334,0.21428571428571427
20466,0,0,12028,-15.137684106826782,-11.009793758392334,0.21428571428571427
20467,0,0,12027,-15.137684106826782,-11.009793758392334,0.21428571428571427
20468,0,0,12026,-15.137684106826782,-11.009793758392334,0.21428571428571427
20469,0,0,12025,-15.137684106826782,-11.009793758392334,0.21428571428571427
20470,0,0,12024,-15.137684106826782,-11.009793758392334,0.21428571428571427
20471,0,0,12023,-15.137684106826782,-11.009793758392334,0.21428571428571427
20472,0,0,12022,-15.137684106826782,-11.009793758392334,0.21428571428571427
20473,0,0,12021,-15.137684106826782,-11.009793758392334,0.21428571428571427
20474,0,0,12020,-15.137684106826782,-11.009793758392334,0.21428571428571427
20475,0,0,12041,-15.137684106826782,-11.009793758392334,0.21428571428571427
20476,0,0,12042,-15.137684106826782,-11.009793758392334,0.21428571428571427
20477,0,0,12043,-15.137684106826782,-11.009793758392334,0.21428571428571427
20478,0,0,12055,-15.137684106826782,-11.009793758392334,0.21428571428571427
20479,0,0,12064,-15.137684106826782,-11.009793758392334,0.21428571428571427
20480,0,0,12063,-15.137684106826782,-11.009793758392334,0.21428571428571427
20481,0,0,12062,-15.137684106826782,-11.009793758392334,0.21428571428571427
20482,0,0,12061,-15.137684106826782,-11.009793758392334,0.21428571428571427
20483,0,0,12060,-15.137684106826782,-11.009793758392334,0.21428571428571427
20484,0,0,12059,-15.137684106826782,-11.009793758392334,0.21428571428571427
20485,0,0,12058,-15.137684106826782,-11.009793758392334,0.21428571428571427
20486,0,0,12057,-15.137684106826782,-11.009793758392334,0.21428571428571427
20487,0,0,12056,-15.137684106826782,-11.009793758392334,0.21428571428571427
20488,0,0,12054,-15.137684106826782,-11.009793758392334,0.21428571428571427
20489,0,0,12044,-15.137684106826782,-11.009793758392334,0.21428571428571427
20490,0,0,12053,-15.137684106826782,-11.009793758392334,0.21428571428571427
20491,0,0,12052,-15.137684106826782,-11.009793758392334,0.21428571428571427
20492,0,0,12051,-15.137684106826782,-11.009793758392334,0.21428571428571427
20493,0,0,12050,-15.137684106826782,-11.009793758392334,0.21428571428571427
20494,0,0,12049,-15.137684106826782,-11.009793758392334,0.21428571428571427
20495,0,0,12048,-15.137684106826782,-11.009793758392334,0.21428571428571427
20496,0,0,12047,-15.137684106826782,-11.009793758392334,0.21428571428571427
20497,0,0,12046,-15.137684106826782,-11.009793758392334,0.21428571428571427
20498,0,0,12045,-15.137684106826782,-11.009793758392334,0.21428571428571427
20499,0,0,11969,-15.137684106826782,-11.009793758392334,0.21428571428571427
20500,0,0,11920,-15.137684106826782,-11.009793758392334,0.21428571428571427
20501,0,0,11919,-15.137684106826782,-11.009793758392334,0.21428571428571427
20502,0,0,11918,-15.137684106826782,-11.009793758392334,0.21428571428571427
20503,0,0,11795,-15.137684106826782,-11.009793758392334,0.21428571428571427
20504,0,0,11794,-15.137684106826782,-11.009793758392334,0.21428571428571427
20505,0,0,11793,-15.137684106826782,-11.009793758392334,0.21428571428571427
20506,0,0,11792,-15.137684106826782,-11.009793758392334,0.21428571428571427
20507,0,0,11791,-15.137684106826782,-11.009793758392334,0.21428571428571427
20508,0,0,11790,-15.137684106826782,-11.009793758392334,0.21428571428571427
20509,0,0,11789,-15.137684106826782,-11.009793758392334,0.21428571428571427
20510,0,0,11788,-15.137684106826782,-11.009793758392334,0.21428571428571427
20511,0,0,11787,-15.137684106826782,-11.009793758392334,0.21428571428571427
20512,0,0,11786,-15.137684106826782,-11.009793758392334,0.21428571428571427
20513,0,0,11785,-15.137684106826782,-11.009793758392334,0.21428571428571427
20514,0,0,11784,-15.137684106826782,-11.009793758392334,0.21428571428571427
20515,0,0,11783,-15.137684106826782,-11.009793758392334,0.21428571428571427
20516,0,0,11782,-15.137684106826782,-11.009793758392334,0.21428571428571427
20517,0,0,11781,-15.137684106826782,-11.009793758392334,0.21428571428571427
20518,0,0,11780,-15.137684106826782,-11.009793758392334,0.21428571428571427
20519,0,0,11779,-15.137684106826782,-11.009793758392334,0.21428571428571427
20520,0,0,11778,-15.137684106826782,-11.009793758392334,0.21428571428571427
20521,0,0,11777,-15.137684106826782,-11.009793758392334,0.21428571428571427
20522,0,0,11776,-15.137684106826782,-11.009793758392334,0.21428571428571427
20523,0,0,11775,-15.137684106826782,-11.009793758392334,0.21428571428571427
20524,0,0,11796,-15.137684106826782,-11.009793758392334,0.21428571428571427
20525,0,0,11797,-15.137684106826782,-11.009793758392334,0.21428571428571427
20526,0,0,11798,-15.137684106826782,-11.009793758392334,0.21428571428571427
20527,0,0,11810,-15.137684106826782,-11.009793758392334,0.21428571428571427
20528,0,0,11819,-15.137684106826782,-11.009793758392334,0.21428571428571427
20529,0,0,11818,-15.137684106826782,-11.009793758392334,0.21428571428571427
20530,0,0,11817,-15.137684106826782,-11.009793758392334,0.21428571428571427
20531,0,0,11816,-15.137684106826782,-11.009793758392334,0.21428571428571427
20532,0,0,11815,-15.137684106826782,-11.009793758392334,0.21428571428571427
20533,0,0,11814,-15.137684106826782,-11.009793758392334,0.21428571428571427
20534,0,0,11813,-15.137684106826782,-11.009793758392334,0.21428571428571427
20535,0,0,11812,-15.137684106826782,-11.009793758392334,0.21428571428571427
20536,0,0,11811,-15.137684106826782,-11.009793758392334,0.21428571428571427
20537,0,0,11809,-15.137684106826782,-11.009793758392334,0.21428571428571427
20538,0,0,11799,-15.137684106826782,-11.009793758392334,0.21428571428571427
20539,0,0,11808,-15.137684106826782,-11.009793758392334,0.21428571428571427
20540,0,0,11807,-15.137684106826782,-11.009793758392334,0.21428571428571427
20541,0,0,11806,-15.137684106826782,-11.009793758392334,0.21428571428571427
20542,0,0,11805,-15.137684106826782,-11.009793758392334,0.21428571428571427
20543,0,0,11804,-15.137684106826782,-11.009793758392334,0.21428571428571427
20544,0,0,11803,-15.137684106826782,-11.009793758392334,0.21428571428571427
20545,0,0,11802,-15.137684106826782,-11.009793758392334,0.21428571428571427
20546,0,0,11801,-15.137684106826782,-11.009793758392334,0.21428571428571427
20547,0,0,11800,-15.137684106826782,-11.009793758392334,0.21428571428571427
20548,0,0,11774,-15.137684106826782,-11.009793758392334,0.21428571428571427
20549,0,0,11772,-15.137684106826782,-11.009793758392334,0.21428571428571427
20550,0,0,11725,-15.137684106826782,-11.009793758392334,0.21428571428571427
20551,0,0,11771,-15.137684106826782,-11.009793758392334,0.21428571428571427
20552,0,0,11746,-15.137684106826782,-11.009793758392334,0.21428571428571427
20553,0,0,11745,-15.137684106826782,-11.009793758392334,0.21428571428571427
20554,0,0,11744,-15.137684106826782,-11.009793758392334,0.21428571428571427
20555,0,0,11743,-15.137684106826782,-11.009793758392334,0.21428571428571427
20556,0,0,11742,-15.137684106826782,-11.009793758392334,0.21428571428571427
20557,0,0,11741,-15.137684106826782,-11.009793758392334,0.21428571428571427
20558,0,0,11740,-15.137684106826782,-11.009793758392334,0.21428571428571427
20559,0,0,11739,-15.137684106826782,-11.009793758392334,0.21428571428571427
20560,0,0,11738,-15.137684106826782,-11.009793758392334,0.21428571428571427
20561,0,0,11737,-15.137684106826782,-11.009793758392334,0.21428571428571427
20562,0,0,11736,-15.137684106826782,-11.009793758392334,0.21428571428571427
20563,0,0,11735,-15.137684106826782,-11.009793758392334,0.21428571428571427
20564,0,0,11734,-15.137684106826782,-11.009793758392334,0.21428571428571427
20565,0,0,11733,-15.137684106826782,-11.009793758392334,0.21428571428571427
20566,0,0,11732,-15.137684106826782,-11.009793758392334,0.21428571428571427
20567,0,0,11731,-15.137684106826782,-11.009793758392334,0.21428571428571427
20568,0,0,11730,-15.137684106826782,-11.009793758392334,0.21428571428571427
20569,0,0,11729,-15.137684106826782,-11.009793758392334,0.21428571428571427
20570,0,0,11728,-15.137684106826782,-11.009793758392334,0.21428571428571427
20571,0,0,11727,-15.137684106826782,-11.009793758392334,0.21428571428571427
20572,0,0,11726,-15.137684106826782,-11.009793758392334,0.21428571428571427
20573,0,0,11747,-15.137684106826782,-11.009793758392334,0.21428571428571427
20574,0,0,11748,-15.137684106826782,-11.009793758392334,0.21428571428571427
20575,0,0,11749,-15.137684106826782,-11.009793758392334,0.21428571428571427
20576,0,0,11761,-15.137684106826782,-11.009793758392334,0.21428571428571427
20577,0,0,11770,-15.137684106826782,-11.009793758392334,0.21428571428571427
20578,0,0,11769,-15.137684106826782,-11.009793758392334,0.21428571428571427
20579,0,0,11768,-15.137684106826782,-11.009793758392334,0.21428571428571427
20580,0,0,11767,-15.137684106826782,-11.009793758392334,0.21428571428571427
20581,0,0,11766,-15.137684106826782,-11.009793758392334,0.21428571428571427
20582,0,0,11765,-15.137684106826782,-11.009793758392334,0.21428571428571427
20583,0,0,11764,-15.137684106826782,-11.009793758392334,0.21428571428571427
20584,0,0,11763,-15.137684106826782,-11.009793758392334,0.21428571428571427
20585,0,0,11762,-15.137684106826782,-11.009793758392334,0.21428571428571427
20586,0,0,11760,-15.137684106826782,-11.009793758392334,0.21428571428571427
20587,0,0,11750,-15.137684106826782,-11.009793758392334,0.21428571428571427
20588,0,0,11759,-15.137684106826782,-11.009793758392334,0.21428571428571427
20589,0,0,11758,-15.137684106826782,-11.009793758392334,0.21428571428571427
20590,0,0,11757,-15.137684106826782,-11.009793758392334,0.21428571428571427
20591,0,0,11756,-15.137684106826782,-11.009793758392334,0.21428571428571427
20592,0,0,11755,-15.137684106826782,-11.009793758392334,0.21428571428571427
20593,0,0,11754,-15.137684106826782,-11.009793758392334,0.21428571428571427
20594,0,0,11753,-15.137684106826782,-11.009793758392334,0.21428571428571427
20595,0,0,11752,-15.137684106826782,-11.009793758392334,0.21428571428571427
20596,0,0,11751,-15.137684106826782,-11.009793758392334,0.21428571428571427
20597,0,0,11820,-15.137684106826782,-11.009793758392334,0.21428571428571427
20598,0,0,11773,-15.137684106826782,-11.009793758392334,0.21428571428571427
20599,0,0,11821,-15.137684106826782,-11.009793758392334,0.21428571428571427
20600,0,0,11871,-15.137684106826782,-11.009793758392334,0.21428571428571427
20601,0,0,11893,-15.137684106826782,-11.009793758392334,0.21428571428571427
20602,0,0,11892,-15.137684106826782,-11.009793758392334,0.21428571428571427
20603,0,0,11891,-15.137684106826782,-11.009793758392334,0.21428571428571427
20604,0,0,11890,-15.137684106826782,-11.009793758392334,0.21428571428571427
20605,0,0,11889,-15.137684106826782,-11.009793758392334,0.21428571428571427
20606,0,0,11888,-15.137684106826782,-11.009793758392334,0.21428571428571427
20607,0,0,11887,-15.137684106826782,-11.009793758392334,0.21428571428571427
20608,0,0,11886,-15.137684106826782,-11.009793758392334,0.21428571428571427
20609,0,0,11885,-15.137684106826782,-11.009793758392334,0.21428571428571427
20610,0,0,11884,-15.137684106826782,-11.009793758392334,0.21428571428571427
20611,0,0,11883,-15.137684106826782,-11.009793758392334,0.21428571428571427
20612,0,0,11882,-15.137684106826782,-11.009793758392334,0.21428571428571427
20613,0,0,11881,-15.137684106826782,-11.009793758392334,0.21428571428571427
20614,0,0,11880,-15.137684106826782,-11.009793758392334,0.21428571428571427
20615,0,0,11879,-15.137684106826782,-11.009793758392334,0.21428571428571427
20616,0,0,11878,-15.137684106826782,-11.009793758392334,0.21428571428571427
20617,0,0,11877,-15.137684106826782,-11.009793758392334,0.21428571428571427
20618,0,0,11876,-15.137684106826782,-11.009793758392334,0.21428571428571427
20619,0,0,11875,-15.137684106826782,-11.009793758392334,0.21428571428571427
20620,0,0,11874,-15.137684106826782,-11.009793758392334,0.21428571428571427
20621,0,0,11873,-15.137684106826782,-11.009793758392334,0.21428571428571427
20622,0,0,11894,-15.137684106826782,-11.009793758392334,0.21428571428571427
20623,0,0,11895,-15.137684106826782,-11.009793758392334,0.21428571428571427
20624,0,0,11896,-15.137684106826782,-11.009793758392334,0.21428571428571427
20625,0,0,11908,-15.137684106826782,-11.009793758392334,0.21428571428571427
20626,0,0,11917,-15.137684106826782,-11.009793758392334,0.21428571428571427
20627,0,0,11916,-15.137684106826782,-11.009793758392334,0.21428571428571427
20628,0,0,11915,-15.137684106826782,-11.009793758392334,0.21428571428571427
20629,0,0,11914,-15.137684106826782,-11.009793758392334,0.21428571428571427
20630,0,0,11913,-15.137684106826782,-11.009793758392334,0.21428571428571427
20631,0,0,11912,-15.137684106826782,-11.009793758392334,0.21428571428571427
20632,0,0,11911,-15.137684106826782,-11.009793758392334,0.21428571428571427
20633,0,0,11910,-15.137684106826782,-11.009793758392334,0.21428571428571427
20634,0,0,11909,-15.137684106826782,-11.009793758392334,0.21428571428571427
20635,0,0,11907,-15.137684106826782,-11.009793758392334,0.21428571428571427
20636,0,0,11897,-15.137684106826782,-11.009793758392334,0.21428571428571427
20637,0,0,11906,-15.137684106826782,-11.009793758392334,0.21428571428571427
20638,0,0,11905,-15.137684106826782,-11.009793758392334,0.21428571428571427
20639,0,0,11904,-15.137684106826782,-11.009793758392334,0.21428571428571427
20640,0,0,11903,-15.137684106826782,-11.009793758392334,0.21428571428571427
20641,0,0,11902,-15.137684106826782,-11.009793758392334,0.21428571428571427
20642,0,0,11901,-15.137684106826782,-11.009793758392334,0.21428571428571427
20643,0,0,11900,-15.137684106826782,-11.009793758392334,0.21428571428571427
20644,0,0,11899,-15.137684106826782,-11.009793758392334,0.21428571428571427
20645,0,0,11898,-15.137684106826782,-11.009793758392334,0.21428571428571427
20646,0,0,11872,-15.137684106826782,-11.009793758392334,0.21428571428571427
20647,0,0,11870,-15.137684106826782,-11.009793758392334,0.21428571428571427
20648,0,0,11823,-15.137684106826782,-11.009793758392334,0.21428571428571427
20649,0,0,11869,-15.137684106826782,-11.009793758392334,0.21428571428571427
20650,0,0,11844,-15.137684106826782,-11.009793758392334,0.21428571428571427
20651,0,0,11843,-15.137684106826782,-11.009793758392334,0.21428571428571427
20652,0,0,11842,-15.137684106826782,-11.009793758392334,0.21428571428571427
20653,0,0,11841,-15.137684106826782,-11.009793758392334,0.21428571428571427
20654,0,0,11840,-15.137684106826782,-11.009793758392334,0.21428571428571427
20655,0,0,11839,-15.137684106826782,-11.009793758392334,0.21428571428571427
20656,0,0,11838,-15.137684106826782,-11.009793758392334,0.21428571428571427
20657,0,0,11837,-15.137684106826782,-11.009793758392334,0.21428571428571427
20658,0,0,11836,-15.137684106826782,-11.009793758392334,0.21428571428571427
20659,0,0,11835,-15.137684106826782,-11.009793758392334,0.21428571428571427
20660,0,0,11834,-15.137684106826782,-11.009793758392334,0.21428571428571427
20661,0,0,11833,-15.137684106826782,-11.009793758392334,0.21428571428571427
20662,0,0,11832,-15.137684106826782,-11.009793758392334,0.21428571428571427
20663,0,0,11831,-15.137684106826782,-11.009793758392334,0.21428571428571427
20664,0,0,11830,-15.137684106826782,-11.009793758392334,0.21428571428571427
20665,0,0,11829,-15.137684106826782,-11.009793758392334,0.21428571428571427
20666,0,0,11828,-15.137684106826782,-11.009793758392334,0.21428571428571427
20667,0,0,11827,-15.137684106826782,-11.009793758392334,0.21428571428571427
20668,0,0,11826,-15.137684106826782,-11.009793758392334,0.21428571428571427
20669,0,0,11825,-15.137684106826782,-11.009793758392334,0.21428571428571427
20670,0,0,11824,-15.137684106826782,-11.009793758392334,0.21428571428571427
20671,0,0,11845,-15.137684106826782,-11.009793758392334,0.21428571428571427
20672,0,0,11846,-15.137684106826782,-11.009793758392334,0.21428571428571427
20673,0,0,11847,-15.137684106826782,-11.009793758392334,0.21428571428571427
20674,0,0,11859,-15.137684106826782,-11.009793758392334,0.21428571428571427
20675,0,0,11868,-15.137684106826782,-11.009793758392334,0.21428571428571427
20676,0,0,11867,-15.137684106826782,-11.009793758392334,0.21428571428571427
20677,0,0,11866,-15.137684106826782,-11.009793758392334,0.21428571428571427
20678,0,0,11865,-15.137684106826782,-11.009793758392334,0.21428571428571427
20679,0,0,11864,-15.137684106826782,-11.009793758392334,0.21428571428571427
20680,0,0,11863,-15.137684106826782,-11.009793758392334,0.21428571428571427
20681,0,0,11862,-15.137684106826782,-11.009793758392334,0.21428571428571427
20682,0,0,11861,-15.137684106826782,-11.009793758392334,0.21428571428571427
20683,0,0,11860,-15.137684106826782,-11.009793758392334,0.21428571428571427
20684,0,0,11858,-15.137684106826782,-11.009793758392334,0.21428571428571427
20685,0,0,11848,-15.137684106826782,-11.009793758392334,0.21428571428571427
20686,0,0,11857,-15.137684106826782,-11.009793758392334,0.21428571428571427
20687,0,0,11856,-15.137684106826782,-11.009793758392334,0.21428571428571427
20688,0,0,11855,-15.137684106826782,-11.009793758392334,0.21428571428571427
20689,0,0,11854,-15.137684106826782,-11.009793758392334,0.21428571428571427
20690,0,0,11853,-15.137684106826782,-11.009793758392334,0.21428571428571427
20691,0,0,11852,-15.137684106826782,-11.009793758392334,0.21428571428571427
20692,0,0,11851,-15.137684106826782,-11.009793758392334,0.21428571428571427
20693,0,0,11850,-15.137684106826782,-11.009793758392334,0.21428571428571427
20694,0,0,11849,-15.137684106826782,-11.009793758392334,0.21428571428571427
20695,0,0,12113,-15.137684106826782,-11.009793758392334,0.21428571428571427
20696,0,0,12114,-15.137684106826782,-11.009793758392334,0.21428571428571427
20697,0,0,12115,-15.137684106826782,-11.009793758392334,0.21428571428571427
20698,0,0,12310,-15.137684106826782,-11.009793758392334,0.21428571428571427
20699,0,0,12381,-15.137684106826782,-11.009793758392334,0.21428571428571427
20700,0,0,12380,-15.137684106826782,-11.009793758392334,0.21428571428571427
20701,0,0,12379,-15.137684106826782,-11.009793758392334,0.21428571428571427
20702,0,0,12378,-15.137684106826782,-11.009793758392334,0.21428571428571427
20703,0,0,12377,-15.137684106826782,-11.009793758392334,0.21428571428571427
20704,0,0,12376,-15.137684106826782,-11.009793758392334,0.21428571428571427
20705,0,0,12375,-15.137684106826782,-11.009793758392334,0.21428571428571427
20706,0,0,12374,-15.137684106826782,-11.009793758392334,0.21428571428571427
20707,0,0,12373,-15.137684106826782,-11.009793758392334,0.21428571428571427
20708,0,0,12372,-15.137684106826782,-11.009793758392334,0.21428571428571427
20709,0,0,12371,-15.137684106826782,-11.009793758392334,0.21428571428571427
20710,0,0,12370,-15.137684106826782,-11.009793758392334,0.21428571428571427
20711,0,0,12369,-15.137684106826782,-11.009793758392334,0.21428571428571427
20712,0,0,12368,-15.137684106826782,-11.009793758392334,0.21428571428571427
20713,0,0,12367,-15.137684106826782,-11.009793758392334,0.21428571428571427
20714,0,0,12366,-15.137684106826782,-11.009793758392334,0.21428571428571427
20715,0,0,12365,-15.137684106826782,-11.009793758392334,0.21428571428571427
20716,0,0,12364,-15.137684106826782,-11.009793758392334,0.21428571428571427
20717,0,0,12363,-15.137684106826782,-11.009793758392334,0.21428571428571427
20718,0,0,12362,-15.137684106826782,-11.009793758392334,0.21428571428571427
20719,0,0,12361,-15.137684106826782,-11.009793758392334,0.21428571428571427
20720,0,0,12382,-15.137684106826782,-11.009793758392334,0.21428571428571427
20721,0,0,12383,-15.137684106826782,-11.009793758392334,0.21428571428571427
20722,0,0,12384,-15.137684106826782,-11.009793758392334,0.21428571428571427
20723,0,0,12396,-15.137684106826782,-11.009793758392334,0.21428571428571427
20724,0,0,12405,-15.137684106826782,-11.009793758392334,0.21428571428571427
20725,0,0,12404,-15.137684106826782,-11.009793758392334,0.21428571428571427
20726,0,0,12403,-15.137684106826782,-11.009793758392334,0.21428571428571427
20727,0,0,12402,-15.137684106826782,-11.009793758392334,0.21428571428571427
20728,0,0,12401,-15.137684106826782,-11.009793758392334,0.21428571428571427
20729,0,0,12400,-15.137684106826782,-11.009793758392334,0.21428571428571427
20730,0,0,12399,-15.137684106826782,-11.009793758392334,0.21428571428571427
20731,0,0,12398,-15.137684106826782,-11.009793758392334,0.21428571428571427
20732,0,0,12397,-15.137684106826782,-11.009793758392334,0.21428571428571427
20733,0,0,12395,-15.137684106826782,-11.009793758392334,0.21428571428571427
20734,0,0,12385,-15.137684106826782,-11.009793758392334,0.21428571428571427
20735,0,0,12394,-15.137684106826782,-11.009793758392334,0.21428571428571427
20736,0,0,12393,-15.137684106826782,-11.009793758392334,0.21428571428571427
20737,0,0,12392,-15.137684106826782,-11.009793758392334,0.21428571428571427
20738,0,0,12391,-15.137684106826782,-11.009793758392334,0.21428571428571427
20739,0,0,12390,-15.137684106826782,-11.009793758392334,0.21428571428571427
20740,0,0,12389,-15.137684106826782,-11.009793758392334,0.21428571428571427
20741,0,0,12388,-15.137684106826782,-11.009793758392334,0.21428571428571427
20742,0,0,12387,-15.137684106826782,-11.009793758392334,0.21428571428571427
20743,0,0,12386,-15.137684106826782,-11.009793758392334,0.21428571428571427
20744,0,0,12360,-15.137684106826782,-11.009793758392334,0.21428571428571427
20745,0,0,12358,-15.137684106826782,-11.009793758392334,0.21428571428571427
20746,0,0,12311,-15.137684106826782,-11.009793758392334,0.21428571428571427
20747,0,0,12357,-15.137684106826782,-11.009793758392334,0.21428571428571427
20748,0,0,12332,-15.137684106826782,-11.009793758392334,0.21428571428571427
20749,0,0,12331,-15.137684106826782,-11.009793758392334,0.21428571428571427
20750,0,0,12330,-15.137684106826782,-11.009793758392334,0.21428571428571427
20751,0,0,12329,-15.137684106826782,-11.009793758392334,0.21428571428571427
20752,0,0,12328,-15.137684106826782,-11.009793758392334,0.21428571428571427
20753,0,0,12327,-15.137684106826782,-11.009793758392334,0.21428571428571427
20754,0,0,12326,-15.137684106826782,-11.009793758392334,0.21428571428571427
20755,0,0,12325,-15.137684106826782,-11.009793758392334,0.21428571428571427
20756,0,0,12324,-15.137684106826782,-11.009793758392334,0.21428571428571427
20757,0,0,12323,-15.137684106826782,-11.009793758392334,0.21428571428571427
20758,0,0,12322,-15.137684106826782,-11.009793758392334,0.21428571428571427
20759,0,0,12321,-15.137684106826782,-11.009793758392334,0.21428571428571427
20760,0,0,12320,-15.137684106826782,-11.009793758392334,0.21428571428571427
20761,0,0,12319,-15.137684106826782,-11.009793758392334,0.21428571428571427
20762,0,0,12318,-15.137684106826782,-11.009793758392334,0.21428571428571427
20763,0,0,12317,-15.137684106826782,-11.009793758392334,0.21428571428571427
20764,0,0,12316,-15.137684106826782,-11.009793758392334,0.21428571428571427
20765,0,0,12315,-15.137684106826782,-11.009793758392334,0.21428571428571427
20766,0,0,12314,-15.137684106826782,-11.009793758392334,0.21428571428571427
20767,0,0,12313,-15.137684106826782,-11.009793758392334,0.21428571428571427
20768,0,0,12312,-15.137684106826782,-11.009793758392334,0.21428571428571427
20769,0,0,12333,-15.137684106826782,-11.009793758392334,0.21428571428571427
20770,0,0,12334,-15.137684106826782,-11.009793758392334,0.21428571428571427
20771,0,0,12335,-15.137684106826782,-11.009793758392334,0.21428571428571427
20772,0,0,12347,-15.137684106826782,-11.009793758392334,0.21428571428571427
20773,0,0,12356,-15.137684106826782,-11.009793758392334,0.21428571428571427
20774,0,0,12355,-15.137684106826782,-11.009793758392334,0.21428571428571427
20775,0,0,12354,-15.137684106826782,-11.009793758392334,0.21428571428571427
20776,0,0,12353,-15.137684106826782,-11.009793758392334,0.21428571428571427
20777,0,0,12352,-15.137684106826782,-11.009793758392334,0.21428571428571427
20778,0,0,12351,-15.137684106826782,-11.009793758392334,0.21428571428571427
20779,0,0,12350,-15.137684106826782,-11.009793758392334,0.21428571428571427
20780,0,0,12349,-15.137684106826782,-11.009793758392334,0.21428571428571427
20781,0,0,12348,-15.137684106826782,-11.009793758392334,0.21428571428571427
20782,0,0,12346,-15.137684106826782,-11.009793758392334,0.21428571428571427
20783,0,0,12336,-15.137684106826782,-11.009793758392334,0.21428571428571427
20784,0,0,12345,-15.137684106826782,-11.009793758392334,0.21428571428571427
20785,0,0,12344,-15.137684106826782,-11.009793758392334,0.21428571428571427
20786,0,0,12343,-15.137684106826782,-11.009793758392334,0.21428571428571427
20787,0,0,12342,-15.137684106826782,-11.009793758392334,0.21428571428571427
20788,0,0,12341,-15.137684106826782,-11.009793758392334,0.21428571428571427
20789,0,0,12340,-15.137684106826782,-11.009793758392334,0.21428571428571427
20790,0,0,12339,-15.137684106826782,-11.009793758392334,0.21428571428571427
20791,0,0,12338,-15.137684106826782,-11.009793758392334,0.21428571428571427
20792,0,0,12337,-15.137684106826782,-11.009793758392334,0.21428571428571427
20793,0,0,12406,-15.137684106826782,-11.009793758392334,0.21428571428571427
20794,0,0,12407,-15.137684106826782,-11.009793758392334,0.21428571428571427
20795,0,0,12408,-15.137684106826782,-11.009793758392334,0.21428571428571427
20796,0,0,12409,-15.137684106826782,-11.009793758392334,0.21428571428571427
20797,0,0,12478,-15.137684106826782,-11.009793758392334,0.21428571428571427
20798,0,0,12477,-15.137684106826782,-11.009793758392334,0.21428571428571427
20799,0,0,12476,-15.137684106826782,-11.009793758392334,0.21428571428571427
20800,0,0,12475,-15.137684106826782,-11.009793758392334,0.21428571428571427
20801,0,0,12474,-15.137684106826782,-11.009793758392334,0.21428571428571427
20802,0,0,12473,-15.137684106826782,-11.009793758392334,0.21428571428571427
20803,0,0,12472,-15.137684106826782,-11.009793758392334,0.21428571428571427
20804,0,0,12471,-15.137684106826782,-11.009793758392334,0.21428571428571427
20805,0,0,12470,-15.137684106826782,-11.009793758392334,0.21428571428571427
20806,0,0,12468,-15.137684106826782,-11.009793758392334,0.21428571428571427
20807,0,0,12458,-15.137684106826782,-11.009793758392334,0.21428571428571427
20808,0,0,12467,-15.137684106826782,-11.009793758392334,0.21428571428571427
20809,0,0,12466,-15.137684106826782,-11.009793758392334,0.21428571428571427
20810,0,0,12465,-15.137684106826782,-11.009793758392334,0.21428571428571427
20811,0,0,12464,-15.137684106826782,-11.009793758392334,0.21428571428571427
20812,0,0,12463,-15.137684106826782,-11.009793758392334,0.21428571428571427
20813,0,0,12462,-15.137684106826782,-11.009793758392334,0.21428571428571427
20814,0,0,12461,-15.137684106826782,-11.009793758392334,0.21428571428571427
20815,0,0,12460,-15.137684106826782,-11.009793758392334,0.21428571428571427
20816,0,0,12459,-15.137684106826782,-11.009793758392334,0.21428571428571427
20817,0,0,12479,-15.137684106826782,-11.009793758392334,0.21428571428571427
20818,0,0,12469,-15.137684106826782,-11.009793758392334,0.21428571428571427
20819,0,0,12480,-15.137684106826782,-11.009793758392334,0.21428571428571427
20820,0,0,12493,-15.137684106826782,-11.009793758392334,0.21428571428571427
20821,0,0,12502,-15.137684106826782,-11.009793758392334,0.21428571428571427
20822,0,0,12501,-15.137684106826782,-11.009793758392334,0.21428571428571427
20823,0,0,12500,-15.137684106826782,-11.009793758392334,0.21428571428571427
20824,0,0,12499,-15.137684106826782,-11.009793758392334,0.21428571428571427
20825,0,0,12498,-15.137684106826782,-11.009793758392334,0.21428571428571427
20826,0,0,12497,-15.137684106826782,-11.009793758392334,0.21428571428571427
20827,0,0,12496,-15.137684106826782,-11.009793758392334,0.21428571428571427
20828,0,0,12495,-15.137684106826782,-11.009793758392334,0.21428571428571427
20829,0,0,12494,-15.137684106826782,-11.009793758392334,0.21428571428571427
20830,0,0,12492,-15.137684106826782,-11.009793758392334,0.21428571428571427
20831,0,0,12482,-15.137684106826782,-11.009793758392334,0.21428571428571427
20832,0,0,12491,-15.137684106826782,-11.009793758392334,0.21428571428571427
20833,0,0,12490,-15.137684106826782,-11.009793758392334,0.21428571428571427
20834,0,0,12489,-15.137684106826782,-11.009793758392334,0.21428571428571427
20835,0,0,12488,-15.137684106826782,-11.009793758392334,0.21428571428571427
20836,0,0,12487,-15.137684106826782,-11.009793758392334,0.21428571428571427
20837,0,0,12486,-15.137684106826782,-11.009793758392334,0.21428571428571427
20838,0,0,12485,-15.137684106826782,-11.009793758392334,0.21428571428571427
20839,0,0,12484,-15.137684106826782,-11.009793758392334,0.21428571428571427
20840,0,0,12483,-15.137684106826782,-11.009793758392334,0.21428571428571427
20841,0,0,12481,-15.137684106826782,-11.009793758392334,0.21428571428571427
20842,0,0,12457,-15.137684106826782,-11.009793758392334,0.21428571428571427
20843,0,0,12456,-15.137684106826782,-11.009793758392334,0.21428571428571427
20844,0,0,12455,-15.137684106826782,-11.009793758392334,0.21428571428571427
20845,0,0,12430,-15.137684106826782,-11.009793758392334,0.21428571428571427
20846,0,0,12429,-15.137684106826782,-11.009793758392334,0.21428571428571427
20847,0,0,12428,-15.137684106826782,-11.009793758392334,0.21428571428571427
20848,0,0,12427,-15.137684106826782,-11.009793758392334,0.21428571428571427
20849,0,0,12426,-15.137684106826782,-11.009793758392334,0.21428571428571427
20850,0,0,12425,-15.137684106826782,-11.009793758392334,0.21428571428571427
20851,0,0,12424,-15.137684106826782,-11.009793758392334,0.21428571428571427
20852,0,0,12423,-15.137684106826782,-11.009793758392334,0.21428571428571427
20853,0,0,12422,-15.137684106826782,-11.009793758392334,0.21428571428571427
20854,0,0,12421,-15.137684106826782,-11.009793758392334,0.21428571428571427
20855,0,0,12420,-15.137684106826782,-11.009793758392334,0.21428571428571427
20856,0,0,12419,-15.137684106826782,-11.009793758392334,0.21428571428571427
20857,0,0,12418,-15.137684106826782,-11.009793758392334,0.21428571428571427
20858,0,0,12417,-15.137684106826782,-11.009793758392334,0.21428571428571427
20859,0,0,12416,-15.137684106826782,-11.009793758392334,0.21428571428571427
20860,0,0,12415,-15.137684106826782,-11.009793758392334,0.21428571428571427
20861,0,0,12414,-15.137684106826782,-11.009793758392334,0.21428571428571427
20862,0,0,12413,-15.137684106826782,-11.009793758392334,0.21428571428571427
20863,0,0,12412,-15.137684106826782,-11.009793758392334,0.21428571428571427
20864,0,0,12411,-15.137684106826782,-11.009793758392334,0.21428571428571427
20865,0,0,12410,-15.137684106826782,-11.009793758392334,0.21428571428571427
20866,0,0,12431,-15.137684106826782,-11.009793758392334,0.21428571428571427
20867,0,0,12432,-15.137684106826782,-11.009793758392334,0.21428571428571427
20868,0,0,12433,-15.137684106826782,-11.009793758392334,0.21428571428571427
20869,0,0,12445,-15.137684106826782,-11.009793758392334,0.21428571428571427
20870,0,0,12454,-15.137684106826782,-11.009793758392334,0.21428571428571427
20871,0,0,12453,-15.137684106826782,-11.009793758392334,0.21428571428571427
20872,0,0,12452,-15.137684106826782,-11.009793758392334,0.21428571428571427
20873,0,0,12451,-15.137684106826782,-11.009793758392334,0.21428571428571427
20874,0,0,12450,-15.137684106826782,-11.009793758392334,0.21428571428571427
20875,0,0,12449,-15.137684106826782,-11.009793758392334,0.21428571428571427
20876,0,0,12448,-15.137684106826782,-11.009793758392334,0.21428571428571427
20877,0,0,12447,-15.137684106826782,-11.009793758392334,0.21428571428571427
20878,0,0,12446,-15.137684106826782,-11.009793758392334,0.21428571428571427
20879,0,0,12444,-15.137684106826782,-11.009793758392334,0.21428571428571427
20880,0,0,12434,-15.137684106826782,-11.009793758392334,0.21428571428571427
20881,0,0,12443,-15.137684106826782,-11.009793758392334,0.21428571428571427
20882,0,0,12442,-15.137684106826782,-11.009793758392334,0.21428571428571427
20883,0,0,12441,-15.137684106826782,-11.009793758392334,0.21428571428571427
20884,0,0,12440,-15.137684106826782,-11.009793758392334,0.21428571428571427
20885,0,0,12439,-15.137684106826782,-11.009793758392334,0.21428571428571427
20886,0,0,12438,-15.137684106826782,-11.009793758392334,0.21428571428571427
20887,0,0,12437,-15.137684106826782,-11.009793758392334,0.21428571428571427
20888,0,0,12436,-15.137684106826782,-11.009793758392334,0.21428571428571427
20889,0,0,12435,-15.137684106826782,-11.009793758392334,0.21428571428571427
20890,0,0,12359,-15.137684106826782,-11.009793758392334,0.21428571428571427
20891,0,0,12309,-15.137684106826782,-11.009793758392334,0.21428571428571427
20892,0,0,12164,-15.137684106826782,-11.009793758392334,0.21428571428571427
20893,0,0,12308,-15.137684106826782,-11.009793758392334,0.21428571428571427
20894,0,0,12186,-15.137684106826782,-11.009793758392334,0.21428571428571427
20895,0,0,12185,-15.137684106826782,-11.009793758392334,0.21428571428571427
20896,0,0,12184,-15.137684106826782,-11.009793758392334,0.21428571428571427
20897,0,0,12183,-15.137684106826782,-11.009793758392334,0.21428571428571427
20898,0,0,12182,-15.137684106826782,-11.009793758392334,0.21428571428571427
20899,0,0,12181,-15.137684106826782,-11.009793758392334,0.21428571428571427
20900,0,0,12180,-15.137684106826782,-11.009793758392334,0.21428571428571427
20901,0,0,12179,-15.137684106826782,-11.009793758392334,0.21428571428571427
20902,0,0,12178,-15.137684106826782,-11.009793758392334,0.21428571428571427
20903,0,0,12177,-15.137684106826782,-11.009793758392334,0.21428571428571427
20904,0,0,12176,-15.137684106826782,-11.009793758392334,0.21428571428571427
20905,0,0,12175,-15.137684106826782,-11.009793758392334,0.21428571428571427
20906,0,0,12174,-15.137684106826782,-11.009793758392334,0.21428571428571427
20907,0,0,12173,-15.137684106826782,-11.009793758392334,0.21428571428571427
20908,0,0,12172,-15.137684106826782,-11.009793758392334,0.21428571428571427
20909,0,0,12171,-15.137684106826782,-11.009793758392334,0.21428571428571427
20910,0,0,12170,-15.137684106826782,-11.009793758392334,0.21428571428571427
20911,0,0,12169,-15.137684106826782,-11.009793758392334,0.21428571428571427
20912,0,0,12168,-15.137684106826782,-11.009793758392334,0.21428571428571427
20913,0,0,12167,-15.137684106826782,-11.009793758392334,0.21428571428571427
20914,0,0,12166,-15.137684106826782,-11.009793758392334,0.21428571428571427
20915,0,0,12187,-15.137684106826782,-11.009793758392334,0.21428571428571427
20916,0,0,12188,-15.137684106826782,-11.009793758392334,0.21428571428571427
20917,0,0,12189,-15.137684106826782,-11.009793758392334,0.21428571428571427
20918,0,0,12201,-15.137684106826782,-11.009793758392334,0.21428571428571427
20919,0,0,12210,-15.137684106826782,-11.009793758392334,0.21428571428571427
20920,0,0,12209,-15.137684106826782,-11.009793758392334,0.21428571428571427
20921,0,0,12208,-15.137684106826782,-11.009793758392334,0.21428571428571427
20922,0,0,12207,-15.137684106826782,-11.009793758392334,0.21428571428571427
20923,0,0,12206,-15.137684106826782,-11.009793758392334,0.21428571428571427
20924,0,0,12205,-15.137684106826782,-11.009793758392334,0.21428571428571427
20925,0,0,12204,-15.137684106826782,-11.009793758392334,0.21428571428571427
20926,0,0,12203,-15.137684106826782,-11.009793758392334,0.21428571428571427
20927,0,0,12202,-15.137684106826782,-11.009793758392334,0.21428571428571427
20928,0,0,12200,-15.137684106826782,-11.009793758392334,0.21428571428571427
20929,0,0,12190,-15.137684106826782,-11.009793758392334,0.21428571428571427
20930,0,0,12199,-15.137684106826782,-11.009793758392334,0.21428571428571427
20931,0,0,12198,-15.137684106826782,-11.009793758392334,0.21428571428571427
20932,0,0,12197,-15.137684106826782,-11.009793758392334,0.21428571428571427
20933,0,0,12196,-15.137684106826782,-11.009793758392334,0.21428571428571427
20934,0,0,12195,-15.137684106826782,-11.009793758392334,0.21428571428571427
20935,0,0,12194,-15.137684106826782,-11.009793758392334,0.21428571428571427
20936,0,0,12193,-15.137684106826782,-11.009793758392334,0.21428571428571427
20937,0,0,12192,-15.137684106826782,-11.009793758392334,0.21428571428571427
20938,0,0,12191,-15.137684106826782,-11.009793758392334,0.21428571428571427
20939,0,0,12165,-15.137684106826782,-11.009793758392334,0.21428571428571427
20940,0,0,12163,-15.137684106826782,-11.009793758392334,0.21428571428571427
20941,0,0,12116,-15.137684106826782,-11.009793758392334,0.21428571428571427
20942,0,0,12162,-15.137684106826782,-11.009793758392334,0.21428571428571427
20943,0,0,12137,-15.137684106826782,-11.009793758392334,0.21428571428571427
20944,0,0,12136,-15.137684106826782,-11.009793758392334,0.21428571428571427
20945,0,0,12135,-15.137684106826782,-11.009793758392334,0.21428571428571427
20946,0,0,12134,-15.137684106826782,-11.009793758392334,0.21428571428571427
20947,0,0,12133,-15.137684106826782,-11.009793758392334,0.21428571428571427
20948,0,0,12132,-15.137684106826782,-11.009793758392334,0.21428571428571427
20949,0,0,12131,-15.137684106826782,-11.009793758392334,0.21428571428571427
20950,0,0,12130,-15.137684106826782,-11.009793758392334,0.21428571428571427
20951,0,0,12129,-15.137684106826782,-11.009793758392334,0.21428571428571427
20952,0,0,12128,-15.137684106826782,-11.009793758392334,0.21428571428571427
20953,0,0,12127,-15.137684106826782,-11.009793758392334,0.21428571428571427
20954,0,0,12126,-15.137684106826782,-11.009793758392334,0.21428571428571427
20955,0,0,12125,-15.137684106826782,-11.009793758392334,0.21428571428571427
20956,0,0,12124,-15.137684106826782,-11.009793758392334,0.21428571428571427
20957,0,0,12123,-15.137684106826782,-11.009793758392334,0.21428571428571427
20958,0,0,12122,-15.137684106826782,-11.009793758392334,0.21428571428571427
20959,0,0,12121,-15.137684106826782,-11.009793758392334,0.21428571428571427
20960,0,0,12120,-15.137684106826782,-11.009793758392334,0.21428571428571427
20961,0,0,12119,-15.137684106826782,-11.009793758392334,0.21428571428571427
20962,0,0,12118,-15.137684106826782,-11.009793758392334,0.21428571428571427
20963,0,0,12117,-15.137684106826782,-11.009793758392334,0.21428571428571427
20964,0,0,12138,-15.137684106826782,-11.009793758392334,0.21428571428571427
20965,0,0,12139,-15.137684106826782,-11.009793758392334,0.21428571428571427
20966,0,0,12140,-15.137684106826782,-11.009793758392334,0.21428571428571427
20967,0,0,12152,-15.137684106826782,-11.009793758392334,0.21428571428571427
20968,0,0,12161,-15.137684106826782,-11.009793758392334,0.21428571428571427
20969,0,0,12160,-15.137684106826782,-11.009793758392334,0.21428571428571427
20970,0,0,12159,-15.137684106826782,-11.009793758392334,0.21428571428571427
20971,0,0,12158,-15.137684106826782,-11.009793758392334,0.21428571428571427
20972,0,0,12157,-15.137684106826782,-11.009793758392334,0.21428571428571427
20973,0,0,12156,-15.137684106826782,-11.009793758392334,0.21428571428571427
20974,0,0,12155,-15.137684106826782,-11.009793758392334,0.21428571428571427
20975,0,0,12154,-15.137684106826782,-11.009793758392334,0.21428571428571427
20976,0,0,12153,-15.137684106826782,-11.009793758392334,0.21428571428571427
20977,0,0,12151,-15.137684106826782,-11.009793758392334,0.21428571428571427
20978,0,0,12141,-15.137684106826782,-11.009793758392334,0.21428571428571427
20979,0,0,12150,-15.137684106826782,-11.009793758392334,0.21428571428571427
20980,0,0,12149,-15.137684106826782,-11.009793758392334,0.21428571428571427
20981,0,0,12148,-15.137684106826782,-11.009793758392334,0.21428571428571427
20982,0,0,12147,-15.137684106826782,-11.009793758392334,0.21428571428571427
20983,0,0,12146,-15.137684106826782,-11.009793758392334,0.21428571428571427
20984,0,0,12145,-15.137684106826782,-11.009793758392334,0.21428571428571427
20985,0,0,12144,-15.137684106826782,-11.009793758392334,0.21428571428571427
20986,0,0,12143,-15.137684106826782,-11.009793758392334,0.21428571428571427
20987,0,0,12142,-15.137684106826782,-11.009793758392334,0.21428571428571427
20988,0,0,12211,-15.137684106826782,-11.009793758392334,0.21428571428571427
20989,0,0,12212,-15.137684106826782,-11.009793758392334,0.21428571428571427
20990,0,0,12213,-15.137684106826782,-11.009793758392334,0.21428571428571427
20991,0,0,12214,-15.137684106826782,-11.009793758392334,0.21428571428571427
20992,0,0,12283,-15.137684106826782,-11.009793758392334,0.21428571428571427
20993,0,0,12282,-15.137684106826782,-11.009793758392334,0.21428571428571427
20994,0,0,12281,-15.137684106826782,-11.009793758392334,0.21428571428571427
20995,0,0,12280,-15.137684106826782,-11.009793758392334,0.21428571428571427
20996,0,0,12279,-15.137684106826782,-11.009793758392334,0.21428571428571427
20997,0,0,12278,-15.137684106826782,-11.009793758392334,0.21428571428571427
20998,0,0,12277,-15.137684106826782,-11.009793758392334,0.21428571428571427
20999,0,0,12276,-15.137684106826782,-11.009793758392334,0.21428571428571427
21000,0,0,12275,-15.137684106826782,-11.009793758392334,0.21428571428571427
21001,0,0,12273,-15.137684106826782,-11.009793758392334,0.21428571428571427
21002,0,0,12263,-15.137684106826782,-11.009793758392334,0.21428571428571427
21003,0,0,12272,-15.137684106826782,-11.009793758392334,0.21428571428571427
21004,0,0,12271,-15.137684106826782,-11.009793758392334,0.21428571428571427
21005,0,0,12270,-15.137684106826782,-11.009793758392334,0.21428571428571427
21006,0,0,12269,-15.137684106826782,-11.009793758392334,0.21428571428571427
21007,0,0,12268,-15.137684106826782,-11.009793758392334,0.21428571428571427
21008,0,0,12267,-15.137684106826782,-11.009793758392334,0.21428571428571427
21009,0,0,12266,-15.137684106826782,-11.009793758392334,0.21428571428571427
21010,0,0,12265,-15.137684106826782,-11.009793758392334,0.21428571428571427
21011,0,0,12264,-15.137684106826782,-11.009793758392334,0.21428571428571427
21012,0,0,12284,-15.137684106826782,-11.009793758392334,0.21428571428571427
21013,0,0,12274,-15.137684106826782,-11.009793758392334,0.21428571428571427
21014,0,0,12285,-15.137684106826782,-11.009793758392334,0.21428571428571427
21015,0,0,12298,-15.137684106826782,-11.009793758392334,0.21428571428571427
21016,0,0,12307,-15.137684106826782,-11.009793758392334,0.21428571428571427
21017,0,0,12306,-15.137684106826782,-11.009793758392334,0.21428571428571427
21018,0,0,12305,-15.137684106826782,-11.009793758392334,0.21428571428571427
21019,0,0,12304,-15.137684106826782,-11.009793758392334,0.21428571428571427
21020,0,0,12303,-15.137684106826782,-11.009793758392334,0.21428571428571427
21021,0,0,12302,-15.137684106826782,-11.009793758392334,0.21428571428571427
21022,0,0,12301,-15.137684106826782,-11.009793758392334,0.21428571428571427
21023,0,0,12300,-15.137684106826782,-11.009793758392334,0.21428571428571427
21024,0,0,12299,-15.137684106826782,-11.009793758392334,0.21428571428571427
21025,0,0,12297,-15.137684106826782,-11.009793758392334,0.21428571428571427
21026,0,0,12287,-15.137684106826782,-11.009793758392334,0.21428571428571427
21027,0,0,12296,-15.137684106826782,-11.009793758392334,0.21428571428571427
21028,0,0,12295,-15.137684106826782,-11.009793758392334,0.21428571428571427
21029,0,0,12294,-15.137684106826782,-11.009793758392334,0.21428571428571427
21030,0,0,12293,-15.137684106826782,-11.009793758392334,0.21428571428571427
21031,0,0,12292,-15.137684106826782,-11.009793758392334,0.21428571428571427
21032,0,0,12291,-15.137684106826782,-11.009793758392334,0.21428571428571427
21033,0,0,12290,-15.137684106826782,-11.009793758392334,0.21428571428571427
21034,0,0,12289,-15.137684106826782,-11.009793758392334,0.21428571428571427
21035,0,0,12288,-15.137684106826782,-11.009793758392334,0.21428571428571427
21036,0,0,12286,-15.137684106826782,-11.009793758392334,0.21428571428571427
21037,0,0,12262,-15.137684106826782,-11.009793758392334,0.21428571428571427
21038,0,0,12261,-15.137684106826782,-11.009793758392334,0.21428571428571427
21039,0,0,12260,-15.137684106826782,-11.009793758392334,0.21428571428571427
21040,0,0,12235,-15.137684106826782,-11.009793758392334,0.21428571428571427
21041,0,0,12234,-15.137684106826782,-11.009793758392334,0.21428571428571427
21042,0,0,12233,-15.137684106826782,-11.009793758392334,0.21428571428571427
21043,0,0,12232,-15.137684106826782,-11.009793758392334,0.21428571428571427
21044,0,0,12231,-15.137684106826782,-11.009793758392334,0.21428571428571427
21045,0,0,12230,-15.137684106826782,-11.009793758392334,0.21428571428571427
21046,0,0,12229,-15.137684106826782,-11.009793758392334,0.21428571428571427
21047,0,0,12228,-15.137684106826782,-11.009793758392334,0.21428571428571427
21048,0,0,12227,-15.137684106826782,-11.009793758392334,0.21428571428571427
21049,0,0,12226,-15.137684106826782,-11.009793758392334,0.21428571428571427
21050,0,0,12225,-15.137684106826782,-11.009793758392334,0.21428571428571427
21051,0,0,12224,-15.137684106826782,-11.009793758392334,0.21428571428571427
21052,0,0,12223,-15.137684106826782,-11.009793758392334,0.21428571428571427
21053,0,0,12222,-15.137684106826782,-11.009793758392334,0.21428571428571427
21054,0,0,12221,-15.137684106826782,-11.009793758392334,0.21428571428571427
21055,0,0,12220,-15.137684106826782,-11.009793758392334,0.21428571428571427
21056,0,0,12219,-15.137684106826782,-11.009793758392334,0.21428571428571427
21057,0,0,12218,-15.137684106826782,-11.009793758392334,0.21428571428571427
21058,0,0,12217,-15.137684106826782,-11.009793758392334,0.21428571428571427
21059,0,0,12216,-15.137684106826782,-11.009793758392334,0.21428571428571427
21060,0,0,12215,-15.137684106826782,-11.009793758392334,0.21428571428571427
21061,0,0,12236,-15.137684106826782,-11.009793758392334,0.21428571428571427
21062,0,0,12237,-15.137684106826782,-11.009793758392334,0.21428571428571427
21063,0,0,12238,-15.137684106826782,-11.009793758392334,0.21428571428571427
21064,0,0,12250,-15.137684106826782,-11.009793758392334,0.21428571428571427
21065,0,0,12259,-15.137684106826782,-11.009793758392334,0.21428571428571427
21066,0,0,12258,-15.137684106826782,-11.009793758392334,0.21428571428571427
21067,0,0,12257,-15.137684106826782,-11.009793758392334,0.21428571428571427
21068,0,0,12256,-15.137684106826782,-11.009793758392334,0.21428571428571427
21069,0,0,12255,-15.137684106826782,-11.009793758392334,0.21428571428571427
21070,0,0,12254,-15.137684106826782,-11.009793758392334,0.21428571428571427
21071,0,0,12253,-15.137684106826782,-11.009793758392334,0.21428571428571427
21072,0,0,12252,-15.137684106826782,-11.009793758392334,0.21428571428571427
21073,0,0,12251,-15.137684106826782,-11.009793758392334,0.21428571428571427
21074,0,0,12249,-15.137684106826782,-11.009793758392334,0.21428571428571427
21075,0,0,12239,-15.137684106826782,-11.009793758392334,0.21428571428571427
21076,0,0,12248,-15.137684106826782,-11.009793758392334,0.21428571428571427
21077,0,0,12247,-15.137684106826782,-11.009793758392334,0.21428571428571427
21078,0,0,12246,-15.137684106826782,-11.009793758392334,0.21428571428571427
21079,0,0,12245,-15.137684106826782,-11.009793758392334,0.21428571428571427
21080,0,0,12244,-15.137684106826782,-11.009793758392334,0.21428571428571427
21081,0,0,12243,-15.137684106826782,-11.009793758392334,0.21428571428571427
21082,0,0,12242,-15.137684106826782,-11.009793758392334,0.21428571428571427
21083,0,0,12241,-15.137684106826782,-11.009793758392334,0.21428571428571427
21084,0,0,12240,-15.137684106826782,-11.009793758392334,0.21428571428571427
21085,0,0,11822,-15.137684106826782,-11.009793758392334,0.21428571428571427
21086,0,0,11723,-15.137684106826782,-11.009793758392334,0.21428571428571427
21087,0,0,11041,-15.137684106826782,-11.009793758392334,0.21428571428571427
21088,0,0,11722,-15.137684106826782,-11.009793758392334,0.21428571428571427
21089,0,0,11210,-15.137684106826782,-11.009793758392334,0.21428571428571427
21090,0,0,11209,-15.137684106826782,-11.009793758392334,0.21428571428571427
21091,0,0,11208,-15.137684106826782,-11.009793758392334,0.21428571428571427
21092,0,0,11207,-15.137684106826782,-11.009793758392334,0.21428571428571427
21093,0,0,11206,-15.137684106826782,-11.009793758392334,0.21428571428571427
21094,0,0,11205,-15.137684106826782,-11.009793758392334,0.21428571428571427
21095,0,0,11204,-15.137684106826782,-11.009793758392334,0.21428571428571427
21096,0,0,11203,-15.137684106826782,-11.009793758392334,0.21428571428571427
21097,0,0,11202,-15.137684106826782,-11.009793758392334,0.21428571428571427
21098,0,0,11201,-15.137684106826782,-11.009793758392334,0.21428571428571427
21099,0,0,11200,-15.137684106826782,-11.009793758392334,0.21428571428571427
21100,0,0,11199,-15.137684106826782,-11.009793758392334,0.21428571428571427
21101,0,0,11198,-15.137684106826782,-11.009793758392334,0.21428571428571427
21102,0,0,11197,-15.137684106826782,-11.009793758392334,0.21428571428571427
21103,0,0,11196,-15.137684106826782,-11.009793758392334,0.21428571428571427
21104,0,0,11195,-15.137684106826782,-11.009793758392334,0.21428571428571427
21105,0,0,11194,-15.137684106826782,-11.009793758392334,0.21428571428571427
21106,0,0,11193,-15.137684106826782,-11.009793758392334,0.21428571428571427
21107,0,0,11192,-15.137684106826782,-11.009793758392334,0.21428571428571427
21108,0,0,11191,-15.137684106826782,-11.009793758392334,0.21428571428571427
21109,0,0,11190,-15.137684106826782,-11.009793758392334,0.21428571428571427
21110,0,0,11211,-15.137684106826782,-11.009793758392334,0.21428571428571427
21111,0,0,11212,-15.137684106826782,-11.009793758392334,0.21428571428571427
21112,0,0,11213,-15.137684106826782,-11.009793758392334,0.21428571428571427
21113,0,0,11225,-15.137684106826782,-11.009793758392334,0.21428571428571427
21114,0,0,11234,-15.137684106826782,-11.009793758392334,0.21428571428571427
21115,0,0,11233,-15.137684106826782,-11.009793758392334,0.21428571428571427
21116,0,0,11232,-15.137684106826782,-11.009793758392334,0.21428571428571427
21117,0,0,11231,-15.137684106826782,-11.009793758392334,0.21428571428571427
21118,0,0,11230,-15.137684106826782,-11.009793758392334,0.21428571428571427
21119,0,0,11229,-15.137684106826782,-11.009793758392334,0.21428571428571427
21120,0,0,11228,-15.137684106826782,-11.009793758392334,0.21428571428571427
21121,0,0,11227,-15.137684106826782,-11.009793758392334,0.21428571428571427
21122,0,0,11226,-15.137684106826782,-11.009793758392334,0.21428571428571427
21123,0,0,11224,-15.137684106826782,-11.009793758392334,0.21428571428571427
21124,0,0,11214,-15.137684106826782,-11.009793758392334,0.21428571428571427
21125,0,0,11223,-15.137684106826782,-11.009793758392334,0.21428571428571427
21126,0,0,11222,-15.137684106826782,-11.009793758392334,0.21428571428571427
21127,0,0,11221,-15.137684106826782,-11.009793758392334,0.21428571428571427
21128,0,0,11220,-15.137684106826782,-11.009793758392334,0.21428571428571427
21129,0,0,11219,-15.137684106826782,-11.009793758392334,0.21428571428571427
21130,0,0,11218,-15.137684106826782,-11.009793758392334,0.21428571428571427
21131,0,0,11217,-15.137684106826782,-11.009793758392334,0.21428571428571427
21132,0,0,11216,-15.137684106826782,-11.009793758392334,0.21428571428571427
21133,0,0,11215,-15.137684106826782,-11.009793758392334,0.21428571428571427
21134,0,0,11189,-15.137684106826782,-11.009793758392334,0.21428571428571427
21135,0,0,11187,-15.137684106826782,-11.009793758392334,0.21428571428571427
21136,0,0,11140,-15.137684106826782,-11.009793758392334,0.21428571428571427
21137,0,0,11186,-15.137684106826782,-11.009793758392334,0.21428571428571427
21138,0,0,11161,-15.137684106826782,-11.009793758392334,0.21428571428571427
21139,0,0,11160,-15.137684106826782,-11.009793758392334,0.21428571428571427
21140,0,0,11159,-15.137684106826782,-11.009793758392334,0.21428571428571427
21141,0,0,11158,-15.137684106826782,-11.009793758392334,0.21428571428571427
21142,0,0,11157,-15.137684106826782,-11.009793758392334,0.21428571428571427
21143,0,0,11156,-15.137684106826782,-11.009793758392334,0.21428571428571427
21144,0,0,11155,-15.137684106826782,-11.009793758392334,0.21428571428571427
21145,0,0,11154,-15.137684106826782,-11.009793758392334,0.21428571428571427
21146,0,0,11153,-15.137684106826782,-11.009793758392334,0.21428571428571427
21147,0,0,11152,-15.137684106826782,-11.009793758392334,0.21428571428571427
21148,0,0,11151,-15.137684106826782,-11.009793758392334,0.21428571428571427
21149,0,0,11150,-15.137684106826782,-11.009793758392334,0.21428571428571427
21150,0,0,11149,-15.137684106826782,-11.009793758392334,0.21428571428571427
21151,0,0,11148,-15.137684106826782,-11.009793758392334,0.21428571428571427
21152,0,0,11147,-15.137684106826782,-11.009793758392334,0.21428571428571427
21153,0,0,11146,-15.137684106826782,-11.009793758392334,0.21428571428571427
21154,0,0,11145,-15.137684106826782,-11.009793758392334,0.21428571428571427
21155,0,0,11144,-15.137684106826782,-11.009793758392334,0.21428571428571427
21156,0,0,11143,-15.137684106826782,-11.009793758392334,0.21428571428571427
21157,0,0,11142,-15.137684106826782,-11.009793758392334,0.21428571428571427
21158,0,0,11141,-15.137684106826782,-11.009793758392334,0.21428571428571427
21159,0,0,11162,-15.137684106826782,-11.009793758392334,0.21428571428571427
21160,0,0,11163,-15.137684106826782,-11.009793758392334,0.21428571428571427
21161,0,0,11164,-15.137684106826782,-11.009793758392334,0.21428571428571427
21162,0,0,11176,-15.137684106826782,-11.009793758392334,0.21428571428571427
21163,0,0,11185,-15.137684106826782,-11.009793758392334,0.21428571428571427
21164,0,0,11184,-15.137684106826782,-11.009793758392334,0.21428571428571427
21165,0,0,11183,-15.137684106826782,-11.009793758392334,0.21428571428571427
21166,0,0,11182,-15.137684106826782,-11.009793758392334,0.21428571428571427
21167,0,0,11181,-15.137684106826782,-11.009793758392334,0.21428571428571427
21168,0,0,11180,-15.137684106826782,-11.009793758392334,0.21428571428571427
21169,0,0,11179,-15.137684106826782,-11.009793758392334,0.21428571428571427
21170,0,0,11178,-15.137684106826782,-11.009793758392334,0.21428571428571427
21171,0,0,11177,-15.137684106826782,-11.009793758392334,0.21428571428571427
21172,0,0,11175,-15.137684106826782,-11.009793758392334,0.21428571428571427
21173,0,0,11165,-15.137684106826782,-11.009793758392334,0.21428571428571427
21174,0,0,11174,-15.137684106826782,-11.009793758392334,0.21428571428571427
21175,0,0,11173,-15.137684106826782,-11.009793758392334,0.21428571428571427
21176,0,0,11172,-15.137684106826782,-11.009793758392334,0.21428571428571427
21177,0,0,11171,-15.137684106826782,-11.009793758392334,0.21428571428571427
21178,0,0,11170,-15.137684106826782,-11.009793758392334,0.21428571428571427
21179,0,0,11169,-15.137684106826782,-11.009793758392334,0.21428571428571427
21180,0,0,11168,-15.137684106826782,-11.009793758392334,0.21428571428571427
21181,0,0,11167,-15.137684106826782,-11.009793758392334,0.21428571428571427
21182,0,0,11166,-15.137684106826782,-11.009793758392334,0.21428571428571427
21183,0,0,11235,-15.137684106826782,-11.009793758392334,0.21428571428571427
21184,0,0,11236,-15.137684106826782,-11.009793758392334,0.21428571428571427
21185,0,0,11237,-15.137684106826782,-11.009793758392334,0.21428571428571427
21186,0,0,11238,-15.137684106826782,-11.009793758392334,0.21428571428571427
21187,0,0,11307,-15.137684106826782,-11.009793758392334,0.21428571428571427
21188,0,0,11306,-15.137684106826782,-11.009793758392334,0.21428571428571427
21189,0,0,11305,-15.137684106826782,-11.009793758392334,0.21428571428571427
21190,0,0,11304,-15.137684106826782,-11.009793758392334,0.21428571428571427
21191,0,0,11303,-15.137684106826782,-11.009793758392334,0.21428571428571427
21192,0,0,11302,-15.137684106826782,-11.009793758392334,0.21428571428571427
21193,0,0,11301,-15.137684106826782,-11.009793758392334,0.21428571428571427
21194,0,0,11300,-15.137684106826782,-11.009793758392334,0.21428571428571427
21195,0,0,11299,-15.137684106826782,-11.009793758392334,0.21428571428571427
21196,0,0,11297,-15.137684106826782,-11.009793758392334,0.21428571428571427
21197,0,0,11287,-15.137684106826782,-11.009793758392334,0.21428571428571427
21198,0,0,11296,-15.137684106826782,-11.009793758392334,0.21428571428571427
21199,0,0,11295,-15.137684106826782,-11.009793758392334,0.21428571428571427
21200,0,0,11294,-15.137684106826782,-11.009793758392334,0.21428571428571427
21201,0,0,11293,-15.137684106826782,-11.009793758392334,0.21428571428571427
21202,0,0,11292,-15.137684106826782,-11.009793758392334,0.21428571428571427
21203,0,0,11291,-15.137684106826782,-11.009793758392334,0.21428571428571427
21204,0,0,11290,-15.137684106826782,-11.009793758392334,0.21428571428571427
21205,0,0,11289,-15.137684106826782,-11.009793758392334,0.21428571428571427
21206,0,0,11288,-15.137684106826782,-11.009793758392334,0.21428571428571427
21207,0,0,11308,-15.137684106826782,-11.009793758392334,0.21428571428571427
21208,0,0,11298,-15.137684106826782,-11.009793758392334,0.21428571428571427
21209,0,0,11309,-15.137684106826782,-11.009793758392334,0.21428571428571427
21210,0,0,11322,-15.137684106826782,-11.009793758392334,0.21428571428571427
21211,0,0,11331,-15.137684106826782,-11.009793758392334,0.21428571428571427
21212,0,0,11330,-15.137684106826782,-11.009793758392334,0.21428571428571427
21213,0,0,11329,-15.137684106826782,-11.009793758392334,0.21428571428571427
21214,0,0,11328,-15.137684106826782,-11.009793758392334,0.21428571428571427
21215,0,0,11327,-15.137684106826782,-11.009793758392334,0.21428571428571427
21216,0,0,11326,-15.137684106826782,-11.009793758392334,0.21428571428571427
21217,0,0,11325,-15.137684106826782,-11.009793758392334,0.21428571428571427
21218,0,0,11324,-15.137684106826782,-11.009793758392334,0.21428571428571427
21219,0,0,11323,-15.137684106826782,-11.009793758392334,0.21428571428571427
21220,0,0,11321,-15.137684106826782,-11.009793758392334,0.21428571428571427
21221,0,0,11311,-15.137684106826782,-11.009793758392334,0.21428571428571427
21222,0,0,11320,-15.137684106826782,-11.009793758392334,0.21428571428571427
21223,0,0,11319,-15.137684106826782,-11.009793758392334,0.21428571428571427
21224,0,0,11318,-15.137684106826782,-11.009793758392334,0.21428571428571427
21225,0,0,11317,-15.137684106826782,-11.009793758392334,0.21428571428571427
21226,0,0,11316,-15.137684106826782,-11.009793758392334,0.21428571428571427
21227,0,0,11315,-15.137684106826782,-11.009793758392334,0.21428571428571427
21228,0,0,11314,-15.137684106826782,-11.009793758392334,0.21428571428571427
21229,0,0,11313,-15.137684106826782,-11.009793758392334,0.21428571428571427
21230,0,0,11312,-15.137684106826782,-11.009793758392334,0.21428571428571427
21231,0,0,11310,-15.137684106826782,-11.009793758392334,0.21428571428571427
21232,0,0,11286,-15.137684106826782,-11.009793758392334,0.21428571428571427
21233,0,0,11285,-15.137684106826782,-11.009793758392334,0.21428571428571427
21234,0,0,11284,-15.137684106826782,-11.009793758392334,0.21428571428571427
21235,0,0,11259,-15.137684106826782,-11.009793758392334,0.21428571428571427
21236,0,0,11258,-15.137684106826782,-11.009793758392334,0.21428571428571427
21237,0,0,11257,-15.137684106826782,-11.009793758392334,0.21428571428571427
21238,0,0,11256,-15.137684106826782,-11.009793758392334,0.21428571428571427
21239,0,0,11255,-15.137684106826782,-11.009793758392334,0.21428571428571427
21240,0,0,11254,-15.137684106826782,-11.009793758392334,0.21428571428571427
21241,0,0,11253,-15.137684106826782,-11.009793758392334,0.21428571428571427
21242,0,0,11252,-15.137684106826782,-11.009793758392334,0.21428571428571427
21243,0,0,11251,-15.137684106826782,-11.009793758392334,0.21428571428571427
21244,0,0,11250,-15.137684106826782,-11.009793758392334,0.21428571428571427
21245,0,0,11249,-15.137684106826782,-11.009793758392334,0.21428571428571427
21246,0,0,11248,-15.137684106826782,-11.009793758392334,0.21428571428571427
21247,0,0,11247,-15.137684106826782,-11.009793758392334,0.21428571428571427
21248,0,0,11246,-15.137684106826782,-11.009793758392334,0.21428571428571427
21249,0,0,11245,-15.137684106826782,-11.009793758392334,0.21428571428571427
21250,0,0,11244,-15.137684106826782,-11.009793758392334,0.21428571428571427
21251,0,0,11243,-15.137684106826782,-11.009793758392334,0.21428571428571427
21252,0,0,11242,-15.137684106826782,-11.009793758392334,0.21428571428571427
21253,0,0,11241,-15.137684106826782,-11.009793758392334,0.21428571428571427
21254,0,0,11240,-15.137684106826782,-11.009793758392334,0.21428571428571427
21255,0,0,11239,-15.137684106826782,-11.009793758392334,0.21428571428571427
21256,0,0,11260,-15.137684106826782,-11.009793758392334,0.21428571428571427
21257,0,0,11261,-15.137684106826782,-11.009793758392334,0.21428571428571427
21258,0,0,11262,-15.137684106826782,-11.009793758392334,0.21428571428571427
21259,0,0,11274,-15.137684106826782,-11.009793758392334,0.21428571428571427
21260,0,0,11283,-15.137684106826782,-11.009793758392334,0.21428571428571427
21261,0,0,11282,-15.137684106826782,-11.009793758392334,0.21428571428571427
21262,0,0,11281,-15.137684106826782,-11.009793758392334,0.21428571428571427
21263,0,0,11280,-15.137684106826782,-11.009793758392334,0.21428571428571427
21264,0,0,11279,-15.137684106826782,-11.009793758392334,0.21428571428571427
21265,0,0,11278,-15.137684106826782,-11.009793758392334,0.21428571428571427
21266,0,0,11277,-15.137684106826782,-11.009793758392334,0.21428571428571427
21267,0,0,11276,-15.137684106826782,-11.009793758392334,0.21428571428571427
21268,0,0,11275,-15.137684106826782,-11.009793758392334,0.21428571428571427
21269,0,0,11273,-15.137684106826782,-11.009793758392334,0.21428571428571427
21270,0,0,11263,-15.137684106826782,-11.009793758392334,0.21428571428571427
21271,0,0,11272,-15.137684106826782,-11.009793758392334,0.21428571428571427
21272,0,0,11271,-15.137684106826782,-11.009793758392334,0.21428571428571427
21273,0,0,11270,-15.137684106826782,-11.009793758392334,0.21428571428571427
21274,0,0,11269,-15.137684106826782,-11.009793758392334,0.21428571428571427
21275,0,0,11268,-15.137684106826782,-11.009793758392334,0.21428571428571427
21276,0,0,11267,-15.137684106826782,-11.009793758392334,0.21428571428571427
21277,0,0,11266,-15.137684106826782,-11.009793758392334,0.21428571428571427
21278,0,0,11265,-15.137684106826782,-11.009793758392334,0.21428571428571427
21279,0,0,11264,-15.137684106826782,-11.009793758392334,0.21428571428571427
21280,0,0,11188,-15.137684106826782,-11.009793758392334,0.21428571428571427
21281,0,0,11139,-15.137684106826782,-11.009793758392334,0.21428571428571427
21282,0,0,11138,-15.137684106826782,-11.009793758392334,0.21428571428571427
21283,0,0,11137,-15.137684106826782,-11.009793758392334,0.21428571428571427
21284,0,0,11014,-15.137684106826782,-11.009793758392334,0.21428571428571427
21285,0,0,11013,-15.137684106826782,-11.009793758392334,0.21428571428571427
21286,0,0,11012,-15.137684106826782,-11.009793758392334,0.21428571428571427
21287,0,0,11011,-15.137684106826782,-11.009793758392334,0.21428571428571427
21288,0,0,11010,-15.137684106826782,-11.009793758392334,0.21428571428571427
21289,0,0,11009,-15.137684106826782,-11.009793758392334,0.21428571428571427
21290,0,0,11008,-15.137684106826782,-11.009793758392334,0.21428571428571427
21291,0,0,11007,-15.137684106826782,-11.009793758392334,0.21428571428571427
21292,0,0,11006,-15.137684106826782,-11.009793758392334,0.21428571428571427
21293,0,0,11005,-15.137684106826782,-11.009793758392334,0.21428571428571427
21294,0,0,11004,-15.137684106826782,-11.009793758392334,0.21428571428571427
21295,0,0,11003,-15.137684106826782,-11.009793758392334,0.21428571428571427
21296,0,0,11002,-15.137684106826782,-11.009793758392334,0.21428571428571427
21297,0,0,11001,-15.137684106826782,-11.009793758392334,0.21428571428571427
21298,0,0,11000,-15.137684106826782,-11.009793758392334,0.21428571428571427
21299,0,0,10999,-15.137684106826782,-11.009793758392334,0.21428571428571427
21300,0,0,10998,-15.137684106826782,-11.009793758392334,0.21428571428571427
21301,0,0,10997,-15.137684106826782,-11.009793758392334,0.21428571428571427
21302,0,0,10996,-15.137684106826782,-11.009793758392334,0.21428571428571427
21303,0,0,10995,-15.137684106826782,-11.009793758392334,0.21428571428571427
21304,0,0,10994,-15.137684106826782,-11.009793758392334,0.21428571428571427
21305,0,0,11015,-15.137684106826782,-11.009793758392334,0.21428571428571427
21306,0,0,11016,-15.137684106826782,-11.009793758392334,0.21428571428571427
21307,0,0,11017,-15.137684106826782,-11.009793758392334,0.21428571428571427
21308,0,0,11029,-15.137684106826782,-11.009793758392334,0.21428571428571427
21309,0,0,11038,-15.137684106826782,-11.009793758392334,0.21428571428571427
21310,0,0,11037,-15.137684106826782,-11.009793758392334,0.21428571428571427
21311,0,0,11036,-15.137684106826782,-11.009793758392334,0.21428571428571427
21312,0,0,11035,-15.137684106826782,-11.009793758392334,0.21428571428571427
21313,0,0,11034,-15.137684106826782,-11.009793758392334,0.21428571428571427
21314,0,0,11033,-15.137684106826782,-11.009793758392334,0.21428571428571427
21315,0,0,11032,-15.137684106826782,-11.009793758392334,0.21428571428571427
21316,0,0,11031,-15.137684106826782,-11.009793758392334,0.21428571428571427
21317,0,0,11030,-15.137684106826782,-11.009793758392334,0.21428571428571427
21318,0,0,11028,-15.137684106826782,-11.009793758392334,0.21428571428571427
21319,0,0,11018,-15.137684106826782,-11.009793758392334,0.21428571428571427
21320,0,0,11027,-15.137684106826782,-11.009793758392334,0.21428571428571427
21321,0,0,11026,-15.137684106826782,-11.009793758392334,0.21428571428571427
21322,0,0,11025,-15.137684106826782,-11.009793758392334,0.21428571428571427
21323,0,0,11024,-15.137684106826782,-11.009793758392334,0.21428571428571427
21324,0,0,11023,-15.137684106826782,-11.009793758392334,0.21428571428571427
21325,0,0,11022,-15.137684106826782,-11.009793758392334,0.21428571428571427
21326,0,0,11021,-15.137684106826782,-11.009793758392334,0.21428571428571427
21327,0,0,11020,-15.137684106826782,-11.009793758392334,0.21428571428571427
21328,0,0,11019,-15.137684106826782,-11.009793758392334,0.21428571428571427
21329,0,0,10993,-15.137684106826782,-11.009793758392334,0.21428571428571427
21330,0,0,10991,-15.137684106826782,-11.009793758392334,0.21428571428571427
21331,0,0,10944,-15.137684106826782,-11.009793758392334,0.21428571428571427
21332,0,0,10990,-15.137684106826782,-11.009793758392334,0.21428571428571427
21333,0,0,10965,-15.137684106826782,-11.009793758392334,0.21428571428571427
21334,0,0,10964,-15.137684106826782,-11.009793758392334,0.21428571428571427
21335,0,0,10963,-15.137684106826782,-11.009793758392334,0.21428571428571427
21336,0,0,10962,-15.137684106826782,-11.009793758392334,0.21428571428571427
21337,0,0,10961,-15.137684106826782,-11.009793758392334,0.21428571428571427
21338,0,0,10960,-15.137684106826782,-11.009793758392334,0.21428571428571427
21339,0,0,10959,-15.137684106826782,-11.009793758392334,0.21428571428571427
21340,0,0,10958,-15.137684106826782,-11.009793758392334,0.21428571428571427
21341,0,0,10957,-15.137684106826782,-11.009793758392334,0.21428571428571427
21342,0,0,10956,-15.137684106826782,-11.009793758392334,0.21428571428571427
21343,0,0,10955,-15.137684106826782,-11.009793758392334,0.21428571428571427
21344,0,0,10954,-15.137684106826782,-11.009793758392334,0.21428571428571427
21345,0,0,10953,-15.137684106826782,-11.009793758392334,0.21428571428571427
21346,0,0,10952,-15.137684106826782,-11.009793758392334,0.21428571428571427
21347,0,0,10951,-15.137684106826782,-11.009793758392334,0.21428571428571427
21348,0,0,10950,-15.137684106826782,-11.009793758392334,0.21428571428571427
21349,0,0,10949,-15.137684106826782,-11.009793758392334,0.21428571428571427
21350,0,0,10948,-15.137684106826782,-11.009793758392334,0.21428571428571427
21351,0,0,10947,-15.137684106826782,-11.009793758392334,0.21428571428571427
21352,0,0,10946,-15.137684106826782,-11.009793758392334,0.21428571428571427
21353,0,0,10945,-15.137684106826782,-11.009793758392334,0.21428571428571427
21354,0,0,10966,-15.137684106826782,-11.009793758392334,0.21428571428571427
21355,0,0,10967,-15.137684106826782,-11.009793758392334,0.21428571428571427
21356,0,0,10968,-15.137684106826782,-11.009793758392334,0.21428571428571427
21357,0,0,10980,-15.137684106826782,-11.009793758392334,0.21428571428571427
21358,0,0,10989,-15.137684106826782,-11.009793758392334,0.21428571428571427
21359,0,0,10988,-15.137684106826782,-11.009793758392334,0.21428571428571427
21360,0,0,10987,-15.137684106826782,-11.009793758392334,0.21428571428571427
21361,0,0,10986,-15.137684106826782,-11.009793758392334,0.21428571428571427
21362,0,0,10985,-15.137684106826782,-11.009793758392334,0.21428571428571427
21363,0,0,10984,-15.137684106826782,-11.009793758392334,0.21428571428571427
21364,0,0,10983,-15.137684106826782,-11.009793758392334,0.21428571428571427
21365,0,0,10982,-15.137684106826782,-11.009793758392334,0.21428571428571427
21366,0,0,10981,-15.137684106826782,-11.009793758392334,0.21428571428571427
21367,0,0,10979,-15.137684106826782,-11.009793758392334,0.21428571428571427
21368,0,0,10969,-15.137684106826782,-11.009793758392334,0.21428571428571427
21369,0,0,10978,-15.137684106826782,-11.009793758392334,0.21428571428571427
21370,0,0,10977,-15.137684106826782,-11.009793758392334,0.21428571428571427
21371,0,0,10976,-15.137684106826782,-11.009793758392334,0.21428571428571427
21372,0,0,10975,-15.137684106826782,-11.009793758392334,0.21428571428571427
21373,0,0,10974,-15.137684106826782,-11.009793758392334,0.21428571428571427
21374,0,0,10973,-15.137684106826782,-11.009793758392334,0.21428571428571427
21375,0,0,10972,-15.137684106826782,-11.009793758392334,0.21428571428571427
21376,0,0,10971,-15.137684106826782,-11.009793758392334,0.21428571428571427
21377,0,0,10970,-15.137684106826782,-11.009793758392334,0.21428571428571427
21378,0,0,11039,-15.137684106826782,-11.009793758392334,0.21428571428571427
21379,0,0,10992,-15.137684106826782,-11.009793758392334,0.21428571428571427
21380,0,0,11040,-15.137684106826782,-11.009793758392334,0.21428571428571427
21381,0,0,11090,-15.137684106826782,-11.009793758392334,0.21428571428571427
21382,0,0,11112,-15.137684106826782,-11.009793758392334,0.21428571428571427
21383,0,0,11111,-15.137684106826782,-11.009793758392334,0.21428571428571427
21384,0,0,11110,-15.137684106826782,-11.009793758392334,0.21428571428571427
21385,0,0,11109,-15.137684106826782,-11.009793758392334,0.21428571428571427
21386,0,0,11108,-15.137684106826782,-11.009793758392334,0.21428571428571427
21387,0,0,11107,-15.137684106826782,-11.009793758392334,0.21428571428571427
21388,0,0,11106,-15.137684106826782,-11.009793758392334,0.21428571428571427
21389,0,0,11105,-15.137684106826782,-11.009793758392334,0.21428571428571427
21390,0,0,11104,-15.137684106826782,-11.009793758392334,0.21428571428571427
21391,0,0,11103,-15.137684106826782,-11.009793758392334,0.21428571428571427
21392,0,0,11102,-15.137684106826782,-11.009793758392334,0.21428571428571427
21393,0,0,11101,-15.137684106826782,-11.009793758392334,0.21428571428571427
21394,0,0,11100,-15.137684106826782,-11.009793758392334,0.21428571428571427
21395,0,0,11099,-15.137684106826782,-11.009793758392334,0.21428571428571427
21396,0,0,11098,-15.137684106826782,-11.009793758392334,0.21428571428571427
21397,0,0,11097,-15.137684106826782,-11.009793758392334,0.21428571428571427
21398,0,0,11096,-15.137684106826782,-11.009793758392334,0.21428571428571427
21399,0,0,11095,-15.137684106826782,-11.009793758392334,0.21428571428571427
21400,0,0,11094,-15.137684106826782,-11.009793758392334,0.21428571428571427
21401,0,0,11093,-15.137684106826782,-11.009793758392334,0.21428571428571427
21402,0,0,11092,-15.137684106826782,-11.009793758392334,0.21428571428571427
21403,0,0,11113,-15.137684106826782,-11.009793758392334,0.21428571428571427
21404,0,0,11114,-15.137684106826782,-11.009793758392334,0.21428571428571427
21405,0,0,11115,-15.137684106826782,-11.009793758392334,0.21428571428571427
21406,0,0,11127,-15.137684106826782,-11.009793758392334,0.21428571428571427
21407,0,0,11136,-15.137684106826782,-11.009793758392334,0.21428571428571427
21408,0,0,11135,-15.137684106826782,-11.009793758392334,0.21428571428571427
21409,0,0,11134,-15.137684106826782,-11.009793758392334,0.21428571428571427
21410,0,0,11133,-15.137684106826782,-11.009793758392334,0.21428571428571427
21411,0,0,11132,-15.137684106826782,-11.009793758392334,0.21428571428571427
21412,0,0,11131,-15.137684106826782,-11.009793758392334,0.21428571428571427
21413,0,0,11130,-15.137684106826782,-11.009793758392334,0.21428571428571427
21414,0,0,11129,-15.137684106826782,-11.009793758392334,0.21428571428571427
21415,0,0,11128,-15.137684106826782,-11.009793758392334,0.21428571428571427
21416,0,0,11126,-15.137684106826782,-11.009793758392334,0.21428571428571427
21417,0,0,11116,-15.137684106826782,-11.009793758392334,0.21428571428571427
21418,0,0,11125,-15.137684106826782,-11.009793758392334,0.21428571428571427
21419,0,0,11124,-15.137684106826782,-11.009793758392334,0.21428571428571427
21420,0,0,11123,-15.137684106826782,-11.009793758392334,0.21428571428571427
21421,0,0,11122,-15.137684106826782,-11.009793758392334,0.21428571428571427
21422,0,0,11121,-15.137684106826782,-11.009793758392334,0.21428571428571427
21423,0,0,11120,-15.137684106826782,-11.009793758392334,0.21428571428571427
21424,0,0,11119,-15.137684106826782,-11.009793758392334,0.21428571428571427
21425,0,0,11118,-15.137684106826782,-11.009793758392334,0.21428571428571427
21426,0,0,11117,-15.137684106826782,-11.009793758392334,0.21428571428571427
21427,0,0,11091,-15.137684106826782,-11.009793758392334,0.21428571428571427
21428,0,0,11089,-15.137684106826782,-11.009793758392334,0.21428571428571427
21429,0,0,11042,-15.137684106826782,-11.009793758392334,0.21428571428571427
21430,0,0,11088,-15.137684106826782,-11.009793758392334,0.21428571428571427
21431,0,0,11063,-15.137684106826782,-11.009793758392334,0.21428571428571427
21432,0,0,11062,-15.137684106826782,-11.009793758392334,0.21428571428571427
21433,0,0,11061,-15.137684106826782,-11.009793758392334,0.21428571428571427
21434,0,0,11060,-15.137684106826782,-11.009793758392334,0.21428571428571427
21435,0,0,11059,-15.137684106826782,-11.009793758392334,0.21428571428571427
21436,0,0,11058,-15.137684106826782,-11.009793758392334,0.21428571428571427
21437,0,0,11057,-15.137684106826782,-11.009793758392334,0.21428571428571427
21438,0,0,11056,-15.137684106826782,-11.009793758392334,0.21428571428571427
21439,0,0,11055,-15.137684106826782,-11.009793758392334,0.21428571428571427
21440,0,0,11054,-15.137684106826782,-11.009793758392334,0.21428571428571427
21441,0,0,11053,-15.137684106826782,-11.009793758392334,0.21428571428571427
21442,0,0,11052,-15.137684106826782,-11.009793758392334,0.21428571428571427
21443,0,0,11051,-15.137684106826782,-11.009793758392334,0.21428571428571427
21444,0,0,11050,-15.137684106826782,-11.009793758392334,0.21428571428571427
21445,0,0,11049,-15.137684106826782,-11.009793758392334,0.21428571428571427
21446,0,0,11048,-15.137684106826782,-11.009793758392334,0.21428571428571427
21447,0,0,11047,-15.137684106826782,-11.009793758392334,0.21428571428571427
21448,0,0,11046,-15.137684106826782,-11.009793758392334,0.21428571428571427
21449,0,0,11045,-15.137684106826782,-11.009793758392334,0.21428571428571427
21450,0,0,11044,-15.137684106826782,-11.009793758392334,0.21428571428571427
21451,0,0,11043,-15.137684106826782,-11.009793758392334,0.21428571428571427
21452,0,0,11064,-15.137684106826782,-11.009793758392334,0.21428571428571427
21453,0,0,11065,-15.137684106826782,-11.009793758392334,0.21428571428571427
21454,0,0,11066,-15.137684106826782,-11.009793758392334,0.21428571428571427
21455,0,0,11078,-15.137684106826782,-11.009793758392334,0.21428571428571427
21456,0,0,11087,-15.137684106826782,-11.009793758392334,0.21428571428571427
21457,0,0,11086,-15.137684106826782,-11.009793758392334,0.21428571428571427
21458,0,0,11085,-15.137684106826782,-11.009793758392334,0.21428571428571427
21459,0,0,11084,-15.137684106826782,-11.009793758392334,0.21428571428571427
21460,0,0,11083,-15.137684106826782,-11.009793758392334,0.21428571428571427
21461,0,0,11082,-15.137684106826782,-11.009793758392334,0.21428571428571427
21462,0,0,11081,-15.137684106826782,-11.009793758392334,0.21428571428571427
21463,0,0,11080,-15.137684106826782,-11.009793758392334,0.21428571428571427
21464,0,0,11079,-15.137684106826782,-11.009793758392334,0.21428571428571427
21465,0,0,11077,-15.137684106826782,-11.009793758392334,0.21428571428571427
21466,0,0,11067,-15.137684106826782,-11.009793758392334,0.21428571428571427
21467,0,0,11076,-15.137684106826782,-11.009793758392334,0.21428571428571427
21468,0,0,11075,-15.137684106826782,-11.009793758392334,0.21428571428571427
21469,0,0,11074,-15.137684106826782,-11.009793758392334,0.21428571428571427
21470,0,0,11073,-15.137684106826782,-11.009793758392334,0.21428571428571427
21471,0,0,11072,-15.137684106826782,-11.009793758392334,0.21428571428571427
21472,0,0,11071,-15.137684106826782,-11.009793758392334,0.21428571428571427
21473,0,0,11070,-15.137684106826782,-11.009793758392334,0.21428571428571427
21474,0,0,11069,-15.137684106826782,-11.009793758392334,0.21428571428571427
21475,0,0,11068,-15.137684106826782,-11.009793758392334,0.21428571428571427
21476,0,0,11332,-15.137684106826782,-11.009793758392334,0.21428571428571427
21477,0,0,11333,-15.137684106826782,-11.009793758392334,0.21428571428571427
21478,0,0,11334,-15.137684106826782,-11.009793758392334,0.21428571428571427
21479,0,0,11529,-15.137684106826782,-11.009793758392334,0.21428571428571427
21480,0,0,11600,-15.137684106826782,-11.009793758392334,0.21428571428571427
21481,0,0,11599,-15.137684106826782,-11.009793758392334,0.21428571428571427
21482,0,0,11598,-15.137684106826782,-11.009793758392334,0.21428571428571427
21483,0,0,11597,-15.137684106826782,-11.009793758392334,0.21428571428571427
21484,0,0,11596,-15.137684106826782,-11.009793758392334,0.21428571428571427
21485,0,0,11595,-15.137684106826782,-11.009793758392334,0.21428571428571427
21486,0,0,11594,-15.137684106826782,-11.009793758392334,0.21428571428571427
21487,0,0,11593,-15.137684106826782,-11.009793758392334,0.21428571428571427
21488,0,0,11592,-15.137684106826782,-11.009793758392334,0.21428571428571427
21489,0,0,11591,-15.137684106826782,-11.009793758392334,0.21428571428571427
21490,0,0,11590,-15.137684106826782,-11.009793758392334,0.21428571428571427
21491,0,0,11589,-15.137684106826782,-11.009793758392334,0.21428571428571427
21492,0,0,11588,-15.137684106826782,-11.009793758392334,0.21428571428571427
21493,0,0,11587,-15.137684106826782,-11.009793758392334,0.21428571428571427
21494,0,0,11586,-15.137684106826782,-11.009793758392334,0.21428571428571427
21495,0,0,11585,-15.137684106826782,-11.009793758392334,0.21428571428571427
21496,0,0,11584,-15.137684106826782,-11.009793758392334,0.21428571428571427
21497,0,0,11583,-15.137684106826782,-11.009793758392334,0.21428571428571427
21498,0,0,11582,-15.137684106826782,-11.009793758392334,0.21428571428571427
21499,0,0,11581,-15.137684106826782,-11.009793758392334,0.21428571428571427
21500,0,0,11580,-15.137684106826782,-11.009793758392334,0.21428571428571427
21501,0,0,11601,-15.137684106826782,-11.009793758392334,0.21428571428571427
21502,0,0,11602,-15.137684106826782,-11.009793758392334,0.21428571428571427
21503,0,0,11603,-15.137684106826782,-11.009793758392334,0.21428571428571427
21504,0,0,11615,-15.137684106826782,-11.009793758392334,0.21428571428571427
21505,0,0,11624,-15.137684106826782,-11.009793758392334,0.21428571428571427
21506,0,0,11623,-15.137684106826782,-11.009793758392334,0.21428571428571427
21507,0,0,11622,-15.137684106826782,-11.009793758392334,0.21428571428571427
21508,0,0,11621,-15.137684106826782,-11.009793758392334,0.21428571428571427
21509,0,0,11620,-15.137684106826782,-11.009793758392334,0.21428571428571427
21510,0,0,11619,-15.137684106826782,-11.009793758392334,0.21428571428571427
21511,0,0,11618,-15.137684106826782,-11.009793758392334,0.21428571428571427
21512,0,0,11617,-15.137684106826782,-11.009793758392334,0.21428571428571427
21513,0,0,11616,-15.137684106826782,-11.009793758392334,0.21428571428571427
21514,0,0,11614,-15.137684106826782,-11.009793758392334,0.21428571428571427
21515,0,0,11604,-15.137684106826782,-11.009793758392334,0.21428571428571427
21516,0,0,11613,-15.137684106826782,-11.009793758392334,0.21428571428571427
21517,0,0,11612,-15.137684106826782,-11.009793758392334,0.21428571428571427
21518,0,0,11611,-15.137684106826782,-11.009793758392334,0.21428571428571427
21519,0,0,11610,-15.137684106826782,-11.009793758392334,0.21428571428571427
21520,0,0,11609,-15.137684106826782,-11.009793758392334,0.21428571428571427
21521,0,0,11608,-15.137684106826782,-11.009793758392334,0.21428571428571427
21522,0,0,11607,-15.137684106826782,-11.009793758392334,0.21428571428571427
21523,0,0,11606,-15.137684106826782,-11.009793758392334,0.21428571428571427
21524,0,0,11605,-15.137684106826782,-11.009793758392334,0.21428571428571427
21525,0,0,11579,-15.137684106826782,-11.009793758392334,0.21428571428571427
21526,0,0,11577,-15.137684106826782,-11.009793758392334,0.21428571428571427
21527,0,0,11530,-15.137684106826782,-11.009793758392334,0.21428571428571427
21528,0,0,11576,-15.137684106826782,-11.009793758392334,0.21428571428571427
21529,0,0,11551,-15.137684106826782,-11.009793758392334,0.21428571428571427
21530,0,0,11550,-15.137684106826782,-11.009793758392334,0.21428571428571427
21531,0,0,11549,-15.137684106826782,-11.009793758392334,0.21428571428571427
21532,0,0,11548,-15.137684106826782,-11.009793758392334,0.21428571428571427
21533,0,0,11547,-15.137684106826782,-11.009793758392334,0.21428571428571427
21534,0,0,11546,-15.137684106826782,-11.009793758392334,0.21428571428571427
21535,0,0,11545,-15.137684106826782,-11.009793758392334,0.21428571428571427
21536,0,0,11544,-15.137684106826782,-11.009793758392334,0.21428571428571427
21537,0,0,11543,-15.137684106826782,-11.009793758392334,0.21428571428571427
21538,0,0,11542,-15.137684106826782,-11.009793758392334,0.21428571428571427
21539,0,0,11541,-15.137684106826782,-11.009793758392334,0.21428571428571427
21540,0,0,11540,-15.137684106826782,-11.009793758392334,0.21428571428571427
21541,0,0,11539,-15.137684106826782,-11.009793758392334,0.21428571428571427
21542,0,0,11538,-15.137684106826782,-11.009793758392334,0.21428571428571427
21543,0,0,11537,-15.137684106826782,-11.009793758392334,0.21428571428571427
21544,0,0,11536,-15.137684106826782,-11.009793758392334,0.21428571428571427
21545,0,0,11535,-15.137684106826782,-11.009793758392334,0.21428571428571427
21546,0,0,11534,-15.137684106826782,-11.009793758392334,0.21428571428571427
21547,0,0,11533,-15.137684106826782,-11.009793758392334,0.21428571428571427
21548,0,0,11532,-15.137684106826782,-11.009793758392334,0.21428571428571427
21549,0,0,11531,-15.137684106826782,-11.009793758392334,0.21428571428571427
21550,0,0,11552,-15.137684106826782,-11.009793758392334,0.21428571428571427
21551,0,0,11553,-15.137684106826782,-11.009793758392334,0.21428571428571427
21552,0,0,11554,-15.137684106826782,-11.009793758392334,0.21428571428571427
21553,0,0,11566,-15.137684106826782,-11.009793758392334,0.21428571428571427
21554,0,0,11575,-15.137684106826782,-11.009793758392334,0.21428571428571427
21555,0,0,11574,-15.137684106826782,-11.009793758392334,0.21428571428571427
21556,0,0,11573,-15.137684106826782,-11.009793758392334,0.21428571428571427
21557,0,0,11572,-15.137684106826782,-11.009793758392334,0.21428571428571427
21558,0,0,11571,-15.137684106826782,-11.009793758392334,0.21428571428571427
21559,0,0,11570,-15.137684106826782,-11.009793758392334,0.21428571428571427
21560,0,0,11569,-15.137684106826782,-11.009793758392334,0.21428571428571427
21561,0,0,11568,-15.137684106826782,-11.009793758392334,0.21428571428571427
21562,0,0,11567,-15.137684106826782,-11.009793758392334,0.21428571428571427
21563,0,0,11565,-15.137684106826782,-11.009793758392334,0.21428571428571427
21564,0,0,11555,-15.137684106826782,-11.009793758392334,0.21428571428571427
21565,0,0,11564,-15.137684106826782,-11.009793758392334,0.21428571428571427
21566,0,0,11563,-15.137684106826782,-11.009793758392334,0.21428571428571427
21567,0,0,11562,-15.137684106826782,-11.009793758392334,0.21428571428571427
21568,0,0,11561,-15.137684106826782,-11.009793758392334,0.21428571428571427
21569,0,0,11560,-15.137684106826782,-11.009793758392334,0.21428571428571427
21570,0,0,11559,-15.137684106826782,-11.009793758392334,0.21428571428571427
21571,0,0,11558,-15.137684106826782,-11.009793758392334,0.21428571428571427
21572,0,0,11557,-15.137684106826782,-11.009793758392334,0.21428571428571427
21573,0,0,11556,-15.137684106826782,-11.009793758392334,0.21428571428571427
21574,0,0,11625,-15.137684106826782,-11.009793758392334,0.21428571428571427
21575,0,0,11626,-15.137684106826782,-11.009793758392334,0.21428571428571427
21576,0,0,11627,-15.137684106826782,-11.009793758392334,0.21428571428571427
21577,0,0,11628,-15.137684106826782,-11.009793758392334,0.21428571428571427
21578,0,0,11697,-15.137684106826782,-11.009793758392334,0.21428571428571427
21579,0,0,11696,-15.137684106826782,-11.009793758392334,0.21428571428571427
21580,0,0,11695,-15.137684106826782,-11.009793758392334,0.21428571428571427
21581,0,0,11694,-15.137684106826782,-11.009793758392334,0.21428571428571427
21582,0,0,11693,-15.137684106826782,-11.009793758392334,0.21428571428571427
21583,0,0,11692,-15.137684106826782,-11.009793758392334,0.21428571428571427
21584,0,0,11691,-15.137684106826782,-11.009793758392334,0.21428571428571427
21585,0,0,11690,-15.137684106826782,-11.009793758392334,0.21428571428571427
21586,0,0,11689,-15.137684106826782,-11.009793758392334,0.21428571428571427
21587,0,0,11687,-15.137684106826782,-11.009793758392334,0.21428571428571427
21588,0,0,11677,-15.137684106826782,-11.009793758392334,0.21428571428571427
21589,0,0,11686,-15.137684106826782,-11.009793758392334,0.21428571428571427
21590,0,0,11685,-15.137684106826782,-11.009793758392334,0.21428571428571427
21591,0,0,11684,-15.137684106826782,-11.009793758392334,0.21428571428571427
21592,0,0,11683,-15.137684106826782,-11.009793758392334,0.21428571428571427
21593,0,0,11682,-15.137684106826782,-11.009793758392334,0.21428571428571427
21594,0,0,11681,-15.137684106826782,-11.009793758392334,0.21428571428571427
21595,0,0,11680,-15.137684106826782,-11.009793758392334,0.21428571428571427
21596,0,0,11679,-15.137684106826782,-11.009793758392334,0.21428571428571427
21597,0,0,11678,-15.137684106826782,-11.009793758392334,0.21428571428571427
21598,0,0,11698,-15.137684106826782,-11.009793758392334,0.21428571428571427
21599,0,0,11688,-15.137684106826782,-11.009793758392334,0.21428571428571427
21600,0,0,11699,-15.137684106826782,-11.009793758392334,0.21428571428571427
21601,0,0,11712,-15.137684106826782,-11.009793758392334,0.21428571428571427
21602,0,0,11721,-15.137684106826782,-11.009793758392334,0.21428571428571427
21603,0,0,11720,-15.137684106826782,-11.009793758392334,0.21428571428571427
21604,0,0,11719,-15.137684106826782,-11.009793758392334,0.21428571428571427
21605,0,0,11718,-15.137684106826782,-11.009793758392334,0.21428571428571427
21606,0,0,11717,-15.137684106826782,-11.009793758392334,0.21428571428571427
21607,0,0,11716,-15.137684106826782,-11.009793758392334,0.21428571428571427
21608,0,0,11715,-15.137684106826782,-11.009793758392334,0.21428571428571427
21609,0,0,11714,-15.137684106826782,-11.009793758392334,0.21428571428571427
21610,0,0,11713,-15.137684106826782,-11.009793758392334,0.21428571428571427
21611,0,0,11711,-15.137684106826782,-11.009793758392334,0.21428571428571427
21612,0,0,11701,-15.137684106826782,-11.009793758392334,0.21428571428571427
21613,0,0,11710,-15.137684106826782,-11.009793758392334,0.21428571428571427
21614,0,0,11709,-15.137684106826782,-11.009793758392334,0.21428571428571427
21615,0,0,11708,-15.137684106826782,-11.009793758392334,0.21428571428571427
21616,0,0,11707,-15.137684106826782,-11.009793758392334,0.21428571428571427
21617,0,0,11706,-15.137684106826782,-11.009793758392334,0.21428571428571427
21618,0,0,11705,-15.137684106826782,-11.009793758392334,0.21428571428571427
21619,0,0,11704,-15.137684106826782,-11.009793758392334,0.21428571428571427
21620,0,0,11703,-15.137684106826782,-11.009793758392334,0.21428571428571427
21621,0,0,11702,-15.137684106826782,-11.009793758392334,0.21428571428571427
21622,0,0,11700,-15.137684106826782,-11.009793758392334,0.21428571428571427
21623,0,0,11676,-15.137684106826782,-11.009793758392334,0.21428571428571427
21624,0,0,11675,-15.137684106826782,-11.009793758392334,0.21428571428571427
21625,0,0,11674,-15.137684106826782,-11.009793758392334,0.21428571428571427
21626,0,0,11649,-15.137684106826782,-11.009793758392334,0.21428571428571427
21627,0,0,11648,-15.137684106826782,-11.009793758392334,0.21428571428571427
21628,0,0,11647,-15.137684106826782,-11.009793758392334,0.21428571428571427
21629,0,0,11646,-15.137684106826782,-11.009793758392334,0.21428571428571427
21630,0,0,11645,-15.137684106826782,-11.009793758392334,0.21428571428571427
21631,0,0,11644,-15.137684106826782,-11.009793758392334,0.21428571428571427
21632,0,0,11643,-15.137684106826782,-11.009793758392334,0.21428571428571427
21633,0,0,11642,-15.137684106826782,-11.009793758392334,0.21428571428571427
21634,0,0,11641,-15.137684106826782,-11.009793758392334,0.21428571428571427
21635,0,0,11640,-15.137684106826782,-11.009793758392334,0.21428571428571427
21636,0,0,11639,-15.137684106826782,-11.009793758392334,0.21428571428571427
21637,0,0,11638,-15.137684106826782,-11.009793758392334,0.21428571428571427
21638,0,0,11637,-15.137684106826782,-11.009793758392334,0.21428571428571427
21639,0,0,11636,-15.137684106826782,-11.009793758392334,0.21428571428571427
21640,0,0,11635,-15.137684106826782,-11.009793758392334,0.21428571428571427
21641,0,0,11634,-15.137684106826782,-11.009793758392334,0.21428571428571427
21642,0,0,11633,-15.137684106826782,-11.009793758392334,0.21428571428571427
21643,0,0,11632,-15.137684106826782,-11.009793758392334,0.21428571428571427
21644,0,0,11631,-15.137684106826782,-11.009793758392334,0.21428571428571427
21645,0,0,11630,-15.137684106826782,-11.009793758392334,0.21428571428571427
21646,0,0,11629,-15.137684106826782,-11.009793758392334,0.21428571428571427
21647,0,0,11650,-15.137684106826782,-11.009793758392334,0.21428571428571427
21648,0,0,11651,-15.137684106826782,-11.009793758392334,0.21428571428571427
21649,0,0,11652,-15.137684106826782,-11.009793758392334,0.21428571428571427
21650,0,0,11664,-15.137684106826782,-11.009793758392334,0.21428571428571427
21651,0,0,11673,-15.137684106826782,-11.009793758392334,0.21428571428571427
21652,0,0,11672,-15.137684106826782,-11.009793758392334,0.21428571428571427
21653,0,0,11671,-15.137684106826782,-11.009793758392334,0.21428571428571427
21654,0,0,11670,-15.137684106826782,-11.009793758392334,0.21428571428571427
21655,0,0,11669,-15.137684106826782,-11.009793758392334,0.21428571428571427
21656,0,0,11668,-15.137684106826782,-11.009793758392334,0.21428571428571427
21657,0,0,11667,-15.137684106826782,-11.009793758392334,0.21428571428571427
21658,0,0,11666,-15.137684106826782,-11.009793758392334,0.21428571428571427
21659,0,0,11665,-15.137684106826782,-11.009793758392334,0.21428571428571427
21660,0,0,11663,-15.137684106826782,-11.009793758392334,0.21428571428571427
21661,0,0,11653,-15.137684106826782,-11.009793758392334,0.21428571428571427
21662,0,0,11662,-15.137684106826782,-11.009793758392334,0.21428571428571427
21663,0,0,11661,-15.137684106826782,-11.009793758392334,0.21428571428571427
21664,0,0,11660,-15.137684106826782,-11.009793758392334,0.21428571428571427
21665,0,0,11659,-15.137684106826782,-11.009793758392334,0.21428571428571427
21666,0,0,11658,-15.137684106826782,-11.009793758392334,0.21428571428571427
21667,0,0,11657,-15.137684106826782,-11.009793758392334,0.21428571428571427
21668,0,0,11656,-15.137684106826782,-11.009793758392334,0.21428571428571427
21669,0,0,11655,-15.137684106826782,-11.009793758392334,0.21428571428571427
21670,0,0,11654,-15.137684106826782,-11.009793758392334,0.21428571428571427
21671,0,0,11578,-15.137684106826782,-11.009793758392334,0.21428571428571427
21672,0,0,11528,-15.137684106826782,-11.009793758392334,0.21428571428571427
21673,0,0,11383,-15.137684106826782,-11.009793758392334,0.21428571428571427
21674,0,0,11527,-15.137684106826782,-11.009793758392334,0.21428571428571427
21675,0,0,11405,-15.137684106826782,-11.009793758392334,0.21428571428571427
21676,0,0,11404,-15.137684106826782,-11.009793758392334,0.21428571428571427
21677,0,0,11403,-15.137684106826782,-11.009793758392334,0.21428571428571427
21678,0,0,11402,-15.137684106826782,-11.009793758392334,0.21428571428571427
21679,0,0,11401,-15.137684106826782,-11.009793758392334,0.21428571428571427
21680,0,0,11400,-15.137684106826782,-11.009793758392334,0.21428571428571427
21681,0,0,11399,-15.137684106826782,-11.009793758392334,0.21428571428571427
21682,0,0,11398,-15.137684106826782,-11.009793758392334,0.21428571428571427
21683,0,0,11397,-15.137684106826782,-11.009793758392334,0.21428571428571427
21684,0,0,11396,-15.137684106826782,-11.009793758392334,0.21428571428571427
21685,0,0,11395,-15.137684106826782,-11.009793758392334,0.21428571428571427
21686,0,0,11394,-15.137684106826782,-11.009793758392334,0.21428571428571427
21687,0,0,11393,-15.137684106826782,-11.009793758392334,0.21428571428571427
21688,0,0,11392,-15.137684106826782,-11.009793758392334,0.21428571428571427
21689,0,0,11391,-15.137684106826782,-11.009793758392334,0.21428571428571427
21690,0,0,11390,-15.137684106826782,-11.009793758392334,0.21428571428571427
21691,0,0,11389,-15.137684106826782,-11.009793758392334,0.21428571428571427
21692,0,0,11388,-15.137684106826782,-11.009793758392334,0.21428571428571427
21693,0,0,11387,-15.137684106826782,-11.009793758392334,0.21428571428571427
21694,0,0,11386,-15.137684106826782,-11.009793758392334,0.21428571428571427
21695,0,0,11385,-15.137684106826782,-11.009793758392334,0.21428571428571427
21696,0,0,11406,-15.137684106826782,-11.009793758392334,0.21428571428571427
21697,0,0,11407,-15.137684106826782,-11.009793758392334,0.21428571428571427
21698,0,0,11408,-15.137684106826782,-11.009793758392334,0.21428571428571427
21699,0,0,11420,-15.137684106826782,-11.009793758392334,0.21428571428571427
21700,0,0,11429,-15.137684106826782,-11.009793758392334,0.21428571428571427
21701,0,0,11428,-15.137684106826782,-11.009793758392334,0.21428571428571427
21702,0,0,11427,-15.137684106826782,-11.009793758392334,0.21428571428571427
21703,0,0,11426,-15.137684106826782,-11.009793758392334,0.21428571428571427
21704,0,0,11425,-15.137684106826782,-11.009793758392334,0.21428571428571427
21705,0,0,11424,-15.137684106826782,-11.009793758392334,0.21428571428571427
21706,0,0,11423,-15.137684106826782,-11.009793758392334,0.21428571428571427
21707,0,0,11422,-15.137684106826782,-11.009793758392334,0.21428571428571427
21708,0,0,11421,-15.137684106826782,-11.009793758392334,0.21428571428571427
21709,0,0,11419,-15.137684106826782,-11.009793758392334,0.21428571428571427
21710,0,0,11409,-15.137684106826782,-11.009793758392334,0.21428571428571427
21711,0,0,11418,-15.137684106826782,-11.009793758392334,0.21428571428571427
21712,0,0,11417,-15.137684106826782,-11.009793758392334,0.21428571428571427
21713,0,0,11416,-15.137684106826782,-11.009793758392334,0.21428571428571427
21714,0,0,11415,-15.137684106826782,-11.009793758392334,0.21428571428571427
21715,0,0,11414,-15.137684106826782,-11.009793758392334,0.21428571428571427
21716,0,0,11413,-15.137684106826782,-11.009793758392334,0.21428571428571427
21717,0,0,11412,-15.137684106826782,-11.009793758392334,0.21428571428571427
21718,0,0,11411,-15.137684106826782,-11.009793758392334,0.21428571428571427
21719,0,0,11410,-15.137684106826782,-11.009793758392334,0.21428571428571427
21720,0,0,11384,-15.137684106826782,-11.009793758392334,0.21428571428571427
21721,0,0,11382,-15.137684106826782,-11.009793758392334,0.21428571428571427
21722,0,0,11335,-15.137684106826782,-11.009793758392334,0.21428571428571427
21723,0,0,11381,-15.137684106826782,-11.009793758392334,0.21428571428571427
21724,0,0,11356,-15.137684106826782,-11.009793758392334,0.21428571428571427
21725,0,0,11355,-15.137684106826782,-11.009793758392334,0.21428571428571427
21726,0,0,11354,-15.137684106826782,-11.009793758392334,0.21428571428571427
21727,0,0,11353,-15.137684106826782,-11.009793758392334,0.21428571428571427
21728,0,0,11352,-15.137684106826782,-11.009793758392334,0.21428571428571427
21729,0,0,11351,-15.137684106826782,-11.009793758392334,0.21428571428571427
21730,0,0,11350,-15.137684106826782,-11.009793758392334,0.21428571428571427
21731,0,0,11349,-15.137684106826782,-11.009793758392334,0.21428571428571427
21732,0,0,11348,-15.137684106826782,-11.009793758392334,0.21428571428571427
21733,0,0,11347,-15.137684106826782,-11.009793758392334,0.21428571428571427
21734,0,0,11346,-15.137684106826782,-11.009793758392334,0.21428571428571427
21735,0,0,11345,-15.137684106826782,-11.009793758392334,0.21428571428571427
21736,0,0,11344,-15.137684106826782,-11.009793758392334,0.21428571428571427
21737,0,0,11343,-15.137684106826782,-11.009793758392334,0.21428571428571427
21738,0,0,11342,-15.137684106826782,-11.009793758392334,0.21428571428571427
21739,0,0,11341,-15.137684106826782,-11.009793758392334,0.21428571428571427
21740,0,0,11340,-15.137684106826782,-11.009793758392334,0.21428571428571427
21741,0,0,11339,-15.137684106826782,-11.009793758392334,0.21428571428571427
21742,0,0,11338,-15.137684106826782,-11.009793758392334,0.21428571428571427
21743,0,0,11337,-15.137684106826782,-11.009793758392334,0.21428571428571427
21744,0,0,11336,-15.137684106826782,-11.009793758392334,0.21428571428571427
21745,0,0,11357,-15.137684106826782,-11.009793758392334,0.21428571428571427
21746,0,0,11358,-15.137684106826782,-11.009793758392334,0.21428571428571427
21747,0,0,11359,-15.137684106826782,-11.009793758392334,0.21428571428571427
21748,0,0,11371,-15.137684106826782,-11.009793758392334,0.21428571428571427
21749,0,0,11380,-15.137684106826782,-11.009793758392334,0.21428571428571427
21750,0,0,11379,-15.137684106826782,-11.009793758392334,0.21428571428571427
21751,0,0,11378,-15.137684106826782,-11.009793758392334,0.21428571428571427
21752,0,0,11377,-15.137684106826782,-11.009793758392334,0.21428571428571427
21753,0,0,11376,-15.137684106826782,-11.009793758392334,0.21428571428571427
21754,0,0,11375,-15.137684106826782,-11.009793758392334,0.21428571428571427
21755,0,0,11374,-15.137684106826782,-11.009793758392334,0.21428571428571427
21756,0,0,11373,-15.137684106826782,-11.009793758392334,0.21428571428571427
21757,0,0,11372,-15.137684106826782,-11.009793758392334,0.21428571428571427
21758,0,0,11370,-15.137684106826782,-11.009793758392334,0.21428571428571427
21759,0,0,11360,-15.137684106826782,-11.009793758392334,0.21428571428571427
21760,0,0,11369,-15.137684106826782,-11.009793758392334,0.21428571428571427
21761,0,0,11368,-15.137684106826782,-11.009793758392334,0.21428571428571427
21762,0,0,11367,-15.137684106826782,-11.009793758392334,0.21428571428571427
21763,0,0,11366,-15.137684106826782,-11.009793758392334,0.21428571428571427
21764,0,0,11365,-15.137684106826782,-11.009793758392334,0.21428571428571427
21765,0,0,11364,-15.137684106826782,-11.009793758392334,0.21428571428571427
21766,0,0,11363,-15.137684106826782,-11.009793758392334,0.21428571428571427
21767,0,0,11362,-15.137684106826782,-11.009793758392334,0.21428571428571427
21768,0,0,11361,-15.137684106826782,-11.009793758392334,0.21428571428571427
21769,0,0,11430,-15.137684106826782,-11.009793758392334,0.21428571428571427
21770,0,0,11431,-15.137684106826782,-11.009793758392334,0.21428571428571427
21771,0,0,11432,-15.137684106826782,-11.009793758392334,0.21428571428571427
21772,0,0,11433,-15.137684106826782,-11.009793758392334,0.21428571428571427
21773,0,0,11502,-15.137684106826782,-11.009793758392334,0.21428571428571427
21774,0,0,11501,-15.137684106826782,-11.009793758392334,0.21428571428571427
21775,0,0,11500,-15.137684106826782,-11.009793758392334,0.21428571428571427
21776,0,0,11499,-15.137684106826782,-11.009793758392334,0.21428571428571427
21777,0,0,11498,-15.137684106826782,-11.009793758392334,0.21428571428571427
21778,0,0,11497,-15.137684106826782,-11.009793758392334,0.21428571428571427
21779,0,0,11496,-15.137684106826782,-11.009793758392334,0.21428571428571427
21780,0,0,11495,-15.137684106826782,-11.009793758392334,0.21428571428571427
21781,0,0,11494,-15.137684106826782,-11.009793758392334,0.21428571428571427
21782,0,0,11492,-15.137684106826782,-11.009793758392334,0.21428571428571427
21783,0,0,11482,-15.137684106826782,-11.009793758392334,0.21428571428571427
21784,0,0,11491,-15.137684106826782,-11.009793758392334,0.21428571428571427
21785,0,0,11490,-15.137684106826782,-11.009793758392334,0.21428571428571427
21786,0,0,11489,-15.137684106826782,-11.009793758392334,0.21428571428571427
21787,0,0,11488,-15.137684106826782,-11.009793758392334,0.21428571428571427
21788,0,0,11487,-15.137684106826782,-11.009793758392334,0.21428571428571427
21789,0,0,11486,-15.137684106826782,-11.009793758392334,0.21428571428571427
21790,0,0,11485,-15.137684106826782,-11.009793758392334,0.21428571428571427
21791,0,0,11484,-15.137684106826782,-11.009793758392334,0.21428571428571427
21792,0,0,11483,-15.137684106826782,-11.009793758392334,0.21428571428571427
21793,0,0,11503,-15.137684106826782,-11.009793758392334,0.21428571428571427
21794,0,0,11493,-15.137684106826782,-11.009793758392334,0.21428571428571427
21795,0,0,11504,-15.137684106826782,-11.009793758392334,0.21428571428571427
21796,0,0,11517,-15.137684106826782,-11.009793758392334,0.21428571428571427
21797,0,0,11526,-15.137684106826782,-11.009793758392334,0.21428571428571427
21798,0,0,11525,-15.137684106826782,-11.009793758392334,0.21428571428571427
21799,0,0,11524,-15.137684106826782,-11.009793758392334,0.21428571428571427
21800,0,0,11523,-15.137684106826782,-11.009793758392334,0.21428571428571427
21801,0,0,11522,-15.137684106826782,-11.009793758392334,0.21428571428571427
21802,0,0,11521,-15.137684106826782,-11.009793758392334,0.21428571428571427
21803,0,0,11520,-15.137684106826782,-11.009793758392334,0.21428571428571427
21804,0,0,11519,-15.137684106826782,-11.009793758392334,0.21428571428571427
21805,0,0,11518,-15.137684106826782,-11.009793758392334,0.21428571428571427
21806,0,0,11516,-15.137684106826782,-11.009793758392334,0.21428571428571427
21807,0,0,11506,-15.137684106826782,-11.009793758392334,0.21428571428571427
21808,0,0,11515,-15.137684106826782,-11.009793758392334,0.21428571428571427
21809,0,0,11514,-15.137684106826782,-11.009793758392334,0.21428571428571427
21810,0,0,11513,-15.137684106826782,-11.009793758392334,0.21428571428571427
21811,0,0,11512,-15.137684106826782,-11.009793758392334,0.21428571428571427
21812,0,0,11511,-15.137684106826782,-11.009793758392334,0.21428571428571427
21813,0,0,11510,-15.137684106826782,-11.009793758392334,0.21428571428571427
21814,0,0,11509,-15.137684106826782,-11.009793758392334,0.21428571428571427
21815,0,0,11508,-15.137684106826782,-11.009793758392334,0.21428571428571427
21816,0,0,11507,-15.137684106826782,-11.009793758392334,0.21428571428571427
21817,0,0,11505,-15.137684106826782,-11.009793758392334,0.21428571428571427
21818,0,0,11481,-15.137684106826782,-11.009793758392334,0.21428571428571427
21819,0,0,11480,-15.137684106826782,-11.009793758392334,0.21428571428571427
21820,0,0,11479,-15.137684106826782,-11.009793758392334,0.21428571428571427
21821,0,0,11454,-15.137684106826782,-11.009793758392334,0.21428571428571427
21822,0,0,11453,-15.137684106826782,-11.009793758392334,0.21428571428571427
21823,0,0,11452,-15.137684106826782,-11.009793758392334,0.21428571428571427
21824,0,0,11451,-15.137684106826782,-11.009793758392334,0.21428571428571427
21825,0,0,11450,-15.137684106826782,-11.009793758392334,0.21428571428571427
21826,0,0,11449,-15.137684106826782,-11.009793758392334,0.21428571428571427
21827,0,0,11448,-15.137684106826782,-11.009793758392334,0.21428571428571427
21828,0,0,11447,-15.137684106826782,-11.009793758392334,0.21428571428571427
21829,0,0,11446,-15.137684106826782,-11.009793758392334,0.21428571428571427
21830,0,0,11445,-15.137684106826782,-11.009793758392334,0.21428571428571427
21831,0,0,11444,-15.137684106826782,-11.009793758392334,0.21428571428571427
21832,0,0,11443,-15.137684106826782,-11.009793758392334,0.21428571428571427
21833,0,0,11442,-15.137684106826782,-11.009793758392334,0.21428571428571427
21834,0,0,11441,-15.137684106826782,-11.009793758392334,0.21428571428571427
21835,0,0,11440,-15.137684106826782,-11.009793758392334,0.21428571428571427
21836,0,0,11439,-15.137684106826782,-11.009793758392334,0.21428571428571427
21837,0,0,11438,-15.137684106826782,-11.009793758392334,0.21428571428571427
21838,0,0,11437,-15.137684106826782,-11.009793758392334,0.21428571428571427
21839,0,0,11436,-15.137684106826782,-11.009793758392334,0.21428571428571427
21840,0,0,11435,-15.137684106826782,-11.009793758392334,0.21428571428571427
21841,0,0,11434,-15.137684106826782,-11.009793758392334,0.21428571428571427
21842,0,0,11455,-15.137684106826782,-11.009793758392334,0.21428571428571427
21843,0,0,11456,-15.137684106826782,-11.009793758392334,0.21428571428571427
21844,0,0,11457,-15.137684106826782,-11.009793758392334,0.21428571428571427
21845,0,0,11469,-15.137684106826782,-11.009793758392334,0.21428571428571427
21846,0,0,11478,-15.137684106826782,-11.009793758392334,0.21428571428571427
21847,0,0,11477,-15.137684106826782,-11.009793758392334,0.21428571428571427
21848,0,0,11476,-15.137684106826782,-11.009793758392334,0.21428571428571427
21849,0,0,11475,-15.137684106826782,-11.009793758392334,0.21428571428571427
21850,0,0,11474,-15.137684106826782,-11.009793758392334,0.21428571428571427
21851,0,0,11473,-15.137684106826782,-11.009793758392334,0.21428571428571427
21852,0,0,11472,-15.137684106826782,-11.009793758392334,0.21428571428571427
21853,0,0,11471,-15.137684106826782,-11.009793758392334,0.21428571428571427
21854,0,0,11470,-15.137684106826782,-11.009793758392334,0.21428571428571427
21855,0,0,11468,-15.137684106826782,-11.009793758392334,0.21428571428571427
21856,0,0,11458,-15.137684106826782,-11.009793758392334,0.21428571428571427
21857,0,0,11467,-15.137684106826782,-11.009793758392334,0.21428571428571427
21858,0,0,11466,-15.137684106826782,-11.009793758392334,0.21428571428571427
21859,0,0,11465,-15.137684106826782,-11.009793758392334,0.21428571428571427
21860,0,0,11464,-15.137684106826782,-11.009793758392334,0.21428571428571427
21861,0,0,11463,-15.137684106826782,-11.009793758392334,0.21428571428571427
21862,0,0,11462,-15.137684106826782,-11.009793758392334,0.21428571428571427
21863,0,0,11461,-15.137684106826782,-11.009793758392334,0.21428571428571427
21864,0,0,11460,-15.137684106826782,-11.009793758392334,0.21428571428571427
21865,0,0,11459,-15.137684106826782,-11.009793758392334,0.21428571428571427
21866,0,0,10943,-15.137684106826782,-11.009793758392334,0.21428571428571427
21867,0,0,9381,-15.137684106826782,-11.009793758392334,0.21428571428571427
21868,0,0,9380,-15.137684106826782,-11.009793758392334,0.21428571428571427
21869,0,0,9379,-15.137684106826782,-11.009793758392334,0.21428571428571427
21870,0,0,7305,-15.137684106826782,-11.009793758392334,0.21428571428571427
21871,0,0,7304,-15.137684106826782,-11.009793758392334,0.21428571428571427
21872,0,0,7303,-15.137684106826782,-11.009793758392334,0.21428571428571427
21873,0,0,7302,-15.137684106826782,-11.009793758392334,0.21428571428571427
21874,0,0,7301,-15.137684106826782,-11.009793758392334,0.21428571428571427
21875,0,0,7300,-15.137684106826782,-11.009793758392334,0.21428571428571427
21876,0,0,7299,-15.137684106826782,-11.009793758392334,0.21428571428571427
21877,0,0,7298,-15.137684106826782,-11.009793758392334,0.21428571428571427
21878,0,0,7297,-15.137684106826782,-11.009793758392334,0.21428571428571427
21879,0,0,7296,-15.137684106826782,-11.009793758392334,0.21428571428571427
21880,0,0,7295,-15.137684106826782,-11.009793758392334,0.21428571428571427
21881,0,0,7294,-15.137684106826782,-11.009793758392334,0.21428571428571427
21882,0,0,7293,-15.137684106826782,-11.009793758392334,0.21428571428571427
21883,0,0,7292,-15.137684106826782,-11.009793758392334,0.21428571428571427
21884,0,0,7291,-15.137684106826782,-11.009793758392334,0.21428571428571427
21885,0,0,7290,-15.137684106826782,-11.009793758392334,0.21428571428571427
21886,0,0,7289,-15.137684106826782,-11.009793758392334,0.21428571428571427
21887,0,0,7288,-15.137684106826782,-11.009793758392334,0.21428571428571427
21888,0,0,7287,-15.137684106826782,-11.009793758392334,0.21428571428571427
21889,0,0,7286,-15.137684106826782,-11.009793758392334,0.21428571428571427
21890,0,0,7285,-15.137684106826782,-11.009793758392334,0.21428571428571427
21891,0,0,7306,-15.137684106826782,-11.009793758392334,0.21428571428571427
21892,0,0,7307,-15.137684106826782,-11.009793758392334,0.21428571428571427
21893,0,0,7308,-15.137684106826782,-11.009793758392334,0.21428571428571427
21894,0,0,7320,-15.137684106826782,-11.009793758392334,0.21428571428571427
21895,0,0,7329,-15.137684106826782,-11.009793758392334,0.21428571428571427
21896,0,0,7328,-15.137684106826782,-11.009793758392334,0.21428571428571427
21897,0,0,7327,-15.137684106826782,-11.009793758392334,0.21428571428571427
21898,0,0,7326,-15.137684106826782,-11.009793758392334,0.21428571428571427
21899,0,0,7325,-15.137684106826782,-11.009793758392334,0.21428571428571427
21900,0,0,7324,-15.137684106826782,-11.009793758392334,0.21428571428571427
21901,0,0,7323,-15.137684106826782,-11.009793758392334,0.21428571428571427
21902,0,0,7322,-15.137684106826782,-11.009793758392334,0.21428571428571427
21903,0,0,7321,-15.137684106826782,-11.009793758392334,0.21428571428571427
21904,0,0,7319,-15.137684106826782,-11.009793758392334,0.21428571428571427
21905,0,0,7309,-15.137684106826782,-11.009793758392334,0.21428571428571427
21906,0,0,7318,-15.137684106826782,-11.009793758392334,0.21428571428571427
21907,0,0,7317,-15.137684106826782,-11.009793758392334,0.21428571428571427
21908,0,0,7316,-15.137684106826782,-11.009793758392334,0.21428571428571427
21909,0,0,7315,-15.137684106826782,-11.009793758392334,0.21428571428571427
21910,0,0,7314,-15.137684106826782,-11.009793758392334,0.21428571428571427
21911,0,0,7313,-15.137684106826782,-11.009793758392334,0.21428571428571427
21912,0,0,7312,-15.137684106826782,-11.009793758392334,0.21428571428571427
21913,0,0,7311,-15.137684106826782,-11.009793758392334,0.21428571428571427
21914,0,0,7310,-15.137684106826782,-11.009793758392334,0.21428571428571427
21915,0,0,7284,-15.137684106826782,-11.009793758392334,0.21428571428571427
21916,0,0,7282,-15.137684106826782,-11.009793758392334,0.21428571428571427
21917,0,0,7235,-15.137684106826782,-11.009793758392334,0.21428571428571427
21918,0,0,7281,-15.137684106826782,-11.009793758392334,0.21428571428571427
21919,0,0,7256,-15.137684106826782,-11.009793758392334,0.21428571428571427
21920,0,0,7255,-15.137684106826782,-11.009793758392334,0.21428571428571427
21921,0,0,7254,-15.137684106826782,-11.009793758392334,0.21428571428571427
21922,0,0,7253,-15.137684106826782,-11.009793758392334,0.21428571428571427
21923,0,0,7252,-15.137684106826782,-11.009793758392334,0.21428571428571427
21924,0,0,7251,-15.137684106826782,-11.009793758392334,0.21428571428571427
21925,0,0,7250,-15.137684106826782,-11.009793758392334,0.21428571428571427
21926,0,0,7249,-15.137684106826782,-11.009793758392334,0.21428571428571427
21927,0,0,7248,-15.137684106826782,-11.009793758392334,0.21428571428571427
21928,0,0,7247,-15.137684106826782,-11.009793758392334,0.21428571428571427
21929,0,0,7246,-15.137684106826782,-11.009793758392334,0.21428571428571427
21930,0,0,7245,-15.137684106826782,-11.009793758392334,0.21428571428571427
21931,0,0,7244,-15.137684106826782,-11.009793758392334,0.21428571428571427
21932,0,0,7243,-15.137684106826782,-11.009793758392334,0.21428571428571427
21933,0,0,7242,-15.137684106826782,-11.009793758392334,0.21428571428571427
21934,0,0,7241,-15.137684106826782,-11.009793758392334,0.21428571428571427
21935,0,0,7240,-15.137684106826782,-11.009793758392334,0.21428571428571427
21936,0,0,7239,-15.137684106826782,-11.009793758392334,0.21428571428571427
21937,0,0,7238,-15.137684106826782,-11.009793758392334,0.21428571428571427
21938,0,0,7237,-15.137684106826782,-11.009793758392334,0.21428571428571427
21939,0,0,7236,-15.137684106826782,-11.009793758392334,0.21428571428571427
21940,0,0,7257,-15.137684106826782,-11.009793758392334,0.21428571428571427
21941,0,0,7258,-15.137684106826782,-11.009793758392334,0.21428571428571427
21942,0,0,7259,-15.137684106826782,-11.009793758392334,0.21428571428571427
21943,0,0,7271,-15.137684106826782,-11.009793758392334,0.21428571428571427
21944,0,0,7280,-15.137684106826782,-11.009793758392334,0.21428571428571427
21945,0,0,7279,-15.137684106826782,-11.009793758392334,0.21428571428571427
21946,0,0,7278,-15.137684106826782,-11.009793758392334,0.21428571428571427
21947,0,0,7277,-15.137684106826782,-11.009793758392334,0.21428571428571427
21948,0,0,7276,-15.137684106826782,-11.009793758392334,0.21428571428571427
21949,0,0,7275,-15.137684106826782,-11.009793758392334,0.21428571428571427
21950,0,0,7274,-15.137684106826782,-11.009793758392334,0.21428571428571427
21951,0,0,7273,-15.137684106826782,-11.009793758392334,0.21428571428571427
21952,0,0,7272,-15.137684106826782,-11.009793758392334,0.21428571428571427
21953,0,0,7270,-15.137684106826782,-11.009793758392334,0.21428571428571427
21954,0,0,7260,-15.137684106826782,-11.009793758392334,0.21428571428571427
21955,0,0,7269,-15.137684106826782,-11.009793758392334,0.21428571428571427
21956,0,0,7268,-15.137684106826782,-11.009793758392334,0.21428571428571427
21957,0,0,7267,-15.137684106826782,-11.009793758392334,0.21428571428571427
21958,0,0,7266,-15.137684106826782,-11.009793758392334,0.21428571428571427
21959,0,0,7265,-15.137684106826782,-11.009793758392334,0.21428571428571427
21960,0,0,7264,-15.137684106826782,-11.009793758392334,0.21428571428571427
21961,0,0,7263,-15.137684106826782,-11.009793758392334,0.21428571428571427
21962,0,0,7262,-15.137684106826782,-11.009793758392334,0.21428571428571427
21963,0,0,7261,-15.137684106826782,-11.009793758392334,0.21428571428571427
21964,0,0,7330,-15.137684106826782,-11.009793758392334,0.21428571428571427
21965,0,0,7331,-15.137684106826782,-11.009793758392334,0.21428571428571427
21966,0,0,7332,-15.137684106826782,-11.009793758392334,0.21428571428571427
21967,0,0,7333,-15.137684106826782,-11.009793758392334,0.21428571428571427
21968,0,0,7402,-15.137684106826782,-11.009793758392334,0.21428571428571427
21969,0,0,7401,-15.137684106826782,-11.009793758392334,0.21428571428571427
21970,0,0,7400,-15.137684106826782,-11.009793758392334,0.21428571428571427
21971,0,0,7399,-15.137684106826782,-11.009793758392334,0.21428571428571427
21972,0,0,7398,-15.137684106826782,-11.009793758392334,0.21428571428571427
21973,0,0,7397,-15.137684106826782,-11.009793758392334,0.21428571428571427
21974,0,0,7396,-15.137684106826782,-11.009793758392334,0.21428571428571427
21975,0,0,7395,-15.137684106826782,-11.009793758392334,0.21428571428571427
21976,0,0,7394,-15.137684106826782,-11.009793758392334,0.21428571428571427
21977,0,0,7392,-15.137684106826782,-11.009793758392334,0.21428571428571427
21978,0,0,7382,-15.137684106826782,-11.009793758392334,0.21428571428571427
21979,0,0,7391,-15.137684106826782,-11.009793758392334,0.21428571428571427
21980,0,0,7390,-15.137684106826782,-11.009793758392334,0.21428571428571427
21981,0,0,7389,-15.137684106826782,-11.009793758392334,0.21428571428571427
21982,0,0,7388,-15.137684106826782,-11.009793758392334,0.21428571428571427
21983,0,0,7387,-15.137684106826782,-11.009793758392334,0.21428571428571427
21984,0,0,7386,-15.137684106826782,-11.009793758392334,0.21428571428571427
21985,0,0,7385,-15.137684106826782,-11.009793758392334,0.21428571428571427
21986,0,0,7384,-15.137684106826782,-11.009793758392334,0.21428571428571427
21987,0,0,7383,-15.137684106826782,-11.009793758392334,0.21428571428571427
21988,0,0,7403,-15.137684106826782,-11.009793758392334,0.21428571428571427
21989,0,0,7393,-15.137684106826782,-11.009793758392334,0.21428571428571427
21990,0,0,7404,-15.137684106826782,-11.009793758392334,0.21428571428571427
21991,0,0,7417,-15.137684106826782,-11.009793758392334,0.21428571428571427
21992,0,0,7426,-15.137684106826782,-11.009793758392334,0.21428571428571427
21993,0,0,7425,-15.137684106826782,-11.009793758392334,0.21428571428571427
21994,0,0,7424,-15.137684106826782,-11.009793758392334,0.21428571428571427
21995,0,0,7423,-15.137684106826782,-11.009793758392334,0.21428571428571427
21996,0,0,7422,-15.137684106826782,-11.009793758392334,0.21428571428571427
21997,0,0,7421,-15.137684106826782,-11.009793758392334,0.21428571428571427
21998,0,0,7420,-15.137684106826782,-11.009793758392334,0.21428571428571427
21999,0,0,7419,-15.137684106826782,-11.009793758392334,0.21428571428571427
22000,0,0,7418,-15.137684106826782,-11.009793758392334,0.21428571428571427
22001,0,0,7416,-15.137684106826782,-11.009793758392334,0.21428571428571427
22002,0,0,7406,-15.137684106826782,-11.009793758392334,0.21428571428571427
22003,0,0,7415,-15.137684106826782,-11.009793758392334,0.21428571428571427
22004,0,0,7414,-15.137684106826782,-11.009793758392334,0.21428571428571427
22005,0,0,7413,-15.137684106826782,-11.009793758392334,0.21428571428571427
22006,0,0,7412,-15.137684106826782,-11.009793758392334,0.21428571428571427
22007,0,0,7411,-15.137684106826782,-11.009793758392334,0.21428571428571427
22008,0,0,7410,-15.137684106826782,-11.009793758392334,0.21428571428571427
22009,0,0,7409,-15.137684106826782,-11.009793758392334,0.21428571428571427
22010,0,0,7408,-15.137684106826782,-11.009793758392334,0.21428571428571427
22011,0,0,7407,-15.137684106826782,-11.009793758392334,0.21428571428571427
22012,0,0,7405,-15.137684106826782,-11.009793758392334,0.21428571428571427
22013,0,0,7381,-15.137684106826782,-11.009793758392334,0.21428571428571427
22014,0,0,7380,-15.137684106826782,-11.009793758392334,0.21428571428571427
22015,0,0,7379,-15.137684106826782,-11.009793758392334,0.21428571428571427
22016,0,0,7354,-15.137684106826782,-11.009793758392334,0.21428571428571427
22017,0,0,7353,-15.137684106826782,-11.009793758392334,0.21428571428571427
22018,0,0,7352,-15.137684106826782,-11.009793758392334,0.21428571428571427
22019,0,0,7351,-15.137684106826782,-11.009793758392334,0.21428571428571427
22020,0,0,7350,-15.137684106826782,-11.009793758392334,0.21428571428571427
22021,0,0,7349,-15.137684106826782,-11.009793758392334,0.21428571428571427
22022,0,0,7348,-15.137684106826782,-11.009793758392334,0.21428571428571427
22023,0,0,7347,-15.137684106826782,-11.009793758392334,0.21428571428571427
22024,0,0,7346,-15.137684106826782,-11.009793758392334,0.21428571428571427
22025,0,0,7345,-15.137684106826782,-11.009793758392334,0.21428571428571427
22026,0,0,7344,-15.137684106826782,-11.009793758392334,0.21428571428571427
22027,0,0,7343,-15.137684106826782,-11.009793758392334,0.21428571428571427
22028,0,0,7342,-15.137684106826782,-11.009793758392334,0.21428571428571427
22029,0,0,7341,-15.137684106826782,-11.009793758392334,0.21428571428571427
22030,0,0,7340,-15.137684106826782,-11.009793758392334,0.21428571428571427
22031,0,0,7339,-15.137684106826782,-11.009793758392334,0.21428571428571427
22032,0,0,7338,-15.137684106826782,-11.009793758392334,0.21428571428571427
22033,0,0,7337,-15.137684106826782,-11.009793758392334,0.21428571428571427
22034,0,0,7336,-15.137684106826782,-11.009793758392334,0.21428571428571427
22035,0,0,7335,-15.137684106826782,-11.009793758392334,0.21428571428571427
22036,0,0,7334,-15.137684106826782,-11.009793758392334,0.21428571428571427
22037,0,0,7355,-15.137684106826782,-11.009793758392334,0.21428571428571427
22038,0,0,7356,-15.137684106826782,-11.009793758392334,0.21428571428571427
22039,0,0,7357,-15.137684106826782,-11.009793758392334,0.21428571428571427
22040,0,0,7369,-15.137684106826782,-11.009793758392334,0.21428571428571427
22041,0,0,7378,-15.137684106826782,-11.009793758392334,0.21428571428571427
22042,0,0,7377,-15.137684106826782,-11.009793758392334,0.21428571428571427
22043,0,0,7376,-15.137684106826782,-11.009793758392334,0.21428571428571427
22044,0,0,7375,-15.137684106826782,-11.009793758392334,0.21428571428571427
22045,0,0,7374,-15.137684106826782,-11.009793758392334,0.21428571428571427
22046,0,0,7373,-15.137684106826782,-11.009793758392334,0.21428571428571427
22047,0,0,7372,-15.137684106826782,-11.009793758392334,0.21428571428571427
22048,0,0,7371,-15.137684106826782,-11.009793758392334,0.21428571428571427
22049,0,0,7370,-15.137684106826782,-11.009793758392334,0.21428571428571427
22050,0,0,7368,-15.137684106826782,-11.009793758392334,0.21428571428571427
22051,0,0,7358,-15.137684106826782,-11.009793758392334,0.21428571428571427
22052,0,0,7367,-15.137684106826782,-11.009793758392334,0.21428571428571427
22053,0,0,7366,-15.137684106826782,-11.009793758392334,0.21428571428571427
22054,0,0,7365,-15.137684106826782,-11.009793758392334,0.21428571428571427
22055,0,0,7364,-15.137684106826782,-11.009793758392334,0.21428571428571427
22056,0,0,7363,-15.137684106826782,-11.009793758392334,0.21428571428571427
22057,0,0,7362,-15.137684106826782,-11.009793758392334,0.21428571428571427
22058,0,0,7361,-15.137684106826782,-11.009793758392334,0.21428571428571427
22059,0,0,7360,-15.137684106826782,-11.009793758392334,0.21428571428571427
22060,0,0,7359,-15.137684106826782,-11.009793758392334,0.21428571428571427
22061,0,0,7283,-15.137684106826782,-11.009793758392334,0.21428571428571427
22062,0,0,7234,-15.137684106826782,-11.009793758392334,0.21428571428571427
22063,0,0,7233,-15.137684106826782,-11.009793758392334,0.21428571428571427
22064,0,0,7232,-15.137684106826782,-11.009793758392334,0.21428571428571427
22065,0,0,7109,-15.137684106826782,-11.009793758392334,0.21428571428571427
22066,0,0,7108,-15.137684106826782,-11.009793758392334,0.21428571428571427
22067,0,0,7107,-15.137684106826782,-11.009793758392334,0.21428571428571427
22068,0,0,7106,-15.137684106826782,-11.009793758392334,0.21428571428571427
22069,0,0,7105,-15.137684106826782,-11.009793758392334,0.21428571428571427
22070,0,0,7104,-15.137684106826782,-11.009793758392334,0.21428571428571427
22071,0,0,7103,-15.137684106826782,-11.009793758392334,0.21428571428571427
22072,0,0,7102,-15.137684106826782,-11.009793758392334,0.21428571428571427
22073,0,0,7101,-15.137684106826782,-11.009793758392334,0.21428571428571427
22074,0,0,7100,-15.137684106826782,-11.009793758392334,0.21428571428571427
22075,0,0,7099,-15.137684106826782,-11.009793758392334,0.21428571428571427
22076,0,0,7098,-15.137684106826782,-11.009793758392334,0.21428571428571427
22077,0,0,7097,-15.137684106826782,-11.009793758392334,0.21428571428571427
22078,0,0,7096,-15.137684106826782,-11.009793758392334,0.21428571428571427
22079,0,0,7095,-15.137684106826782,-11.009793758392334,0.21428571428571427
22080,0,0,7094,-15.137684106826782,-11.009793758392334,0.21428571428571427
22081,0,0,7093,-15.137684106826782,-11.009793758392334,0.21428571428571427
22082,0,0,7092,-15.137684106826782,-11.009793758392334,0.21428571428571427
22083,0,0,7091,-15.137684106826782,-11.009793758392334,0.21428571428571427
22084,0,0,7090,-15.137684106826782,-11.009793758392334,0.21428571428571427
22085,0,0,7089,-15.137684106826782,-11.009793758392334,0.21428571428571427
22086,0,0,7110,-15.137684106826782,-11.009793758392334,0.21428571428571427
22087,0,0,7111,-15.137684106826782,-11.009793758392334,0.21428571428571427
22088,0,0,7112,-15.137684106826782,-11.009793758392334,0.21428571428571427
22089,0,0,7124,-15.137684106826782,-11.009793758392334,0.21428571428571427
22090,0,0,7133,-15.137684106826782,-11.009793758392334,0.21428571428571427
22091,0,0,7132,-15.137684106826782,-11.009793758392334,0.21428571428571427
22092,0,0,7131,-15.137684106826782,-11.009793758392334,0.21428571428571427
22093,0,0,7130,-15.137684106826782,-11.009793758392334,0.21428571428571427
22094,0,0,7129,-15.137684106826782,-11.009793758392334,0.21428571428571427
22095,0,0,7128,-15.137684106826782,-11.009793758392334,0.21428571428571427
22096,0,0,7127,-15.137684106826782,-11.009793758392334,0.21428571428571427
22097,0,0,7126,-15.137684106826782,-11.009793758392334,0.21428571428571427
22098,0,0,7125,-15.137684106826782,-11.009793758392334,0.21428571428571427
22099,0,0,7123,-15.137684106826782,-11.009793758392334,0.21428571428571427
22100,0,0,7113,-15.137684106826782,-11.009793758392334,0.21428571428571427
22101,0,0,7122,-15.137684106826782,-11.009793758392334,0.21428571428571427
22102,0,0,7121,-15.137684106826782,-11.009793758392334,0.21428571428571427
22103,0,0,7120,-15.137684106826782,-11.009793758392334,0.21428571428571427
22104,0,0,7119,-15.137684106826782,-11.009793758392334,0.21428571428571427
22105,0,0,7118,-15.137684106826782,-11.009793758392334,0.21428571428571427
22106,0,0,7117,-15.137684106826782,-11.009793758392334,0.21428571428571427
22107,0,0,7116,-15.137684106826782,-11.009793758392334,0.21428571428571427
22108,0,0,7115,-15.137684106826782,-11.009793758392334,0.21428571428571427
22109,0,0,7114,-15.137684106826782,-11.009793758392334,0.21428571428571427
22110,0,0,7088,-15.137684106826782,-11.009793758392334,0.21428571428571427
22111,0,0,7086,-15.137684106826782,-11.009793758392334,0.21428571428571427
22112,0,0,7039,-15.137684106826782,-11.009793758392334,0.21428571428571427
22113,0,0,7085,-15.137684106826782,-11.009793758392334,0.21428571428571427
22114,0,0,7060,-15.137684106826782,-11.009793758392334,0.21428571428571427
22115,0,0,7059,-15.137684106826782,-11.009793758392334,0.21428571428571427
22116,0,0,7058,-15.137684106826782,-11.009793758392334,0.21428571428571427
22117,0,0,7057,-15.137684106826782,-11.009793758392334,0.21428571428571427
22118,0,0,7056,-15.137684106826782,-11.009793758392334,0.21428571428571427
22119,0,0,7055,-15.137684106826782,-11.009793758392334,0.21428571428571427
22120,0,0,7054,-15.137684106826782,-11.009793758392334,0.21428571428571427
22121,0,0,7053,-15.137684106826782,-11.009793758392334,0.21428571428571427
22122,0,0,7052,-15.137684106826782,-11.009793758392334,0.21428571428571427
22123,0,0,7051,-15.137684106826782,-11.009793758392334,0.21428571428571427
22124,0,0,7050,-15.137684106826782,-11.009793758392334,0.21428571428571427
22125,0,0,7049,-15.137684106826782,-11.009793758392334,0.21428571428571427
22126,0,0,7048,-15.137684106826782,-11.009793758392334,0.21428571428571427
22127,0,0,7047,-15.137684106826782,-11.009793758392334,0.21428571428571427
22128,0,0,7046,-15.137684106826782,-11.009793758392334,0.21428571428571427
22129,0,0,7045,-15.137684106826782,-11.009793758392334,0.21428571428571427
22130,0,0,7044,-15.137684106826782,-11.009793758392334,0.21428571428571427
22131,0,0,7043,-15.137684106826782,-11.009793758392334,0.21428571428571427
22132,0,0,7042,-15.137684106826782,-11.009793758392334,0.21428571428571427
22133,0,0,7041,-15.137684106826782,-11.009793758392334,0.21428571428571427
22134,0,0,7040,-15.137684106826782,-11.009793758392334,0.21428571428571427
22135,0,0,7061,-15.137684106826782,-11.009793758392334,0.21428571428571427
22136,0,0,7062,-15.137684106826782,-11.009793758392334,0.21428571428571427
22137,0,0,7063,-15.137684106826782,-11.009793758392334,0.21428571428571427
22138,0,0,7075,-15.137684106826782,-11.009793758392334,0.21428571428571427
22139,0,0,7084,-15.137684106826782,-11.009793758392334,0.21428571428571427
22140,0,0,7083,-15.137684106826782,-11.009793758392334,0.21428571428571427
22141,0,0,7082,-15.137684106826782,-11.009793758392334,0.21428571428571427
22142,0,0,7081,-15.137684106826782,-11.009793758392334,0.21428571428571427
22143,0,0,7080,-15.137684106826782,-11.009793758392334,0.21428571428571427
22144,0,0,7079,-15.137684106826782,-11.009793758392334,0.21428571428571427
22145,0,0,7078,-15.137684106826782,-11.009793758392334,0.21428571428571427
22146,0,0,7077,-15.137684106826782,-11.009793758392334,0.21428571428571427
22147,0,0,7076,-15.137684106826782,-11.009793758392334,0.21428571428571427
22148,0,0,7074,-15.137684106826782,-11.009793758392334,0.21428571428571427
22149,0,0,7064,-15.137684106826782,-11.009793758392334,0.21428571428571427
22150,0,0,7073,-15.137684106826782,-11.009793758392334,0.21428571428571427
22151,0,0,7072,-15.137684106826782,-11.009793758392334,0.21428571428571427
22152,0,0,7071,-15.137684106826782,-11.009793758392334,0.21428571428571427
22153,0,0,7070,-15.137684106826782,-11.009793758392334,0.21428571428571427
22154,0,0,7069,-15.137684106826782,-11.009793758392334,0.21428571428571427
22155,0,0,7068,-15.137684106826782,-11.009793758392334,0.21428571428571427
22156,0,0,7067,-15.137684106826782,-11.009793758392334,0.21428571428571427
22157,0,0,7066,-15.137684106826782,-11.009793758392334,0.21428571428571427
22158,0,0,7065,-15.137684106826782,-11.009793758392334,0.21428571428571427
22159,0,0,7134,-15.137684106826782,-11.009793758392334,0.21428571428571427
22160,0,0,7087,-15.137684106826782,-11.009793758392334,0.21428571428571427
22161,0,0,7135,-15.137684106826782,-11.009793758392334,0.21428571428571427
22162,0,0,7185,-15.137684106826782,-11.009793758392334,0.21428571428571427
22163,0,0,7207,-15.137684106826782,-11.009793758392334,0.21428571428571427
22164,0,0,7206,-15.137684106826782,-11.009793758392334,0.21428571428571427
22165,0,0,7205,-15.137684106826782,-11.009793758392334,0.21428571428571427
22166,0,0,7204,-15.137684106826782,-11.009793758392334,0.21428571428571427
22167,0,0,7203,-15.137684106826782,-11.009793758392334,0.21428571428571427
22168,0,0,7202,-15.137684106826782,-11.009793758392334,0.21428571428571427
22169,0,0,7201,-15.137684106826782,-11.009793758392334,0.21428571428571427
22170,0,0,7200,-15.137684106826782,-11.009793758392334,0.21428571428571427
22171,0,0,7199,-15.137684106826782,-11.009793758392334,0.21428571428571427
22172,0,0,7198,-15.137684106826782,-11.009793758392334,0.21428571428571427
22173,0,0,7197,-15.137684106826782,-11.009793758392334,0.21428571428571427
22174,0,0,7196,-15.137684106826782,-11.009793758392334,0.21428571428571427
22175,0,0,7195,-15.137684106826782,-11.009793758392334,0.21428571428571427
22176,0,0,7194,-15.137684106826782,-11.009793758392334,0.21428571428571427
22177,0,0,7193,-15.137684106826782,-11.009793758392334,0.21428571428571427
22178,0,0,7192,-15.137684106826782,-11.009793758392334,0.21428571428571427
22179,0,0,7191,-15.137684106826782,-11.009793758392334,0.21428571428571427
22180,0,0,7190,-15.137684106826782,-11.009793758392334,0.21428571428571427
22181,0,0,7189,-15.137684106826782,-11.009793758392334,0.21428571428571427
22182,0,0,7188,-15.137684106826782,-11.009793758392334,0.21428571428571427
22183,0,0,7187,-15.137684106826782,-11.009793758392334,0.21428571428571427
22184,0,0,7208,-15.137684106826782,-11.009793758392334,0.21428571428571427
22185,0,0,7209,-15.137684106826782,-11.009793758392334,0.21428571428571427
22186,0,0,7210,-15.137684106826782,-11.009793758392334,0.21428571428571427
22187,0,0,7222,-15.137684106826782,-11.009793758392334,0.21428571428571427
22188,0,0,7231,-15.137684106826782,-11.009793758392334,0.21428571428571427
22189,0,0,7230,-15.137684106826782,-11.009793758392334,0.21428571428571427
22190,0,0,7229,-15.137684106826782,-11.009793758392334,0.21428571428571427
22191,0,0,7228,-15.137684106826782,-11.009793758392334,0.21428571428571427
22192,0,0,7227,-15.137684106826782,-11.009793758392334,0.21428571428571427
22193,0,0,7226,-15.137684106826782,-11.009793758392334,0.21428571428571427
22194,0,0,7225,-15.137684106826782,-11.009793758392334,0.21428571428571427
22195,0,0,7224,-15.137684106826782,-11.009793758392334,0.21428571428571427
22196,0,0,7223,-15.137684106826782,-11.009793758392334,0.21428571428571427
22197,0,0,7221,-15.137684106826782,-11.009793758392334,0.21428571428571427
22198,0,0,7211,-15.137684106826782,-11.009793758392334,0.21428571428571427
22199,0,0,7220,-15.137684106826782,-11.009793758392334,0.21428571428571427
22200,0,0,7219,-15.137684106826782,-11.009793758392334,0.21428571428571427
22201,0,0,7218,-15.137684106826782,-11.009793758392334,0.21428571428571427
22202,0,0,7217,-15.137684106826782,-11.009793758392334,0.21428571428571427
22203,0,0,7216,-15.137684106826782,-11.009793758392334,0.21428571428571427
22204,0,0,7215,-15.137684106826782,-11.009793758392334,0.21428571428571427
22205,0,0,7214,-15.137684106826782,-11.009793758392334,0.21428571428571427
22206,0,0,7213,-15.137684106826782,-11.009793758392334,0.21428571428571427
22207,0,0,7212,-15.137684106826782,-11.009793758392334,0.21428571428571427
22208,0,0,7186,-15.137684106826782,-11.009793758392334,0.21428571428571427
22209,0,0,7184,-15.137684106826782,-11.009793758392334,0.21428571428571427
22210,0,0,7137,-15.137684106826782,-11.009793758392334,0.21428571428571427
22211,0,0,7183,-15.137684106826782,-11.009793758392334,0.21428571428571427
22212,0,0,7158,-15.137684106826782,-11.009793758392334,0.21428571428571427
22213,0,0,7157,-15.137684106826782,-11.009793758392334,0.21428571428571427
22214,0,0,7156,-15.137684106826782,-11.009793758392334,0.21428571428571427
22215,0,0,7155,-15.137684106826782,-11.009793758392334,0.21428571428571427
22216,0,0,7154,-15.137684106826782,-11.009793758392334,0.21428571428571427
22217,0,0,7153,-15.137684106826782,-11.009793758392334,0.21428571428571427
22218,0,0,7152,-15.137684106826782,-11.009793758392334,0.21428571428571427
22219,0,0,7151,-15.137684106826782,-11.009793758392334,0.21428571428571427
22220,0,0,7150,-15.137684106826782,-11.009793758392334,0.21428571428571427
22221,0,0,7149,-15.137684106826782,-11.009793758392334,0.21428571428571427
22222,0,0,7148,-15.137684106826782,-11.009793758392334,0.21428571428571427
22223,0,0,7147,-15.137684106826782,-11.009793758392334,0.21428571428571427
22224,0,0,7146,-15.137684106826782,-11.009793758392334,0.21428571428571427
22225,0,0,7145,-15.137684106826782,-11.009793758392334,0.21428571428571427
22226,0,0,7144,-15.137684106826782,-11.009793758392334,0.21428571428571427
22227,0,0,7143,-15.137684106826782,-11.009793758392334,0.21428571428571427
22228,0,0,7142,-15.137684106826782,-11.009793758392334,0.21428571428571427
22229,0,0,7141,-15.137684106826782,-11.009793758392334,0.21428571428571427
22230,0,0,7140,-15.137684106826782,-11.009793758392334,0.21428571428571427
22231,0,0,7139,-15.137684106826782,-11.009793758392334,0.21428571428571427
22232,0,0,7138,-15.137684106826782,-11.009793758392334,0.21428571428571427
22233,0,0,7159,-15.137684106826782,-11.009793758392334,0.21428571428571427
22234,0,0,7160,-15.137684106826782,-11.009793758392334,0.21428571428571427
22235,0,0,7161,-15.137684106826782,-11.009793758392334,0.21428571428571427
22236,0,0,7173,-15.137684106826782,-11.009793758392334,0.21428571428571427
22237,0,0,7182,-15.137684106826782,-11.009793758392334,0.21428571428571427
22238,0,0,7181,-15.137684106826782,-11.009793758392334,0.21428571428571427
22239,0,0,7180,-15.137684106826782,-11.009793758392334,0.21428571428571427
22240,0,0,7179,-15.137684106826782,-11.009793758392334,0.21428571428571427
22241,0,0,7178,-15.137684106826782,-11.009793758392334,0.21428571428571427
22242,0,0,7177,-15.137684106826782,-11.009793758392334,0.21428571428571427
22243,0,0,7176,-15.137684106826782,-11.009793758392334,0.21428571428571427
22244,0,0,7175,-15.137684106826782,-11.009793758392334,0.21428571428571427
22245,0,0,7174,-15.137684106826782,-11.009793758392334,0.21428571428571427
22246,0,0,7172,-15.137684106826782,-11.009793758392334,0.21428571428571427
22247,0,0,7162,-15.137684106826782,-11.009793758392334,0.21428571428571427
22248,0,0,7171,-15.137684106826782,-11.009793758392334,0.21428571428571427
22249,0,0,7170,-15.137684106826782,-11.009793758392334,0.21428571428571427
22250,0,0,7169,-15.137684106826782,-11.009793758392334,0.21428571428571427
22251,0,0,7168,-15.137684106826782,-11.009793758392334,0.21428571428571427
22252,0,0,7167,-15.137684106826782,-11.009793758392334,0.21428571428571427
22253,0,0,7166,-15.137684106826782,-11.009793758392334,0.21428571428571427
22254,0,0,7165,-15.137684106826782,-11.009793758392334,0.21428571428571427
22255,0,0,7164,-15.137684106826782,-11.009793758392334,0.21428571428571427
22256,0,0,7163,-15.137684106826782,-11.009793758392334,0.21428571428571427
22257,0,0,7427,-15.137684106826782,-11.009793758392334,0.21428571428571427
22258,0,0,7428,-15.137684106826782,-11.009793758392334,0.21428571428571427
22259,0,0,7429,-15.137684106826782,-11.009793758392334,0.21428571428571427
22260,0,0,7624,-15.137684106826782,-11.009793758392334,0.21428571428571427
22261,0,0,7695,-15.137684106826782,-11.009793758392334,0.21428571428571427
22262,0,0,7694,-15.137684106826782,-11.009793758392334,0.21428571428571427
22263,0,0,7693,-15.137684106826782,-11.009793758392334,0.21428571428571427
22264,0,0,7692,-15.137684106826782,-11.009793758392334,0.21428571428571427
22265,0,0,7691,-15.137684106826782,-11.009793758392334,0.21428571428571427
22266,0,0,7690,-15.137684106826782,-11.009793758392334,0.21428571428571427
22267,0,0,7689,-15.137684106826782,-11.009793758392334,0.21428571428571427
22268,0,0,7688,-15.137684106826782,-11.009793758392334,0.21428571428571427
22269,0,0,7687,-15.137684106826782,-11.009793758392334,0.21428571428571427
22270,0,0,7686,-15.137684106826782,-11.009793758392334,0.21428571428571427
22271,0,0,7685,-15.137684106826782,-11.009793758392334,0.21428571428571427
22272,0,0,7684,-15.137684106826782,-11.009793758392334,0.21428571428571427
22273,0,0,7683,-15.137684106826782,-11.009793758392334,0.21428571428571427
22274,0,0,7682,-15.137684106826782,-11.009793758392334,0.21428571428571427
22275,0,0,7681,-15.137684106826782,-11.009793758392334,0.21428571428571427
22276,0,0,7680,-15.137684106826782,-11.009793758392334,0.21428571428571427
22277,0,0,7679,-15.137684106826782,-11.009793758392334,0.21428571428571427
22278,0,0,7678,-15.137684106826782,-11.009793758392334,0.21428571428571427
22279,0,0,7677,-15.137684106826782,-11.009793758392334,0.21428571428571427
22280,0,0,7676,-15.137684106826782,-11.009793758392334,0.21428571428571427
22281,0,0,7675,-15.137684106826782,-11.009793758392334,0.21428571428571427
22282,0,0,7696,-15.137684106826782,-11.009793758392334,0.21428571428571427
22283,0,0,7697,-15.137684106826782,-11.009793758392334,0.21428571428571427
22284,0,0,7698,-15.137684106826782,-11.009793758392334,0.21428571428571427
22285,0,0,7710,-15.137684106826782,-11.009793758392334,0.21428571428571427
22286,0,0,7719,-15.137684106826782,-11.009793758392334,0.21428571428571427
22287,0,0,7718,-15.137684106826782,-11.009793758392334,0.21428571428571427
22288,0,0,7717,-15.137684106826782,-11.009793758392334,0.21428571428571427
22289,0,0,7716,-15.137684106826782,-11.009793758392334,0.21428571428571427
22290,0,0,7715,-15.137684106826782,-11.009793758392334,0.21428571428571427
22291,0,0,7714,-15.137684106826782,-11.009793758392334,0.21428571428571427
22292,0,0,7713,-15.137684106826782,-11.009793758392334,0.21428571428571427
22293,0,0,7712,-15.137684106826782,-11.009793758392334,0.21428571428571427
22294,0,0,7711,-15.137684106826782,-11.009793758392334,0.21428571428571427
22295,0,0,7709,-15.137684106826782,-11.009793758392334,0.21428571428571427
22296,0,0,7699,-15.137684106826782,-11.009793758392334,0.21428571428571427
22297,0,0,7708,-15.137684106826782,-11.009793758392334,0.21428571428571427
22298,0,0,7707,-15.137684106826782,-11.009793758392334,0.21428571428571427
22299,0,0,7706,-15.137684106826782,-11.009793758392334,0.21428571428571427
22300,0,0,7705,-15.137684106826782,-11.009793758392334,0.21428571428571427
22301,0,0,7704,-15.137684106826782,-11.009793758392334,0.21428571428571427
22302,0,0,7703,-15.137684106826782,-11.009793758392334,0.21428571428571427
22303,0,0,7702,-15.137684106826782,-11.009793758392334,0.21428571428571427
22304,0,0,7701,-15.137684106826782,-11.009793758392334,0.21428571428571427
22305,0,0,7700,-15.137684106826782,-11.009793758392334,0.21428571428571427
22306,0,0,7674,-15.137684106826782,-11.009793758392334,0.21428571428571427
22307,0,0,7672,-15.137684106826782,-11.009793758392334,0.21428571428571427
22308,0,0,7625,-15.137684106826782,-11.009793758392334,0.21428571428571427
22309,0,0,7671,-15.137684106826782,-11.009793758392334,0.21428571428571427
22310,0,0,7646,-15.137684106826782,-11.009793758392334,0.21428571428571427
22311,0,0,7645,-15.137684106826782,-11.009793758392334,0.21428571428571427
22312,0,0,7644,-15.137684106826782,-11.009793758392334,0.21428571428571427
22313,0,0,7643,-15.137684106826782,-11.009793758392334,0.21428571428571427
22314,0,0,7642,-15.137684106826782,-11.009793758392334,0.21428571428571427
22315,0,0,7641,-15.137684106826782,-11.009793758392334,0.21428571428571427
22316,0,0,7640,-15.137684106826782,-11.009793758392334,0.21428571428571427
22317,0,0,7639,-15.137684106826782,-11.009793758392334,0.21428571428571427
22318,0,0,7638,-15.137684106826782,-11.009793758392334,0.21428571428571427
22319,0,0,7637,-15.137684106826782,-11.009793758392334,0.21428571428571427
22320,0,0,7636,-15.137684106826782,-11.009793758392334,0.21428571428571427
22321,0,0,7635,-15.137684106826782,-11.009793758392334,0.21428571428571427
22322,0,0,7634,-15.137684106826782,-11.009793758392334,0.21428571428571427
22323,0,0,7633,-15.137684106826782,-11.009793758392334,0.21428571428571427
22324,0,0,7632,-15.137684106826782,-11.009793758392334,0.21428571428571427
22325,0,0,7631,-15.137684106826782,-11.009793758392334,0.21428571428571427
22326,0,0,7630,-15.137684106826782,-11.009793758392334,0.21428571428571427
22327,0,0,7629,-15.137684106826782,-11.009793758392334,0.21428571428571427
22328,0,0,7628,-15.137684106826782,-11.009793758392334,0.21428571428571427
22329,0,0,7627,-15.137684106826782,-11.009793758392334,0.21428571428571427
22330,0,0,7626,-15.137684106826782,-11.009793758392334,0.21428571428571427
22331,0,0,7647,-15.137684106826782,-11.009793758392334,0.21428571428571427
22332,0,0,7648,-15.137684106826782,-11.009793758392334,0.21428571428571427
22333,0,0,7649,-15.137684106826782,-11.009793758392334,0.21428571428571427
22334,0,0,7661,-15.137684106826782,-11.009793758392334,0.21428571428571427
22335,0,0,7670,-15.137684106826782,-11.009793758392334,0.21428571428571427
22336,0,0,7669,-15.137684106826782,-11.009793758392334,0.21428571428571427
22337,0,0,7668,-15.137684106826782,-11.009793758392334,0.21428571428571427
22338,0,0,7667,-15.137684106826782,-11.009793758392334,0.21428571428571427
22339,0,0,7666,-15.137684106826782,-11.009793758392334,0.21428571428571427
22340,0,0,7665,-15.137684106826782,-11.009793758392334,0.21428571428571427
22341,0,0,7664,-15.137684106826782,-11.009793758392334,0.21428571428571427
22342,0,0,7663,-15.137684106826782,-11.009793758392334,0.21428571428571427
22343,0,0,7662,-15.137684106826782,-11.009793758392334,0.21428571428571427
22344,0,0,7660,-15.137684106826782,-11.009793758392334,0.21428571428571427
22345,0,0,7650,-15.137684106826782,-11.009793758392334,0.21428571428571427
22346,0,0,7659,-15.137684106826782,-11.009793758392334,0.21428571428571427
22347,0,0,7658,-15.137684106826782,-11.009793758392334,0.21428571428571427
22348,0,0,7657,-15.137684106826782,-11.009793758392334,0.21428571428571427
22349,0,0,7656,-15.137684106826782,-11.009793758392334,0.21428571428571427
22350,0,0,7655,-15.137684106826782,-11.009793758392334,0.21428571428571427
22351,0,0,7654,-15.137684106826782,-11.009793758392334,0.21428571428571427
22352,0,0,7653,-15.137684106826782,-11.009793758392334,0.21428571428571427
22353,0,0,7652,-15.137684106826782,-11.009793758392334,0.21428571428571427
22354,0,0,7651,-15.137684106826782,-11.009793758392334,0.21428571428571427
22355,0,0,7720,-15.137684106826782,-11.009793758392334,0.21428571428571427
22356,0,0,7721,-15.137684106826782,-11.009793758392334,0.21428571428571427
22357,0,0,7722,-15.137684106826782,-11.009793758392334,0.21428571428571427
22358,0,0,7723,-15.137684106826782,-11.009793758392334,0.21428571428571427
22359,0,0,7792,-15.137684106826782,-11.009793758392334,0.21428571428571427
22360,0,0,7791,-15.137684106826782,-11.009793758392334,0.21428571428571427
22361,0,0,7790,-15.137684106826782,-11.009793758392334,0.21428571428571427
22362,0,0,7789,-15.137684106826782,-11.009793758392334,0.21428571428571427
22363,0,0,7788,-15.137684106826782,-11.009793758392334,0.21428571428571427
22364,0,0,7787,-15.137684106826782,-11.009793758392334,0.21428571428571427
22365,0,0,7786,-15.137684106826782,-11.009793758392334,0.21428571428571427
22366,0,0,7785,-15.137684106826782,-11.009793758392334,0.21428571428571427
22367,0,0,7784,-15.137684106826782,-11.009793758392334,0.21428571428571427
22368,0,0,7782,-15.137684106826782,-11.009793758392334,0.21428571428571427
22369,0,0,7772,-15.137684106826782,-11.009793758392334,0.21428571428571427
22370,0,0,7781,-15.137684106826782,-11.009793758392334,0.21428571428571427
22371,0,0,7780,-15.137684106826782,-11.009793758392334,0.21428571428571427
22372,0,0,7779,-15.137684106826782,-11.009793758392334,0.21428571428571427
22373,0,0,7778,-15.137684106826782,-11.009793758392334,0.21428571428571427
22374,0,0,7777,-15.137684106826782,-11.009793758392334,0.21428571428571427
22375,0,0,7776,-15.137684106826782,-11.009793758392334,0.21428571428571427
22376,0,0,7775,-15.137684106826782,-11.009793758392334,0.21428571428571427
22377,0,0,7774,-15.137684106826782,-11.009793758392334,0.21428571428571427
22378,0,0,7773,-15.137684106826782,-11.009793758392334,0.21428571428571427
22379,0,0,7793,-15.137684106826782,-11.009793758392334,0.21428571428571427
22380,0,0,7783,-15.137684106826782,-11.009793758392334,0.21428571428571427
22381,0,0,7794,-15.137684106826782,-11.009793758392334,0.21428571428571427
22382,0,0,7807,-15.137684106826782,-11.009793758392334,0.21428571428571427
22383,0,0,7816,-15.137684106826782,-11.009793758392334,0.21428571428571427
22384,0,0,7815,-15.137684106826782,-11.009793758392334,0.21428571428571427
22385,0,0,7814,-15.137684106826782,-11.009793758392334,0.21428571428571427
22386,0,0,7813,-15.137684106826782,-11.009793758392334,0.21428571428571427
22387,0,0,7812,-15.137684106826782,-11.009793758392334,0.21428571428571427
22388,0,0,7811,-15.137684106826782,-11.009793758392334,0.21428571428571427
22389,0,0,7810,-15.137684106826782,-11.009793758392334,0.21428571428571427
22390,0,0,7809,-15.137684106826782,-11.009793758392334,0.21428571428571427
22391,0,0,7808,-15.137684106826782,-11.009793758392334,0.21428571428571427
22392,0,0,7806,-15.137684106826782,-11.009793758392334,0.21428571428571427
22393,0,0,7796,-15.137684106826782,-11.009793758392334,0.21428571428571427
22394,0,0,7805,-15.137684106826782,-11.009793758392334,0.21428571428571427
22395,0,0,7804,-15.137684106826782,-11.009793758392334,0.21428571428571427
22396,0,0,7803,-15.137684106826782,-11.009793758392334,0.21428571428571427
22397,0,0,7802,-15.137684106826782,-11.009793758392334,0.21428571428571427
22398,0,0,7801,-15.137684106826782,-11.009793758392334,0.21428571428571427
22399,0,0,7800,-15.137684106826782,-11.009793758392334,0.21428571428571427
22400,0,0,7799,-15.137684106826782,-11.009793758392334,0.21428571428571427
22401,0,0,7798,-15.137684106826782,-11.009793758392334,0.21428571428571427
22402,0,0,7797,-15.137684106826782,-11.009793758392334,0.21428571428571427
22403,0,0,7795,-15.137684106826782,-11.009793758392334,0.21428571428571427
22404,0,0,7771,-15.137684106826782,-11.009793758392334,0.21428571428571427
22405,0,0,7770,-15.137684106826782,-11.009793758392334,0.21428571428571427
22406,0,0,7769,-15.137684106826782,-11.009793758392334,0.21428571428571427
22407,0,0,7744,-15.137684106826782,-11.009793758392334,0.21428571428571427
22408,0,0,7743,-15.137684106826782,-11.009793758392334,0.21428571428571427
22409,0,0,7742,-15.137684106826782,-11.009793758392334,0.21428571428571427
22410,0,0,7741,-15.137684106826782,-11.009793758392334,0.21428571428571427
22411,0,0,7740,-15.137684106826782,-11.009793758392334,0.21428571428571427
22412,0,0,7739,-15.137684106826782,-11.009793758392334,0.21428571428571427
22413,0,0,7738,-15.137684106826782,-11.009793758392334,0.21428571428571427
22414,0,0,7737,-15.137684106826782,-11.009793758392334,0.21428571428571427
22415,0,0,7736,-15.137684106826782,-11.009793758392334,0.21428571428571427
22416,0,0,7735,-15.137684106826782,-11.009793758392334,0.21428571428571427
22417,0,0,7734,-15.137684106826782,-11.009793758392334,0.21428571428571427
22418,0,0,7733,-15.137684106826782,-11.009793758392334,0.21428571428571427
22419,0,0,7732,-15.137684106826782,-11.009793758392334,0.21428571428571427
22420,0,0,7731,-15.137684106826782,-11.009793758392334,0.21428571428571427
22421,0,0,7730,-15.137684106826782,-11.009793758392334,0.21428571428571427
22422,0,0,7729,-15.137684106826782,-11.009793758392334,0.21428571428571427
22423,0,0,7728,-15.137684106826782,-11.009793758392334,0.21428571428571427
22424,0,0,7727,-15.137684106826782,-11.009793758392334,0.21428571428571427
22425,0,0,7726,-15.137684106826782,-11.009793758392334,0.21428571428571427
22426,0,0,7725,-15.137684106826782,-11.009793758392334,0.21428571428571427
22427,0,0,7724,-15.137684106826782,-11.009793758392334,0.21428571428571427
22428,0,0,7745,-15.137684106826782,-11.009793758392334,0.21428571428571427
22429,0,0,7746,-15.137684106826782,-11.009793758392334,0.21428571428571427
22430,0,0,7747,-15.137684106826782,-11.009793758392334,0.21428571428571427
22431,0,0,7759,-15.137684106826782,-11.009793758392334,0.21428571428571427
22432,0,0,7768,-15.137684106826782,-11.009793758392334,0.21428571428571427
22433,0,0,7767,-15.137684106826782,-11.009793758392334,0.21428571428571427
22434,0,0,7766,-15.137684106826782,-11.009793758392334,0.21428571428571427
22435,0,0,7765,-15.137684106826782,-11.009793758392334,0.21428571428571427
22436,0,0,7764,-15.137684106826782,-11.009793758392334,0.21428571428571427
22437,0,0,7763,-15.137684106826782,-11.009793758392334,0.21428571428571427
22438,0,0,7762,-15.137684106826782,-11.009793758392334,0.21428571428571427
22439,0,0,7761,-15.137684106826782,-11.009793758392334,0.21428571428571427
22440,0,0,7760,-15.137684106826782,-11.009793758392334,0.21428571428571427
22441,0,0,7758,-15.137684106826782,-11.009793758392334,0.21428571428571427
22442,0,0,7748,-15.137684106826782,-11.009793758392334,0.21428571428571427
22443,0,0,7757,-15.137684106826782,-11.009793758392334,0.21428571428571427
22444,0,0,7756,-15.137684106826782,-11.009793758392334,0.21428571428571427
22445,0,0,7755,-15.137684106826782,-11.009793758392334,0.21428571428571427
22446,0,0,7754,-15.137684106826782,-11.009793758392334,0.21428571428571427
22447,0,0,7753,-15.137684106826782,-11.009793758392334,0.21428571428571427
22448,0,0,7752,-15.137684106826782,-11.009793758392334,0.21428571428571427
22449,0,0,7751,-15.137684106826782,-11.009793758392334,0.21428571428571427
22450,0,0,7750,-15.137684106826782,-11.009793758392334,0.21428571428571427
22451,0,0,7749,-15.137684106826782,-11.009793758392334,0.21428571428571427
22452,0,0,7673,-15.137684106826782,-11.009793758392334,0.21428571428571427
22453,0,0,7623,-15.137684106826782,-11.009793758392334,0.21428571428571427
22454,0,0,7478,-15.137684106826782,-11.009793758392334,0.21428571428571427
22455,0,0,7622,-15.137684106826782,-11.009793758392334,0.21428571428571427
22456,0,0,7500,-15.137684106826782,-11.009793758392334,0.21428571428571427
22457,0,0,7499,-15.137684106826782,-11.009793758392334,0.21428571428571427
22458,0,0,7498,-15.137684106826782,-11.009793758392334,0.21428571428571427
22459,0,0,7497,-15.137684106826782,-11.009793758392334,0.21428571428571427
22460,0,0,7496,-15.137684106826782,-11.009793758392334,0.21428571428571427
22461,0,0,7495,-15.137684106826782,-11.009793758392334,0.21428571428571427
22462,0,0,7494,-15.137684106826782,-11.009793758392334,0.21428571428571427
22463,0,0,7493,-15.137684106826782,-11.009793758392334,0.21428571428571427
22464,0,0,7492,-15.137684106826782,-11.009793758392334,0.21428571428571427
22465,0,0,7491,-15.137684106826782,-11.009793758392334,0.21428571428571427
22466,0,0,7490,-15.137684106826782,-11.009793758392334,0.21428571428571427
22467,0,0,7489,-15.137684106826782,-11.009793758392334,0.21428571428571427
22468,0,0,7488,-15.137684106826782,-11.009793758392334,0.21428571428571427
22469,0,0,7487,-15.137684106826782,-11.009793758392334,0.21428571428571427
22470,0,0,7486,-15.137684106826782,-11.009793758392334,0.21428571428571427
22471,0,0,7485,-15.137684106826782,-11.009793758392334,0.21428571428571427
22472,0,0,7484,-15.137684106826782,-11.009793758392334,0.21428571428571427
22473,0,0,7483,-15.137684106826782,-11.009793758392334,0.21428571428571427
22474,0,0,7482,-15.137684106826782,-11.009793758392334,0.21428571428571427
22475,0,0,7481,-15.137684106826782,-11.009793758392334,0.21428571428571427
22476,0,0,7480,-15.137684106826782,-11.009793758392334,0.21428571428571427
22477,0,0,7501,-15.137684106826782,-11.009793758392334,0.21428571428571427
22478,0,0,7502,-15.137684106826782,-11.009793758392334,0.21428571428571427
22479,0,0,7503,-15.137684106826782,-11.009793758392334,0.21428571428571427
22480,0,0,7515,-15.137684106826782,-11.009793758392334,0.21428571428571427
22481,0,0,7524,-15.137684106826782,-11.009793758392334,0.21428571428571427
22482,0,0,7523,-15.137684106826782,-11.009793758392334,0.21428571428571427
22483,0,0,7522,-15.137684106826782,-11.009793758392334,0.21428571428571427
22484,0,0,7521,-15.137684106826782,-11.009793758392334,0.21428571428571427
22485,0,0,7520,-15.137684106826782,-11.009793758392334,0.21428571428571427
22486,0,0,7519,-15.137684106826782,-11.009793758392334,0.21428571428571427
22487,0,0,7518,-15.137684106826782,-11.009793758392334,0.21428571428571427
22488,0,0,7517,-15.137684106826782,-11.009793758392334,0.21428571428571427
22489,0,0,7516,-15.137684106826782,-11.009793758392334,0.21428571428571427
22490,0,0,7514,-15.137684106826782,-11.009793758392334,0.21428571428571427
22491,0,0,7504,-15.137684106826782,-11.009793758392334,0.21428571428571427
22492,0,0,7513,-15.137684106826782,-11.009793758392334,0.21428571428571427
22493,0,0,7512,-15.137684106826782,-11.009793758392334,0.21428571428571427
22494,0,0,7511,-15.137684106826782,-11.009793758392334,0.21428571428571427
22495,0,0,7510,-15.137684106826782,-11.009793758392334,0.21428571428571427
22496,0,0,7509,-15.137684106826782,-11.009793758392334,0.21428571428571427
22497,0,0,7508,-15.137684106826782,-11.009793758392334,0.21428571428571427
22498,0,0,7507,-15.137684106826782,-11.009793758392334,0.21428571428571427
22499,0,0,7506,-15.137684106826782,-11.009793758392334,0.21428571428571427
22500,0,0,7505,-15.137684106826782,-11.009793758392334,0.21428571428571427
22501,0,0,7479,-15.137684106826782,-11.009793758392334,0.21428571428571427
22502,0,0,7477,-15.137684106826782,-11.009793758392334,0.21428571428571427
22503,0,0,7430,-15.137684106826782,-11.009793758392334,0.21428571428571427
22504,0,0,7476,-15.137684106826782,-11.009793758392334,0.21428571428571427
22505,0,0,7451,-15.137684106826782,-11.009793758392334,0.21428571428571427
22506,0,0,7450,-15.137684106826782,-11.009793758392334,0.21428571428571427
22507,0,0,7449,-15.137684106826782,-11.009793758392334,0.21428571428571427
22508,0,0,7448,-15.137684106826782,-11.009793758392334,0.21428571428571427
22509,0,0,7447,-15.137684106826782,-11.009793758392334,0.21428571428571427
22510,0,0,7446,-15.137684106826782,-11.009793758392334,0.21428571428571427
22511,0,0,7445,-15.137684106826782,-11.009793758392334,0.21428571428571427
22512,0,0,7444,-15.137684106826782,-11.009793758392334,0.21428571428571427
22513,0,0,7443,-15.137684106826782,-11.009793758392334,0.21428571428571427
22514,0,0,7442,-15.137684106826782,-11.009793758392334,0.21428571428571427
22515,0,0,7441,-15.137684106826782,-11.009793758392334,0.21428571428571427
22516,0,0,7440,-15.137684106826782,-11.009793758392334,0.21428571428571427
22517,0,0,7439,-15.137684106826782,-11.009793758392334,0.21428571428571427
22518,0,0,7438,-15.137684106826782,-11.009793758392334,0.21428571428571427
22519,0,0,7437,-15.137684106826782,-11.009793758392334,0.21428571428571427
22520,0,0,7436,-15.137684106826782,-11.009793758392334,0.21428571428571427
22521,0,0,7435,-15.137684106826782,-11.009793758392334,0.21428571428571427
22522,0,0,7434,-15.137684106826782,-11.009793758392334,0.21428571428571427
22523,0,0,7433,-15.137684106826782,-11.009793758392334,0.21428571428571427
22524,0,0,7432,-15.137684106826782,-11.009793758392334,0.21428571428571427
22525,0,0,7431,-15.137684106826782,-11.009793758392334,0.21428571428571427
22526,0,0,7452,-15.137684106826782,-11.009793758392334,0.21428571428571427
22527,0,0,7453,-15.137684106826782,-11.009793758392334,0.21428571428571427
22528,0,0,7454,-15.137684106826782,-11.009793758392334,0.21428571428571427
22529,0,0,7466,-15.137684106826782,-11.009793758392334,0.21428571428571427
22530,0,0,7475,-15.137684106826782,-11.009793758392334,0.21428571428571427
22531,0,0,7474,-15.137684106826782,-11.009793758392334,0.21428571428571427
22532,0,0,7473,-15.137684106826782,-11.009793758392334,0.21428571428571427
22533,0,0,7472,-15.137684106826782,-11.009793758392334,0.21428571428571427
22534,0,0,7471,-15.137684106826782,-11.009793758392334,0.21428571428571427
22535,0,0,7470,-15.137684106826782,-11.009793758392334,0.21428571428571427
22536,0,0,7469,-15.137684106826782,-11.009793758392334,0.21428571428571427
22537,0,0,7468,-15.137684106826782,-11.009793758392334,0.21428571428571427
22538,0,0,7467,-15.137684106826782,-11.009793758392334,0.21428571428571427
22539,0,0,7465,-15.137684106826782,-11.009793758392334,0.21428571428571427
22540,0,0,7455,-15.137684106826782,-11.009793758392334,0.21428571428571427
22541,0,0,7464,-15.137684106826782,-11.009793758392334,0.21428571428571427
22542,0,0,7463,-15.137684106826782,-11.009793758392334,0.21428571428571427
22543,0,0,7462,-15.137684106826782,-11.009793758392334,0.21428571428571427
22544,0,0,7461,-15.137684106826782,-11.009793758392334,0.21428571428571427
22545,0,0,7460,-15.137684106826782,-11.009793758392334,0.21428571428571427
22546,0,0,7459,-15.137684106826782,-11.009793758392334,0.21428571428571427
22547,0,0,7458,-15.137684106826782,-11.009793758392334,0.21428571428571427
22548,0,0,7457,-15.137684106826782,-11.009793758392334,0.21428571428571427
22549,0,0,7456,-15.137684106826782,-11.009793758392334,0.21428571428571427
22550,0,0,7525,-15.137684106826782,-11.009793758392334,0.21428571428571427
22551,0,0,7526,-15.137684106826782,-11.009793758392334,0.21428571428571427
22552,0,0,7527,-15.137684106826782,-11.009793758392334,0.21428571428571427
22553,0,0,7528,-15.137684106826782,-11.009793758392334,0.21428571428571427
22554,0,0,7597,-15.137684106826782,-11.009793758392334,0.21428571428571427
22555,0,0,7596,-15.137684106826782,-11.009793758392334,0.21428571428571427
22556,0,0,7595,-15.137684106826782,-11.009793758392334,0.21428571428571427
22557,0,0,7594,-15.137684106826782,-11.009793758392334,0.21428571428571427
22558,0,0,7593,-15.137684106826782,-11.009793758392334,0.21428571428571427
22559,0,0,7592,-15.137684106826782,-11.009793758392334,0.21428571428571427
22560,0,0,7591,-15.137684106826782,-11.009793758392334,0.21428571428571427
22561,0,0,7590,-15.137684106826782,-11.009793758392334,0.21428571428571427
22562,0,0,7589,-15.137684106826782,-11.009793758392334,0.21428571428571427
22563,0,0,7587,-15.137684106826782,-11.009793758392334,0.21428571428571427
22564,0,0,7577,-15.137684106826782,-11.009793758392334,0.21428571428571427
22565,0,0,7586,-15.137684106826782,-11.009793758392334,0.21428571428571427
22566,0,0,7585,-15.137684106826782,-11.009793758392334,0.21428571428571427
22567,0,0,7584,-15.137684106826782,-11.009793758392334,0.21428571428571427
22568,0,0,7583,-15.137684106826782,-11.009793758392334,0.21428571428571427
22569,0,0,7582,-15.137684106826782,-11.009793758392334,0.21428571428571427
22570,0,0,7581,-15.137684106826782,-11.009793758392334,0.21428571428571427
22571,0,0,7580,-15.137684106826782,-11.009793758392334,0.21428571428571427
22572,0,0,7579,-15.137684106826782,-11.009793758392334,0.21428571428571427
22573,0,0,7578,-15.137684106826782,-11.009793758392334,0.21428571428571427
22574,0,0,7598,-15.137684106826782,-11.009793758392334,0.21428571428571427
22575,0,0,7588,-15.137684106826782,-11.009793758392334,0.21428571428571427
22576,0,0,7599,-15.137684106826782,-11.009793758392334,0.21428571428571427
22577,0,0,7612,-15.137684106826782,-11.009793758392334,0.21428571428571427
22578,0,0,7621,-15.137684106826782,-11.009793758392334,0.21428571428571427
22579,0,0,7620,-15.137684106826782,-11.009793758392334,0.21428571428571427
22580,0,0,7619,-15.137684106826782,-11.009793758392334,0.21428571428571427
22581,0,0,7618,-15.137684106826782,-11.009793758392334,0.21428571428571427
22582,0,0,7617,-15.137684106826782,-11.009793758392334,0.21428571428571427
22583,0,0,7616,-15.137684106826782,-11.009793758392334,0.21428571428571427
22584,0,0,7615,-15.137684106826782,-11.009793758392334,0.21428571428571427
22585,0,0,7614,-15.137684106826782,-11.009793758392334,0.21428571428571427
22586,0,0,7613,-15.137684106826782,-11.009793758392334,0.21428571428571427
22587,0,0,7611,-15.137684106826782,-11.009793758392334,0.21428571428571427
22588,0,0,7601,-15.137684106826782,-11.009793758392334,0.21428571428571427
22589,0,0,7610,-15.137684106826782,-11.009793758392334,0.21428571428571427
22590,0,0,7609,-15.137684106826782,-11.009793758392334,0.21428571428571427
22591,0,0,7608,-15.137684106826782,-11.009793758392334,0.21428571428571427
22592,0,0,7607,-15.137684106826782,-11.009793758392334,0.21428571428571427
22593,0,0,7606,-15.137684106826782,-11.009793758392334,0.21428571428571427
22594,0,0,7605,-15.137684106826782,-11.009793758392334,0.21428571428571427
22595,0,0,7604,-15.137684106826782,-11.009793758392334,0.21428571428571427
22596,0,0,7603,-15.137684106826782,-11.009793758392334,0.21428571428571427
22597,0,0,7602,-15.137684106826782,-11.009793758392334,0.21428571428571427
22598,0,0,7600,-15.137684106826782,-11.009793758392334,0.21428571428571427
22599,0,0,7576,-15.137684106826782,-11.009793758392334,0.21428571428571427
22600,0,0,7575,-15.137684106826782,-11.009793758392334,0.21428571428571427
22601,0,0,7574,-15.137684106826782,-11.009793758392334,0.21428571428571427
22602,0,0,7549,-15.137684106826782,-11.009793758392334,0.21428571428571427
22603,0,0,7548,-15.137684106826782,-11.009793758392334,0.21428571428571427
22604,0,0,7547,-15.137684106826782,-11.009793758392334,0.21428571428571427
22605,0,0,7546,-15.137684106826782,-11.009793758392334,0.21428571428571427
22606,0,0,7545,-15.137684106826782,-11.009793758392334,0.21428571428571427
22607,0,0,7544,-15.137684106826782,-11.009793758392334,0.21428571428571427
22608,0,0,7543,-15.137684106826782,-11.009793758392334,0.21428571428571427
22609,0,0,7542,-15.137684106826782,-11.009793758392334,0.21428571428571427
22610,0,0,7541,-15.137684106826782,-11.009793758392334,0.21428571428571427
22611,0,0,7540,-15.137684106826782,-11.009793758392334,0.21428571428571427
22612,0,0,7539,-15.137684106826782,-11.009793758392334,0.21428571428571427
22613,0,0,7538,-15.137684106826782,-11.009793758392334,0.21428571428571427
22614,0,0,7537,-15.137684106826782,-11.009793758392334,0.21428571428571427
22615,0,0,7536,-15.137684106826782,-11.009793758392334,0.21428571428571427
22616,0,0,7535,-15.137684106826782,-11.009793758392334,0.21428571428571427
22617,0,0,7534,-15.137684106826782,-11.009793758392334,0.21428571428571427
22618,0,0,7533,-15.137684106826782,-11.009793758392334,0.21428571428571427
22619,0,0,7532,-15.137684106826782,-11.009793758392334,0.21428571428571427
22620,0,0,7531,-15.137684106826782,-11.009793758392334,0.21428571428571427
22621,0,0,7530,-15.137684106826782,-11.009793758392334,0.21428571428571427
22622,0,0,7529,-15.137684106826782,-11.009793758392334,0.21428571428571427
22623,0,0,7550,-15.137684106826782,-11.009793758392334,0.21428571428571427
22624,0,0,7551,-15.137684106826782,-11.009793758392334,0.21428571428571427
22625,0,0,7552,-15.137684106826782,-11.009793758392334,0.21428571428571427
22626,0,0,7564,-15.137684106826782,-11.009793758392334,0.21428571428571427
22627,0,0,7573,-15.137684106826782,-11.009793758392334,0.21428571428571427
22628,0,0,7572,-15.137684106826782,-11.009793758392334,0.21428571428571427
22629,0,0,7571,-15.137684106826782,-11.009793758392334,0.21428571428571427
22630,0,0,7570,-15.137684106826782,-11.009793758392334,0.21428571428571427
22631,0,0,7569,-15.137684106826782,-11.009793758392334,0.21428571428571427
22632,0,0,7568,-15.137684106826782,-11.009793758392334,0.21428571428571427
22633,0,0,7567,-15.137684106826782,-11.009793758392334,0.21428571428571427
22634,0,0,7566,-15.137684106826782,-11.009793758392334,0.21428571428571427
22635,0,0,7565,-15.137684106826782,-11.009793758392334,0.21428571428571427
22636,0,0,7563,-15.137684106826782,-11.009793758392334,0.21428571428571427
22637,0,0,7553,-15.137684106826782,-11.009793758392334,0.21428571428571427
22638,0,0,7562,-15.137684106826782,-11.009793758392334,0.21428571428571427
22639,0,0,7561,-15.137684106826782,-11.009793758392334,0.21428571428571427
22640,0,0,7560,-15.137684106826782,-11.009793758392334,0.21428571428571427
22641,0,0,7559,-15.137684106826782,-11.009793758392334,0.21428571428571427
22642,0,0,7558,-15.137684106826782,-11.009793758392334,0.21428571428571427
22643,0,0,7557,-15.137684106826782,-11.009793758392334,0.21428571428571427
22644,0,0,7556,-15.137684106826782,-11.009793758392334,0.21428571428571427
22645,0,0,7555,-15.137684106826782,-11.009793758392334,0.21428571428571427
22646,0,0,7554,-15.137684106826782,-11.009793758392334,0.21428571428571427
22647,0,0,7136,-15.137684106826782,-11.009793758392334,0.21428571428571427
22648,0,0,7038,-15.137684106826782,-11.009793758392334,0.21428571428571427
22649,0,0,7037,-15.137684106826782,-11.009793758392334,0.21428571428571427
22650,0,0,7036,-15.137684106826782,-11.009793758392334,0.21428571428571427
22651,0,0,6523,-15.137684106826782,-11.009793758392334,0.21428571428571427
22652,0,0,6522,-15.137684106826782,-11.009793758392334,0.21428571428571427
22653,0,0,6521,-15.137684106826782,-11.009793758392334,0.21428571428571427
22654,0,0,6520,-15.137684106826782,-11.009793758392334,0.21428571428571427
22655,0,0,6519,-15.137684106826782,-11.009793758392334,0.21428571428571427
22656,0,0,6518,-15.137684106826782,-11.009793758392334,0.21428571428571427
22657,0,0,6517,-15.137684106826782,-11.009793758392334,0.21428571428571427
22658,0,0,6516,-15.137684106826782,-11.009793758392334,0.21428571428571427
22659,0,0,6515,-15.137684106826782,-11.009793758392334,0.21428571428571427
22660,0,0,6514,-15.137684106826782,-11.009793758392334,0.21428571428571427
22661,0,0,6513,-15.137684106826782,-11.009793758392334,0.21428571428571427
22662,0,0,6512,-15.137684106826782,-11.009793758392334,0.21428571428571427
22663,0,0,6511,-15.137684106826782,-11.009793758392334,0.21428571428571427
22664,0,0,6510,-15.137684106826782,-11.009793758392334,0.21428571428571427
22665,0,0,6509,-15.137684106826782,-11.009793758392334,0.21428571428571427
22666,0,0,6508,-15.137684106826782,-11.009793758392334,0.21428571428571427
22667,0,0,6507,-15.137684106826782,-11.009793758392334,0.21428571428571427
22668,0,0,6506,-15.137684106826782,-11.009793758392334,0.21428571428571427
22669,0,0,6505,-15.137684106826782,-11.009793758392334,0.21428571428571427
22670,0,0,6504,-15.137684106826782,-11.009793758392334,0.21428571428571427
22671,0,0,6503,-15.137684106826782,-11.009793758392334,0.21428571428571427
22672,0,0,6524,-15.137684106826782,-11.009793758392334,0.21428571428571427
22673,0,0,6525,-15.137684106826782,-11.009793758392334,0.21428571428571427
22674,0,0,6526,-15.137684106826782,-11.009793758392334,0.21428571428571427
22675,0,0,6538,-15.137684106826782,-11.009793758392334,0.21428571428571427
22676,0,0,6547,-15.137684106826782,-11.009793758392334,0.21428571428571427
22677,0,0,6546,-15.137684106826782,-11.009793758392334,0.21428571428571427
22678,0,0,6545,-15.137684106826782,-11.009793758392334,0.21428571428571427
22679,0,0,6544,-15.137684106826782,-11.009793758392334,0.21428571428571427
22680,0,0,6543,-15.137684106826782,-11.009793758392334,0.21428571428571427
22681,0,0,6542,-15.137684106826782,-11.009793758392334,0.21428571428571427
22682,0,0,6541,-15.137684106826782,-11.009793758392334,0.21428571428571427
22683,0,0,6540,-15.137684106826782,-11.009793758392334,0.21428571428571427
22684,0,0,6539,-15.137684106826782,-11.009793758392334,0.21428571428571427
22685,0,0,6537,-15.137684106826782,-11.009793758392334,0.21428571428571427
22686,0,0,6527,-15.137684106826782,-11.009793758392334,0.21428571428571427
22687,0,0,6536,-15.137684106826782,-11.009793758392334,0.21428571428571427
22688,0,0,6535,-15.137684106826782,-11.009793758392334,0.21428571428571427
22689,0,0,6534,-15.137684106826782,-11.009793758392334,0.21428571428571427
22690,0,0,6533,-15.137684106826782,-11.009793758392334,0.21428571428571427
22691,0,0,6532,-15.137684106826782,-11.009793758392334,0.21428571428571427
22692,0,0,6531,-15.137684106826782,-11.009793758392334,0.21428571428571427
22693,0,0,6530,-15.137684106826782,-11.009793758392334,0.21428571428571427
22694,0,0,6529,-15.137684106826782,-11.009793758392334,0.21428571428571427
22695,0,0,6528,-15.137684106826782,-11.009793758392334,0.21428571428571427
22696,0,0,6502,-15.137684106826782,-11.009793758392334,0.21428571428571427
22697,0,0,6500,-15.137684106826782,-11.009793758392334,0.21428571428571427
22698,0,0,6453,-15.137684106826782,-11.009793758392334,0.21428571428571427
22699,0,0,6499,-15.137684106826782,-11.009793758392334,0.21428571428571427
22700,0,0,6474,-15.137684106826782,-11.009793758392334,0.21428571428571427
22701,0,0,6473,-15.137684106826782,-11.009793758392334,0.21428571428571427
22702,0,0,6472,-15.137684106826782,-11.009793758392334,0.21428571428571427
22703,0,0,6471,-15.137684106826782,-11.009793758392334,0.21428571428571427
22704,0,0,6470,-15.137684106826782,-11.009793758392334,0.21428571428571427
22705,0,0,6469,-15.137684106826782,-11.009793758392334,0.21428571428571427
22706,0,0,6468,-15.137684106826782,-11.009793758392334,0.21428571428571427
22707,0,0,6467,-15.137684106826782,-11.009793758392334,0.21428571428571427
22708,0,0,6466,-15.137684106826782,-11.009793758392334,0.21428571428571427
22709,0,0,6465,-15.137684106826782,-11.009793758392334,0.21428571428571427
22710,0,0,6464,-15.137684106826782,-11.009793758392334,0.21428571428571427
22711,0,0,6463,-15.137684106826782,-11.009793758392334,0.21428571428571427
22712,0,0,6462,-15.137684106826782,-11.009793758392334,0.21428571428571427
22713,0,0,6461,-15.137684106826782,-11.009793758392334,0.21428571428571427
22714,0,0,6460,-15.137684106826782,-11.009793758392334,0.21428571428571427
22715,0,0,6459,-15.137684106826782,-11.009793758392334,0.21428571428571427
22716,0,0,6458,-15.137684106826782,-11.009793758392334,0.21428571428571427
22717,0,0,6457,-15.137684106826782,-11.009793758392334,0.21428571428571427
22718,0,0,6456,-15.137684106826782,-11.009793758392334,0.21428571428571427
22719,0,0,6455,-15.137684106826782,-11.009793758392334,0.21428571428571427
22720,0,0,6454,-15.137684106826782,-11.009793758392334,0.21428571428571427
22721,0,0,6475,-15.137684106826782,-11.009793758392334,0.21428571428571427
22722,0,0,6476,-15.137684106826782,-11.009793758392334,0.21428571428571427
22723,0,0,6477,-15.137684106826782,-11.009793758392334,0.21428571428571427
22724,0,0,6489,-15.137684106826782,-11.009793758392334,0.21428571428571427
22725,0,0,6498,-15.137684106826782,-11.009793758392334,0.21428571428571427
22726,0,0,6497,-15.137684106826782,-11.009793758392334,0.21428571428571427
22727,0,0,6496,-15.137684106826782,-11.009793758392334,0.21428571428571427
22728,0,0,6495,-15.137684106826782,-11.009793758392334,0.21428571428571427
22729,0,0,6494,-15.137684106826782,-11.009793758392334,0.21428571428571427
22730,0,0,6493,-15.137684106826782,-11.009793758392334,0.21428571428571427
22731,0,0,6492,-15.137684106826782,-11.009793758392334,0.21428571428571427
22732,0,0,6491,-15.137684106826782,-11.009793758392334,0.21428571428571427
22733,0,0,6490,-15.137684106826782,-11.009793758392334,0.21428571428571427
22734,0,0,6488,-15.137684106826782,-11.009793758392334,0.21428571428571427
22735,0,0,6478,-15.137684106826782,-11.009793758392334,0.21428571428571427
22736,0,0,6487,-15.137684106826782,-11.009793758392334,0.21428571428571427
22737,0,0,6486,-15.137684106826782,-11.009793758392334,0.21428571428571427
22738,0,0,6485,-15.137684106826782,-11.009793758392334,0.21428571428571427
22739,0,0,6484,-15.137684106826782,-11.009793758392334,0.21428571428571427
22740,0,0,6483,-15.137684106826782,-11.009793758392334,0.21428571428571427
22741,0,0,6482,-15.137684106826782,-11.009793758392334,0.21428571428571427
22742,0,0,6481,-15.137684106826782,-11.009793758392334,0.21428571428571427
22743,0,0,6480,-15.137684106826782,-11.009793758392334,0.21428571428571427
22744,0,0,6479,-15.137684106826782,-11.009793758392334,0.21428571428571427
22745,0,0,6548,-15.137684106826782,-11.009793758392334,0.21428571428571427
22746,0,0,6549,-15.137684106826782,-11.009793758392334,0.21428571428571427
22747,0,0,6550,-15.137684106826782,-11.009793758392334,0.21428571428571427
22748,0,0,6551,-15.137684106826782,-11.009793758392334,0.21428571428571427
22749,0,0,6620,-15.137684106826782,-11.009793758392334,0.21428571428571427
22750,0,0,6619,-15.137684106826782,-11.009793758392334,0.21428571428571427
22751,0,0,6618,-15.137684106826782,-11.009793758392334,0.21428571428571427
22752,0,0,6617,-15.137684106826782,-11.009793758392334,0.21428571428571427
22753,0,0,6616,-15.137684106826782,-11.009793758392334,0.21428571428571427
22754,0,0,6615,-15.137684106826782,-11.009793758392334,0.21428571428571427
22755,0,0,6614,-15.137684106826782,-11.009793758392334,0.21428571428571427
22756,0,0,6613,-15.137684106826782,-11.009793758392334,0.21428571428571427
22757,0,0,6612,-15.137684106826782,-11.009793758392334,0.21428571428571427
22758,0,0,6610,-15.137684106826782,-11.009793758392334,0.21428571428571427
22759,0,0,6600,-15.137684106826782,-11.009793758392334,0.21428571428571427
22760,0,0,6609,-15.137684106826782,-11.009793758392334,0.21428571428571427
22761,0,0,6608,-15.137684106826782,-11.009793758392334,0.21428571428571427
22762,0,0,6607,-15.137684106826782,-11.009793758392334,0.21428571428571427
22763,0,0,6606,-15.137684106826782,-11.009793758392334,0.21428571428571427
22764,0,0,6605,-15.137684106826782,-11.009793758392334,0.21428571428571427
22765,0,0,6604,-15.137684106826782,-11.009793758392334,0.21428571428571427
22766,0,0,6603,-15.137684106826782,-11.009793758392334,0.21428571428571427
22767,0,0,6602,-15.137684106826782,-11.009793758392334,0.21428571428571427
22768,0,0,6601,-15.137684106826782,-11.009793758392334,0.21428571428571427
22769,0,0,6621,-15.137684106826782,-11.009793758392334,0.21428571428571427
22770,0,0,6611,-15.137684106826782,-11.009793758392334,0.21428571428571427
22771,0,0,6622,-15.137684106826782,-11.009793758392334,0.21428571428571427
22772,0,0,6635,-15.137684106826782,-11.009793758392334,0.21428571428571427
22773,0,0,6644,-15.137684106826782,-11.009793758392334,0.21428571428571427
22774,0,0,6643,-15.137684106826782,-11.009793758392334,0.21428571428571427
22775,0,0,6642,-15.137684106826782,-11.009793758392334,0.21428571428571427
22776,0,0,6641,-15.137684106826782,-11.009793758392334,0.21428571428571427
22777,0,0,6640,-15.137684106826782,-11.009793758392334,0.21428571428571427
22778,0,0,6639,-15.137684106826782,-11.009793758392334,0.21428571428571427
22779,0,0,6638,-15.137684106826782,-11.009793758392334,0.21428571428571427
22780,0,0,6637,-15.137684106826782,-11.009793758392334,0.21428571428571427
22781,0,0,6636,-15.137684106826782,-11.009793758392334,0.21428571428571427
22782,0,0,6634,-15.137684106826782,-11.009793758392334,0.21428571428571427
22783,0,0,6624,-15.137684106826782,-11.009793758392334,0.21428571428571427
22784,0,0,6633,-15.137684106826782,-11.009793758392334,0.21428571428571427
22785,0,0,6632,-15.137684106826782,-11.009793758392334,0.21428571428571427
22786,0,0,6631,-15.137684106826782,-11.009793758392334,0.21428571428571427
22787,0,0,6630,-15.137684106826782,-11.009793758392334,0.21428571428571427
22788,0,0,6629,-15.137684106826782,-11.009793758392334,0.21428571428571427
22789,0,0,6628,-15.137684106826782,-11.009793758392334,0.21428571428571427
22790,0,0,6627,-15.137684106826782,-11.009793758392334,0.21428571428571427
22791,0,0,6626,-15.137684106826782,-11.009793758392334,0.21428571428571427
22792,0,0,6625,-15.137684106826782,-11.009793758392334,0.21428571428571427
22793,0,0,6623,-15.137684106826782,-11.009793758392334,0.21428571428571427
22794,0,0,6599,-15.137684106826782,-11.009793758392334,0.21428571428571427
22795,0,0,6598,-15.137684106826782,-11.009793758392334,0.21428571428571427
22796,0,0,6597,-15.137684106826782,-11.009793758392334,0.21428571428571427
22797,0,0,6572,-15.137684106826782,-11.009793758392334,0.21428571428571427
22798,0,0,6571,-15.137684106826782,-11.009793758392334,0.21428571428571427
22799,0,0,6570,-15.137684106826782,-11.009793758392334,0.21428571428571427
22800,0,0,6569,-15.137684106826782,-11.009793758392334,0.21428571428571427
22801,0,0,6568,-15.137684106826782,-11.009793758392334,0.21428571428571427
22802,0,0,6567,-15.137684106826782,-11.009793758392334,0.21428571428571427
22803,0,0,6566,-15.137684106826782,-11.009793758392334,0.21428571428571427
22804,0,0,6565,-15.137684106826782,-11.009793758392334,0.21428571428571427
22805,0,0,6564,-15.137684106826782,-11.009793758392334,0.21428571428571427
22806,0,0,6563,-15.137684106826782,-11.009793758392334,0.21428571428571427
22807,0,0,6562,-15.137684106826782,-11.009793758392334,0.21428571428571427
22808,0,0,6561,-15.137684106826782,-11.009793758392334,0.21428571428571427
22809,0,0,6560,-15.137684106826782,-11.009793758392334,0.21428571428571427
22810,0,0,6559,-15.137684106826782,-11.009793758392334,0.21428571428571427
22811,0,0,6558,-15.137684106826782,-11.009793758392334,0.21428571428571427
22812,0,0,6557,-15.137684106826782,-11.009793758392334,0.21428571428571427
22813,0,0,6556,-15.137684106826782,-11.009793758392334,0.21428571428571427
22814,0,0,6555,-15.137684106826782,-11.009793758392334,0.21428571428571427
22815,0,0,6554,-15.137684106826782,-11.009793758392334,0.21428571428571427
22816,0,0,6553,-15.137684106826782,-11.009793758392334,0.21428571428571427
22817,0,0,6552,-15.137684106826782,-11.009793758392334,0.21428571428571427
22818,0,0,6573,-15.137684106826782,-11.009793758392334,0.21428571428571427
22819,0,0,6574,-15.137684106826782,-11.009793758392334,0.21428571428571427
22820,0,0,6575,-15.137684106826782,-11.009793758392334,0.21428571428571427
22821,0,0,6587,-15.137684106826782,-11.009793758392334,0.21428571428571427
22822,0,0,6596,-15.137684106826782,-11.009793758392334,0.21428571428571427
22823,0,0,6595,-15.137684106826782,-11.009793758392334,0.21428571428571427
22824,0,0,6594,-15.137684106826782,-11.009793758392334,0.21428571428571427
22825,0,0,6593,-15.137684106826782,-11.009793758392334,0.21428571428571427
22826,0,0,6592,-15.137684106826782,-11.009793758392334,0.21428571428571427
22827,0,0,6591,-15.137684106826782,-11.009793758392334,0.21428571428571427
22828,0,0,6590,-15.137684106826782,-11.009793758392334,0.21428571428571427
22829,0,0,6589,-15.137684106826782,-11.009793758392334,0.21428571428571427
22830,0,0,6588,-15.137684106826782,-11.009793758392334,0.21428571428571427
22831,0,0,6586,-15.137684106826782,-11.009793758392334,0.21428571428571427
22832,0,0,6576,-15.137684106826782,-11.009793758392334,0.21428571428571427
22833,0,0,6585,-15.137684106826782,-11.009793758392334,0.21428571428571427
22834,0,0,6584,-15.137684106826782,-11.009793758392334,0.21428571428571427
22835,0,0,6583,-15.137684106826782,-11.009793758392334,0.21428571428571427
22836,0,0,6582,-15.137684106826782,-11.009793758392334,0.21428571428571427
22837,0,0,6581,-15.137684106826782,-11.009793758392334,0.21428571428571427
22838,0,0,6580,-15.137684106826782,-11.009793758392334,0.21428571428571427
22839,0,0,6579,-15.137684106826782,-11.009793758392334,0.21428571428571427
22840,0,0,6578,-15.137684106826782,-11.009793758392334,0.21428571428571427
22841,0,0,6577,-15.137684106826782,-11.009793758392334,0.21428571428571427
22842,0,0,6501,-15.137684106826782,-11.009793758392334,0.21428571428571427
22843,0,0,6452,-15.137684106826782,-11.009793758392334,0.21428571428571427
22844,0,0,6451,-15.137684106826782,-11.009793758392334,0.21428571428571427
22845,0,0,6450,-15.137684106826782,-11.009793758392334,0.21428571428571427
22846,0,0,6327,-15.137684106826782,-11.009793758392334,0.21428571428571427
22847,0,0,6326,-15.137684106826782,-11.009793758392334,0.21428571428571427
22848,0,0,6325,-15.137684106826782,-11.009793758392334,0.21428571428571427
22849,0,0,6324,-15.137684106826782,-11.009793758392334,0.21428571428571427
22850,0,0,6323,-15.137684106826782,-11.009793758392334,0.21428571428571427
22851,0,0,6322,-15.137684106826782,-11.009793758392334,0.21428571428571427
22852,0,0,6321,-15.137684106826782,-11.009793758392334,0.21428571428571427
22853,0,0,6320,-15.137684106826782,-11.009793758392334,0.21428571428571427
22854,0,0,6319,-15.137684106826782,-11.009793758392334,0.21428571428571427
22855,0,0,6318,-15.137684106826782,-11.009793758392334,0.21428571428571427
22856,0,0,6317,-15.137684106826782,-11.009793758392334,0.21428571428571427
22857,0,0,6316,-15.137684106826782,-11.009793758392334,0.21428571428571427
22858,0,0,6315,-15.137684106826782,-11.009793758392334,0.21428571428571427
22859,0,0,6314,-15.137684106826782,-11.009793758392334,0.21428571428571427
22860,0,0,6313,-15.137684106826782,-11.009793758392334,0.21428571428571427
22861,0,0,6312,-15.137684106826782,-11.009793758392334,0.21428571428571427
22862,0,0,6311,-15.137684106826782,-11.009793758392334,0.21428571428571427
22863,0,0,6310,-15.137684106826782,-11.009793758392334,0.21428571428571427
22864,0,0,6309,-15.137684106826782,-11.009793758392334,0.21428571428571427
22865,0,0,6308,-15.137684106826782,-11.009793758392334,0.21428571428571427
22866,0,0,6307,-15.137684106826782,-11.009793758392334,0.21428571428571427
22867,0,0,6328,-15.137684106826782,-11.009793758392334,0.21428571428571427
22868,0,0,6329,-15.137684106826782,-11.009793758392334,0.21428571428571427
22869,0,0,6330,-15.137684106826782,-11.009793758392334,0.21428571428571427
22870,0,0,6342,-15.137684106826782,-11.009793758392334,0.21428571428571427
22871,0,0,6351,-15.137684106826782,-11.009793758392334,0.21428571428571427
22872,0,0,6350,-15.137684106826782,-11.009793758392334,0.21428571428571427
22873,0,0,6349,-15.137684106826782,-11.009793758392334,0.21428571428571427
22874,0,0,6348,-15.137684106826782,-11.009793758392334,0.21428571428571427
22875,0,0,6347,-15.137684106826782,-11.009793758392334,0.21428571428571427
22876,0,0,6346,-15.137684106826782,-11.009793758392334,0.21428571428571427
22877,0,0,6345,-15.137684106826782,-11.009793758392334,0.21428571428571427
22878,0,0,6344,-15.137684106826782,-11.009793758392334,0.21428571428571427
22879,0,0,6343,-15.137684106826782,-11.009793758392334,0.21428571428571427
22880,0,0,6341,-15.137684106826782,-11.009793758392334,0.21428571428571427
22881,0,0,6331,-15.137684106826782,-11.009793758392334,0.21428571428571427
22882,0,0,6340,-15.137684106826782,-11.009793758392334,0.21428571428571427
22883,0,0,6339,-15.137684106826782,-11.009793758392334,0.21428571428571427
22884,0,0,6338,-15.137684106826782,-11.009793758392334,0.21428571428571427
22885,0,0,6337,-15.137684106826782,-11.009793758392334,0.21428571428571427
22886,0,0,6336,-15.137684106826782,-11.009793758392334,0.21428571428571427
22887,0,0,6335,-15.137684106826782,-11.009793758392334,0.21428571428571427
22888,0,0,6334,-15.137684106826782,-11.009793758392334,0.21428571428571427
22889,0,0,6333,-15.137684106826782,-11.009793758392334,0.21428571428571427
22890,0,0,6332,-15.137684106826782,-11.009793758392334,0.21428571428571427
22891,0,0,6306,-15.137684106826782,-11.009793758392334,0.21428571428571427
22892,0,0,6304,-15.137684106826782,-11.009793758392334,0.21428571428571427
22893,0,0,6257,-15.137684106826782,-11.009793758392334,0.21428571428571427
22894,0,0,6303,-15.137684106826782,-11.009793758392334,0.21428571428571427
22895,0,0,6278,-15.137684106826782,-11.009793758392334,0.21428571428571427
22896,0,0,6277,-15.137684106826782,-11.009793758392334,0.21428571428571427
22897,0,0,6276,-15.137684106826782,-11.009793758392334,0.21428571428571427
22898,0,0,6275,-15.137684106826782,-11.009793758392334,0.21428571428571427
22899,0,0,6274,-15.137684106826782,-11.009793758392334,0.21428571428571427
22900,0,0,6273,-15.137684106826782,-11.009793758392334,0.21428571428571427
22901,0,0,6272,-15.137684106826782,-11.009793758392334,0.21428571428571427
22902,0,0,6271,-15.137684106826782,-11.009793758392334,0.21428571428571427
22903,0,0,6270,-15.137684106826782,-11.009793758392334,0.21428571428571427
22904,0,0,6269,-15.137684106826782,-11.009793758392334,0.21428571428571427
22905,0,0,6268,-15.137684106826782,-11.009793758392334,0.21428571428571427
22906,0,0,6267,-15.137684106826782,-11.009793758392334,0.21428571428571427
22907,0,0,6266,-15.137684106826782,-11.009793758392334,0.21428571428571427
22908,0,0,6265,-15.137684106826782,-11.009793758392334,0.21428571428571427
22909,0,0,6264,-15.137684106826782,-11.009793758392334,0.21428571428571427
22910,0,0,6263,-15.137684106826782,-11.009793758392334,0.21428571428571427
22911,0,0,6262,-15.137684106826782,-11.009793758392334,0.21428571428571427
22912,0,0,6261,-15.137684106826782,-11.009793758392334,0.21428571428571427
22913,0,0,6260,-15.137684106826782,-11.009793758392334,0.21428571428571427
22914,0,0,6259,-15.137684106826782,-11.009793758392334,0.21428571428571427
22915,0,0,6258,-15.137684106826782,-11.009793758392334,0.21428571428571427
22916,0,0,6279,-15.137684106826782,-11.009793758392334,0.21428571428571427
22917,0,0,6280,-15.137684106826782,-11.009793758392334,0.21428571428571427
22918,0,0,6281,-15.137684106826782,-11.009793758392334,0.21428571428571427
22919,0,0,6293,-15.137684106826782,-11.009793758392334,0.21428571428571427
22920,0,0,6302,-15.137684106826782,-11.009793758392334,0.21428571428571427
22921,0,0,6301,-15.137684106826782,-11.009793758392334,0.21428571428571427
22922,0,0,6300,-15.137684106826782,-11.009793758392334,0.21428571428571427
22923,0,0,6299,-15.137684106826782,-11.009793758392334,0.21428571428571427
22924,0,0,6298,-15.137684106826782,-11.009793758392334,0.21428571428571427
22925,0,0,6297,-15.137684106826782,-11.009793758392334,0.21428571428571427
22926,0,0,6296,-15.137684106826782,-11.009793758392334,0.21428571428571427
22927,0,0,6295,-15.137684106826782,-11.009793758392334,0.21428571428571427
22928,0,0,6294,-15.137684106826782,-11.009793758392334,0.21428571428571427
22929,0,0,6292,-15.137684106826782,-11.009793758392334,0.21428571428571427
22930,0,0,6282,-15.137684106826782,-11.009793758392334,0.21428571428571427
22931,0,0,6291,-15.137684106826782,-11.009793758392334,0.21428571428571427
22932,0,0,6290,-15.137684106826782,-11.009793758392334,0.21428571428571427
22933,0,0,6289,-15.137684106826782,-11.009793758392334,0.21428571428571427
22934,0,0,6288,-15.137684106826782,-11.009793758392334,0.21428571428571427
22935,0,0,6287,-15.137684106826782,-11.009793758392334,0.21428571428571427
22936,0,0,6286,-15.137684106826782,-11.009793758392334,0.21428571428571427
22937,0,0,6285,-15.137684106826782,-11.009793758392334,0.21428571428571427
22938,0,0,6284,-15.137684106826782,-11.009793758392334,0.21428571428571427
22939,0,0,6283,-15.137684106826782,-11.009793758392334,0.21428571428571427
22940,0,0,6352,-15.137684106826782,-11.009793758392334,0.21428571428571427
22941,0,0,6305,-15.137684106826782,-11.009793758392334,0.21428571428571427
22942,0,0,6353,-15.137684106826782,-11.009793758392334,0.21428571428571427
22943,0,0,6403,-15.137684106826782,-11.009793758392334,0.21428571428571427
22944,0,0,6425,-15.137684106826782,-11.009793758392334,0.21428571428571427
22945,0,0,6424,-15.137684106826782,-11.009793758392334,0.21428571428571427
22946,0,0,6423,-15.137684106826782,-11.009793758392334,0.21428571428571427
22947,0,0,6422,-15.137684106826782,-11.009793758392334,0.21428571428571427
22948,0,0,6421,-15.137684106826782,-11.009793758392334,0.21428571428571427
22949,0,0,6420,-15.137684106826782,-11.009793758392334,0.21428571428571427
22950,0,0,6419,-15.137684106826782,-11.009793758392334,0.21428571428571427
22951,0,0,6418,-15.137684106826782,-11.009793758392334,0.21428571428571427
22952,0,0,6417,-15.137684106826782,-11.009793758392334,0.21428571428571427
22953,0,0,6416,-15.137684106826782,-11.009793758392334,0.21428571428571427
22954,0,0,6415,-15.137684106826782,-11.009793758392334,0.21428571428571427
22955,0,0,6414,-15.137684106826782,-11.009793758392334,0.21428571428571427
22956,0,0,6413,-15.137684106826782,-11.009793758392334,0.21428571428571427
22957,0,0,6412,-15.137684106826782,-11.009793758392334,0.21428571428571427
22958,0,0,6411,-15.137684106826782,-11.009793758392334,0.21428571428571427
22959,0,0,6410,-15.137684106826782,-11.009793758392334,0.21428571428571427
22960,0,0,6409,-15.137684106826782,-11.009793758392334,0.21428571428571427
22961,0,0,6408,-15.137684106826782,-11.009793758392334,0.21428571428571427
22962,0,0,6407,-15.137684106826782,-11.009793758392334,0.21428571428571427
22963,0,0,6406,-15.137684106826782,-11.009793758392334,0.21428571428571427
22964,0,0,6405,-15.137684106826782,-11.009793758392334,0.21428571428571427
22965,0,0,6426,-15.137684106826782,-11.009793758392334,0.21428571428571427
22966,0,0,6427,-15.137684106826782,-11.009793758392334,0.21428571428571427
22967,0,0,6428,-15.137684106826782,-11.009793758392334,0.21428571428571427
22968,0,0,6440,-15.137684106826782,-11.009793758392334,0.21428571428571427
22969,0,0,6449,-15.137684106826782,-11.009793758392334,0.21428571428571427
22970,0,0,6448,-15.137684106826782,-11.009793758392334,0.21428571428571427
22971,0,0,6447,-15.137684106826782,-11.009793758392334,0.21428571428571427
22972,0,0,6446,-15.137684106826782,-11.009793758392334,0.21428571428571427
22973,0,0,6445,-15.137684106826782,-11.009793758392334,0.21428571428571427
22974,0,0,6444,-15.137684106826782,-11.009793758392334,0.21428571428571427
22975,0,0,6443,-15.137684106826782,-11.009793758392334,0.21428571428571427
22976,0,0,6442,-15.137684106826782,-11.009793758392334,0.21428571428571427
22977,0,0,6441,-15.137684106826782,-11.009793758392334,0.21428571428571427
22978,0,0,6439,-15.137684106826782,-11.009793758392334,0.21428571428571427
22979,0,0,6429,-15.137684106826782,-11.009793758392334,0.21428571428571427
22980,0,0,6438,-15.137684106826782,-11.009793758392334,0.21428571428571427
22981,0,0,6437,-15.137684106826782,-11.009793758392334,0.21428571428571427
22982,0,0,6436,-15.137684106826782,-11.009793758392334,0.21428571428571427
22983,0,0,6435,-15.137684106826782,-11.009793758392334,0.21428571428571427
22984,0,0,6434,-15.137684106826782,-11.009793758392334,0.21428571428571427
22985,0,0,6433,-15.137684106826782,-11.009793758392334,0.21428571428571427
22986,0,0,6432,-15.137684106826782,-11.009793758392334,0.21428571428571427
22987,0,0,6431,-15.137684106826782,-11.009793758392334,0.21428571428571427
22988,0,0,6430,-15.137684106826782,-11.009793758392334,0.21428571428571427
22989,0,0,6404,-15.137684106826782,-11.009793758392334,0.21428571428571427
22990,0,0,6402,-15.137684106826782,-11.009793758392334,0.21428571428571427
22991,0,0,6355,-15.137684106826782,-11.009793758392334,0.21428571428571427
22992,0,0,6401,-15.137684106826782,-11.009793758392334,0.21428571428571427
22993,0,0,6376,-15.137684106826782,-11.009793758392334,0.21428571428571427
22994,0,0,6375,-15.137684106826782,-11.009793758392334,0.21428571428571427
22995,0,0,6374,-15.137684106826782,-11.009793758392334,0.21428571428571427
22996,0,0,6373,-15.137684106826782,-11.009793758392334,0.21428571428571427
22997,0,0,6372,-15.137684106826782,-11.009793758392334,0.21428571428571427
22998,0,0,6371,-15.137684106826782,-11.009793758392334,0.21428571428571427
22999,0,0,6370,-15.137684106826782,-11.009793758392334,0.21428571428571427
23000,0,0,6369,-15.137684106826782,-11.009793758392334,0.21428571428571427
23001,0,0,6368,-15.137684106826782,-11.009793758392334,0.21428571428571427
23002,0,0,6367,-15.137684106826782,-11.009793758392334,0.21428571428571427
23003,0,0,6366,-15.137684106826782,-11.009793758392334,0.21428571428571427
23004,0,0,6365,-15.137684106826782,-11.009793758392334,0.21428571428571427
23005,0,0,6364,-15.137684106826782,-11.009793758392334,0.21428571428571427
23006,0,0,6363,-15.137684106826782,-11.009793758392334,0.21428571428571427
23007,0,0,6362,-15.137684106826782,-11.009793758392334,0.21428571428571427
23008,0,0,6361,-15.137684106826782,-11.009793758392334,0.21428571428571427
23009,0,0,6360,-15.137684106826782,-11.009793758392334,0.21428571428571427
23010,0,0,6359,-15.137684106826782,-11.009793758392334,0.21428571428571427
23011,0,0,6358,-15.137684106826782,-11.009793758392334,0.21428571428571427
23012,0,0,6357,-15.137684106826782,-11.009793758392334,0.21428571428571427
23013,0,0,6356,-15.137684106826782,-11.009793758392334,0.21428571428571427
23014,0,0,6377,-15.137684106826782,-11.009793758392334,0.21428571428571427
23015,0,0,6378,-15.137684106826782,-11.009793758392334,0.21428571428571427
23016,0,0,6379,-15.137684106826782,-11.009793758392334,0.21428571428571427
23017,0,0,6391,-15.137684106826782,-11.009793758392334,0.21428571428571427
23018,0,0,6400,-15.137684106826782,-11.009793758392334,0.21428571428571427
23019,0,0,6399,-15.137684106826782,-11.009793758392334,0.21428571428571427
23020,0,0,6398,-15.137684106826782,-11.009793758392334,0.21428571428571427
23021,0,0,6397,-15.137684106826782,-11.009793758392334,0.21428571428571427
23022,0,0,6396,-15.137684106826782,-11.009793758392334,0.21428571428571427
23023,0,0,6395,-15.137684106826782,-11.009793758392334,0.21428571428571427
23024,0,0,6394,-15.137684106826782,-11.009793758392334,0.21428571428571427
23025,0,0,6393,-15.137684106826782,-11.009793758392334,0.21428571428571427
23026,0,0,6392,-15.137684106826782,-11.009793758392334,0.21428571428571427
23027,0,0,6390,-15.137684106826782,-11.009793758392334,0.21428571428571427
23028,0,0,6380,-15.137684106826782,-11.009793758392334,0.21428571428571427
23029,0,0,6389,-15.137684106826782,-11.009793758392334,0.21428571428571427
23030,0,0,6388,-15.137684106826782,-11.009793758392334,0.21428571428571427
23031,0,0,6387,-15.137684106826782,-11.009793758392334,0.21428571428571427
23032,0,0,6386,-15.137684106826782,-11.009793758392334,0.21428571428571427
23033,0,0,6385,-15.137684106826782,-11.009793758392334,0.21428571428571427
23034,0,0,6384,-15.137684106826782,-11.009793758392334,0.21428571428571427
23035,0,0,6383,-15.137684106826782,-11.009793758392334,0.21428571428571427
23036,0,0,6382,-15.137684106826782,-11.009793758392334,0.21428571428571427
23037,0,0,6381,-15.137684106826782,-11.009793758392334,0.21428571428571427
23038,0,0,6645,-15.137684106826782,-11.009793758392334,0.21428571428571427
23039,0,0,6354,-15.137684106826782,-11.009793758392334,0.21428571428571427
23040,0,0,6646,-15.137684106826782,-11.009793758392334,0.21428571428571427
23041,0,0,6745,-15.137684106826782,-11.009793758392334,0.21428571428571427
23042,0,0,6914,-15.137684106826782,-11.009793758392334,0.21428571428571427
23043,0,0,6913,-15.137684106826782,-11.009793758392334,0.21428571428571427
23044,0,0,6912,-15.137684106826782,-11.009793758392334,0.21428571428571427
23045,0,0,6911,-15.137684106826782,-11.009793758392334,0.21428571428571427
23046,0,0,6910,-15.137684106826782,-11.009793758392334,0.21428571428571427
23047,0,0,6909,-15.137684106826782,-11.009793758392334,0.21428571428571427
23048,0,0,6908,-15.137684106826782,-11.009793758392334,0.21428571428571427
23049,0,0,6907,-15.137684106826782,-11.009793758392334,0.21428571428571427
23050,0,0,6906,-15.137684106826782,-11.009793758392334,0.21428571428571427
23051,0,0,6905,-15.137684106826782,-11.009793758392334,0.21428571428571427
23052,0,0,6904,-15.137684106826782,-11.009793758392334,0.21428571428571427
23053,0,0,6903,-15.137684106826782,-11.009793758392334,0.21428571428571427
23054,0,0,6902,-15.137684106826782,-11.009793758392334,0.21428571428571427
23055,0,0,6901,-15.137684106826782,-11.009793758392334,0.21428571428571427
23056,0,0,6900,-15.137684106826782,-11.009793758392334,0.21428571428571427
23057,0,0,6899,-15.137684106826782,-11.009793758392334,0.21428571428571427
23058,0,0,6898,-15.137684106826782,-11.009793758392334,0.21428571428571427
23059,0,0,6897,-15.137684106826782,-11.009793758392334,0.21428571428571427
23060,0,0,6896,-15.137684106826782,-11.009793758392334,0.21428571428571427
23061,0,0,6895,-15.137684106826782,-11.009793758392334,0.21428571428571427
23062,0,0,6894,-15.137684106826782,-11.009793758392334,0.21428571428571427
23063,0,0,6915,-15.137684106826782,-11.009793758392334,0.21428571428571427
23064,0,0,6916,-15.137684106826782,-11.009793758392334,0.21428571428571427
23065,0,0,6917,-15.137684106826782,-11.009793758392334,0.21428571428571427
23066,0,0,6929,-15.137684106826782,-11.009793758392334,0.21428571428571427
23067,0,0,6938,-15.137684106826782,-11.009793758392334,0.21428571428571427
23068,0,0,6937,-15.137684106826782,-11.009793758392334,0.21428571428571427
23069,0,0,6936,-15.137684106826782,-11.009793758392334,0.21428571428571427
23070,0,0,6935,-15.137684106826782,-11.009793758392334,0.21428571428571427
23071,0,0,6934,-15.137684106826782,-11.009793758392334,0.21428571428571427
23072,0,0,6933,-15.137684106826782,-11.009793758392334,0.21428571428571427
23073,0,0,6932,-15.137684106826782,-11.009793758392334,0.21428571428571427
23074,0,0,6931,-15.137684106826782,-11.009793758392334,0.21428571428571427
23075,0,0,6930,-15.137684106826782,-11.009793758392334,0.21428571428571427
23076,0,0,6928,-15.137684106826782,-11.009793758392334,0.21428571428571427
23077,0,0,6918,-15.137684106826782,-11.009793758392334,0.21428571428571427
23078,0,0,6927,-15.137684106826782,-11.009793758392334,0.21428571428571427
23079,0,0,6926,-15.137684106826782,-11.009793758392334,0.21428571428571427
23080,0,0,6925,-15.137684106826782,-11.009793758392334,0.21428571428571427
23081,0,0,6924,-15.137684106826782,-11.009793758392334,0.21428571428571427
23082,0,0,6923,-15.137684106826782,-11.009793758392334,0.21428571428571427
23083,0,0,6922,-15.137684106826782,-11.009793758392334,0.21428571428571427
23084,0,0,6921,-15.137684106826782,-11.009793758392334,0.21428571428571427
23085,0,0,6920,-15.137684106826782,-11.009793758392334,0.21428571428571427
23086,0,0,6919,-15.137684106826782,-11.009793758392334,0.21428571428571427
23087,0,0,6893,-15.137684106826782,-11.009793758392334,0.21428571428571427
23088,0,0,6891,-15.137684106826782,-11.009793758392334,0.21428571428571427
23089,0,0,6844,-15.137684106826782,-11.009793758392334,0.21428571428571427
23090,0,0,6890,-15.137684106826782,-11.009793758392334,0.21428571428571427
23091,0,0,6865,-15.137684106826782,-11.009793758392334,0.21428571428571427
23092,0,0,6864,-15.137684106826782,-11.009793758392334,0.21428571428571427
23093,0,0,6863,-15.137684106826782,-11.009793758392334,0.21428571428571427
23094,0,0,6862,-15.137684106826782,-11.009793758392334,0.21428571428571427
23095,0,0,6861,-15.137684106826782,-11.009793758392334,0.21428571428571427
23096,0,0,6860,-15.137684106826782,-11.009793758392334,0.21428571428571427
23097,0,0,6859,-15.137684106826782,-11.009793758392334,0.21428571428571427
23098,0,0,6858,-15.137684106826782,-11.009793758392334,0.21428571428571427
23099,0,0,6857,-15.137684106826782,-11.009793758392334,0.21428571428571427
23100,0,0,6856,-15.137684106826782,-11.009793758392334,0.21428571428571427
23101,0,0,6855,-15.137684106826782,-11.009793758392334,0.21428571428571427
23102,0,0,6854,-15.137684106826782,-11.009793758392334,0.21428571428571427
23103,0,0,6853,-15.137684106826782,-11.009793758392334,0.21428571428571427
23104,0,0,6852,-15.137684106826782,-11.009793758392334,0.21428571428571427
23105,0,0,6851,-15.137684106826782,-11.009793758392334,0.21428571428571427
23106,0,0,6850,-15.137684106826782,-11.009793758392334,0.21428571428571427
23107,0,0,6849,-15.137684106826782,-11.009793758392334,0.21428571428571427
23108,0,0,6848,-15.137684106826782,-11.009793758392334,0.21428571428571427
23109,0,0,6847,-15.137684106826782,-11.009793758392334,0.21428571428571427
23110,0,0,6846,-15.137684106826782,-11.009793758392334,0.21428571428571427
23111,0,0,6845,-15.137684106826782,-11.009793758392334,0.21428571428571427
23112,0,0,6866,-15.137684106826782,-11.009793758392334,0.21428571428571427
23113,0,0,6867,-15.137684106826782,-11.009793758392334,0.21428571428571427
23114,0,0,6868,-15.137684106826782,-11.009793758392334,0.21428571428571427
23115,0,0,6880,-15.137684106826782,-11.009793758392334,0.21428571428571427
23116,0,0,6889,-15.137684106826782,-11.009793758392334,0.21428571428571427
23117,0,0,6888,-15.137684106826782,-11.009793758392334,0.21428571428571427
23118,0,0,6887,-15.137684106826782,-11.009793758392334,0.21428571428571427
23119,0,0,6886,-15.137684106826782,-11.009793758392334,0.21428571428571427
23120,0,0,6885,-15.137684106826782,-11.009793758392334,0.21428571428571427
23121,0,0,6884,-15.137684106826782,-11.009793758392334,0.21428571428571427
23122,0,0,6883,-15.137684106826782,-11.009793758392334,0.21428571428571427
23123,0,0,6882,-15.137684106826782,-11.009793758392334,0.21428571428571427
23124,0,0,6881,-15.137684106826782,-11.009793758392334,0.21428571428571427
23125,0,0,6879,-15.137684106826782,-11.009793758392334,0.21428571428571427
23126,0,0,6869,-15.137684106826782,-11.009793758392334,0.21428571428571427
23127,0,0,6878,-15.137684106826782,-11.009793758392334,0.21428571428571427
23128,0,0,6877,-15.137684106826782,-11.009793758392334,0.21428571428571427
23129,0,0,6876,-15.137684106826782,-11.009793758392334,0.21428571428571427
23130,0,0,6875,-15.137684106826782,-11.009793758392334,0.21428571428571427
23131,0,0,6874,-15.137684106826782,-11.009793758392334,0.21428571428571427
23132,0,0,6873,-15.137684106826782,-11.009793758392334,0.21428571428571427
23133,0,0,6872,-15.137684106826782,-11.009793758392334,0.21428571428571427
23134,0,0,6871,-15.137684106826782,-11.009793758392334,0.21428571428571427
23135,0,0,6870,-15.137684106826782,-11.009793758392334,0.21428571428571427
23136,0,0,6939,-15.137684106826782,-11.009793758392334,0.21428571428571427
23137,0,0,6940,-15.137684106826782,-11.009793758392334,0.21428571428571427
23138,0,0,6941,-15.137684106826782,-11.009793758392334,0.21428571428571427
23139,0,0,6942,-15.137684106826782,-11.009793758392334,0.21428571428571427
23140,0,0,7011,-15.137684106826782,-11.009793758392334,0.21428571428571427
23141,0,0,7010,-15.137684106826782,-11.009793758392334,0.21428571428571427
23142,0,0,7009,-15.137684106826782,-11.009793758392334,0.21428571428571427
23143,0,0,7008,-15.137684106826782,-11.009793758392334,0.21428571428571427
23144,0,0,7007,-15.137684106826782,-11.009793758392334,0.21428571428571427
23145,0,0,7006,-15.137684106826782,-11.009793758392334,0.21428571428571427
23146,0,0,7005,-15.137684106826782,-11.009793758392334,0.21428571428571427
23147,0,0,7004,-15.137684106826782,-11.009793758392334,0.21428571428571427
23148,0,0,7003,-15.137684106826782,-11.009793758392334,0.21428571428571427
23149,0,0,7001,-15.137684106826782,-11.009793758392334,0.21428571428571427
23150,0,0,6991,-15.137684106826782,-11.009793758392334,0.21428571428571427
23151,0,0,7000,-15.137684106826782,-11.009793758392334,0.21428571428571427
23152,0,0,6999,-15.137684106826782,-11.009793758392334,0.21428571428571427
23153,0,0,6998,-15.137684106826782,-11.009793758392334,0.21428571428571427
23154,0,0,6997,-15.137684106826782,-11.009793758392334,0.21428571428571427
23155,0,0,6996,-15.137684106826782,-11.009793758392334,0.21428571428571427
23156,0,0,6995,-15.137684106826782,-11.009793758392334,0.21428571428571427
23157,0,0,6994,-15.137684106826782,-11.009793758392334,0.21428571428571427
23158,0,0,6993,-15.137684106826782,-11.009793758392334,0.21428571428571427
23159,0,0,6992,-15.137684106826782,-11.009793758392334,0.21428571428571427
23160,0,0,7012,-15.137684106826782,-11.009793758392334,0.21428571428571427
23161,0,0,7002,-15.137684106826782,-11.009793758392334,0.21428571428571427
23162,0,0,7013,-15.137684106826782,-11.009793758392334,0.21428571428571427
23163,0,0,7026,-15.137684106826782,-11.009793758392334,0.21428571428571427
23164,0,0,7035,-15.137684106826782,-11.009793758392334,0.21428571428571427
23165,0,0,7034,-15.137684106826782,-11.009793758392334,0.21428571428571427
23166,0,0,7033,-15.137684106826782,-11.009793758392334,0.21428571428571427
23167,0,0,7032,-15.137684106826782,-11.009793758392334,0.21428571428571427
23168,0,0,7031,-15.137684106826782,-11.009793758392334,0.21428571428571427
23169,0,0,7030,-15.137684106826782,-11.009793758392334,0.21428571428571427
23170,0,0,7029,-15.137684106826782,-11.009793758392334,0.21428571428571427
23171,0,0,7028,-15.137684106826782,-11.009793758392334,0.21428571428571427
23172,0,0,7027,-15.137684106826782,-11.009793758392334,0.21428571428571427
23173,0,0,7025,-15.137684106826782,-11.009793758392334,0.21428571428571427
23174,0,0,7015,-15.137684106826782,-11.009793758392334,0.21428571428571427
23175,0,0,7024,-15.137684106826782,-11.009793758392334,0.21428571428571427
23176,0,0,7023,-15.137684106826782,-11.009793758392334,0.21428571428571427
23177,0,0,7022,-15.137684106826782,-11.009793758392334,0.21428571428571427
23178,0,0,7021,-15.137684106826782,-11.009793758392334,0.21428571428571427
23179,0,0,7020,-15.137684106826782,-11.009793758392334,0.21428571428571427
23180,0,0,7019,-15.137684106826782,-11.009793758392334,0.21428571428571427
23181,0,0,7018,-15.137684106826782,-11.009793758392334,0.21428571428571427
23182,0,0,7017,-15.137684106826782,-11.009793758392334,0.21428571428571427
23183,0,0,7016,-15.137684106826782,-11.009793758392334,0.21428571428571427
23184,0,0,7014,-15.137684106826782,-11.009793758392334,0.21428571428571427
23185,0,0,6990,-15.137684106826782,-11.009793758392334,0.21428571428571427
23186,0,0,6989,-15.137684106826782,-11.009793758392334,0.21428571428571427
23187,0,0,6988,-15.137684106826782,-11.009793758392334,0.21428571428571427
23188,0,0,6963,-15.137684106826782,-11.009793758392334,0.21428571428571427
23189,0,0,6962,-15.137684106826782,-11.009793758392334,0.21428571428571427
23190,0,0,6961,-15.137684106826782,-11.009793758392334,0.21428571428571427
23191,0,0,6960,-15.137684106826782,-11.009793758392334,0.21428571428571427
23192,0,0,6959,-15.137684106826782,-11.009793758392334,0.21428571428571427
23193,0,0,6958,-15.137684106826782,-11.009793758392334,0.21428571428571427
23194,0,0,6957,-15.137684106826782,-11.009793758392334,0.21428571428571427
23195,0,0,6956,-15.137684106826782,-11.009793758392334,0.21428571428571427
23196,0,0,6955,-15.137684106826782,-11.009793758392334,0.21428571428571427
23197,0,0,6954,-15.137684106826782,-11.009793758392334,0.21428571428571427
23198,0,0,6953,-15.137684106826782,-11.009793758392334,0.21428571428571427
23199,0,0,6952,-15.137684106826782,-11.009793758392334,0.21428571428571427
23200,0,0,6951,-15.137684106826782,-11.009793758392334,0.21428571428571427
23201,0,0,6950,-15.137684106826782,-11.009793758392334,0.21428571428571427
23202,0,0,6949,-15.137684106826782,-11.009793758392334,0.21428571428571427
23203,0,0,6948,-15.137684106826782,-11.009793758392334,0.21428571428571427
23204,0,0,6947,-15.137684106826782,-11.009793758392334,0.21428571428571427
23205,0,0,6946,-15.137684106826782,-11.009793758392334,0.21428571428571427
23206,0,0,6945,-15.137684106826782,-11.009793758392334,0.21428571428571427
23207,0,0,6944,-15.137684106826782,-11.009793758392334,0.21428571428571427
23208,0,0,6943,-15.137684106826782,-11.009793758392334,0.21428571428571427
23209,0,0,6964,-15.137684106826782,-11.009793758392334,0.21428571428571427
23210,0,0,6965,-15.137684106826782,-11.009793758392334,0.21428571428571427
23211,0,0,6966,-15.137684106826782,-11.009793758392334,0.21428571428571427
23212,0,0,6978,-15.137684106826782,-11.009793758392334,0.21428571428571427
23213,0,0,6987,-15.137684106826782,-11.009793758392334,0.21428571428571427
23214,0,0,6986,-15.137684106826782,-11.009793758392334,0.21428571428571427
23215,0,0,6985,-15.137684106826782,-11.009793758392334,0.21428571428571427
23216,0,0,6984,-15.137684106826782,-11.009793758392334,0.21428571428571427
23217,0,0,6983,-15.137684106826782,-11.009793758392334,0.21428571428571427
23218,0,0,6982,-15.137684106826782,-11.009793758392334,0.21428571428571427
23219,0,0,6981,-15.137684106826782,-11.009793758392334,0.21428571428571427
23220,0,0,6980,-15.137684106826782,-11.009793758392334,0.21428571428571427
23221,0,0,6979,-15.137684106826782,-11.009793758392334,0.21428571428571427
23222,0,0,6977,-15.137684106826782,-11.009793758392334,0.21428571428571427
23223,0,0,6967,-15.137684106826782,-11.009793758392334,0.21428571428571427
23224,0,0,6976,-15.137684106826782,-11.009793758392334,0.21428571428571427
23225,0,0,6975,-15.137684106826782,-11.009793758392334,0.21428571428571427
23226,0,0,6974,-15.137684106826782,-11.009793758392334,0.21428571428571427
23227,0,0,6973,-15.137684106826782,-11.009793758392334,0.21428571428571427
23228,0,0,6972,-15.137684106826782,-11.009793758392334,0.21428571428571427
23229,0,0,6971,-15.137684106826782,-11.009793758392334,0.21428571428571427
23230,0,0,6970,-15.137684106826782,-11.009793758392334,0.21428571428571427
23231,0,0,6969,-15.137684106826782,-11.009793758392334,0.21428571428571427
23232,0,0,6968,-15.137684106826782,-11.009793758392334,0.21428571428571427
23233,0,0,6892,-15.137684106826782,-11.009793758392334,0.21428571428571427
23234,0,0,6843,-15.137684106826782,-11.009793758392334,0.21428571428571427
23235,0,0,6842,-15.137684106826782,-11.009793758392334,0.21428571428571427
23236,0,0,6841,-15.137684106826782,-11.009793758392334,0.21428571428571427
23237,0,0,6718,-15.137684106826782,-11.009793758392334,0.21428571428571427
23238,0,0,6717,-15.137684106826782,-11.009793758392334,0.21428571428571427
23239,0,0,6716,-15.137684106826782,-11.009793758392334,0.21428571428571427
23240,0,0,6715,-15.137684106826782,-11.009793758392334,0.21428571428571427
23241,0,0,6714,-15.137684106826782,-11.009793758392334,0.21428571428571427
23242,0,0,6713,-15.137684106826782,-11.009793758392334,0.21428571428571427
23243,0,0,6712,-15.137684106826782,-11.009793758392334,0.21428571428571427
23244,0,0,6711,-15.137684106826782,-11.009793758392334,0.21428571428571427
23245,0,0,6710,-15.137684106826782,-11.009793758392334,0.21428571428571427
23246,0,0,6709,-15.137684106826782,-11.009793758392334,0.21428571428571427
23247,0,0,6708,-15.137684106826782,-11.009793758392334,0.21428571428571427
23248,0,0,6707,-15.137684106826782,-11.009793758392334,0.21428571428571427
23249,0,0,6706,-15.137684106826782,-11.009793758392334,0.21428571428571427
23250,0,0,6705,-15.137684106826782,-11.009793758392334,0.21428571428571427
23251,0,0,6704,-15.137684106826782,-11.009793758392334,0.21428571428571427
23252,0,0,6703,-15.137684106826782,-11.009793758392334,0.21428571428571427
23253,0,0,6702,-15.137684106826782,-11.009793758392334,0.21428571428571427
23254,0,0,6701,-15.137684106826782,-11.009793758392334,0.21428571428571427
23255,0,0,6700,-15.137684106826782,-11.009793758392334,0.21428571428571427
23256,0,0,6699,-15.137684106826782,-11.009793758392334,0.21428571428571427
23257,0,0,6698,-15.137684106826782,-11.009793758392334,0.21428571428571427
23258,0,0,6719,-15.137684106826782,-11.009793758392334,0.21428571428571427
23259,0,0,6720,-15.137684106826782,-11.009793758392334,0.21428571428571427
23260,0,0,6721,-15.137684106826782,-11.009793758392334,0.21428571428571427
23261,0,0,6733,-15.137684106826782,-11.009793758392334,0.21428571428571427
23262,0,0,6742,-15.137684106826782,-11.009793758392334,0.21428571428571427
23263,0,0,6741,-15.137684106826782,-11.009793758392334,0.21428571428571427
23264,0,0,6740,-15.137684106826782,-11.009793758392334,0.21428571428571427
23265,0,0,6739,-15.137684106826782,-11.009793758392334,0.21428571428571427
23266,0,0,6738,-15.137684106826782,-11.009793758392334,0.21428571428571427
23267,0,0,6737,-15.137684106826782,-11.009793758392334,0.21428571428571427
23268,0,0,6736,-15.137684106826782,-11.009793758392334,0.21428571428571427
23269,0,0,6735,-15.137684106826782,-11.009793758392334,0.21428571428571427
23270,0,0,6734,-15.137684106826782,-11.009793758392334,0.21428571428571427
23271,0,0,6732,-15.137684106826782,-11.009793758392334,0.21428571428571427
23272,0,0,6722,-15.137684106826782,-11.009793758392334,0.21428571428571427
23273,0,0,6731,-15.137684106826782,-11.009793758392334,0.21428571428571427
23274,0,0,6730,-15.137684106826782,-11.009793758392334,0.21428571428571427
23275,0,0,6729,-15.137684106826782,-11.009793758392334,0.21428571428571427
23276,0,0,6728,-15.137684106826782,-11.009793758392334,0.21428571428571427
23277,0,0,6727,-15.137684106826782,-11.009793758392334,0.21428571428571427
23278,0,0,6726,-15.137684106826782,-11.009793758392334,0.21428571428571427
23279,0,0,6725,-15.137684106826782,-11.009793758392334,0.21428571428571427
23280,0,0,6724,-15.137684106826782,-11.009793758392334,0.21428571428571427
23281,0,0,6723,-15.137684106826782,-11.009793758392334,0.21428571428571427
23282,0,0,6697,-15.137684106826782,-11.009793758392334,0.21428571428571427
23283,0,0,6695,-15.137684106826782,-11.009793758392334,0.21428571428571427
23284,0,0,6648,-15.137684106826782,-11.009793758392334,0.21428571428571427
23285,0,0,6694,-15.137684106826782,-11.009793758392334,0.21428571428571427
23286,0,0,6669,-15.137684106826782,-11.009793758392334,0.21428571428571427
23287,0,0,6668,-15.137684106826782,-11.009793758392334,0.21428571428571427
23288,0,0,6667,-15.137684106826782,-11.009793758392334,0.21428571428571427
23289,0,0,6666,-15.137684106826782,-11.009793758392334,0.21428571428571427
23290,0,0,6665,-15.137684106826782,-11.009793758392334,0.21428571428571427
23291,0,0,6664,-15.137684106826782,-11.009793758392334,0.21428571428571427
23292,0,0,6663,-15.137684106826782,-11.009793758392334,0.21428571428571427
23293,0,0,6662,-15.137684106826782,-11.009793758392334,0.21428571428571427
23294,0,0,6661,-15.137684106826782,-11.009793758392334,0.21428571428571427
23295,0,0,6660,-15.137684106826782,-11.009793758392334,0.21428571428571427
23296,0,0,6659,-15.137684106826782,-11.009793758392334,0.21428571428571427
23297,0,0,6658,-15.137684106826782,-11.009793758392334,0.21428571428571427
23298,0,0,6657,-15.137684106826782,-11.009793758392334,0.21428571428571427
23299,0,0,6656,-15.137684106826782,-11.009793758392334,0.21428571428571427
23300,0,0,6655,-15.137684106826782,-11.009793758392334,0.21428571428571427
23301,0,0,6654,-15.137684106826782,-11.009793758392334,0.21428571428571427
23302,0,0,6653,-15.137684106826782,-11.009793758392334,0.21428571428571427
23303,0,0,6652,-15.137684106826782,-11.009793758392334,0.21428571428571427
23304,0,0,6651,-15.137684106826782,-11.009793758392334,0.21428571428571427
23305,0,0,6650,-15.137684106826782,-11.009793758392334,0.21428571428571427
23306,0,0,6649,-15.137684106826782,-11.009793758392334,0.21428571428571427
23307,0,0,6670,-15.137684106826782,-11.009793758392334,0.21428571428571427
23308,0,0,6671,-15.137684106826782,-11.009793758392334,0.21428571428571427
23309,0,0,6672,-15.137684106826782,-11.009793758392334,0.21428571428571427
23310,0,0,6684,-15.137684106826782,-11.009793758392334,0.21428571428571427
23311,0,0,6693,-15.137684106826782,-11.009793758392334,0.21428571428571427
23312,0,0,6692,-15.137684106826782,-11.009793758392334,0.21428571428571427
23313,0,0,6691,-15.137684106826782,-11.009793758392334,0.21428571428571427
23314,0,0,6690,-15.137684106826782,-11.009793758392334,0.21428571428571427
23315,0,0,6689,-15.137684106826782,-11.009793758392334,0.21428571428571427
23316,0,0,6688,-15.137684106826782,-11.009793758392334,0.21428571428571427
23317,0,0,6687,-15.137684106826782,-11.009793758392334,0.21428571428571427
23318,0,0,6686,-15.137684106826782,-11.009793758392334,0.21428571428571427
23319,0,0,6685,-15.137684106826782,-11.009793758392334,0.21428571428571427
23320,0,0,6683,-15.137684106826782,-11.009793758392334,0.21428571428571427
23321,0,0,6673,-15.137684106826782,-11.009793758392334,0.21428571428571427
23322,0,0,6682,-15.137684106826782,-11.009793758392334,0.21428571428571427
23323,0,0,6681,-15.137684106826782,-11.009793758392334,0.21428571428571427
23324,0,0,6680,-15.137684106826782,-11.009793758392334,0.21428571428571427
23325,0,0,6679,-15.137684106826782,-11.009793758392334,0.21428571428571427
23326,0,0,6678,-15.137684106826782,-11.009793758392334,0.21428571428571427
23327,0,0,6677,-15.137684106826782,-11.009793758392334,0.21428571428571427
23328,0,0,6676,-15.137684106826782,-11.009793758392334,0.21428571428571427
23329,0,0,6675,-15.137684106826782,-11.009793758392334,0.21428571428571427
23330,0,0,6674,-15.137684106826782,-11.009793758392334,0.21428571428571427
23331,0,0,6743,-15.137684106826782,-11.009793758392334,0.21428571428571427
23332,0,0,6696,-15.137684106826782,-11.009793758392334,0.21428571428571427
23333,0,0,6744,-15.137684106826782,-11.009793758392334,0.21428571428571427
23334,0,0,6794,-15.137684106826782,-11.009793758392334,0.21428571428571427
23335,0,0,6816,-15.137684106826782,-11.009793758392334,0.21428571428571427
23336,0,0,6815,-15.137684106826782,-11.009793758392334,0.21428571428571427
23337,0,0,6814,-15.137684106826782,-11.009793758392334,0.21428571428571427
23338,0,0,6813,-15.137684106826782,-11.009793758392334,0.21428571428571427
23339,0,0,6812,-15.137684106826782,-11.009793758392334,0.21428571428571427
23340,0,0,6811,-15.137684106826782,-11.009793758392334,0.21428571428571427
23341,0,0,6810,-15.137684106826782,-11.009793758392334,0.21428571428571427
23342,0,0,6809,-15.137684106826782,-11.009793758392334,0.21428571428571427
23343,0,0,6808,-15.137684106826782,-11.009793758392334,0.21428571428571427
23344,0,0,6807,-15.137684106826782,-11.009793758392334,0.21428571428571427
23345,0,0,6806,-15.137684106826782,-11.009793758392334,0.21428571428571427
23346,0,0,6805,-15.137684106826782,-11.009793758392334,0.21428571428571427
23347,0,0,6804,-15.137684106826782,-11.009793758392334,0.21428571428571427
23348,0,0,6803,-15.137684106826782,-11.009793758392334,0.21428571428571427
23349,0,0,6802,-15.137684106826782,-11.009793758392334,0.21428571428571427
23350,0,0,6801,-15.137684106826782,-11.009793758392334,0.21428571428571427
23351,0,0,6800,-15.137684106826782,-11.009793758392334,0.21428571428571427
23352,0,0,6799,-15.137684106826782,-11.009793758392334,0.21428571428571427
23353,0,0,6798,-15.137684106826782,-11.009793758392334,0.21428571428571427
23354,0,0,6797,-15.137684106826782,-11.009793758392334,0.21428571428571427
23355,0,0,6796,-15.137684106826782,-11.009793758392334,0.21428571428571427
23356,0,0,6817,-15.137684106826782,-11.009793758392334,0.21428571428571427
23357,0,0,6818,-15.137684106826782,-11.009793758392334,0.21428571428571427
23358,0,0,6819,-15.137684106826782,-11.009793758392334,0.21428571428571427
23359,0,0,6831,-15.137684106826782,-11.009793758392334,0.21428571428571427
23360,0,0,6840,-15.137684106826782,-11.009793758392334,0.21428571428571427
23361,0,0,6839,-15.137684106826782,-11.009793758392334,0.21428571428571427
23362,0,0,6838,-15.137684106826782,-11.009793758392334,0.21428571428571427
23363,0,0,6837,-15.137684106826782,-11.009793758392334,0.21428571428571427
23364,0,0,6836,-15.137684106826782,-11.009793758392334,0.21428571428571427
23365,0,0,6835,-15.137684106826782,-11.009793758392334,0.21428571428571427
23366,0,0,6834,-15.137684106826782,-11.009793758392334,0.21428571428571427
23367,0,0,6833,-15.137684106826782,-11.009793758392334,0.21428571428571427
23368,0,0,6832,-15.137684106826782,-11.009793758392334,0.21428571428571427
23369,0,0,6830,-15.137684106826782,-11.009793758392334,0.21428571428571427
23370,0,0,6820,-15.137684106826782,-11.009793758392334,0.21428571428571427
23371,0,0,6829,-15.137684106826782,-11.009793758392334,0.21428571428571427
23372,0,0,6828,-15.137684106826782,-11.009793758392334,0.21428571428571427
23373,0,0,6827,-15.137684106826782,-11.009793758392334,0.21428571428571427
23374,0,0,6826,-15.137684106826782,-11.009793758392334,0.21428571428571427
23375,0,0,6825,-15.137684106826782,-11.009793758392334,0.21428571428571427
23376,0,0,6824,-15.137684106826782,-11.009793758392334,0.21428571428571427
23377,0,0,6823,-15.137684106826782,-11.009793758392334,0.21428571428571427
23378,0,0,6822,-15.137684106826782,-11.009793758392334,0.21428571428571427
23379,0,0,6821,-15.137684106826782,-11.009793758392334,0.21428571428571427
23380,0,0,6795,-15.137684106826782,-11.009793758392334,0.21428571428571427
23381,0,0,6793,-15.137684106826782,-11.009793758392334,0.21428571428571427
23382,0,0,6746,-15.137684106826782,-11.009793758392334,0.21428571428571427
23383,0,0,6792,-15.137684106826782,-11.009793758392334,0.21428571428571427
23384,0,0,6767,-15.137684106826782,-11.009793758392334,0.21428571428571427
23385,0,0,6766,-15.137684106826782,-11.009793758392334,0.21428571428571427
23386,0,0,6765,-15.137684106826782,-11.009793758392334,0.21428571428571427
23387,0,0,6764,-15.137684106826782,-11.009793758392334,0.21428571428571427
23388,0,0,6763,-15.137684106826782,-11.009793758392334,0.21428571428571427
23389,0,0,6762,-15.137684106826782,-11.009793758392334,0.21428571428571427
23390,0,0,6761,-15.137684106826782,-11.009793758392334,0.21428571428571427
23391,0,0,6760,-15.137684106826782,-11.009793758392334,0.21428571428571427
23392,0,0,6759,-15.137684106826782,-11.009793758392334,0.21428571428571427
23393,0,0,6758,-15.137684106826782,-11.009793758392334,0.21428571428571427
23394,0,0,6757,-15.137684106826782,-11.009793758392334,0.21428571428571427
23395,0,0,6756,-15.137684106826782,-11.009793758392334,0.21428571428571427
23396,0,0,6755,-15.137684106826782,-11.009793758392334,0.21428571428571427
23397,0,0,6754,-15.137684106826782,-11.009793758392334,0.21428571428571427
23398,0,0,6753,-15.137684106826782,-11.009793758392334,0.21428571428571427
23399,0,0,6752,-15.137684106826782,-11.009793758392334,0.21428571428571427
23400,0,0,6751,-15.137684106826782,-11.009793758392334,0.21428571428571427
23401,0,0,6750,-15.137684106826782,-11.009793758392334,0.21428571428571427
23402,0,0,6749,-15.137684106826782,-11.009793758392334,0.21428571428571427
23403,0,0,6748,-15.137684106826782,-11.009793758392334,0.21428571428571427
23404,0,0,6747,-15.137684106826782,-11.009793758392334,0.21428571428571427
23405,0,0,6768,-15.137684106826782,-11.009793758392334,0.21428571428571427
23406,0,0,6769,-15.137684106826782,-11.009793758392334,0.21428571428571427
23407,0,0,6770,-15.137684106826782,-11.009793758392334,0.21428571428571427
23408,0,0,6782,-15.137684106826782,-11.009793758392334,0.21428571428571427
23409,0,0,6791,-15.137684106826782,-11.009793758392334,0.21428571428571427
23410,0,0,6790,-15.137684106826782,-11.009793758392334,0.21428571428571427
23411,0,0,6789,-15.137684106826782,-11.009793758392334,0.21428571428571427
23412,0,0,6788,-15.137684106826782,-11.009793758392334,0.21428571428571427
23413,0,0,6787,-15.137684106826782,-11.009793758392334,0.21428571428571427
23414,0,0,6786,-15.137684106826782,-11.009793758392334,0.21428571428571427
23415,0,0,6785,-15.137684106826782,-11.009793758392334,0.21428571428571427
23416,0,0,6784,-15.137684106826782,-11.009793758392334,0.21428571428571427
23417,0,0,6783,-15.137684106826782,-11.009793758392334,0.21428571428571427
23418,0,0,6781,-15.137684106826782,-11.009793758392334,0.21428571428571427
23419,0,0,6771,-15.137684106826782,-11.009793758392334,0.21428571428571427
23420,0,0,6780,-15.137684106826782,-11.009793758392334,0.21428571428571427
23421,0,0,6779,-15.137684106826782,-11.009793758392334,0.21428571428571427
23422,0,0,6778,-15.137684106826782,-11.009793758392334,0.21428571428571427
23423,0,0,6777,-15.137684106826782,-11.009793758392334,0.21428571428571427
23424,0,0,6776,-15.137684106826782,-11.009793758392334,0.21428571428571427
23425,0,0,6775,-15.137684106826782,-11.009793758392334,0.21428571428571427
23426,0,0,6774,-15.137684106826782,-11.009793758392334,0.21428571428571427
23427,0,0,6773,-15.137684106826782,-11.009793758392334,0.21428571428571427
23428,0,0,6772,-15.137684106826782,-11.009793758392334,0.21428571428571427
23429,0,0,7817,-15.137684106826782,-11.009793758392334,0.21428571428571427
23430,0,0,7818,-15.137684106826782,-11.009793758392334,0.21428571428571427
23431,0,0,7819,-15.137684106826782,-11.009793758392334,0.21428571428571427
23432,0,0,8600,-15.137684106826782,-11.009793758392334,0.21428571428571427
23433,0,0,8867,-15.137684106826782,-11.009793758392334,0.21428571428571427
23434,0,0,8866,-15.137684106826782,-11.009793758392334,0.21428571428571427
23435,0,0,8865,-15.137684106826782,-11.009793758392334,0.21428571428571427
23436,0,0,8864,-15.137684106826782,-11.009793758392334,0.21428571428571427
23437,0,0,8863,-15.137684106826782,-11.009793758392334,0.21428571428571427
23438,0,0,8862,-15.137684106826782,-11.009793758392334,0.21428571428571427
23439,0,0,8861,-15.137684106826782,-11.009793758392334,0.21428571428571427
23440,0,0,8860,-15.137684106826782,-11.009793758392334,0.21428571428571427
23441,0,0,8859,-15.137684106826782,-11.009793758392334,0.21428571428571427
23442,0,0,8858,-15.137684106826782,-11.009793758392334,0.21428571428571427
23443,0,0,8857,-15.137684106826782,-11.009793758392334,0.21428571428571427
23444,0,0,8856,-15.137684106826782,-11.009793758392334,0.21428571428571427
23445,0,0,8855,-15.137684106826782,-11.009793758392334,0.21428571428571427
23446,0,0,8854,-15.137684106826782,-11.009793758392334,0.21428571428571427
23447,0,0,8853,-15.137684106826782,-11.009793758392334,0.21428571428571427
23448,0,0,8852,-15.137684106826782,-11.009793758392334,0.21428571428571427
23449,0,0,8851,-15.137684106826782,-11.009793758392334,0.21428571428571427
23450,0,0,8850,-15.137684106826782,-11.009793758392334,0.21428571428571427
23451,0,0,8849,-15.137684106826782,-11.009793758392334,0.21428571428571427
23452,0,0,8848,-15.137684106826782,-11.009793758392334,0.21428571428571427
23453,0,0,8847,-15.137684106826782,-11.009793758392334,0.21428571428571427
23454,0,0,8868,-15.137684106826782,-11.009793758392334,0.21428571428571427
23455,0,0,8869,-15.137684106826782,-11.009793758392334,0.21428571428571427
23456,0,0,8870,-15.137684106826782,-11.009793758392334,0.21428571428571427
23457,0,0,8882,-15.137684106826782,-11.009793758392334,0.21428571428571427
23458,0,0,8891,-15.137684106826782,-11.009793758392334,0.21428571428571427
23459,0,0,8890,-15.137684106826782,-11.009793758392334,0.21428571428571427
23460,0,0,8889,-15.137684106826782,-11.009793758392334,0.21428571428571427
23461,0,0,8888,-15.137684106826782,-11.009793758392334,0.21428571428571427
23462,0,0,8887,-15.137684106826782,-11.009793758392334,0.21428571428571427
23463,0,0,8886,-15.137684106826782,-11.009793758392334,0.21428571428571427
23464,0,0,8885,-15.137684106826782,-11.009793758392334,0.21428571428571427
23465,0,0,8884,-15.137684106826782,-11.009793758392334,0.21428571428571427
23466,0,0,8883,-15.137684106826782,-11.009793758392334,0.21428571428571427
23467,0,0,8881,-15.137684106826782,-11.009793758392334,0.21428571428571427
23468,0,0,8871,-15.137684106826782,-11.009793758392334,0.21428571428571427
23469,0,0,8880,-15.137684106826782,-11.009793758392334,0.21428571428571427
23470,0,0,8879,-15.137684106826782,-11.009793758392334,0.21428571428571427
23471,0,0,8878,-15.137684106826782,-11.009793758392334,0.21428571428571427
23472,0,0,8877,-15.137684106826782,-11.009793758392334,0.21428571428571427
23473,0,0,8876,-15.137684106826782,-11.009793758392334,0.21428571428571427
23474,0,0,8875,-15.137684106826782,-11.009793758392334,0.21428571428571427
23475,0,0,8874,-15.137684106826782,-11.009793758392334,0.21428571428571427
23476,0,0,8873,-15.137684106826782,-11.009793758392334,0.21428571428571427
23477,0,0,8872,-15.137684106826782,-11.009793758392334,0.21428571428571427
23478,0,0,8846,-15.137684106826782,-11.009793758392334,0.21428571428571427
23479,0,0,8844,-15.137684106826782,-11.009793758392334,0.21428571428571427
23480,0,0,8797,-15.137684106826782,-11.009793758392334,0.21428571428571427
23481,0,0,8843,-15.137684106826782,-11.009793758392334,0.21428571428571427
23482,0,0,8818,-15.137684106826782,-11.009793758392334,0.21428571428571427
23483,0,0,8817,-15.137684106826782,-11.009793758392334,0.21428571428571427
23484,0,0,8816,-15.137684106826782,-11.009793758392334,0.21428571428571427
23485,0,0,8815,-15.137684106826782,-11.009793758392334,0.21428571428571427
23486,0,0,8814,-15.137684106826782,-11.009793758392334,0.21428571428571427
23487,0,0,8813,-15.137684106826782,-11.009793758392334,0.21428571428571427
23488,0,0,8812,-15.137684106826782,-11.009793758392334,0.21428571428571427
23489,0,0,8811,-15.137684106826782,-11.009793758392334,0.21428571428571427
23490,0,0,8810,-15.137684106826782,-11.009793758392334,0.21428571428571427
23491,0,0,8809,-15.137684106826782,-11.009793758392334,0.21428571428571427
23492,0,0,8808,-15.137684106826782,-11.009793758392334,0.21428571428571427
23493,0,0,8807,-15.137684106826782,-11.009793758392334,0.21428571428571427
23494,0,0,8806,-15.137684106826782,-11.009793758392334,0.21428571428571427
23495,0,0,8805,-15.137684106826782,-11.009793758392334,0.21428571428571427
23496,0,0,8804,-15.137684106826782,-11.009793758392334,0.21428571428571427
23497,0,0,8803,-15.137684106826782,-11.009793758392334,0.21428571428571427
23498,0,0,8802,-15.137684106826782,-11.009793758392334,0.21428571428571427
23499,0,0,8801,-15.137684106826782,-11.009793758392334,0.21428571428571427
23500,0,0,8800,-15.137684106826782,-11.009793758392334,0.21428571428571427
23501,0,0,8799,-15.137684106826782,-11.009793758392334,0.21428571428571427
23502,0,0,8798,-15.137684106826782,-11.009793758392334,0.21428571428571427
23503,0,0,8819,-15.137684106826782,-11.009793758392334,0.21428571428571427
23504,0,0,8820,-15.137684106826782,-11.009793758392334,0.21428571428571427
23505,0,0,8821,-15.137684106826782,-11.009793758392334,0.21428571428571427
23506,0,0,8833,-15.137684106826782,-11.009793758392334,0.21428571428571427
23507,0,0,8842,-15.137684106826782,-11.009793758392334,0.21428571428571427
23508,0,0,8841,-15.137684106826782,-11.009793758392334,0.21428571428571427
23509,0,0,8840,-15.137684106826782,-11.009793758392334,0.21428571428571427
23510,0,0,8839,-15.137684106826782,-11.009793758392334,0.21428571428571427
23511,0,0,8838,-15.137684106826782,-11.009793758392334,0.21428571428571427
23512,0,0,8837,-15.137684106826782,-11.009793758392334,0.21428571428571427
23513,0,0,8836,-15.137684106826782,-11.009793758392334,0.21428571428571427
23514,0,0,8835,-15.137684106826782,-11.009793758392334,0.21428571428571427
23515,0,0,8834,-15.137684106826782,-11.009793758392334,0.21428571428571427
23516,0,0,8832,-15.137684106826782,-11.009793758392334,0.21428571428571427
23517,0,0,8822,-15.137684106826782,-11.009793758392334,0.21428571428571427
23518,0,0,8831,-15.137684106826782,-11.009793758392334,0.21428571428571427
23519,0,0,8830,-15.137684106826782,-11.009793758392334,0.21428571428571427
23520,0,0,8829,-15.137684106826782,-11.009793758392334,0.21428571428571427
23521,0,0,8828,-15.137684106826782,-11.009793758392334,0.21428571428571427
23522,0,0,8827,-15.137684106826782,-11.009793758392334,0.21428571428571427
23523,0,0,8826,-15.137684106826782,-11.009793758392334,0.21428571428571427
23524,0,0,8825,-15.137684106826782,-11.009793758392334,0.21428571428571427
23525,0,0,8824,-15.137684106826782,-11.009793758392334,0.21428571428571427
23526,0,0,8823,-15.137684106826782,-11.009793758392334,0.21428571428571427
23527,0,0,8892,-15.137684106826782,-11.009793758392334,0.21428571428571427
23528,0,0,8893,-15.137684106826782,-11.009793758392334,0.21428571428571427
23529,0,0,8894,-15.137684106826782,-11.009793758392334,0.21428571428571427
23530,0,0,8895,-15.137684106826782,-11.009793758392334,0.21428571428571427
23531,0,0,8964,-15.137684106826782,-11.009793758392334,0.21428571428571427
23532,0,0,8963,-15.137684106826782,-11.009793758392334,0.21428571428571427
23533,0,0,8962,-15.137684106826782,-11.009793758392334,0.21428571428571427
23534,0,0,8961,-15.137684106826782,-11.009793758392334,0.21428571428571427
23535,0,0,8960,-15.137684106826782,-11.009793758392334,0.21428571428571427
23536,0,0,8959,-15.137684106826782,-11.009793758392334,0.21428571428571427
23537,0,0,8958,-15.137684106826782,-11.009793758392334,0.21428571428571427
23538,0,0,8957,-15.137684106826782,-11.009793758392334,0.21428571428571427
23539,0,0,8956,-15.137684106826782,-11.009793758392334,0.21428571428571427
23540,0,0,8954,-15.137684106826782,-11.009793758392334,0.21428571428571427
23541,0,0,8944,-15.137684106826782,-11.009793758392334,0.21428571428571427
23542,0,0,8953,-15.137684106826782,-11.009793758392334,0.21428571428571427
23543,0,0,8952,-15.137684106826782,-11.009793758392334,0.21428571428571427
23544,0,0,8951,-15.137684106826782,-11.009793758392334,0.21428571428571427
23545,0,0,8950,-15.137684106826782,-11.009793758392334,0.21428571428571427
23546,0,0,8949,-15.137684106826782,-11.009793758392334,0.21428571428571427
23547,0,0,8948,-15.137684106826782,-11.009793758392334,0.21428571428571427
23548,0,0,8947,-15.137684106826782,-11.009793758392334,0.21428571428571427
23549,0,0,8946,-15.137684106826782,-11.009793758392334,0.21428571428571427
23550,0,0,8945,-15.137684106826782,-11.009793758392334,0.21428571428571427
23551,0,0,8965,-15.137684106826782,-11.009793758392334,0.21428571428571427
23552,0,0,8955,-15.137684106826782,-11.009793758392334,0.21428571428571427
23553,0,0,8966,-15.137684106826782,-11.009793758392334,0.21428571428571427
23554,0,0,8979,-15.137684106826782,-11.009793758392334,0.21428571428571427
23555,0,0,8988,-15.137684106826782,-11.009793758392334,0.21428571428571427
23556,0,0,8987,-15.137684106826782,-11.009793758392334,0.21428571428571427
23557,0,0,8986,-15.137684106826782,-11.009793758392334,0.21428571428571427
23558,0,0,8985,-15.137684106826782,-11.009793758392334,0.21428571428571427
23559,0,0,8984,-15.137684106826782,-11.009793758392334,0.21428571428571427
23560,0,0,8983,-15.137684106826782,-11.009793758392334,0.21428571428571427
23561,0,0,8982,-15.137684106826782,-11.009793758392334,0.21428571428571427
23562,0,0,8981,-15.137684106826782,-11.009793758392334,0.21428571428571427
23563,0,0,8980,-15.137684106826782,-11.009793758392334,0.21428571428571427
23564,0,0,8978,-15.137684106826782,-11.009793758392334,0.21428571428571427
23565,0,0,8968,-15.137684106826782,-11.009793758392334,0.21428571428571427
23566,0,0,8977,-15.137684106826782,-11.009793758392334,0.21428571428571427
23567,0,0,8976,-15.137684106826782,-11.009793758392334,0.21428571428571427
23568,0,0,8975,-15.137684106826782,-11.009793758392334,0.21428571428571427
23569,0,0,8974,-15.137684106826782,-11.009793758392334,0.21428571428571427
23570,0,0,8973,-15.137684106826782,-11.009793758392334,0.21428571428571427
23571,0,0,8972,-15.137684106826782,-11.009793758392334,0.21428571428571427
23572,0,0,8971,-15.137684106826782,-11.009793758392334,0.21428571428571427
23573,0,0,8970,-15.137684106826782,-11.009793758392334,0.21428571428571427
23574,0,0,8969,-15.137684106826782,-11.009793758392334,0.21428571428571427
23575,0,0,8967,-15.137684106826782,-11.009793758392334,0.21428571428571427
23576,0,0,8943,-15.137684106826782,-11.009793758392334,0.21428571428571427
23577,0,0,8942,-15.137684106826782,-11.009793758392334,0.21428571428571427
23578,0,0,8941,-15.137684106826782,-11.009793758392334,0.21428571428571427
23579,0,0,8916,-15.137684106826782,-11.009793758392334,0.21428571428571427
23580,0,0,8915,-15.137684106826782,-11.009793758392334,0.21428571428571427
23581,0,0,8914,-15.137684106826782,-11.009793758392334,0.21428571428571427
23582,0,0,8913,-15.137684106826782,-11.009793758392334,0.21428571428571427
23583,0,0,8912,-15.137684106826782,-11.009793758392334,0.21428571428571427
23584,0,0,8911,-15.137684106826782,-11.009793758392334,0.21428571428571427
23585,0,0,8910,-15.137684106826782,-11.009793758392334,0.21428571428571427
23586,0,0,8909,-15.137684106826782,-11.009793758392334,0.21428571428571427
23587,0,0,8908,-15.137684106826782,-11.009793758392334,0.21428571428571427
23588,0,0,8907,-15.137684106826782,-11.009793758392334,0.21428571428571427
23589,0,0,8906,-15.137684106826782,-11.009793758392334,0.21428571428571427
23590,0,0,8905,-15.137684106826782,-11.009793758392334,0.21428571428571427
23591,0,0,8904,-15.137684106826782,-11.009793758392334,0.21428571428571427
23592,0,0,8903,-15.137684106826782,-11.009793758392334,0.21428571428571427
23593,0,0,8902,-15.137684106826782,-11.009793758392334,0.21428571428571427
23594,0,0,8901,-15.137684106826782,-11.009793758392334,0.21428571428571427
23595,0,0,8900,-15.137684106826782,-11.009793758392334,0.21428571428571427
23596,0,0,8899,-15.137684106826782,-11.009793758392334,0.21428571428571427
23597,0,0,8898,-15.137684106826782,-11.009793758392334,0.21428571428571427
23598,0,0,8897,-15.137684106826782,-11.009793758392334,0.21428571428571427
23599,0,0,8896,-15.137684106826782,-11.009793758392334,0.21428571428571427
23600,0,0,8917,-15.137684106826782,-11.009793758392334,0.21428571428571427
23601,0,0,8918,-15.137684106826782,-11.009793758392334,0.21428571428571427
23602,0,0,8919,-15.137684106826782,-11.009793758392334,0.21428571428571427
23603,0,0,8931,-15.137684106826782,-11.009793758392334,0.21428571428571427
23604,0,0,8940,-15.137684106826782,-11.009793758392334,0.21428571428571427
23605,0,0,8939,-15.137684106826782,-11.009793758392334,0.21428571428571427
23606,0,0,8938,-15.137684106826782,-11.009793758392334,0.21428571428571427
23607,0,0,8937,-15.137684106826782,-11.009793758392334,0.21428571428571427
23608,0,0,8936,-15.137684106826782,-11.009793758392334,0.21428571428571427
23609,0,0,8935,-15.137684106826782,-11.009793758392334,0.21428571428571427
23610,0,0,8934,-15.137684106826782,-11.009793758392334,0.21428571428571427
23611,0,0,8933,-15.137684106826782,-11.009793758392334,0.21428571428571427
23612,0,0,8932,-15.137684106826782,-11.009793758392334,0.21428571428571427
23613,0,0,8930,-15.137684106826782,-11.009793758392334,0.21428571428571427
23614,0,0,8920,-15.137684106826782,-11.009793758392334,0.21428571428571427
23615,0,0,8929,-15.137684106826782,-11.009793758392334,0.21428571428571427
23616,0,0,8928,-15.137684106826782,-11.009793758392334,0.21428571428571427
23617,0,0,8927,-15.137684106826782,-11.009793758392334,0.21428571428571427
23618,0,0,8926,-15.137684106826782,-11.009793758392334,0.21428571428571427
23619,0,0,8925,-15.137684106826782,-11.009793758392334,0.21428571428571427
23620,0,0,8924,-15.137684106826782,-11.009793758392334,0.21428571428571427
23621,0,0,8923,-15.137684106826782,-11.009793758392334,0.21428571428571427
23622,0,0,8922,-15.137684106826782,-11.009793758392334,0.21428571428571427
23623,0,0,8921,-15.137684106826782,-11.009793758392334,0.21428571428571427
23624,0,0,8845,-15.137684106826782,-11.009793758392334,0.21428571428571427
23625,0,0,8796,-15.137684106826782,-11.009793758392334,0.21428571428571427
23626,0,0,8795,-15.137684106826782,-11.009793758392334,0.21428571428571427
23627,0,0,8794,-15.137684106826782,-11.009793758392334,0.21428571428571427
23628,0,0,8671,-15.137684106826782,-11.009793758392334,0.21428571428571427
23629,0,0,8670,-15.137684106826782,-11.009793758392334,0.21428571428571427
23630,0,0,8669,-15.137684106826782,-11.009793758392334,0.21428571428571427
23631,0,0,8668,-15.137684106826782,-11.009793758392334,0.21428571428571427
23632,0,0,8667,-15.137684106826782,-11.009793758392334,0.21428571428571427
23633,0,0,8666,-15.137684106826782,-11.009793758392334,0.21428571428571427
23634,0,0,8665,-15.137684106826782,-11.009793758392334,0.21428571428571427
23635,0,0,8664,-15.137684106826782,-11.009793758392334,0.21428571428571427
23636,0,0,8663,-15.137684106826782,-11.009793758392334,0.21428571428571427
23637,0,0,8662,-15.137684106826782,-11.009793758392334,0.21428571428571427
23638,0,0,8661,-15.137684106826782,-11.009793758392334,0.21428571428571427
23639,0,0,8660,-15.137684106826782,-11.009793758392334,0.21428571428571427
23640,0,0,8659,-15.137684106826782,-11.009793758392334,0.21428571428571427
23641,0,0,8658,-15.137684106826782,-11.009793758392334,0.21428571428571427
23642,0,0,8657,-15.137684106826782,-11.009793758392334,0.21428571428571427
23643,0,0,8656,-15.137684106826782,-11.009793758392334,0.21428571428571427
23644,0,0,8655,-15.137684106826782,-11.009793758392334,0.21428571428571427
23645,0,0,8654,-15.137684106826782,-11.009793758392334,0.21428571428571427
23646,0,0,8653,-15.137684106826782,-11.009793758392334,0.21428571428571427
23647,0,0,8652,-15.137684106826782,-11.009793758392334,0.21428571428571427
23648,0,0,8651,-15.137684106826782,-11.009793758392334,0.21428571428571427
23649,0,0,8672,-15.137684106826782,-11.009793758392334,0.21428571428571427
23650,0,0,8673,-15.137684106826782,-11.009793758392334,0.21428571428571427
23651,0,0,8674,-15.137684106826782,-11.009793758392334,0.21428571428571427
23652,0,0,8686,-15.137684106826782,-11.009793758392334,0.21428571428571427
23653,0,0,8695,-15.137684106826782,-11.009793758392334,0.21428571428571427
23654,0,0,8694,-15.137684106826782,-11.009793758392334,0.21428571428571427
23655,0,0,8693,-15.137684106826782,-11.009793758392334,0.21428571428571427
23656,0,0,8692,-15.137684106826782,-11.009793758392334,0.21428571428571427
23657,0,0,8691,-15.137684106826782,-11.009793758392334,0.21428571428571427
23658,0,0,8690,-15.137684106826782,-11.009793758392334,0.21428571428571427
23659,0,0,8689,-15.137684106826782,-11.009793758392334,0.21428571428571427
23660,0,0,8688,-15.137684106826782,-11.009793758392334,0.21428571428571427
23661,0,0,8687,-15.137684106826782,-11.009793758392334,0.21428571428571427
23662,0,0,8685,-15.137684106826782,-11.009793758392334,0.21428571428571427
23663,0,0,8675,-15.137684106826782,-11.009793758392334,0.21428571428571427
23664,0,0,8684,-15.137684106826782,-11.009793758392334,0.21428571428571427
23665,0,0,8683,-15.137684106826782,-11.009793758392334,0.21428571428571427
23666,0,0,8682,-15.137684106826782,-11.009793758392334,0.21428571428571427
23667,0,0,8681,-15.137684106826782,-11.009793758392334,0.21428571428571427
23668,0,0,8680,-15.137684106826782,-11.009793758392334,0.21428571428571427
23669,0,0,8679,-15.137684106826782,-11.009793758392334,0.21428571428571427
23670,0,0,8678,-15.137684106826782,-11.009793758392334,0.21428571428571427
23671,0,0,8677,-15.137684106826782,-11.009793758392334,0.21428571428571427
23672,0,0,8676,-15.137684106826782,-11.009793758392334,0.21428571428571427
23673,0,0,8650,-15.137684106826782,-11.009793758392334,0.21428571428571427
23674,0,0,8648,-15.137684106826782,-11.009793758392334,0.21428571428571427
23675,0,0,8601,-15.137684106826782,-11.009793758392334,0.21428571428571427
23676,0,0,8647,-15.137684106826782,-11.009793758392334,0.21428571428571427
23677,0,0,8622,-15.137684106826782,-11.009793758392334,0.21428571428571427
23678,0,0,8621,-15.137684106826782,-11.009793758392334,0.21428571428571427
23679,0,0,8620,-15.137684106826782,-11.009793758392334,0.21428571428571427
23680,0,0,8619,-15.137684106826782,-11.009793758392334,0.21428571428571427
23681,0,0,8618,-15.137684106826782,-11.009793758392334,0.21428571428571427
23682,0,0,8617,-15.137684106826782,-11.009793758392334,0.21428571428571427
23683,0,0,8616,-15.137684106826782,-11.009793758392334,0.21428571428571427
23684,0,0,8615,-15.137684106826782,-11.009793758392334,0.21428571428571427
23685,0,0,8614,-15.137684106826782,-11.009793758392334,0.21428571428571427
23686,0,0,8613,-15.137684106826782,-11.009793758392334,0.21428571428571427
23687,0,0,8612,-15.137684106826782,-11.009793758392334,0.21428571428571427
23688,0,0,8611,-15.137684106826782,-11.009793758392334,0.21428571428571427
23689,0,0,8610,-15.137684106826782,-11.009793758392334,0.21428571428571427
23690,0,0,8609,-15.137684106826782,-11.009793758392334,0.21428571428571427
23691,0,0,8608,-15.137684106826782,-11.009793758392334,0.21428571428571427
23692,0,0,8607,-15.137684106826782,-11.009793758392334,0.21428571428571427
23693,0,0,8606,-15.137684106826782,-11.009793758392334,0.21428571428571427
23694,0,0,8605,-15.137684106826782,-11.009793758392334,0.21428571428571427
23695,0,0,8604,-15.137684106826782,-11.009793758392334,0.21428571428571427
23696,0,0,8603,-15.137684106826782,-11.009793758392334,0.21428571428571427
23697,0,0,8602,-15.137684106826782,-11.009793758392334,0.21428571428571427
23698,0,0,8623,-15.137684106826782,-11.009793758392334,0.21428571428571427
23699,0,0,8624,-15.137684106826782,-11.009793758392334,0.21428571428571427
23700,0,0,8625,-15.137684106826782,-11.009793758392334,0.21428571428571427
23701,0,0,8637,-15.137684106826782,-11.009793758392334,0.21428571428571427
23702,0,0,8646,-15.137684106826782,-11.009793758392334,0.21428571428571427
23703,0,0,8645,-15.137684106826782,-11.009793758392334,0.21428571428571427
23704,0,0,8644,-15.137684106826782,-11.009793758392334,0.21428571428571427
23705,0,0,8643,-15.137684106826782,-11.009793758392334,0.21428571428571427
23706,0,0,8642,-15.137684106826782,-11.009793758392334,0.21428571428571427
23707,0,0,8641,-15.137684106826782,-11.009793758392334,0.21428571428571427
23708,0,0,8640,-15.137684106826782,-11.009793758392334,0.21428571428571427
23709,0,0,8639,-15.137684106826782,-11.009793758392334,0.21428571428571427
23710,0,0,8638,-15.137684106826782,-11.009793758392334,0.21428571428571427
23711,0,0,8636,-15.137684106826782,-11.009793758392334,0.21428571428571427
23712,0,0,8626,-15.137684106826782,-11.009793758392334,0.21428571428571427
23713,0,0,8635,-15.137684106826782,-11.009793758392334,0.21428571428571427
23714,0,0,8634,-15.137684106826782,-11.009793758392334,0.21428571428571427
23715,0,0,8633,-15.137684106826782,-11.009793758392334,0.21428571428571427
23716,0,0,8632,-15.137684106826782,-11.009793758392334,0.21428571428571427
23717,0,0,8631,-15.137684106826782,-11.009793758392334,0.21428571428571427
23718,0,0,8630,-15.137684106826782,-11.009793758392334,0.21428571428571427
23719,0,0,8629,-15.137684106826782,-11.009793758392334,0.21428571428571427
23720,0,0,8628,-15.137684106826782,-11.009793758392334,0.21428571428571427
23721,0,0,8627,-15.137684106826782,-11.009793758392334,0.21428571428571427
23722,0,0,8696,-15.137684106826782,-11.009793758392334,0.21428571428571427
23723,0,0,8649,-15.137684106826782,-11.009793758392334,0.21428571428571427
23724,0,0,8697,-15.137684106826782,-11.009793758392334,0.21428571428571427
23725,0,0,8747,-15.137684106826782,-11.009793758392334,0.21428571428571427
23726,0,0,8769,-15.137684106826782,-11.009793758392334,0.21428571428571427
23727,0,0,8768,-15.137684106826782,-11.009793758392334,0.21428571428571427
23728,0,0,8767,-15.137684106826782,-11.009793758392334,0.21428571428571427
23729,0,0,8766,-15.137684106826782,-11.009793758392334,0.21428571428571427
23730,0,0,8765,-15.137684106826782,-11.009793758392334,0.21428571428571427
23731,0,0,8764,-15.137684106826782,-11.009793758392334,0.21428571428571427
23732,0,0,8763,-15.137684106826782,-11.009793758392334,0.21428571428571427
23733,0,0,8762,-15.137684106826782,-11.009793758392334,0.21428571428571427
23734,0,0,8761,-15.137684106826782,-11.009793758392334,0.21428571428571427
23735,0,0,8760,-15.137684106826782,-11.009793758392334,0.21428571428571427
23736,0,0,8759,-15.137684106826782,-11.009793758392334,0.21428571428571427
23737,0,0,8758,-15.137684106826782,-11.009793758392334,0.21428571428571427
23738,0,0,8757,-15.137684106826782,-11.009793758392334,0.21428571428571427
23739,0,0,8756,-15.137684106826782,-11.009793758392334,0.21428571428571427
23740,0,0,8755,-15.137684106826782,-11.009793758392334,0.21428571428571427
23741,0,0,8754,-15.137684106826782,-11.009793758392334,0.21428571428571427
23742,0,0,8753,-15.137684106826782,-11.009793758392334,0.21428571428571427
23743,0,0,8752,-15.137684106826782,-11.009793758392334,0.21428571428571427
23744,0,0,8751,-15.137684106826782,-11.009793758392334,0.21428571428571427
23745,0,0,8750,-15.137684106826782,-11.009793758392334,0.21428571428571427
23746,0,0,8749,-15.137684106826782,-11.009793758392334,0.21428571428571427
23747,0,0,8770,-15.137684106826782,-11.009793758392334,0.21428571428571427
23748,0,0,8771,-15.137684106826782,-11.009793758392334,0.21428571428571427
23749,0,0,8772,-15.137684106826782,-11.009793758392334,0.21428571428571427
23750,0,0,8784,-15.137684106826782,-11.009793758392334,0.21428571428571427
23751,0,0,8793,-15.137684106826782,-11.009793758392334,0.21428571428571427
23752,0,0,8792,-15.137684106826782,-11.009793758392334,0.21428571428571427
23753,0,0,8791,-15.137684106826782,-11.009793758392334,0.21428571428571427
23754,0,0,8790,-15.137684106826782,-11.009793758392334,0.21428571428571427
23755,0,0,8789,-15.137684106826782,-11.009793758392334,0.21428571428571427
23756,0,0,8788,-15.137684106826782,-11.009793758392334,0.21428571428571427
23757,0,0,8787,-15.137684106826782,-11.009793758392334,0.21428571428571427
23758,0,0,8786,-15.137684106826782,-11.009793758392334,0.21428571428571427
23759,0,0,8785,-15.137684106826782,-11.009793758392334,0.21428571428571427
23760,0,0,8783,-15.137684106826782,-11.009793758392334,0.21428571428571427
23761,0,0,8773,-15.137684106826782,-11.009793758392334,0.21428571428571427
23762,0,0,8782,-15.137684106826782,-11.009793758392334,0.21428571428571427
23763,0,0,8781,-15.137684106826782,-11.009793758392334,0.21428571428571427
23764,0,0,8780,-15.137684106826782,-11.009793758392334,0.21428571428571427
23765,0,0,8779,-15.137684106826782,-11.009793758392334,0.21428571428571427
23766,0,0,8778,-15.137684106826782,-11.009793758392334,0.21428571428571427
23767,0,0,8777,-15.137684106826782,-11.009793758392334,0.21428571428571427
23768,0,0,8776,-15.137684106826782,-11.009793758392334,0.21428571428571427
23769,0,0,8775,-15.137684106826782,-11.009793758392334,0.21428571428571427
23770,0,0,8774,-15.137684106826782,-11.009793758392334,0.21428571428571427
23771,0,0,8748,-15.137684106826782,-11.009793758392334,0.21428571428571427
23772,0,0,8746,-15.137684106826782,-11.009793758392334,0.21428571428571427
23773,0,0,8699,-15.137684106826782,-11.009793758392334,0.21428571428571427
23774,0,0,8745,-15.137684106826782,-11.009793758392334,0.21428571428571427
23775,0,0,8720,-15.137684106826782,-11.009793758392334,0.21428571428571427
23776,0,0,8719,-15.137684106826782,-11.009793758392334,0.21428571428571427
23777,0,0,8718,-15.137684106826782,-11.009793758392334,0.21428571428571427
23778,0,0,8717,-15.137684106826782,-11.009793758392334,0.21428571428571427
23779,0,0,8716,-15.137684106826782,-11.009793758392334,0.21428571428571427
23780,0,0,8715,-15.137684106826782,-11.009793758392334,0.21428571428571427
23781,0,0,8714,-15.137684106826782,-11.009793758392334,0.21428571428571427
23782,0,0,8713,-15.137684106826782,-11.009793758392334,0.21428571428571427
23783,0,0,8712,-15.137684106826782,-11.009793758392334,0.21428571428571427
23784,0,0,8711,-15.137684106826782,-11.009793758392334,0.21428571428571427
23785,0,0,8710,-15.137684106826782,-11.009793758392334,0.21428571428571427
23786,0,0,8709,-15.137684106826782,-11.009793758392334,0.21428571428571427
23787,0,0,8708,-15.137684106826782,-11.009793758392334,0.21428571428571427
23788,0,0,8707,-15.137684106826782,-11.009793758392334,0.21428571428571427
23789,0,0,8706,-15.137684106826782,-11.009793758392334,0.21428571428571427
23790,0,0,8705,-15.137684106826782,-11.009793758392334,0.21428571428571427
23791,0,0,8704,-15.137684106826782,-11.009793758392334,0.21428571428571427
23792,0,0,8703,-15.137684106826782,-11.009793758392334,0.21428571428571427
23793,0,0,8702,-15.137684106826782,-11.009793758392334,0.21428571428571427
23794,0,0,8701,-15.137684106826782,-11.009793758392334,0.21428571428571427
23795,0,0,8700,-15.137684106826782,-11.009793758392334,0.21428571428571427
23796,0,0,8721,-15.137684106826782,-11.009793758392334,0.21428571428571427
23797,0,0,8722,-15.137684106826782,-11.009793758392334,0.21428571428571427
23798,0,0,8723,-15.137684106826782,-11.009793758392334,0.21428571428571427
23799,0,0,8735,-15.137684106826782,-11.009793758392334,0.21428571428571427
23800,0,0,8744,-15.137684106826782,-11.009793758392334,0.21428571428571427
23801,0,0,8743,-15.137684106826782,-11.009793758392334,0.21428571428571427
23802,0,0,8742,-15.137684106826782,-11.009793758392334,0.21428571428571427
23803,0,0,8741,-15.137684106826782,-11.009793758392334,0.21428571428571427
23804,0,0,8740,-15.137684106826782,-11.009793758392334,0.21428571428571427
23805,0,0,8739,-15.137684106826782,-11.009793758392334,0.21428571428571427
23806,0,0,8738,-15.137684106826782,-11.009793758392334,0.21428571428571427
23807,0,0,8737,-15.137684106826782,-11.009793758392334,0.21428571428571427
23808,0,0,8736,-15.137684106826782,-11.009793758392334,0.21428571428571427
23809,0,0,8734,-15.137684106826782,-11.009793758392334,0.21428571428571427
23810,0,0,8724,-15.137684106826782,-11.009793758392334,0.21428571428571427
23811,0,0,8733,-15.137684106826782,-11.009793758392334,0.21428571428571427
23812,0,0,8732,-15.137684106826782,-11.009793758392334,0.21428571428571427
23813,0,0,8731,-15.137684106826782,-11.009793758392334,0.21428571428571427
23814,0,0,8730,-15.137684106826782,-11.009793758392334,0.21428571428571427
23815,0,0,8729,-15.137684106826782,-11.009793758392334,0.21428571428571427
23816,0,0,8728,-15.137684106826782,-11.009793758392334,0.21428571428571427
23817,0,0,8727,-15.137684106826782,-11.009793758392334,0.21428571428571427
23818,0,0,8726,-15.137684106826782,-11.009793758392334,0.21428571428571427
23819,0,0,8725,-15.137684106826782,-11.009793758392334,0.21428571428571427
23820,0,0,8989,-15.137684106826782,-11.009793758392334,0.21428571428571427
23821,0,0,8990,-15.137684106826782,-11.009793758392334,0.21428571428571427
23822,0,0,8991,-15.137684106826782,-11.009793758392334,0.21428571428571427
23823,0,0,9186,-15.137684106826782,-11.009793758392334,0.21428571428571427
23824,0,0,9257,-15.137684106826782,-11.009793758392334,0.21428571428571427
23825,0,0,9256,-15.137684106826782,-11.009793758392334,0.21428571428571427
23826,0,0,9255,-15.137684106826782,-11.009793758392334,0.21428571428571427
23827,0,0,9254,-15.137684106826782,-11.009793758392334,0.21428571428571427
23828,0,0,9253,-15.137684106826782,-11.009793758392334,0.21428571428571427
23829,0,0,9252,-15.137684106826782,-11.009793758392334,0.21428571428571427
23830,0,0,9251,-15.137684106826782,-11.009793758392334,0.21428571428571427
23831,0,0,9250,-15.137684106826782,-11.009793758392334,0.21428571428571427
23832,0,0,9249,-15.137684106826782,-11.009793758392334,0.21428571428571427
23833,0,0,9248,-15.137684106826782,-11.009793758392334,0.21428571428571427
23834,0,0,9247,-15.137684106826782,-11.009793758392334,0.21428571428571427
23835,0,0,9246,-15.137684106826782,-11.009793758392334,0.21428571428571427
23836,0,0,9245,-15.137684106826782,-11.009793758392334,0.21428571428571427
23837,0,0,9244,-15.137684106826782,-11.009793758392334,0.21428571428571427
23838,0,0,9243,-15.137684106826782,-11.009793758392334,0.21428571428571427
23839,0,0,9242,-15.137684106826782,-11.009793758392334,0.21428571428571427
23840,0,0,9241,-15.137684106826782,-11.009793758392334,0.21428571428571427
23841,0,0,9240,-15.137684106826782,-11.009793758392334,0.21428571428571427
23842,0,0,9239,-15.137684106826782,-11.009793758392334,0.21428571428571427
23843,0,0,9238,-15.137684106826782,-11.009793758392334,0.21428571428571427
23844,0,0,9237,-15.137684106826782,-11.009793758392334,0.21428571428571427
23845,0,0,9258,-15.137684106826782,-11.009793758392334,0.21428571428571427
23846,0,0,9259,-15.137684106826782,-11.009793758392334,0.21428571428571427
23847,0,0,9260,-15.137684106826782,-11.009793758392334,0.21428571428571427
23848,0,0,9272,-15.137684106826782,-11.009793758392334,0.21428571428571427
23849,0,0,9281,-15.137684106826782,-11.009793758392334,0.21428571428571427
23850,0,0,9280,-15.137684106826782,-11.009793758392334,0.21428571428571427
23851,0,0,9279,-15.137684106826782,-11.009793758392334,0.21428571428571427
23852,0,0,9278,-15.137684106826782,-11.009793758392334,0.21428571428571427
23853,0,0,9277,-15.137684106826782,-11.009793758392334,0.21428571428571427
23854,0,0,9276,-15.137684106826782,-11.009793758392334,0.21428571428571427
23855,0,0,9275,-15.137684106826782,-11.009793758392334,0.21428571428571427
23856,0,0,9274,-15.137684106826782,-11.009793758392334,0.21428571428571427
23857,0,0,9273,-15.137684106826782,-11.009793758392334,0.21428571428571427
23858,0,0,9271,-15.137684106826782,-11.009793758392334,0.21428571428571427
23859,0,0,9261,-15.137684106826782,-11.009793758392334,0.21428571428571427
23860,0,0,9270,-15.137684106826782,-11.009793758392334,0.21428571428571427
23861,0,0,9269,-15.137684106826782,-11.009793758392334,0.21428571428571427
23862,0,0,9268,-15.137684106826782,-11.009793758392334,0.21428571428571427
23863,0,0,9267,-15.137684106826782,-11.009793758392334,0.21428571428571427
23864,0,0,9266,-15.137684106826782,-11.009793758392334,0.21428571428571427
23865,0,0,9265,-15.137684106826782,-11.009793758392334,0.21428571428571427
23866,0,0,9264,-15.137684106826782,-11.009793758392334,0.21428571428571427
23867,0,0,9263,-15.137684106826782,-11.009793758392334,0.21428571428571427
23868,0,0,9262,-15.137684106826782,-11.009793758392334,0.21428571428571427
23869,0,0,9236,-15.137684106826782,-11.009793758392334,0.21428571428571427
23870,0,0,9234,-15.137684106826782,-11.009793758392334,0.21428571428571427
23871,0,0,9187,-15.137684106826782,-11.009793758392334,0.21428571428571427
23872,0,0,9233,-15.137684106826782,-11.009793758392334,0.21428571428571427
23873,0,0,9208,-15.137684106826782,-11.009793758392334,0.21428571428571427
23874,0,0,9207,-15.137684106826782,-11.009793758392334,0.21428571428571427
23875,0,0,9206,-15.137684106826782,-11.009793758392334,0.21428571428571427
23876,0,0,9205,-15.137684106826782,-11.009793758392334,0.21428571428571427
23877,0,0,9204,-15.137684106826782,-11.009793758392334,0.21428571428571427
23878,0,0,9203,-15.137684106826782,-11.009793758392334,0.21428571428571427
23879,0,0,9202,-15.137684106826782,-11.009793758392334,0.21428571428571427
23880,0,0,9201,-15.137684106826782,-11.009793758392334,0.21428571428571427
23881,0,0,9200,-15.137684106826782,-11.009793758392334,0.21428571428571427
23882,0,0,9199,-15.137684106826782,-11.009793758392334,0.21428571428571427
23883,0,0,9198,-15.137684106826782,-11.009793758392334,0.21428571428571427
23884,0,0,9197,-15.137684106826782,-11.009793758392334,0.21428571428571427
23885,0,0,9196,-15.137684106826782,-11.009793758392334,0.21428571428571427
23886,0,0,9195,-15.137684106826782,-11.009793758392334,0.21428571428571427
23887,0,0,9194,-15.137684106826782,-11.009793758392334,0.21428571428571427
23888,0,0,9193,-15.137684106826782,-11.009793758392334,0.21428571428571427
23889,0,0,9192,-15.137684106826782,-11.009793758392334,0.21428571428571427
23890,0,0,9191,-15.137684106826782,-11.009793758392334,0.21428571428571427
23891,0,0,9190,-15.137684106826782,-11.009793758392334,0.21428571428571427
23892,0,0,9189,-15.137684106826782,-11.009793758392334,0.21428571428571427
23893,0,0,9188,-15.137684106826782,-11.009793758392334,0.21428571428571427
23894,0,0,9209,-15.137684106826782,-11.009793758392334,0.21428571428571427
23895,0,0,9210,-15.137684106826782,-11.009793758392334,0.21428571428571427
23896,0,0,9211,-15.137684106826782,-11.009793758392334,0.21428571428571427
23897,0,0,9223,-15.137684106826782,-11.009793758392334,0.21428571428571427
23898,0,0,9232,-15.137684106826782,-11.009793758392334,0.21428571428571427
23899,0,0,9231,-15.137684106826782,-11.009793758392334,0.21428571428571427
23900,0,0,9230,-15.137684106826782,-11.009793758392334,0.21428571428571427
23901,0,0,9229,-15.137684106826782,-11.009793758392334,0.21428571428571427
23902,0,0,9228,-15.137684106826782,-11.009793758392334,0.21428571428571427
23903,0,0,9227,-15.137684106826782,-11.009793758392334,0.21428571428571427
23904,0,0,9226,-15.137684106826782,-11.009793758392334,0.21428571428571427
23905,0,0,9225,-15.137684106826782,-11.009793758392334,0.21428571428571427
23906,0,0,9224,-15.137684106826782,-11.009793758392334,0.21428571428571427
23907,0,0,9222,-15.137684106826782,-11.009793758392334,0.21428571428571427
23908,0,0,9212,-15.137684106826782,-11.009793758392334,0.21428571428571427
23909,0,0,9221,-15.137684106826782,-11.009793758392334,0.21428571428571427
23910,0,0,9220,-15.137684106826782,-11.009793758392334,0.21428571428571427
23911,0,0,9219,-15.137684106826782,-11.009793758392334,0.21428571428571427
23912,0,0,9218,-15.137684106826782,-11.009793758392334,0.21428571428571427
23913,0,0,9217,-15.137684106826782,-11.009793758392334,0.21428571428571427
23914,0,0,9216,-15.137684106826782,-11.009793758392334,0.21428571428571427
23915,0,0,9215,-15.137684106826782,-11.009793758392334,0.21428571428571427
23916,0,0,9214,-15.137684106826782,-11.009793758392334,0.21428571428571427
23917,0,0,9213,-15.137684106826782,-11.009793758392334,0.21428571428571427
23918,0,0,9282,-15.137684106826782,-11.009793758392334,0.21428571428571427
23919,0,0,9283,-15.137684106826782,-11.009793758392334,0.21428571428571427
23920,0,0,9284,-15.137684106826782,-11.009793758392334,0.21428571428571427
23921,0,0,9285,-15.137684106826782,-11.009793758392334,0.21428571428571427
23922,0,0,9354,-15.137684106826782,-11.009793758392334,0.21428571428571427
23923,0,0,9353,-15.137684106826782,-11.009793758392334,0.21428571428571427
23924,0,0,9352,-15.137684106826782,-11.009793758392334,0.21428571428571427
23925,0,0,9351,-15.137684106826782,-11.009793758392334,0.21428571428571427
23926,0,0,9350,-15.137684106826782,-11.009793758392334,0.21428571428571427
23927,0,0,9349,-15.137684106826782,-11.009793758392334,0.21428571428571427
23928,0,0,9348,-15.137684106826782,-11.009793758392334,0.21428571428571427
23929,0,0,9347,-15.137684106826782,-11.009793758392334,0.21428571428571427
23930,0,0,9346,-15.137684106826782,-11.009793758392334,0.21428571428571427
23931,0,0,9344,-15.137684106826782,-11.009793758392334,0.21428571428571427
23932,0,0,9334,-15.137684106826782,-11.009793758392334,0.21428571428571427
23933,0,0,9343,-15.137684106826782,-11.009793758392334,0.21428571428571427
23934,0,0,9342,-15.137684106826782,-11.009793758392334,0.21428571428571427
23935,0,0,9341,-15.137684106826782,-11.009793758392334,0.21428571428571427
23936,0,0,9340,-15.137684106826782,-11.009793758392334,0.21428571428571427
23937,0,0,9339,-15.137684106826782,-11.009793758392334,0.21428571428571427
23938,0,0,9338,-15.137684106826782,-11.009793758392334,0.21428571428571427
23939,0,0,9337,-15.137684106826782,-11.009793758392334,0.21428571428571427
23940,0,0,9336,-15.137684106826782,-11.009793758392334,0.21428571428571427
23941,0,0,9335,-15.137684106826782,-11.009793758392334,0.21428571428571427
23942,0,0,9355,-15.137684106826782,-11.009793758392334,0.21428571428571427
23943,0,0,9345,-15.137684106826782,-11.009793758392334,0.21428571428571427
23944,0,0,9356,-15.137684106826782,-11.009793758392334,0.21428571428571427
23945,0,0,9369,-15.137684106826782,-11.009793758392334,0.21428571428571427
23946,0,0,9378,-15.137684106826782,-11.009793758392334,0.21428571428571427
23947,0,0,9377,-15.137684106826782,-11.009793758392334,0.21428571428571427
23948,0,0,9376,-15.137684106826782,-11.009793758392334,0.21428571428571427
23949,0,0,9375,-15.137684106826782,-11.009793758392334,0.21428571428571427
23950,0,0,9374,-15.137684106826782,-11.009793758392334,0.21428571428571427
23951,0,0,9373,-15.137684106826782,-11.009793758392334,0.21428571428571427
23952,0,0,9372,-15.137684106826782,-11.009793758392334,0.21428571428571427
23953,0,0,9371,-15.137684106826782,-11.009793758392334,0.21428571428571427
23954,0,0,9370,-15.137684106826782,-11.009793758392334,0.21428571428571427
23955,0,0,9368,-15.137684106826782,-11.009793758392334,0.21428571428571427
23956,0,0,9358,-15.137684106826782,-11.009793758392334,0.21428571428571427
23957,0,0,9367,-15.137684106826782,-11.009793758392334,0.21428571428571427
23958,0,0,9366,-15.137684106826782,-11.009793758392334,0.21428571428571427
23959,0,0,9365,-15.137684106826782,-11.009793758392334,0.21428571428571427
23960,0,0,9364,-15.137684106826782,-11.009793758392334,0.21428571428571427
23961,0,0,9363,-15.137684106826782,-11.009793758392334,0.21428571428571427
23962,0,0,9362,-15.137684106826782,-11.009793758392334,0.21428571428571427
23963,0,0,9361,-15.137684106826782,-11.009793758392334,0.21428571428571427
23964,0,0,9360,-15.137684106826782,-11.009793758392334,0.21428571428571427
23965,0,0,9359,-15.137684106826782,-11.009793758392334,0.21428571428571427
23966,0,0,9357,-15.137684106826782,-11.009793758392334,0.21428571428571427
23967,0,0,9333,-15.137684106826782,-11.009793758392334,0.21428571428571427
23968,0,0,9332,-15.137684106826782,-11.009793758392334,0.21428571428571427
23969,0,0,9331,-15.137684106826782,-11.009793758392334,0.21428571428571427
23970,0,0,9306,-15.137684106826782,-11.009793758392334,0.21428571428571427
23971,0,0,9305,-15.137684106826782,-11.009793758392334,0.21428571428571427
23972,0,0,9304,-15.137684106826782,-11.009793758392334,0.21428571428571427
23973,0,0,9303,-15.137684106826782,-11.009793758392334,0.21428571428571427
23974,0,0,9302,-15.137684106826782,-11.009793758392334,0.21428571428571427
23975,0,0,9301,-15.137684106826782,-11.009793758392334,0.21428571428571427
23976,0,0,9300,-15.137684106826782,-11.009793758392334,0.21428571428571427
23977,0,0,9299,-15.137684106826782,-11.009793758392334,0.21428571428571427
23978,0,0,9298,-15.137684106826782,-11.009793758392334,0.21428571428571427
23979,0,0,9297,-15.137684106826782,-11.009793758392334,0.21428571428571427
23980,0,0,9296,-15.137684106826782,-11.009793758392334,0.21428571428571427
23981,0,0,9295,-15.137684106826782,-11.009793758392334,0.21428571428571427
23982,0,0,9294,-15.137684106826782,-11.009793758392334,0.21428571428571427
23983,0,0,9293,-15.137684106826782,-11.009793758392334,0.21428571428571427
23984,0,0,9292,-15.137684106826782,-11.009793758392334,0.21428571428571427
23985,0,0,9291,-15.137684106826782,-11.009793758392334,0.21428571428571427
23986,0,0,9290,-15.137684106826782,-11.009793758392334,0.21428571428571427
23987,0,0,9289,-15.137684106826782,-11.009793758392334,0.21428571428571427
23988,0,0,9288,-15.137684106826782,-11.009793758392334,0.21428571428571427
23989,0,0,9287,-15.137684106826782,-11.009793758392334,0.21428571428571427
23990,0,0,9286,-15.137684106826782,-11.009793758392334,0.21428571428571427
23991,0,0,9307,-15.137684106826782,-11.009793758392334,0.21428571428571427
23992,0,0,9308,-15.137684106826782,-11.009793758392334,0.21428571428571427
23993,0,0,9309,-15.137684106826782,-11.009793758392334,0.21428571428571427
23994,0,0,9321,-15.137684106826782,-11.009793758392334,0.21428571428571427
23995,0,0,9330,-15.137684106826782,-11.009793758392334,0.21428571428571427
23996,0,0,9329,-15.137684106826782,-11.009793758392334,0.21428571428571427
23997,0,0,9328,-15.137684106826782,-11.009793758392334,0.21428571428571427
23998,0,0,9327,-15.137684106826782,-11.009793758392334,0.21428571428571427
23999,0,0,9326,-15.137684106826782,-11.009793758392334,0.21428571428571427
24000,0,0,9325,-15.137684106826782,-11.009793758392334,0.21428571428571427
24001,0,0,9324,-15.137684106826782,-11.009793758392334,0.21428571428571427
24002,0,0,9323,-15.137684106826782,-11.009793758392334,0.21428571428571427
24003,0,0,9322,-15.137684106826782,-11.009793758392334,0.21428571428571427
24004,0,0,9320,-15.137684106826782,-11.009793758392334,0.21428571428571427
24005,0,0,9310,-15.137684106826782,-11.009793758392334,0.21428571428571427
24006,0,0,9319,-15.137684106826782,-11.009793758392334,0.21428571428571427
24007,0,0,9318,-15.137684106826782,-11.009793758392334,0.21428571428571427
24008,0,0,9317,-15.137684106826782,-11.009793758392334,0.21428571428571427
24009,0,0,9316,-15.137684106826782,-11.009793758392334,0.21428571428571427
24010,0,0,9315,-15.137684106826782,-11.009793758392334,0.21428571428571427
24011,0,0,9314,-15.137684106826782,-11.009793758392334,0.21428571428571427
24012,0,0,9313,-15.137684106826782,-11.009793758392334,0.21428571428571427
24013,0,0,9312,-15.137684106826782,-11.009793758392334,0.21428571428571427
24014,0,0,9311,-15.137684106826782,-11.009793758392334,0.21428571428571427
24015,0,0,9235,-15.137684106826782,-11.009793758392334,0.21428571428571427
24016,0,0,9185,-15.137684106826782,-11.009793758392334,0.21428571428571427
24017,0,0,9040,-15.137684106826782,-11.009793758392334,0.21428571428571427
24018,0,0,9184,-15.137684106826782,-11.009793758392334,0.21428571428571427
24019,0,0,9062,-15.137684106826782,-11.009793758392334,0.21428571428571427
24020,0,0,9061,-15.137684106826782,-11.009793758392334,0.21428571428571427
24021,0,0,9060,-15.137684106826782,-11.009793758392334,0.21428571428571427
24022,0,0,9059,-15.137684106826782,-11.009793758392334,0.21428571428571427
24023,0,0,9058,-15.137684106826782,-11.009793758392334,0.21428571428571427
24024,0,0,9057,-15.137684106826782,-11.009793758392334,0.21428571428571427
24025,0,0,9056,-15.137684106826782,-11.009793758392334,0.21428571428571427
24026,0,0,9055,-15.137684106826782,-11.009793758392334,0.21428571428571427
24027,0,0,9054,-15.137684106826782,-11.009793758392334,0.21428571428571427
24028,0,0,9053,-15.137684106826782,-11.009793758392334,0.21428571428571427
24029,0,0,9052,-15.137684106826782,-11.009793758392334,0.21428571428571427
24030,0,0,9051,-15.137684106826782,-11.009793758392334,0.21428571428571427
24031,0,0,9050,-15.137684106826782,-11.009793758392334,0.21428571428571427
24032,0,0,9049,-15.137684106826782,-11.009793758392334,0.21428571428571427
24033,0,0,9048,-15.137684106826782,-11.009793758392334,0.21428571428571427
24034,0,0,9047,-15.137684106826782,-11.009793758392334,0.21428571428571427
24035,0,0,9046,-15.137684106826782,-11.009793758392334,0.21428571428571427
24036,0,0,9045,-15.137684106826782,-11.009793758392334,0.21428571428571427
24037,0,0,9044,-15.137684106826782,-11.009793758392334,0.21428571428571427
24038,0,0,9043,-15.137684106826782,-11.009793758392334,0.21428571428571427
24039,0,0,9042,-15.137684106826782,-11.009793758392334,0.21428571428571427
24040,0,0,9063,-15.137684106826782,-11.009793758392334,0.21428571428571427
24041,0,0,9064,-15.137684106826782,-11.009793758392334,0.21428571428571427
24042,0,0,9065,-15.137684106826782,-11.009793758392334,0.21428571428571427
24043,0,0,9077,-15.137684106826782,-11.009793758392334,0.21428571428571427
24044,0,0,9086,-15.137684106826782,-11.009793758392334,0.21428571428571427
24045,0,0,9085,-15.137684106826782,-11.009793758392334,0.21428571428571427
24046,0,0,9084,-15.137684106826782,-11.009793758392334,0.21428571428571427
24047,0,0,9083,-15.137684106826782,-11.009793758392334,0.21428571428571427
24048,0,0,9082,-15.137684106826782,-11.009793758392334,0.21428571428571427
24049,0,0,9081,-15.137684106826782,-11.009793758392334,0.21428571428571427
24050,0,0,9080,-15.137684106826782,-11.009793758392334,0.21428571428571427
24051,0,0,9079,-15.137684106826782,-11.009793758392334,0.21428571428571427
24052,0,0,9078,-15.137684106826782,-11.009793758392334,0.21428571428571427
24053,0,0,9076,-15.137684106826782,-11.009793758392334,0.21428571428571427
24054,0,0,9066,-15.137684106826782,-11.009793758392334,0.21428571428571427
24055,0,0,9075,-15.137684106826782,-11.009793758392334,0.21428571428571427
24056,0,0,9074,-15.137684106826782,-11.009793758392334,0.21428571428571427
24057,0,0,9073,-15.137684106826782,-11.009793758392334,0.21428571428571427
24058,0,0,9072,-15.137684106826782,-11.009793758392334,0.21428571428571427
24059,0,0,9071,-15.137684106826782,-11.009793758392334,0.21428571428571427
24060,0,0,9070,-15.137684106826782,-11.009793758392334,0.21428571428571427
24061,0,0,9069,-15.137684106826782,-11.009793758392334,0.21428571428571427
24062,0,0,9068,-15.137684106826782,-11.009793758392334,0.21428571428571427
24063,0,0,9067,-15.137684106826782,-11.009793758392334,0.21428571428571427
24064,0,0,9041,-15.137684106826782,-11.009793758392334,0.21428571428571427
24065,0,0,9039,-15.137684106826782,-11.009793758392334,0.21428571428571427
24066,0,0,8992,-15.137684106826782,-11.009793758392334,0.21428571428571427
24067,0,0,9038,-15.137684106826782,-11.009793758392334,0.21428571428571427
24068,0,0,9013,-15.137684106826782,-11.009793758392334,0.21428571428571427
24069,0,0,9012,-15.137684106826782,-11.009793758392334,0.21428571428571427
24070,0,0,9011,-15.137684106826782,-11.009793758392334,0.21428571428571427
24071,0,0,9010,-15.137684106826782,-11.009793758392334,0.21428571428571427
24072,0,0,9009,-15.137684106826782,-11.009793758392334,0.21428571428571427
24073,0,0,9008,-15.137684106826782,-11.009793758392334,0.21428571428571427
24074,0,0,9007,-15.137684106826782,-11.009793758392334,0.21428571428571427
24075,0,0,9006,-15.137684106826782,-11.009793758392334,0.21428571428571427
24076,0,0,9005,-15.137684106826782,-11.009793758392334,0.21428571428571427
24077,0,0,9004,-15.137684106826782,-11.009793758392334,0.21428571428571427
24078,0,0,9003,-15.137684106826782,-11.009793758392334,0.21428571428571427
24079,0,0,9002,-15.137684106826782,-11.009793758392334,0.21428571428571427
24080,0,0,9001,-15.137684106826782,-11.009793758392334,0.21428571428571427
24081,0,0,9000,-15.137684106826782,-11.009793758392334,0.21428571428571427
24082,0,0,8999,-15.137684106826782,-11.009793758392334,0.21428571428571427
24083,0,0,8998,-15.137684106826782,-11.009793758392334,0.21428571428571427
24084,0,0,8997,-15.137684106826782,-11.009793758392334,0.21428571428571427
24085,0,0,8996,-15.137684106826782,-11.009793758392334,0.21428571428571427
24086,0,0,8995,-15.137684106826782,-11.009793758392334,0.21428571428571427
24087,0,0,8994,-15.137684106826782,-11.009793758392334,0.21428571428571427
24088,0,0,8993,-15.137684106826782,-11.009793758392334,0.21428571428571427
24089,0,0,9014,-15.137684106826782,-11.009793758392334,0.21428571428571427
24090,0,0,9015,-15.137684106826782,-11.009793758392334,0.21428571428571427
24091,0,0,9016,-15.137684106826782,-11.009793758392334,0.21428571428571427
24092,0,0,9028,-15.137684106826782,-11.009793758392334,0.21428571428571427
24093,0,0,9037,-15.137684106826782,-11.009793758392334,0.21428571428571427
24094,0,0,9036,-15.137684106826782,-11.009793758392334,0.21428571428571427
24095,0,0,9035,-15.137684106826782,-11.009793758392334,0.21428571428571427
24096,0,0,9034,-15.137684106826782,-11.009793758392334,0.21428571428571427
24097,0,0,9033,-15.137684106826782,-11.009793758392334,0.21428571428571427
24098,0,0,9032,-15.137684106826782,-11.009793758392334,0.21428571428571427
24099,0,0,9031,-15.137684106826782,-11.009793758392334,0.21428571428571427
24100,0,0,9030,-15.137684106826782,-11.009793758392334,0.21428571428571427
24101,0,0,9029,-15.137684106826782,-11.009793758392334,0.21428571428571427
24102,0,0,9027,-15.137684106826782,-11.009793758392334,0.21428571428571427
24103,0,0,9017,-15.137684106826782,-11.009793758392334,0.21428571428571427
24104,0,0,9026,-15.137684106826782,-11.009793758392334,0.21428571428571427
24105,0,0,9025,-15.137684106826782,-11.009793758392334,0.21428571428571427
24106,0,0,9024,-15.137684106826782,-11.009793758392334,0.21428571428571427
24107,0,0,9023,-15.137684106826782,-11.009793758392334,0.21428571428571427
24108,0,0,9022,-15.137684106826782,-11.009793758392334,0.21428571428571427
24109,0,0,9021,-15.137684106826782,-11.009793758392334,0.21428571428571427
24110,0,0,9020,-15.137684106826782,-11.009793758392334,0.21428571428571427
24111,0,0,9019,-15.137684106826782,-11.009793758392334,0.21428571428571427
24112,0,0,9018,-15.137684106826782,-11.009793758392334,0.21428571428571427
24113,0,0,9087,-15.137684106826782,-11.009793758392334,0.21428571428571427
24114,0,0,9088,-15.137684106826782,-11.009793758392334,0.21428571428571427
24115,0,0,9089,-15.137684106826782,-11.009793758392334,0.21428571428571427
24116,0,0,9090,-15.137684106826782,-11.009793758392334,0.21428571428571427
24117,0,0,9159,-15.137684106826782,-11.009793758392334,0.21428571428571427
24118,0,0,9158,-15.137684106826782,-11.009793758392334,0.21428571428571427
24119,0,0,9157,-15.137684106826782,-11.009793758392334,0.21428571428571427
24120,0,0,9156,-15.137684106826782,-11.009793758392334,0.21428571428571427
24121,0,0,9155,-15.137684106826782,-11.009793758392334,0.21428571428571427
24122,0,0,9154,-15.137684106826782,-11.009793758392334,0.21428571428571427
24123,0,0,9153,-15.137684106826782,-11.009793758392334,0.21428571428571427
24124,0,0,9152,-15.137684106826782,-11.009793758392334,0.21428571428571427
24125,0,0,9151,-15.137684106826782,-11.009793758392334,0.21428571428571427
24126,0,0,9149,-15.137684106826782,-11.009793758392334,0.21428571428571427
24127,0,0,9139,-15.137684106826782,-11.009793758392334,0.21428571428571427
24128,0,0,9148,-15.137684106826782,-11.009793758392334,0.21428571428571427
24129,0,0,9147,-15.137684106826782,-11.009793758392334,0.21428571428571427
24130,0,0,9146,-15.137684106826782,-11.009793758392334,0.21428571428571427
24131,0,0,9145,-15.137684106826782,-11.009793758392334,0.21428571428571427
24132,0,0,9144,-15.137684106826782,-11.009793758392334,0.21428571428571427
24133,0,0,9143,-15.137684106826782,-11.009793758392334,0.21428571428571427
24134,0,0,9142,-15.137684106826782,-11.009793758392334,0.21428571428571427
24135,0,0,9141,-15.137684106826782,-11.009793758392334,0.21428571428571427
24136,0,0,9140,-15.137684106826782,-11.009793758392334,0.21428571428571427
24137,0,0,9160,-15.137684106826782,-11.009793758392334,0.21428571428571427
24138,0,0,9150,-15.137684106826782,-11.009793758392334,0.21428571428571427
24139,0,0,9161,-15.137684106826782,-11.009793758392334,0.21428571428571427
24140,0,0,9174,-15.137684106826782,-11.009793758392334,0.21428571428571427
24141,0,0,9183,-15.137684106826782,-11.009793758392334,0.21428571428571427
24142,0,0,9182,-15.137684106826782,-11.009793758392334,0.21428571428571427
24143,0,0,9181,-15.137684106826782,-11.009793758392334,0.21428571428571427
24144,0,0,9180,-15.137684106826782,-11.009793758392334,0.21428571428571427
24145,0,0,9179,-15.137684106826782,-11.009793758392334,0.21428571428571427
24146,0,0,9178,-15.137684106826782,-11.009793758392334,0.21428571428571427
24147,0,0,9177,-15.137684106826782,-11.009793758392334,0.21428571428571427
24148,0,0,9176,-15.137684106826782,-11.009793758392334,0.21428571428571427
24149,0,0,9175,-15.137684106826782,-11.009793758392334,0.21428571428571427
24150,0,0,9173,-15.137684106826782,-11.009793758392334,0.21428571428571427
24151,0,0,9163,-15.137684106826782,-11.009793758392334,0.21428571428571427
24152,0,0,9172,-15.137684106826782,-11.009793758392334,0.21428571428571427
24153,0,0,9171,-15.137684106826782,-11.009793758392334,0.21428571428571427
24154,0,0,9170,-15.137684106826782,-11.009793758392334,0.21428571428571427
24155,0,0,9169,-15.137684106826782,-11.009793758392334,0.21428571428571427
24156,0,0,9168,-15.137684106826782,-11.009793758392334,0.21428571428571427
24157,0,0,9167,-15.137684106826782,-11.009793758392334,0.21428571428571427
24158,0,0,9166,-15.137684106826782,-11.009793758392334,0.21428571428571427
24159,0,0,9165,-15.137684106826782,-11.009793758392334,0.21428571428571427
24160,0,0,9164,-15.137684106826782,-11.009793758392334,0.21428571428571427
24161,0,0,9162,-15.137684106826782,-11.009793758392334,0.21428571428571427
24162,0,0,9138,-15.137684106826782,-11.009793758392334,0.21428571428571427
24163,0,0,9137,-15.137684106826782,-11.009793758392334,0.21428571428571427
24164,0,0,9136,-15.137684106826782,-11.009793758392334,0.21428571428571427
24165,0,0,9111,-15.137684106826782,-11.009793758392334,0.21428571428571427
24166,0,0,9110,-15.137684106826782,-11.009793758392334,0.21428571428571427
24167,0,0,9109,-15.137684106826782,-11.009793758392334,0.21428571428571427
24168,0,0,9108,-15.137684106826782,-11.009793758392334,0.21428571428571427
24169,0,0,9107,-15.137684106826782,-11.009793758392334,0.21428571428571427
24170,0,0,9106,-15.137684106826782,-11.009793758392334,0.21428571428571427
24171,0,0,9105,-15.137684106826782,-11.009793758392334,0.21428571428571427
24172,0,0,9104,-15.137684106826782,-11.009793758392334,0.21428571428571427
24173,0,0,9103,-15.137684106826782,-11.009793758392334,0.21428571428571427
24174,0,0,9102,-15.137684106826782,-11.009793758392334,0.21428571428571427
24175,0,0,9101,-15.137684106826782,-11.009793758392334,0.21428571428571427
24176,0,0,9100,-15.137684106826782,-11.009793758392334,0.21428571428571427
24177,0,0,9099,-15.137684106826782,-11.009793758392334,0.21428571428571427
24178,0,0,9098,-15.137684106826782,-11.009793758392334,0.21428571428571427
24179,0,0,9097,-15.137684106826782,-11.009793758392334,0.21428571428571427
24180,0,0,9096,-15.137684106826782,-11.009793758392334,0.21428571428571427
24181,0,0,9095,-15.137684106826782,-11.009793758392334,0.21428571428571427
24182,0,0,9094,-15.137684106826782,-11.009793758392334,0.21428571428571427
24183,0,0,9093,-15.137684106826782,-11.009793758392334,0.21428571428571427
24184,0,0,9092,-15.137684106826782,-11.009793758392334,0.21428571428571427
24185,0,0,9091,-15.137684106826782,-11.009793758392334,0.21428571428571427
24186,0,0,9112,-15.137684106826782,-11.009793758392334,0.21428571428571427
24187,0,0,9113,-15.137684106826782,-11.009793758392334,0.21428571428571427
24188,0,0,9114,-15.137684106826782,-11.009793758392334,0.21428571428571427
24189,0,0,9126,-15.137684106826782,-11.009793758392334,0.21428571428571427
24190,0,0,9135,-15.137684106826782,-11.009793758392334,0.21428571428571427
24191,0,0,9134,-15.137684106826782,-11.009793758392334,0.21428571428571427
24192,0,0,9133,-15.137684106826782,-11.009793758392334,0.21428571428571427
24193,0,0,9132,-15.137684106826782,-11.009793758392334,0.21428571428571427
24194,0,0,9131,-15.137684106826782,-11.009793758392334,0.21428571428571427
24195,0,0,9130,-15.137684106826782,-11.009793758392334,0.21428571428571427
24196,0,0,9129,-15.137684106826782,-11.009793758392334,0.21428571428571427
24197,0,0,9128,-15.137684106826782,-11.009793758392334,0.21428571428571427
24198,0,0,9127,-15.137684106826782,-11.009793758392334,0.21428571428571427
24199,0,0,9125,-15.137684106826782,-11.009793758392334,0.21428571428571427
24200,0,0,9115,-15.137684106826782,-11.009793758392334,0.21428571428571427
24201,0,0,9124,-15.137684106826782,-11.009793758392334,0.21428571428571427
24202,0,0,9123,-15.137684106826782,-11.009793758392334,0.21428571428571427
24203,0,0,9122,-15.137684106826782,-11.009793758392334,0.21428571428571427
24204,0,0,9121,-15.137684106826782,-11.009793758392334,0.21428571428571427
24205,0,0,9120,-15.137684106826782,-11.009793758392334,0.21428571428571427
24206,0,0,9119,-15.137684106826782,-11.009793758392334,0.21428571428571427
24207,0,0,9118,-15.137684106826782,-11.009793758392334,0.21428571428571427
24208,0,0,9117,-15.137684106826782,-11.009793758392334,0.21428571428571427
24209,0,0,9116,-15.137684106826782,-11.009793758392334,0.21428571428571427
24210,0,0,8698,-15.137684106826782,-11.009793758392334,0.21428571428571427
24211,0,0,8599,-15.137684106826782,-11.009793758392334,0.21428571428571427
24212,0,0,7917,-15.137684106826782,-11.009793758392334,0.21428571428571427
24213,0,0,8598,-15.137684106826782,-11.009793758392334,0.21428571428571427
24214,0,0,8086,-15.137684106826782,-11.009793758392334,0.21428571428571427
24215,0,0,8085,-15.137684106826782,-11.009793758392334,0.21428571428571427
24216,0,0,8084,-15.137684106826782,-11.009793758392334,0.21428571428571427
24217,0,0,8083,-15.137684106826782,-11.009793758392334,0.21428571428571427
24218,0,0,8082,-15.137684106826782,-11.009793758392334,0.21428571428571427
24219,0,0,8081,-15.137684106826782,-11.009793758392334,0.21428571428571427
24220,0,0,8080,-15.137684106826782,-11.009793758392334,0.21428571428571427
24221,0,0,8079,-15.137684106826782,-11.009793758392334,0.21428571428571427
24222,0,0,8078,-15.137684106826782,-11.009793758392334,0.21428571428571427
24223,0,0,8077,-15.137684106826782,-11.009793758392334,0.21428571428571427
24224,0,0,8076,-15.137684106826782,-11.009793758392334,0.21428571428571427
24225,0,0,8075,-15.137684106826782,-11.009793758392334,0.21428571428571427
24226,0,0,8074,-15.137684106826782,-11.009793758392334,0.21428571428571427
24227,0,0,8073,-15.137684106826782,-11.009793758392334,0.21428571428571427
24228,0,0,8072,-15.137684106826782,-11.009793758392334,0.21428571428571427
24229,0,0,8071,-15.137684106826782,-11.009793758392334,0.21428571428571427
24230,0,0,8070,-15.137684106826782,-11.009793758392334,0.21428571428571427
24231,0,0,8069,-15.137684106826782,-11.009793758392334,0.21428571428571427
24232,0,0,8068,-15.137684106826782,-11.009793758392334,0.21428571428571427
24233,0,0,8067,-15.137684106826782,-11.009793758392334,0.21428571428571427
24234,0,0,8066,-15.137684106826782,-11.009793758392334,0.21428571428571427
24235,0,0,8087,-15.137684106826782,-11.009793758392334,0.21428571428571427
24236,0,0,8088,-15.137684106826782,-11.009793758392334,0.21428571428571427
24237,0,0,8089,-15.137684106826782,-11.009793758392334,0.21428571428571427
24238,0,0,8101,-15.137684106826782,-11.009793758392334,0.21428571428571427
24239,0,0,8110,-15.137684106826782,-11.009793758392334,0.21428571428571427
24240,0,0,8109,-15.137684106826782,-11.009793758392334,0.21428571428571427
24241,0,0,8108,-15.137684106826782,-11.009793758392334,0.21428571428571427
24242,0,0,8107,-15.137684106826782,-11.009793758392334,0.21428571428571427
24243,0,0,8106,-15.137684106826782,-11.009793758392334,0.21428571428571427
24244,0,0,8105,-15.137684106826782,-11.009793758392334,0.21428571428571427
24245,0,0,8104,-15.137684106826782,-11.009793758392334,0.21428571428571427
24246,0,0,8103,-15.137684106826782,-11.009793758392334,0.21428571428571427
24247,0,0,8102,-15.137684106826782,-11.009793758392334,0.21428571428571427
24248,0,0,8100,-15.137684106826782,-11.009793758392334,0.21428571428571427
24249,0,0,8090,-15.137684106826782,-11.009793758392334,0.21428571428571427
24250,0,0,8099,-15.137684106826782,-11.009793758392334,0.21428571428571427
24251,0,0,8098,-15.137684106826782,-11.009793758392334,0.21428571428571427
24252,0,0,8097,-15.137684106826782,-11.009793758392334,0.21428571428571427
24253,0,0,8096,-15.137684106826782,-11.009793758392334,0.21428571428571427
24254,0,0,8095,-15.137684106826782,-11.009793758392334,0.21428571428571427
24255,0,0,8094,-15.137684106826782,-11.009793758392334,0.21428571428571427
24256,0,0,8093,-15.137684106826782,-11.009793758392334,0.21428571428571427
24257,0,0,8092,-15.137684106826782,-11.009793758392334,0.21428571428571427
24258,0,0,8091,-15.137684106826782,-11.009793758392334,0.21428571428571427
24259,0,0,8065,-15.137684106826782,-11.009793758392334,0.21428571428571427
24260,0,0,8063,-15.137684106826782,-11.009793758392334,0.21428571428571427
24261,0,0,8016,-15.137684106826782,-11.009793758392334,0.21428571428571427
24262,0,0,8062,-15.137684106826782,-11.009793758392334,0.21428571428571427
24263,0,0,8037,-15.137684106826782,-11.009793758392334,0.21428571428571427
24264,0,0,8036,-15.137684106826782,-11.009793758392334,0.21428571428571427
24265,0,0,8035,-15.137684106826782,-11.009793758392334,0.21428571428571427
24266,0,0,8034,-15.137684106826782,-11.009793758392334,0.21428571428571427
24267,0,0,8033,-15.137684106826782,-11.009793758392334,0.21428571428571427
24268,0,0,8032,-15.137684106826782,-11.009793758392334,0.21428571428571427
24269,0,0,8031,-15.137684106826782,-11.009793758392334,0.21428571428571427
24270,0,0,8030,-15.137684106826782,-11.009793758392334,0.21428571428571427
24271,0,0,8029,-15.137684106826782,-11.009793758392334,0.21428571428571427
24272,0,0,8028,-15.137684106826782,-11.009793758392334,0.21428571428571427
24273,0,0,8027,-15.137684106826782,-11.009793758392334,0.21428571428571427
24274,0,0,8026,-15.137684106826782,-11.009793758392334,0.21428571428571427
24275,0,0,8025,-15.137684106826782,-11.009793758392334,0.21428571428571427
24276,0,0,8024,-15.137684106826782,-11.009793758392334,0.21428571428571427
24277,0,0,8023,-15.137684106826782,-11.009793758392334,0.21428571428571427
24278,0,0,8022,-15.137684106826782,-11.009793758392334,0.21428571428571427
24279,0,0,8021,-15.137684106826782,-11.009793758392334,0.21428571428571427
24280,0,0,8020,-15.137684106826782,-11.009793758392334,0.21428571428571427
24281,0,0,8019,-15.137684106826782,-11.009793758392334,0.21428571428571427
24282,0,0,8018,-15.137684106826782,-11.009793758392334,0.21428571428571427
24283,0,0,8017,-15.137684106826782,-11.009793758392334,0.21428571428571427
24284,0,0,8038,-15.137684106826782,-11.009793758392334,0.21428571428571427
24285,0,0,8039,-15.137684106826782,-11.009793758392334,0.21428571428571427
24286,0,0,8040,-15.137684106826782,-11.009793758392334,0.21428571428571427
24287,0,0,8052,-15.137684106826782,-11.009793758392334,0.21428571428571427
24288,0,0,8061,-15.137684106826782,-11.009793758392334,0.21428571428571427
24289,0,0,8060,-15.137684106826782,-11.009793758392334,0.21428571428571427
24290,0,0,8059,-15.137684106826782,-11.009793758392334,0.21428571428571427
24291,0,0,8058,-15.137684106826782,-11.009793758392334,0.21428571428571427
24292,0,0,8057,-15.137684106826782,-11.009793758392334,0.21428571428571427
24293,0,0,8056,-15.137684106826782,-11.009793758392334,0.21428571428571427
24294,0,0,8055,-15.137684106826782,-11.009793758392334,0.21428571428571427
24295,0,0,8054,-15.137684106826782,-11.009793758392334,0.21428571428571427
24296,0,0,8053,-15.137684106826782,-11.009793758392334,0.21428571428571427
24297,0,0,8051,-15.137684106826782,-11.009793758392334,0.21428571428571427
24298,0,0,8041,-15.137684106826782,-11.009793758392334,0.21428571428571427
24299,0,0,8050,-15.137684106826782,-11.009793758392334,0.21428571428571427
24300,0,0,8049,-15.137684106826782,-11.009793758392334,0.21428571428571427
24301,0,0,8048,-15.137684106826782,-11.009793758392334,0.21428571428571427
24302,0,0,8047,-15.137684106826782,-11.009793758392334,0.21428571428571427
24303,0,0,8046,-15.137684106826782,-11.009793758392334,0.21428571428571427
24304,0,0,8045,-15.137684106826782,-11.009793758392334,0.21428571428571427
24305,0,0,8044,-15.137684106826782,-11.009793758392334,0.21428571428571427
24306,0,0,8043,-15.137684106826782,-11.009793758392334,0.21428571428571427
24307,0,0,8042,-15.137684106826782,-11.009793758392334,0.21428571428571427
24308,0,0,8111,-15.137684106826782,-11.009793758392334,0.21428571428571427
24309,0,0,8112,-15.137684106826782,-11.009793758392334,0.21428571428571427
24310,0,0,8113,-15.137684106826782,-11.009793758392334,0.21428571428571427
24311,0,0,8114,-15.137684106826782,-11.009793758392334,0.21428571428571427
24312,0,0,8183,-15.137684106826782,-11.009793758392334,0.21428571428571427
24313,0,0,8182,-15.137684106826782,-11.009793758392334,0.21428571428571427
24314,0,0,8181,-15.137684106826782,-11.009793758392334,0.21428571428571427
24315,0,0,8180,-15.137684106826782,-11.009793758392334,0.21428571428571427
24316,0,0,8179,-15.137684106826782,-11.009793758392334,0.21428571428571427
24317,0,0,8178,-15.137684106826782,-11.009793758392334,0.21428571428571427
24318,0,0,8177,-15.137684106826782,-11.009793758392334,0.21428571428571427
24319,0,0,8176,-15.137684106826782,-11.009793758392334,0.21428571428571427
24320,0,0,8175,-15.137684106826782,-11.009793758392334,0.21428571428571427
24321,0,0,8173,-15.137684106826782,-11.009793758392334,0.21428571428571427
24322,0,0,8163,-15.137684106826782,-11.009793758392334,0.21428571428571427
24323,0,0,8172,-15.137684106826782,-11.009793758392334,0.21428571428571427
24324,0,0,8171,-15.137684106826782,-11.009793758392334,0.21428571428571427
24325,0,0,8170,-15.137684106826782,-11.009793758392334,0.21428571428571427
24326,0,0,8169,-15.137684106826782,-11.009793758392334,0.21428571428571427
24327,0,0,8168,-15.137684106826782,-11.009793758392334,0.21428571428571427
24328,0,0,8167,-15.137684106826782,-11.009793758392334,0.21428571428571427
24329,0,0,8166,-15.137684106826782,-11.009793758392334,0.21428571428571427
24330,0,0,8165,-15.137684106826782,-11.009793758392334,0.21428571428571427
24331,0,0,8164,-15.137684106826782,-11.009793758392334,0.21428571428571427
24332,0,0,8184,-15.137684106826782,-11.009793758392334,0.21428571428571427
24333,0,0,8174,-15.137684106826782,-11.009793758392334,0.21428571428571427
24334,0,0,8185,-15.137684106826782,-11.009793758392334,0.21428571428571427
24335,0,0,8198,-15.137684106826782,-11.009793758392334,0.21428571428571427
24336,0,0,8207,-15.137684106826782,-11.009793758392334,0.21428571428571427
24337,0,0,8206,-15.137684106826782,-11.009793758392334,0.21428571428571427
24338,0,0,8205,-15.137684106826782,-11.009793758392334,0.21428571428571427
24339,0,0,8204,-15.137684106826782,-11.009793758392334,0.21428571428571427
24340,0,0,8203,-15.137684106826782,-11.009793758392334,0.21428571428571427
24341,0,0,8202,-15.137684106826782,-11.009793758392334,0.21428571428571427
24342,0,0,8201,-15.137684106826782,-11.009793758392334,0.21428571428571427
24343,0,0,8200,-15.137684106826782,-11.009793758392334,0.21428571428571427
24344,0,0,8199,-15.137684106826782,-11.009793758392334,0.21428571428571427
24345,0,0,8197,-15.137684106826782,-11.009793758392334,0.21428571428571427
24346,0,0,8187,-15.137684106826782,-11.009793758392334,0.21428571428571427
24347,0,0,8196,-15.137684106826782,-11.009793758392334,0.21428571428571427
24348,0,0,8195,-15.137684106826782,-11.009793758392334,0.21428571428571427
24349,0,0,8194,-15.137684106826782,-11.009793758392334,0.21428571428571427
24350,0,0,8193,-15.137684106826782,-11.009793758392334,0.21428571428571427
24351,0,0,8192,-15.137684106826782,-11.009793758392334,0.21428571428571427
24352,0,0,8191,-15.137684106826782,-11.009793758392334,0.21428571428571427
24353,0,0,8190,-15.137684106826782,-11.009793758392334,0.21428571428571427
24354,0,0,8189,-15.137684106826782,-11.009793758392334,0.21428571428571427
24355,0,0,8188,-15.137684106826782,-11.009793758392334,0.21428571428571427
24356,0,0,8186,-15.137684106826782,-11.009793758392334,0.21428571428571427
24357,0,0,8162,-15.137684106826782,-11.009793758392334,0.21428571428571427
24358,0,0,8161,-15.137684106826782,-11.009793758392334,0.21428571428571427
24359,0,0,8160,-15.137684106826782,-11.009793758392334,0.21428571428571427
24360,0,0,8135,-15.137684106826782,-11.009793758392334,0.21428571428571427
24361,0,0,8134,-15.137684106826782,-11.009793758392334,0.21428571428571427
24362,0,0,8133,-15.137684106826782,-11.009793758392334,0.21428571428571427
24363,0,0,8132,-15.137684106826782,-11.009793758392334,0.21428571428571427
24364,0,0,8131,-15.137684106826782,-11.009793758392334,0.21428571428571427
24365,0,0,8130,-15.137684106826782,-11.009793758392334,0.21428571428571427
24366,0,0,8129,-15.137684106826782,-11.009793758392334,0.21428571428571427
24367,0,0,8128,-15.137684106826782,-11.009793758392334,0.21428571428571427
24368,0,0,8127,-15.137684106826782,-11.009793758392334,0.21428571428571427
24369,0,0,8126,-15.137684106826782,-11.009793758392334,0.21428571428571427
24370,0,0,8125,-15.137684106826782,-11.009793758392334,0.21428571428571427
24371,0,0,8124,-15.137684106826782,-11.009793758392334,0.21428571428571427
24372,0,0,8123,-15.137684106826782,-11.009793758392334,0.21428571428571427
24373,0,0,8122,-15.137684106826782,-11.009793758392334,0.21428571428571427
24374,0,0,8121,-15.137684106826782,-11.009793758392334,0.21428571428571427
24375,0,0,8120,-15.137684106826782,-11.009793758392334,0.21428571428571427
24376,0,0,8119,-15.137684106826782,-11.009793758392334,0.21428571428571427
24377,0,0,8118,-15.137684106826782,-11.009793758392334,0.21428571428571427
24378,0,0,8117,-15.137684106826782,-11.009793758392334,0.21428571428571427
24379,0,0,8116,-15.137684106826782,-11.009793758392334,0.21428571428571427
24380,0,0,8115,-15.137684106826782,-11.009793758392334,0.21428571428571427
24381,0,0,8136,-15.137684106826782,-11.009793758392334,0.21428571428571427
24382,0,0,8137,-15.137684106826782,-11.009793758392334,0.21428571428571427
24383,0,0,8138,-15.137684106826782,-11.009793758392334,0.21428571428571427
24384,0,0,8150,-15.137684106826782,-11.009793758392334,0.21428571428571427
24385,0,0,8159,-15.137684106826782,-11.009793758392334,0.21428571428571427
24386,0,0,8158,-15.137684106826782,-11.009793758392334,0.21428571428571427
24387,0,0,8157,-15.137684106826782,-11.009793758392334,0.21428571428571427
24388,0,0,8156,-15.137684106826782,-11.009793758392334,0.21428571428571427
24389,0,0,8155,-15.137684106826782,-11.009793758392334,0.21428571428571427
24390,0,0,8154,-15.137684106826782,-11.009793758392334,0.21428571428571427
24391,0,0,8153,-15.137684106826782,-11.009793758392334,0.21428571428571427
24392,0,0,8152,-15.137684106826782,-11.009793758392334,0.21428571428571427
24393,0,0,8151,-15.137684106826782,-11.009793758392334,0.21428571428571427
24394,0,0,8149,-15.137684106826782,-11.009793758392334,0.21428571428571427
24395,0,0,8139,-15.137684106826782,-11.009793758392334,0.21428571428571427
24396,0,0,8148,-15.137684106826782,-11.009793758392334,0.21428571428571427
24397,0,0,8147,-15.137684106826782,-11.009793758392334,0.21428571428571427
24398,0,0,8146,-15.137684106826782,-11.009793758392334,0.21428571428571427
24399,0,0,8145,-15.137684106826782,-11.009793758392334,0.21428571428571427
24400,0,0,8144,-15.137684106826782,-11.009793758392334,0.21428571428571427
24401,0,0,8143,-15.137684106826782,-11.009793758392334,0.21428571428571427
24402,0,0,8142,-15.137684106826782,-11.009793758392334,0.21428571428571427
24403,0,0,8141,-15.137684106826782,-11.009793758392334,0.21428571428571427
24404,0,0,8140,-15.137684106826782,-11.009793758392334,0.21428571428571427
24405,0,0,8064,-15.137684106826782,-11.009793758392334,0.21428571428571427
24406,0,0,8015,-15.137684106826782,-11.009793758392334,0.21428571428571427
24407,0,0,8014,-15.137684106826782,-11.009793758392334,0.21428571428571427
24408,0,0,8013,-15.137684106826782,-11.009793758392334,0.21428571428571427
24409,0,0,7890,-15.137684106826782,-11.009793758392334,0.21428571428571427
24410,0,0,7889,-15.137684106826782,-11.009793758392334,0.21428571428571427
24411,0,0,7888,-15.137684106826782,-11.009793758392334,0.21428571428571427
24412,0,0,7887,-15.137684106826782,-11.009793758392334,0.21428571428571427
24413,0,0,7886,-15.137684106826782,-11.009793758392334,0.21428571428571427
24414,0,0,7885,-15.137684106826782,-11.009793758392334,0.21428571428571427
24415,0,0,7884,-15.137684106826782,-11.009793758392334,0.21428571428571427
24416,0,0,7883,-15.137684106826782,-11.009793758392334,0.21428571428571427
24417,0,0,7882,-15.137684106826782,-11.009793758392334,0.21428571428571427
24418,0,0,7881,-15.137684106826782,-11.009793758392334,0.21428571428571427
24419,0,0,7880,-15.137684106826782,-11.009793758392334,0.21428571428571427
24420,0,0,7879,-15.137684106826782,-11.009793758392334,0.21428571428571427
24421,0,0,7878,-15.137684106826782,-11.009793758392334,0.21428571428571427
24422,0,0,7877,-15.137684106826782,-11.009793758392334,0.21428571428571427
24423,0,0,7876,-15.137684106826782,-11.009793758392334,0.21428571428571427
24424,0,0,7875,-15.137684106826782,-11.009793758392334,0.21428571428571427
24425,0,0,7874,-15.137684106826782,-11.009793758392334,0.21428571428571427
24426,0,0,7873,-15.137684106826782,-11.009793758392334,0.21428571428571427
24427,0,0,7872,-15.137684106826782,-11.009793758392334,0.21428571428571427
24428,0,0,7871,-15.137684106826782,-11.009793758392334,0.21428571428571427
24429,0,0,7870,-15.137684106826782,-11.009793758392334,0.21428571428571427
24430,0,0,7891,-15.137684106826782,-11.009793758392334,0.21428571428571427
24431,0,0,7892,-15.137684106826782,-11.009793758392334,0.21428571428571427
24432,0,0,7893,-15.137684106826782,-11.009793758392334,0.21428571428571427
24433,0,0,7905,-15.137684106826782,-11.009793758392334,0.21428571428571427
24434,0,0,7914,-15.137684106826782,-11.009793758392334,0.21428571428571427
24435,0,0,7913,-15.137684106826782,-11.009793758392334,0.21428571428571427
24436,0,0,7912,-15.137684106826782,-11.009793758392334,0.21428571428571427
24437,0,0,7911,-15.137684106826782,-11.009793758392334,0.21428571428571427
24438,0,0,7910,-15.137684106826782,-11.009793758392334,0.21428571428571427
24439,0,0,7909,-15.137684106826782,-11.009793758392334,0.21428571428571427
24440,0,0,7908,-15.137684106826782,-11.009793758392334,0.21428571428571427
24441,0,0,7907,-15.137684106826782,-11.009793758392334,0.21428571428571427
24442,0,0,7906,-15.137684106826782,-11.009793758392334,0.21428571428571427
24443,0,0,7904,-15.137684106826782,-11.009793758392334,0.21428571428571427
24444,0,0,7894,-15.137684106826782,-11.009793758392334,0.21428571428571427
24445,0,0,7903,-15.137684106826782,-11.009793758392334,0.21428571428571427
24446,0,0,7902,-15.137684106826782,-11.009793758392334,0.21428571428571427
24447,0,0,7901,-15.137684106826782,-11.009793758392334,0.21428571428571427
24448,0,0,7900,-15.137684106826782,-11.009793758392334,0.21428571428571427
24449,0,0,7899,-15.137684106826782,-11.009793758392334,0.21428571428571427
24450,0,0,7898,-15.137684106826782,-11.009793758392334,0.21428571428571427
24451,0,0,7897,-15.137684106826782,-11.009793758392334,0.21428571428571427
24452,0,0,7896,-15.137684106826782,-11.009793758392334,0.21428571428571427
24453,0,0,7895,-15.137684106826782,-11.009793758392334,0.21428571428571427
24454,0,0,7869,-15.137684106826782,-11.009793758392334,0.21428571428571427
24455,0,0,7867,-15.137684106826782,-11.009793758392334,0.21428571428571427
24456,0,0,7820,-15.137684106826782,-11.009793758392334,0.21428571428571427
24457,0,0,7866,-15.137684106826782,-11.009793758392334,0.21428571428571427
24458,0,0,7841,-15.137684106826782,-11.009793758392334,0.21428571428571427
24459,0,0,7840,-15.137684106826782,-11.009793758392334,0.21428571428571427
24460,0,0,7839,-15.137684106826782,-11.009793758392334,0.21428571428571427
24461,0,0,7838,-15.137684106826782,-11.009793758392334,0.21428571428571427
24462,0,0,7837,-15.137684106826782,-11.009793758392334,0.21428571428571427
24463,0,0,7836,-15.137684106826782,-11.009793758392334,0.21428571428571427
24464,0,0,7835,-15.137684106826782,-11.009793758392334,0.21428571428571427
24465,0,0,7834,-15.137684106826782,-11.009793758392334,0.21428571428571427
24466,0,0,7833,-15.137684106826782,-11.009793758392334,0.21428571428571427
24467,0,0,7832,-15.137684106826782,-11.009793758392334,0.21428571428571427
24468,0,0,7831,-15.137684106826782,-11.009793758392334,0.21428571428571427
24469,0,0,7830,-15.137684106826782,-11.009793758392334,0.21428571428571427
24470,0,0,7829,-15.137684106826782,-11.009793758392334,0.21428571428571427
24471,0,0,7828,-15.137684106826782,-11.009793758392334,0.21428571428571427
24472,0,0,7827,-15.137684106826782,-11.009793758392334,0.21428571428571427
24473,0,0,7826,-15.137684106826782,-11.009793758392334,0.21428571428571427
24474,0,0,7825,-15.137684106826782,-11.009793758392334,0.21428571428571427
24475,0,0,7824,-15.137684106826782,-11.009793758392334,0.21428571428571427
24476,0,0,7823,-15.137684106826782,-11.009793758392334,0.21428571428571427
24477,0,0,7822,-15.137684106826782,-11.009793758392334,0.21428571428571427
24478,0,0,7821,-15.137684106826782,-11.009793758392334,0.21428571428571427
24479,0,0,7842,-15.137684106826782,-11.009793758392334,0.21428571428571427
24480,0,0,7843,-15.137684106826782,-11.009793758392334,0.21428571428571427
24481,0,0,7844,-15.137684106826782,-11.009793758392334,0.21428571428571427
24482,0,0,7856,-15.137684106826782,-11.009793758392334,0.21428571428571427
24483,0,0,7865,-15.137684106826782,-11.009793758392334,0.21428571428571427
24484,0,0,7864,-15.137684106826782,-11.009793758392334,0.21428571428571427
24485,0,0,7863,-15.137684106826782,-11.009793758392334,0.21428571428571427
24486,0,0,7862,-15.137684106826782,-11.009793758392334,0.21428571428571427
24487,0,0,7861,-15.137684106826782,-11.009793758392334,0.21428571428571427
24488,0,0,7860,-15.137684106826782,-11.009793758392334,0.21428571428571427
24489,0,0,7859,-15.137684106826782,-11.009793758392334,0.21428571428571427
24490,0,0,7858,-15.137684106826782,-11.009793758392334,0.21428571428571427
24491,0,0,7857,-15.137684106826782,-11.009793758392334,0.21428571428571427
24492,0,0,7855,-15.137684106826782,-11.009793758392334,0.21428571428571427
24493,0,0,7845,-15.137684106826782,-11.009793758392334,0.21428571428571427
24494,0,0,7854,-15.137684106826782,-11.009793758392334,0.21428571428571427
24495,0,0,7853,-15.137684106826782,-11.009793758392334,0.21428571428571427
24496,0,0,7852,-15.137684106826782,-11.009793758392334,0.21428571428571427
24497,0,0,7851,-15.137684106826782,-11.009793758392334,0.21428571428571427
24498,0,0,7850,-15.137684106826782,-11.009793758392334,0.21428571428571427
24499,0,0,7849,-15.137684106826782,-11.009793758392334,0.21428571428571427
24500,0,0,7848,-15.137684106826782,-11.009793758392334,0.21428571428571427
24501,0,0,7847,-15.137684106826782,-11.009793758392334,0.21428571428571427
24502,0,0,7846,-15.137684106826782,-11.009793758392334,0.21428571428571427
24503,0,0,7915,-15.137684106826782,-11.009793758392334,0.21428571428571427
24504,0,0,7868,-15.137684106826782,-11.009793758392334,0.21428571428571427
24505,0,0,7916,-15.137684106826782,-11.009793758392334,0.21428571428571427
24506,0,0,7966,-15.137684106826782,-11.009793758392334,0.21428571428571427
24507,0,0,7988,-15.137684106826782,-11.009793758392334,0.21428571428571427
24508,0,0,7987,-15.137684106826782,-11.009793758392334,0.21428571428571427
24509,0,0,7986,-15.137684106826782,-11.009793758392334,0.21428571428571427
24510,0,0,7985,-15.137684106826782,-11.009793758392334,0.21428571428571427
24511,0,0,7984,-15.137684106826782,-11.009793758392334,0.21428571428571427
24512,0,0,7983,-15.137684106826782,-11.009793758392334,0.21428571428571427
24513,0,0,7982,-15.137684106826782,-11.009793758392334,0.21428571428571427
24514,0,0,7981,-15.137684106826782,-11.009793758392334,0.21428571428571427
24515,0,0,7980,-15.137684106826782,-11.009793758392334,0.21428571428571427
24516,0,0,7979,-15.137684106826782,-11.009793758392334,0.21428571428571427
24517,0,0,7978,-15.137684106826782,-11.009793758392334,0.21428571428571427
24518,0,0,7977,-15.137684106826782,-11.009793758392334,0.21428571428571427
24519,0,0,7976,-15.137684106826782,-11.009793758392334,0.21428571428571427
24520,0,0,7975,-15.137684106826782,-11.009793758392334,0.21428571428571427
24521,0,0,7974,-15.137684106826782,-11.009793758392334,0.21428571428571427
24522,0,0,7973,-15.137684106826782,-11.009793758392334,0.21428571428571427
24523,0,0,7972,-15.137684106826782,-11.009793758392334,0.21428571428571427
24524,0,0,7971,-15.137684106826782,-11.009793758392334,0.21428571428571427
24525,0,0,7970,-15.137684106826782,-11.009793758392334,0.21428571428571427
24526,0,0,7969,-15.137684106826782,-11.009793758392334,0.21428571428571427
24527,0,0,7968,-15.137684106826782,-11.009793758392334,0.21428571428571427
24528,0,0,7989,-15.137684106826782,-11.009793758392334,0.21428571428571427
24529,0,0,7990,-15.137684106826782,-11.009793758392334,0.21428571428571427
24530,0,0,7991,-15.137684106826782,-11.009793758392334,0.21428571428571427
24531,0,0,8003,-15.137684106826782,-11.009793758392334,0.21428571428571427
24532,0,0,8012,-15.137684106826782,-11.009793758392334,0.21428571428571427
24533,0,0,8011,-15.137684106826782,-11.009793758392334,0.21428571428571427
24534,0,0,8010,-15.137684106826782,-11.009793758392334,0.21428571428571427
24535,0,0,8009,-15.137684106826782,-11.009793758392334,0.21428571428571427
24536,0,0,8008,-15.137684106826782,-11.009793758392334,0.21428571428571427
24537,0,0,8007,-15.137684106826782,-11.009793758392334,0.21428571428571427
24538,0,0,8006,-15.137684106826782,-11.009793758392334,0.21428571428571427
24539,0,0,8005,-15.137684106826782,-11.009793758392334,0.21428571428571427
24540,0,0,8004,-15.137684106826782,-11.009793758392334,0.21428571428571427
24541,0,0,8002,-15.137684106826782,-11.009793758392334,0.21428571428571427
24542,0,0,7992,-15.137684106826782,-11.009793758392334,0.21428571428571427
24543,0,0,8001,-15.137684106826782,-11.009793758392334,0.21428571428571427
24544,0,0,8000,-15.137684106826782,-11.009793758392334,0.21428571428571427
24545,0,0,7999,-15.137684106826782,-11.009793758392334,0.21428571428571427
24546,0,0,7998,-15.137684106826782,-11.009793758392334,0.21428571428571427
24547,0,0,7997,-15.137684106826782,-11.009793758392334,0.21428571428571427
24548,0,0,7996,-15.137684106826782,-11.009793758392334,0.21428571428571427
24549,0,0,7995,-15.137684106826782,-11.009793758392334,0.21428571428571427
24550,0,0,7994,-15.137684106826782,-11.009793758392334,0.21428571428571427
24551,0,0,7993,-15.137684106826782,-11.009793758392334,0.21428571428571427
24552,0,0,7967,-15.137684106826782,-11.009793758392334,0.21428571428571427
24553,0,0,7965,-15.137684106826782,-11.009793758392334,0.21428571428571427
24554,0,0,7918,-15.137684106826782,-11.009793758392334,0.21428571428571427
24555,0,0,7964,-15.137684106826782,-11.009793758392334,0.21428571428571427
24556,0,0,7939,-15.137684106826782,-11.009793758392334,0.21428571428571427
24557,0,0,7938,-15.137684106826782,-11.009793758392334,0.21428571428571427
24558,0,0,7937,-15.137684106826782,-11.009793758392334,0.21428571428571427
24559,0,0,7936,-15.137684106826782,-11.009793758392334,0.21428571428571427
24560,0,0,7935,-15.137684106826782,-11.009793758392334,0.21428571428571427
24561,0,0,7934,-15.137684106826782,-11.009793758392334,0.21428571428571427
24562,0,0,7933,-15.137684106826782,-11.009793758392334,0.21428571428571427
24563,0,0,7932,-15.137684106826782,-11.009793758392334,0.21428571428571427
24564,0,0,7931,-15.137684106826782,-11.009793758392334,0.21428571428571427
24565,0,0,7930,-15.137684106826782,-11.009793758392334,0.21428571428571427
24566,0,0,7929,-15.137684106826782,-11.009793758392334,0.21428571428571427
24567,0,0,7928,-15.137684106826782,-11.009793758392334,0.21428571428571427
24568,0,0,7927,-15.137684106826782,-11.009793758392334,0.21428571428571427
24569,0,0,7926,-15.137684106826782,-11.009793758392334,0.21428571428571427
24570,0,0,7925,-15.137684106826782,-11.009793758392334,0.21428571428571427
24571,0,0,7924,-15.137684106826782,-11.009793758392334,0.21428571428571427
24572,0,0,7923,-15.137684106826782,-11.009793758392334,0.21428571428571427
24573,0,0,7922,-15.137684106826782,-11.009793758392334,0.21428571428571427
24574,0,0,7921,-15.137684106826782,-11.009793758392334,0.21428571428571427
24575,0,0,7920,-15.137684106826782,-11.009793758392334,0.21428571428571427
24576,0,0,7919,-15.137684106826782,-11.009793758392334,0.21428571428571427
24577,0,0,7940,-15.137684106826782,-11.009793758392334,0.21428571428571427
24578,0,0,7941,-15.137684106826782,-11.009793758392334,0.21428571428571427
24579,0,0,7942,-15.137684106826782,-11.009793758392334,0.21428571428571427
24580,0,0,7954,-15.137684106826782,-11.009793758392334,0.21428571428571427
24581,0,0,7963,-15.137684106826782,-11.009793758392334,0.21428571428571427
24582,0,0,7962,-15.137684106826782,-11.009793758392334,0.21428571428571427
24583,0,0,7961,-15.137684106826782,-11.009793758392334,0.21428571428571427
24584,0,0,7960,-15.137684106826782,-11.009793758392334,0.21428571428571427
24585,0,0,7959,-15.137684106826782,-11.009793758392334,0.21428571428571427
24586,0,0,7958,-15.137684106826782,-11.009793758392334,0.21428571428571427
24587,0,0,7957,-15.137684106826782,-11.009793758392334,0.21428571428571427
24588,0,0,7956,-15.137684106826782,-11.009793758392334,0.21428571428571427
24589,0,0,7955,-15.137684106826782,-11.009793758392334,0.21428571428571427
24590,0,0,7953,-15.137684106826782,-11.009793758392334,0.21428571428571427
24591,0,0,7943,-15.137684106826782,-11.009793758392334,0.21428571428571427
24592,0,0,7952,-15.137684106826782,-11.009793758392334,0.21428571428571427
24593,0,0,7951,-15.137684106826782,-11.009793758392334,0.21428571428571427
24594,0,0,7950,-15.137684106826782,-11.009793758392334,0.21428571428571427
24595,0,0,7949,-15.137684106826782,-11.009793758392334,0.21428571428571427
24596,0,0,7948,-15.137684106826782,-11.009793758392334,0.21428571428571427
24597,0,0,7947,-15.137684106826782,-11.009793758392334,0.21428571428571427
24598,0,0,7946,-15.137684106826782,-11.009793758392334,0.21428571428571427
24599,0,0,7945,-15.137684106826782,-11.009793758392334,0.21428571428571427
24600,0,0,7944,-15.137684106826782,-11.009793758392334,0.21428571428571427
24601,0,0,8208,-15.137684106826782,-11.009793758392334,0.21428571428571427
24602,0,0,8209,-15.137684106826782,-11.009793758392334,0.21428571428571427
24603,0,0,8210,-15.137684106826782,-11.009793758392334,0.21428571428571427
24604,0,0,8405,-15.137684106826782,-11.009793758392334,0.21428571428571427
24605,0,0,8476,-15.137684106826782,-11.009793758392334,0.21428571428571427
24606,0,0,8475,-15.137684106826782,-11.009793758392334,0.21428571428571427
24607,0,0,8474,-15.137684106826782,-11.009793758392334,0.21428571428571427
24608,0,0,8473,-15.137684106826782,-11.009793758392334,0.21428571428571427
24609,0,0,8472,-15.137684106826782,-11.009793758392334,0.21428571428571427
24610,0,0,8471,-15.137684106826782,-11.009793758392334,0.21428571428571427
24611,0,0,8470,-15.137684106826782,-11.009793758392334,0.21428571428571427
24612,0,0,8469,-15.137684106826782,-11.009793758392334,0.21428571428571427
24613,0,0,8468,-15.137684106826782,-11.009793758392334,0.21428571428571427
24614,0,0,8467,-15.137684106826782,-11.009793758392334,0.21428571428571427
24615,0,0,8466,-15.137684106826782,-11.009793758392334,0.21428571428571427
24616,0,0,8465,-15.137684106826782,-11.009793758392334,0.21428571428571427
24617,0,0,8464,-15.137684106826782,-11.009793758392334,0.21428571428571427
24618,0,0,8463,-15.137684106826782,-11.009793758392334,0.21428571428571427
24619,0,0,8462,-15.137684106826782,-11.009793758392334,0.21428571428571427
24620,0,0,8461,-15.137684106826782,-11.009793758392334,0.21428571428571427
24621,0,0,8460,-15.137684106826782,-11.009793758392334,0.21428571428571427
24622,0,0,8459,-15.137684106826782,-11.009793758392334,0.21428571428571427
24623,0,0,8458,-15.137684106826782,-11.009793758392334,0.21428571428571427
24624,0,0,8457,-15.137684106826782,-11.009793758392334,0.21428571428571427
24625,0,0,8456,-15.137684106826782,-11.009793758392334,0.21428571428571427
24626,0,0,8477,-15.137684106826782,-11.009793758392334,0.21428571428571427
24627,0,0,8478,-15.137684106826782,-11.009793758392334,0.21428571428571427
24628,0,0,8479,-15.137684106826782,-11.009793758392334,0.21428571428571427
24629,0,0,8491,-15.137684106826782,-11.009793758392334,0.21428571428571427
24630,0,0,8500,-15.137684106826782,-11.009793758392334,0.21428571428571427
24631,0,0,8499,-15.137684106826782,-11.009793758392334,0.21428571428571427
24632,0,0,8498,-15.137684106826782,-11.009793758392334,0.21428571428571427
24633,0,0,8497,-15.137684106826782,-11.009793758392334,0.21428571428571427
24634,0,0,8496,-15.137684106826782,-11.009793758392334,0.21428571428571427
24635,0,0,8495,-15.137684106826782,-11.009793758392334,0.21428571428571427
24636,0,0,8494,-15.137684106826782,-11.009793758392334,0.21428571428571427
24637,0,0,8493,-15.137684106826782,-11.009793758392334,0.21428571428571427
24638,0,0,8492,-15.137684106826782,-11.009793758392334,0.21428571428571427
24639,0,0,8490,-15.137684106826782,-11.009793758392334,0.21428571428571427
24640,0,0,8480,-15.137684106826782,-11.009793758392334,0.21428571428571427
24641,0,0,8489,-15.137684106826782,-11.009793758392334,0.21428571428571427
24642,0,0,8488,-15.137684106826782,-11.009793758392334,0.21428571428571427
24643,0,0,8487,-15.137684106826782,-11.009793758392334,0.21428571428571427
24644,0,0,8486,-15.137684106826782,-11.009793758392334,0.21428571428571427
24645,0,0,8485,-15.137684106826782,-11.009793758392334,0.21428571428571427
24646,0,0,8484,-15.137684106826782,-11.009793758392334,0.21428571428571427
24647,0,0,8483,-15.137684106826782,-11.009793758392334,0.21428571428571427
24648,0,0,8482,-15.137684106826782,-11.009793758392334,0.21428571428571427
24649,0,0,8481,-15.137684106826782,-11.009793758392334,0.21428571428571427
24650,0,0,8455,-15.137684106826782,-11.009793758392334,0.21428571428571427
24651,0,0,8453,-15.137684106826782,-11.009793758392334,0.21428571428571427
24652,0,0,8406,-15.137684106826782,-11.009793758392334,0.21428571428571427
24653,0,0,8452,-15.137684106826782,-11.009793758392334,0.21428571428571427
24654,0,0,8427,-15.137684106826782,-11.009793758392334,0.21428571428571427
24655,0,0,8426,-15.137684106826782,-11.009793758392334,0.21428571428571427
24656,0,0,8425,-15.137684106826782,-11.009793758392334,0.21428571428571427
24657,0,0,8424,-15.137684106826782,-11.009793758392334,0.21428571428571427
24658,0,0,8423,-15.137684106826782,-11.009793758392334,0.21428571428571427
24659,0,0,8422,-15.137684106826782,-11.009793758392334,0.21428571428571427
24660,0,0,8421,-15.137684106826782,-11.009793758392334,0.21428571428571427
24661,0,0,8420,-15.137684106826782,-11.009793758392334,0.21428571428571427
24662,0,0,8419,-15.137684106826782,-11.009793758392334,0.21428571428571427
24663,0,0,8418,-15.137684106826782,-11.009793758392334,0.21428571428571427
24664,0,0,8417,-15.137684106826782,-11.009793758392334,0.21428571428571427
24665,0,0,8416,-15.137684106826782,-11.009793758392334,0.21428571428571427
24666,0,0,8415,-15.137684106826782,-11.009793758392334,0.21428571428571427
24667,0,0,8414,-15.137684106826782,-11.009793758392334,0.21428571428571427
24668,0,0,8413,-15.137684106826782,-11.009793758392334,0.21428571428571427
24669,0,0,8412,-15.137684106826782,-11.009793758392334,0.21428571428571427
24670,0,0,8411,-15.137684106826782,-11.009793758392334,0.21428571428571427
24671,0,0,8410,-15.137684106826782,-11.009793758392334,0.21428571428571427
24672,0,0,8409,-15.137684106826782,-11.009793758392334,0.21428571428571427
24673,0,0,8408,-15.137684106826782,-11.009793758392334,0.21428571428571427
24674,0,0,8407,-15.137684106826782,-11.009793758392334,0.21428571428571427
24675,0,0,8428,-15.137684106826782,-11.009793758392334,0.21428571428571427
24676,0,0,8429,-15.137684106826782,-11.009793758392334,0.21428571428571427
24677,0,0,8430,-15.137684106826782,-11.009793758392334,0.21428571428571427
24678,0,0,8442,-15.137684106826782,-11.009793758392334,0.21428571428571427
24679,0,0,8451,-15.137684106826782,-11.009793758392334,0.21428571428571427
24680,0,0,8450,-15.137684106826782,-11.009793758392334,0.21428571428571427
24681,0,0,8449,-15.137684106826782,-11.009793758392334,0.21428571428571427
24682,0,0,8448,-15.137684106826782,-11.009793758392334,0.21428571428571427
24683,0,0,8447,-15.137684106826782,-11.009793758392334,0.21428571428571427
24684,0,0,8446,-15.137684106826782,-11.009793758392334,0.21428571428571427
24685,0,0,8445,-15.137684106826782,-11.009793758392334,0.21428571428571427
24686,0,0,8444,-15.137684106826782,-11.009793758392334,0.21428571428571427
24687,0,0,8443,-15.137684106826782,-11.009793758392334,0.21428571428571427
24688,0,0,8441,-15.137684106826782,-11.009793758392334,0.21428571428571427
24689,0,0,8431,-15.137684106826782,-11.009793758392334,0.21428571428571427
24690,0,0,8440,-15.137684106826782,-11.009793758392334,0.21428571428571427
24691,0,0,8439,-15.137684106826782,-11.009793758392334,0.21428571428571427
24692,0,0,8438,-15.137684106826782,-11.009793758392334,0.21428571428571427
24693,0,0,8437,-15.137684106826782,-11.009793758392334,0.21428571428571427
24694,0,0,8436,-15.137684106826782,-11.009793758392334,0.21428571428571427
24695,0,0,8435,-15.137684106826782,-11.009793758392334,0.21428571428571427
24696,0,0,8434,-15.137684106826782,-11.009793758392334,0.21428571428571427
24697,0,0,8433,-15.137684106826782,-11.009793758392334,0.21428571428571427
24698,0,0,8432,-15.137684106826782,-11.009793758392334,0.21428571428571427
24699,0,0,8501,-15.137684106826782,-11.009793758392334,0.21428571428571427
24700,0,0,8502,-15.137684106826782,-11.009793758392334,0.21428571428571427
24701,0,0,8503,-15.137684106826782,-11.009793758392334,0.21428571428571427
24702,0,0,8504,-15.137684106826782,-11.009793758392334,0.21428571428571427
24703,0,0,8573,-15.137684106826782,-11.009793758392334,0.21428571428571427
24704,0,0,8572,-15.137684106826782,-11.009793758392334,0.21428571428571427
24705,0,0,8571,-15.137684106826782,-11.009793758392334,0.21428571428571427
24706,0,0,8570,-15.137684106826782,-11.009793758392334,0.21428571428571427
24707,0,0,8569,-15.137684106826782,-11.009793758392334,0.21428571428571427
24708,0,0,8568,-15.137684106826782,-11.009793758392334,0.21428571428571427
24709,0,0,8567,-15.137684106826782,-11.009793758392334,0.21428571428571427
24710,0,0,8566,-15.137684106826782,-11.009793758392334,0.21428571428571427
24711,0,0,8565,-15.137684106826782,-11.009793758392334,0.21428571428571427
24712,0,0,8563,-15.137684106826782,-11.009793758392334,0.21428571428571427
24713,0,0,8553,-15.137684106826782,-11.009793758392334,0.21428571428571427
24714,0,0,8562,-15.137684106826782,-11.009793758392334,0.21428571428571427
24715,0,0,8561,-15.137684106826782,-11.009793758392334,0.21428571428571427
24716,0,0,8560,-15.137684106826782,-11.009793758392334,0.21428571428571427
24717,0,0,8559,-15.137684106826782,-11.009793758392334,0.21428571428571427
24718,0,0,8558,-15.137684106826782,-11.009793758392334,0.21428571428571427
24719,0,0,8557,-15.137684106826782,-11.009793758392334,0.21428571428571427
24720,0,0,8556,-15.137684106826782,-11.009793758392334,0.21428571428571427
24721,0,0,8555,-15.137684106826782,-11.009793758392334,0.21428571428571427
24722,0,0,8554,-15.137684106826782,-11.009793758392334,0.21428571428571427
24723,0,0,8574,-15.137684106826782,-11.009793758392334,0.21428571428571427
24724,0,0,8564,-15.137684106826782,-11.009793758392334,0.21428571428571427
24725,0,0,8575,-15.137684106826782,-11.009793758392334,0.21428571428571427
24726,0,0,8588,-15.137684106826782,-11.009793758392334,0.21428571428571427
24727,0,0,8597,-15.137684106826782,-11.009793758392334,0.21428571428571427
24728,0,0,8596,-15.137684106826782,-11.009793758392334,0.21428571428571427
24729,0,0,8595,-15.137684106826782,-11.009793758392334,0.21428571428571427
24730,0,0,8594,-15.137684106826782,-11.009793758392334,0.21428571428571427
24731,0,0,8593,-15.137684106826782,-11.009793758392334,0.21428571428571427
24732,0,0,8592,-15.137684106826782,-11.009793758392334,0.21428571428571427
24733,0,0,8591,-15.137684106826782,-11.009793758392334,0.21428571428571427
24734,0,0,8590,-15.137684106826782,-11.009793758392334,0.21428571428571427
24735,0,0,8589,-15.137684106826782,-11.009793758392334,0.21428571428571427
24736,0,0,8587,-15.137684106826782,-11.009793758392334,0.21428571428571427
24737,0,0,8577,-15.137684106826782,-11.009793758392334,0.21428571428571427
24738,0,0,8586,-15.137684106826782,-11.009793758392334,0.21428571428571427
24739,0,0,8585,-15.137684106826782,-11.009793758392334,0.21428571428571427
24740,0,0,8584,-15.137684106826782,-11.009793758392334,0.21428571428571427
24741,0,0,8583,-15.137684106826782,-11.009793758392334,0.21428571428571427
24742,0,0,8582,-15.137684106826782,-11.009793758392334,0.21428571428571427
24743,0,0,8581,-15.137684106826782,-11.009793758392334,0.21428571428571427
24744,0,0,8580,-15.137684106826782,-11.009793758392334,0.21428571428571427
24745,0,0,8579,-15.137684106826782,-11.009793758392334,0.21428571428571427
24746,0,0,8578,-15.137684106826782,-11.009793758392334,0.21428571428571427
24747,0,0,8576,-15.137684106826782,-11.009793758392334,0.21428571428571427
24748,0,0,8552,-15.137684106826782,-11.009793758392334,0.21428571428571427
24749,0,0,8551,-15.137684106826782,-11.009793758392334,0.21428571428571427
24750,0,0,8550,-15.137684106826782,-11.009793758392334,0.21428571428571427
24751,0,0,8525,-15.137684106826782,-11.009793758392334,0.21428571428571427
24752,0,0,8524,-15.137684106826782,-11.009793758392334,0.21428571428571427
24753,0,0,8523,-15.137684106826782,-11.009793758392334,0.21428571428571427
24754,0,0,8522,-15.137684106826782,-11.009793758392334,0.21428571428571427
24755,0,0,8521,-15.137684106826782,-11.009793758392334,0.21428571428571427
24756,0,0,8520,-15.137684106826782,-11.009793758392334,0.21428571428571427
24757,0,0,8519,-15.137684106826782,-11.009793758392334,0.21428571428571427
24758,0,0,8518,-15.137684106826782,-11.009793758392334,0.21428571428571427
24759,0,0,8517,-15.137684106826782,-11.009793758392334,0.21428571428571427
24760,0,0,8516,-15.137684106826782,-11.009793758392334,0.21428571428571427
24761,0,0,8515,-15.137684106826782,-11.009793758392334,0.21428571428571427
24762,0,0,8514,-15.137684106826782,-11.009793758392334,0.21428571428571427
24763,0,0,8513,-15.137684106826782,-11.009793758392334,0.21428571428571427
24764,0,0,8512,-15.137684106826782,-11.009793758392334,0.21428571428571427
24765,0,0,8511,-15.137684106826782,-11.009793758392334,0.21428571428571427
24766,0,0,8510,-15.137684106826782,-11.009793758392334,0.21428571428571427
24767,0,0,8509,-15.137684106826782,-11.009793758392334,0.21428571428571427
24768,0,0,8508,-15.137684106826782,-11.009793758392334,0.21428571428571427
24769,0,0,8507,-15.137684106826782,-11.009793758392334,0.21428571428571427
24770,0,0,8506,-15.137684106826782,-11.009793758392334,0.21428571428571427
24771,0,0,8505,-15.137684106826782,-11.009793758392334,0.21428571428571427
24772,0,0,8526,-15.137684106826782,-11.009793758392334,0.21428571428571427
24773,0,0,8527,-15.137684106826782,-11.009793758392334,0.21428571428571427
24774,0,0,8528,-15.137684106826782,-11.009793758392334,0.21428571428571427
24775,0,0,8540,-15.137684106826782,-11.009793758392334,0.21428571428571427
24776,0,0,8549,-15.137684106826782,-11.009793758392334,0.21428571428571427
24777,0,0,8548,-15.137684106826782,-11.009793758392334,0.21428571428571427
24778,0,0,8547,-15.137684106826782,-11.009793758392334,0.21428571428571427
24779,0,0,8546,-15.137684106826782,-11.009793758392334,0.21428571428571427
24780,0,0,8545,-15.137684106826782,-11.009793758392334,0.21428571428571427
24781,0,0,8544,-15.137684106826782,-11.009793758392334,0.21428571428571427
24782,0,0,8543,-15.137684106826782,-11.009793758392334,0.21428571428571427
24783,0,0,8542,-15.137684106826782,-11.009793758392334,0.21428571428571427
24784,0,0,8541,-15.137684106826782,-11.009793758392334,0.21428571428571427
24785,0,0,8539,-15.137684106826782,-11.009793758392334,0.21428571428571427
24786,0,0,8529,-15.137684106826782,-11.009793758392334,0.21428571428571427
24787,0,0,8538,-15.137684106826782,-11.009793758392334,0.21428571428571427
24788,0,0,8537,-15.137684106826782,-11.009793758392334,0.21428571428571427
24789,0,0,8536,-15.137684106826782,-11.009793758392334,0.21428571428571427
24790,0,0,8535,-15.137684106826782,-11.009793758392334,0.21428571428571427
24791,0,0,8534,-15.137684106826782,-11.009793758392334,0.21428571428571427
24792,0,0,8533,-15.137684106826782,-11.009793758392334,0.21428571428571427
24793,0,0,8532,-15.137684106826782,-11.009793758392334,0.21428571428571427
24794,0,0,8531,-15.137684106826782,-11.009793758392334,0.21428571428571427
24795,0,0,8530,-15.137684106826782,-11.009793758392334,0.21428571428571427
24796,0,0,8454,-15.137684106826782,-11.009793758392334,0.21428571428571427
24797,0,0,8404,-15.137684106826782,-11.009793758392334,0.21428571428571427
24798,0,0,8259,-15.137684106826782,-11.009793758392334,0.21428571428571427
24799,0,0,8403,-15.137684106826782,-11.009793758392334,0.21428571428571427
24800,0,0,8281,-15.137684106826782,-11.009793758392334,0.21428571428571427
24801,0,0,8280,-15.137684106826782,-11.009793758392334,0.21428571428571427
24802,0,0,8279,-15.137684106826782,-11.009793758392334,0.21428571428571427
24803,0,0,8278,-15.137684106826782,-11.009793758392334,0.21428571428571427
24804,0,0,8277,-15.137684106826782,-11.009793758392334,0.21428571428571427
24805,0,0,8276,-15.137684106826782,-11.009793758392334,0.21428571428571427
24806,0,0,8275,-15.137684106826782,-11.009793758392334,0.21428571428571427
24807,0,0,8274,-15.137684106826782,-11.009793758392334,0.21428571428571427
24808,0,0,8273,-15.137684106826782,-11.009793758392334,0.21428571428571427
24809,0,0,8272,-15.137684106826782,-11.009793758392334,0.21428571428571427
24810,0,0,8271,-15.137684106826782,-11.009793758392334,0.21428571428571427
24811,0,0,8270,-15.137684106826782,-11.009793758392334,0.21428571428571427
24812,0,0,8269,-15.137684106826782,-11.009793758392334,0.21428571428571427
24813,0,0,8268,-15.137684106826782,-11.009793758392334,0.21428571428571427
24814,0,0,8267,-15.137684106826782,-11.009793758392334,0.21428571428571427
24815,0,0,8266,-15.137684106826782,-11.009793758392334,0.21428571428571427
24816,0,0,8265,-15.137684106826782,-11.009793758392334,0.21428571428571427
24817,0,0,8264,-15.137684106826782,-11.009793758392334,0.21428571428571427
24818,0,0,8263,-15.137684106826782,-11.009793758392334,0.21428571428571427
24819,0,0,8262,-15.137684106826782,-11.009793758392334,0.21428571428571427
24820,0,0,8261,-15.137684106826782,-11.009793758392334,0.21428571428571427
24821,0,0,8282,-15.137684106826782,-11.009793758392334,0.21428571428571427
24822,0,0,8283,-15.137684106826782,-11.009793758392334,0.21428571428571427
24823,0,0,8284,-15.137684106826782,-11.009793758392334,0.21428571428571427
24824,0,0,8296,-15.137684106826782,-11.009793758392334,0.21428571428571427
24825,0,0,8305,-15.137684106826782,-11.009793758392334,0.21428571428571427
24826,0,0,8304,-15.137684106826782,-11.009793758392334,0.21428571428571427
24827,0,0,8303,-15.137684106826782,-11.009793758392334,0.21428571428571427
24828,0,0,8302,-15.137684106826782,-11.009793758392334,0.21428571428571427
24829,0,0,8301,-15.137684106826782,-11.009793758392334,0.21428571428571427
24830,0,0,8300,-15.137684106826782,-11.009793758392334,0.21428571428571427
24831,0,0,8299,-15.137684106826782,-11.009793758392334,0.21428571428571427
24832,0,0,8298,-15.137684106826782,-11.009793758392334,0.21428571428571427
24833,0,0,8297,-15.137684106826782,-11.009793758392334,0.21428571428571427
24834,0,0,8295,-15.137684106826782,-11.009793758392334,0.21428571428571427
24835,0,0,8285,-15.137684106826782,-11.009793758392334,0.21428571428571427
24836,0,0,8294,-15.137684106826782,-11.009793758392334,0.21428571428571427
24837,0,0,8293,-15.137684106826782,-11.009793758392334,0.21428571428571427
24838,0,0,8292,-15.137684106826782,-11.009793758392334,0.21428571428571427
24839,0,0,8291,-15.137684106826782,-11.009793758392334,0.21428571428571427
24840,0,0,8290,-15.137684106826782,-11.009793758392334,0.21428571428571427
24841,0,0,8289,-15.137684106826782,-11.009793758392334,0.21428571428571427
24842,0,0,8288,-15.137684106826782,-11.009793758392334,0.21428571428571427
24843,0,0,8287,-15.137684106826782,-11.009793758392334,0.21428571428571427
24844,0,0,8286,-15.137684106826782,-11.009793758392334,0.21428571428571427
24845,0,0,8260,-15.137684106826782,-11.009793758392334,0.21428571428571427
24846,0,0,8258,-15.137684106826782,-11.009793758392334,0.21428571428571427
24847,0,0,8211,-15.137684106826782,-11.009793758392334,0.21428571428571427
24848,0,0,8257,-15.137684106826782,-11.009793758392334,0.21428571428571427
24849,0,0,8232,-15.137684106826782,-11.009793758392334,0.21428571428571427
24850,0,0,8231,-15.137684106826782,-11.009793758392334,0.21428571428571427
24851,0,0,8230,-15.137684106826782,-11.009793758392334,0.21428571428571427
24852,0,0,8229,-15.137684106826782,-11.009793758392334,0.21428571428571427
24853,0,0,8228,-15.137684106826782,-11.009793758392334,0.21428571428571427
24854,0,0,8227,-15.137684106826782,-11.009793758392334,0.21428571428571427
24855,0,0,8226,-15.137684106826782,-11.009793758392334,0.21428571428571427
24856,0,0,8225,-15.137684106826782,-11.009793758392334,0.21428571428571427
24857,0,0,8224,-15.137684106826782,-11.009793758392334,0.21428571428571427
24858,0,0,8223,-15.137684106826782,-11.009793758392334,0.21428571428571427
24859,0,0,8222,-15.137684106826782,-11.009793758392334,0.21428571428571427
24860,0,0,8221,-15.137684106826782,-11.009793758392334,0.21428571428571427
24861,0,0,8220,-15.137684106826782,-11.009793758392334,0.21428571428571427
24862,0,0,8219,-15.137684106826782,-11.009793758392334,0.21428571428571427
24863,0,0,8218,-15.137684106826782,-11.009793758392334,0.21428571428571427
24864,0,0,8217,-15.137684106826782,-11.009793758392334,0.21428571428571427
24865,0,0,8216,-15.137684106826782,-11.009793758392334,0.21428571428571427
24866,0,0,8215,-15.137684106826782,-11.009793758392334,0.21428571428571427
24867,0,0,8214,-15.137684106826782,-11.009793758392334,0.21428571428571427
24868,0,0,8213,-15.137684106826782,-11.009793758392334,0.21428571428571427
24869,0,0,8212,-15.137684106826782,-11.009793758392334,0.21428571428571427
24870,0,0,8233,-15.137684106826782,-11.009793758392334,0.21428571428571427
24871,0,0,8234,-15.137684106826782,-11.009793758392334,0.21428571428571427
24872,0,0,8235,-15.137684106826782,-11.009793758392334,0.21428571428571427
24873,0,0,8247,-15.137684106826782,-11.009793758392334,0.21428571428571427
24874,0,0,8256,-15.137684106826782,-11.009793758392334,0.21428571428571427
24875,0,0,8255,-15.137684106826782,-11.009793758392334,0.21428571428571427
24876,0,0,8254,-15.137684106826782,-11.009793758392334,0.21428571428571427
24877,0,0,8253,-15.137684106826782,-11.009793758392334,0.21428571428571427
24878,0,0,8252,-15.137684106826782,-11.009793758392334,0.21428571428571427
24879,0,0,8251,-15.137684106826782,-11.009793758392334,0.21428571428571427
24880,0,0,8250,-15.137684106826782,-11.009793758392334,0.21428571428571427
24881,0,0,8249,-15.137684106826782,-11.009793758392334,0.21428571428571427
24882,0,0,8248,-15.137684106826782,-11.009793758392334,0.21428571428571427
24883,0,0,8246,-15.137684106826782,-11.009793758392334,0.21428571428571427
24884,0,0,8236,-15.137684106826782,-11.009793758392334,0.21428571428571427
24885,0,0,8245,-15.137684106826782,-11.009793758392334,0.21428571428571427
24886,0,0,8244,-15.137684106826782,-11.009793758392334,0.21428571428571427
24887,0,0,8243,-15.137684106826782,-11.009793758392334,0.21428571428571427
24888,0,0,8242,-15.137684106826782,-11.009793758392334,0.21428571428571427
24889,0,0,8241,-15.137684106826782,-11.009793758392334,0.21428571428571427
24890,0,0,8240,-15.137684106826782,-11.009793758392334,0.21428571428571427
24891,0,0,8239,-15.137684106826782,-11.009793758392334,0.21428571428571427
24892,0,0,8238,-15.137684106826782,-11.009793758392334,0.21428571428571427
24893,0,0,8237,-15.137684106826782,-11.009793758392334,0.21428571428571427
24894,0,0,8306,-15.137684106826782,-11.009793758392334,0.21428571428571427
24895,0,0,8307,-15.137684106826782,-11.009793758392334,0.21428571428571427
24896,0,0,8308,-15.137684106826782,-11.009793758392334,0.21428571428571427
24897,0,0,8309,-15.137684106826782,-11.009793758392334,0.21428571428571427
24898,0,0,8378,-15.137684106826782,-11.009793758392334,0.21428571428571427
24899,0,0,8377,-15.137684106826782,-11.009793758392334,0.21428571428571427
24900,0,0,8376,-15.137684106826782,-11.009793758392334,0.21428571428571427
24901,0,0,8375,-15.137684106826782,-11.009793758392334,0.21428571428571427
24902,0,0,8374,-15.137684106826782,-11.009793758392334,0.21428571428571427
24903,0,0,8373,-15.137684106826782,-11.009793758392334,0.21428571428571427
24904,0,0,8372,-15.137684106826782,-11.009793758392334,0.21428571428571427
24905,0,0,8371,-15.137684106826782,-11.009793758392334,0.21428571428571427
24906,0,0,8370,-15.137684106826782,-11.009793758392334,0.21428571428571427
24907,0,0,8368,-15.137684106826782,-11.009793758392334,0.21428571428571427
24908,0,0,8358,-15.137684106826782,-11.009793758392334,0.21428571428571427
24909,0,0,8367,-15.137684106826782,-11.009793758392334,0.21428571428571427
24910,0,0,8366,-15.137684106826782,-11.009793758392334,0.21428571428571427
24911,0,0,8365,-15.137684106826782,-11.009793758392334,0.21428571428571427
24912,0,0,8364,-15.137684106826782,-11.009793758392334,0.21428571428571427
24913,0,0,8363,-15.137684106826782,-11.009793758392334,0.21428571428571427
24914,0,0,8362,-15.137684106826782,-11.009793758392334,0.21428571428571427
24915,0,0,8361,-15.137684106826782,-11.009793758392334,0.21428571428571427
24916,0,0,8360,-15.137684106826782,-11.009793758392334,0.21428571428571427
24917,0,0,8359,-15.137684106826782,-11.009793758392334,0.21428571428571427
24918,0,0,8379,-15.137684106826782,-11.009793758392334,0.21428571428571427
24919,0,0,8369,-15.137684106826782,-11.009793758392334,0.21428571428571427
24920,0,0,8380,-15.137684106826782,-11.009793758392334,0.21428571428571427
24921,0,0,8393,-15.137684106826782,-11.009793758392334,0.21428571428571427
24922,0,0,8402,-15.137684106826782,-11.009793758392334,0.21428571428571427
24923,0,0,8401,-15.137684106826782,-11.009793758392334,0.21428571428571427
24924,0,0,8400,-15.137684106826782,-11.009793758392334,0.21428571428571427
24925,0,0,8399,-15.137684106826782,-11.009793758392334,0.21428571428571427
24926,0,0,8398,-15.137684106826782,-11.009793758392334,0.21428571428571427
24927,0,0,8397,-15.137684106826782,-11.009793758392334,0.21428571428571427
24928,0,0,8396,-15.137684106826782,-11.009793758392334,0.21428571428571427
24929,0,0,8395,-15.137684106826782,-11.009793758392334,0.21428571428571427
24930,0,0,8394,-15.137684106826782,-11.009793758392334,0.21428571428571427
24931,0,0,8392,-15.137684106826782,-11.009793758392334,0.21428571428571427
24932,0,0,8382,-15.137684106826782,-11.009793758392334,0.21428571428571427
24933,0,0,8391,-15.137684106826782,-11.009793758392334,0.21428571428571427
24934,0,0,8390,-15.137684106826782,-11.009793758392334,0.21428571428571427
24935,0,0,8389,-15.137684106826782,-11.009793758392334,0.21428571428571427
24936,0,0,8388,-15.137684106826782,-11.009793758392334,0.21428571428571427
24937,0,0,8387,-15.137684106826782,-11.009793758392334,0.21428571428571427
24938,0,0,8386,-15.137684106826782,-11.009793758392334,0.21428571428571427
24939,0,0,8385,-15.137684106826782,-11.009793758392334,0.21428571428571427
24940,0,0,8384,-15.137684106826782,-11.009793758392334,0.21428571428571427
24941,0,0,8383,-15.137684106826782,-11.009793758392334,0.21428571428571427
24942,0,0,8381,-15.137684106826782,-11.009793758392334,0.21428571428571427
24943,0,0,8357,-15.137684106826782,-11.009793758392334,0.21428571428571427
24944,0,0,8356,-15.137684106826782,-11.009793758392334,0.21428571428571427
24945,0,0,8355,-15.137684106826782,-11.009793758392334,0.21428571428571427
24946,0,0,8330,-15.137684106826782,-11.009793758392334,0.21428571428571427
24947,0,0,8329,-15.137684106826782,-11.009793758392334,0.21428571428571427
24948,0,0,8328,-15.137684106826782,-11.009793758392334,0.21428571428571427
24949,0,0,8327,-15.137684106826782,-11.009793758392334,0.21428571428571427
24950,0,0,8326,-15.137684106826782,-11.009793758392334,0.21428571428571427
24951,0,0,8325,-15.137684106826782,-11.009793758392334,0.21428571428571427
24952,0,0,8324,-15.137684106826782,-11.009793758392334,0.21428571428571427
24953,0,0,8323,-15.137684106826782,-11.009793758392334,0.21428571428571427
24954,0,0,8322,-15.137684106826782,-11.009793758392334,0.21428571428571427
24955,0,0,8321,-15.137684106826782,-11.009793758392334,0.21428571428571427
24956,0,0,8320,-15.137684106826782,-11.009793758392334,0.21428571428571427
24957,0,0,8319,-15.137684106826782,-11.009793758392334,0.21428571428571427
24958,0,0,8318,-15.137684106826782,-11.009793758392334,0.21428571428571427
24959,0,0,8317,-15.137684106826782,-11.009793758392334,0.21428571428571427
24960,0,0,8316,-15.137684106826782,-11.009793758392334,0.21428571428571427
24961,0,0,8315,-15.137684106826782,-11.009793758392334,0.21428571428571427
24962,0,0,8314,-15.137684106826782,-11.009793758392334,0.21428571428571427
24963,0,0,8313,-15.137684106826782,-11.009793758392334,0.21428571428571427
24964,0,0,8312,-15.137684106826782,-11.009793758392334,0.21428571428571427
24965,0,0,8311,-15.137684106826782,-11.009793758392334,0.21428571428571427
24966,0,0,8310,-15.137684106826782,-11.009793758392334,0.21428571428571427
24967,0,0,8331,-15.137684106826782,-11.009793758392334,0.21428571428571427
24968,0,0,8332,-15.137684106826782,-11.009793758392334,0.21428571428571427
24969,0,0,8333,-15.137684106826782,-11.009793758392334,0.21428571428571427
24970,0,0,8345,-15.137684106826782,-11.009793758392334,0.21428571428571427
24971,0,0,8354,-15.137684106826782,-11.009793758392334,0.21428571428571427
24972,0,0,8353,-15.137684106826782,-11.009793758392334,0.21428571428571427
24973,0,0,8352,-15.137684106826782,-11.009793758392334,0.21428571428571427
24974,0,0,8351,-15.137684106826782,-11.009793758392334,0.21428571428571427
24975,0,0,8350,-15.137684106826782,-11.009793758392334,0.21428571428571427
24976,0,0,8349,-15.137684106826782,-11.009793758392334,0.21428571428571427
24977,0,0,8348,-15.137684106826782,-11.009793758392334,0.21428571428571427
24978,0,0,8347,-15.137684106826782,-11.009793758392334,0.21428571428571427
24979,0,0,8346,-15.137684106826782,-11.009793758392334,0.21428571428571427
24980,0,0,8344,-15.137684106826782,-11.009793758392334,0.21428571428571427
24981,0,0,8334,-15.137684106826782,-11.009793758392334,0.21428571428571427
24982,0,0,8343,-15.137684106826782,-11.009793758392334,0.21428571428571427
24983,0,0,8342,-15.137684106826782,-11.009793758392334,0.21428571428571427
24984,0,0,8341,-15.137684106826782,-11.009793758392334,0.21428571428571427
24985,0,0,8340,-15.137684106826782,-11.009793758392334,0.21428571428571427
24986,0,0,8339,-15.137684106826782,-11.009793758392334,0.21428571428571427
24987,0,0,8338,-15.137684106826782,-11.009793758392334,0.21428571428571427
24988,0,0,8337,-15.137684106826782,-11.009793758392334,0.21428571428571427
24989,0,0,8336,-15.137684106826782,-11.009793758392334,0.21428571428571427
24990,0,0,8335,-15.137684106826782,-11.009793758392334,0.21428571428571427
24991,0,0,24999,-15.137684106826782,-11.009793758392334,0.21428571428571427
24992,0,0,20832,-15.137684106826782,-11.009793758392334,0.21428571428571427
24993,0,0,25001,-15.137684106826782,-11.009793758392334,0.21428571428571427
24994,0,0,25392,-15.137684106826782,-11.009793758392334,0.21428571428571427
24995,0,0,25000,-15.137684106826782,-11.009793758392334,0.21428571428571427
24996,0,0,41669,-15.137684106826782,-11.009793758392334,0.21428571428571427
24997,0,0,41668,-15.137684106826782,-11.009793758392334,0.21428571428571427
24998,0,0,41667,-15.137684106826782,-11.009793758392334,0.21428571428571427
24999,0,0,41666,-15.137684106826782,-11.009793758392334,0.21428571428571427
25000,0,0,41665,-15.137684106826782,-11.009793758392334,0.21428571428571427
25001,0,0,41664,-15.137684106826782,-11.009793758392334,0.21428571428571427
25002,0,0,41663,-15.137684106826782,-11.009793758392334,0.21428571428571427
25003,0,0,41662,-15.137684106826782,-11.009793758392334,0.21428571428571427
25004,0,0,41661,-15.137684106826782,-11.009793758392334,0.21428571428571427
25005,0,0,41660,-15.137684106826782,-11.009793758392334,0.21428571428571427
25006,0,0,41659,-15.137684106826782,-11.009793758392334,0.21428571428571427
25007,0,0,41658,-15.137684106826782,-11.009793758392334,0.21428571428571427
25008,0,0,41657,-15.137684106826782,-11.009793758392334,0.21428571428571427
25009,0,0,41656,-15.137684106826782,-11.009793758392334,0.21428571428571427
25010,0,0,41655,-15.137684106826782,-11.009793758392334,0.21428571428571427
25011,0,0,41654,-15.137684106826782,-11.009793758392334,0.21428571428571427
25012,0,0,41653,-15.137684106826782,-11.009793758392334,0.21428571428571427
25013,0,0,41652,-15.137684106826782,-11.009793758392334,0.21428571428571427
25014,0,0,41651,-15.137684106826782,-11.009793758392334,0.21428571428571427
25015,0,0,41650,-15.137684106826782,-11.009793758392334,0.21428571428571427
25016,0,0,41671,-15.137684106826782,-11.009793758392334,0.21428571428571427
25017,0,0,41672,-15.137684106826782,-11.009793758392334,0.21428571428571427
25018,0,0,41673,-15.137684106826782,-11.009793758392334,0.21428571428571427
25019,0,0,41685,-15.137684106826782,-11.009793758392334,0.21428571428571427
25020,0,0,41694,-15.137684106826782,-11.009793758392334,0.21428571428571427
25021,0,0,41693,-15.137684106826782,-11.009793758392334,0.21428571428571427
25022,0,0,41692,-15.137684106826782,-11.009793758392334,0.21428571428571427
25023,0,0,41691,-15.137684106826782,-11.009793758392334,0.21428571428571427
25024,0,0,41690,-15.137684106826782,-11.009793758392334,0.21428571428571427
25025,0,0,41689,-15.137684106826782,-11.009793758392334,0.21428571428571427
25026,0,0,41688,-15.137684106826782,-11.009793758392334,0.21428571428571427
25027,0,0,41687,-15.137684106826782,-11.009793758392334,0.21428571428571427
25028,0,0,41686,-15.137684106826782,-11.009793758392334,0.21428571428571427
25029,0,0,41684,-15.137684106826782,-11.009793758392334,0.21428571428571427
25030,0,0,41674,-15.137684106826782,-11.009793758392334,0.21428571428571427
25031,0,0,41683,-15.137684106826782,-11.009793758392334,0.21428571428571427
25032,0,0,41682,-15.137684106826782,-11.009793758392334,0.21428571428571427
25033,0,0,41681,-15.137684106826782,-11.009793758392334,0.21428571428571427
25034,0,0,41680,-15.137684106826782,-11.009793758392334,0.21428571428571427
25035,0,0,41679,-15.137684106826782,-11.009793758392334,0.21428571428571427
25036,0,0,41678,-15.137684106826782,-11.009793758392334,0.21428571428571427
25037,0,0,41677,-15.137684106826782,-11.009793758392334,0.21428571428571427
25038,0,0,41676,-15.137684106826782,-11.009793758392334,0.21428571428571427
25039,0,0,41675,-15.137684106826782,-11.009793758392334,0.21428571428571427
25040,0,0,41649,-15.137684106826782,-11.009793758392334,0.21428571428571427
25041,0,0,41647,-15.137684106826782,-11.009793758392334,0.21428571428571427
25042,0,0,41600,-15.137684106826782,-11.009793758392334,0.21428571428571427
25043,0,0,41646,-15.137684106826782,-11.009793758392334,0.21428571428571427
25044,0,0,41621,-15.137684106826782,-11.009793758392334,0.21428571428571427
25045,0,0,41620,-15.137684106826782,-11.009793758392334,0.21428571428571427
25046,0,0,41619,-15.137684106826782,-11.009793758392334,0.21428571428571427
25047,0,0,41618,-15.137684106826782,-11.009793758392334,0.21428571428571427
25048,0,0,41617,-15.137684106826782,-11.009793758392334,0.21428571428571427
25049,0,0,41616,-15.137684106826782,-11.009793758392334,0.21428571428571427
25050,0,0,41615,-15.137684106826782,-11.009793758392334,0.21428571428571427
25051,0,0,41614,-15.137684106826782,-11.009793758392334,0.21428571428571427
25052,0,0,41613,-15.137684106826782,-11.009793758392334,0.21428571428571427
25053,0,0,41612,-15.137684106826782,-11.009793758392334,0.21428571428571427
25054,0,0,41611,-15.137684106826782,-11.009793758392334,0.21428571428571427
25055,0,0,41610,-15.137684106826782,-11.009793758392334,0.21428571428571427
25056,0,0,41609,-15.137684106826782,-11.009793758392334,0.21428571428571427
25057,0,0,41608,-15.137684106826782,-11.009793758392334,0.21428571428571427
25058,0,0,41607,-15.137684106826782,-11.009793758392334,0.21428571428571427
25059,0,0,41606,-15.137684106826782,-11.009793758392334,0.21428571428571427
25060,0,0,41605,-15.137684106826782,-11.009793758392334,0.21428571428571427
25061,0,0,41604,-15.137684106826782,-11.009793758392334,0.21428571428571427
25062,0,0,41603,-15.137684106826782,-11.009793758392334,0.21428571428571427
25063,0,0,41602,-15.137684106826782,-11.009793758392334,0.21428571428571427
25064,0,0,41601,-15.137684106826782,-11.009793758392334,0.21428571428571427
25065,0,0,41622,-15.137684106826782,-11.009793758392334,0.21428571428571427
25066,0,0,41623,-15.137684106826782,-11.009793758392334,0.21428571428571427
25067,0,0,41624,-15.137684106826782,-11.009793758392334,0.21428571428571427
25068,0,0,41636,-15.137684106826782,-11.009793758392334,0.21428571428571427
25069,0,0,41645,-15.137684106826782,-11.009793758392334,0.21428571428571427
25070,0,0,41644,-15.137684106826782,-11.009793758392334,0.21428571428571427
25071,0,0,41643,-15.137684106826782,-11.009793758392334,0.21428571428571427
25072,0,0,41642,-15.137684106826782,-11.009793758392334,0.21428571428571427
25073,0,0,41641,-15.137684106826782,-11.009793758392334,0.21428571428571427
25074,0,0,41640,-15.137684106826782,-11.009793758392334,0.21428571428571427
25075,0,0,41639,-15.137684106826782,-11.009793758392334,0.21428571428571427
25076,0,0,41638,-15.137684106826782,-11.009793758392334,0.21428571428571427
25077,0,0,41637,-15.137684106826782,-11.009793758392334,0.21428571428571427
25078,0,0,41635,-15.137684106826782,-11.009793758392334,0.21428571428571427
25079,0,0,41625,-15.137684106826782,-11.009793758392334,0.21428571428571427
25080,0,0,41634,-15.137684106826782,-11.009793758392334,0.21428571428571427
25081,0,0,41633,-15.137684106826782,-11.009793758392334,0.21428571428571427
25082,0,0,41632,-15.137684106826782,-11.009793758392334,0.21428571428571427
25083,0,0,41631,-15.137684106826782,-11.009793758392334,0.21428571428571427
25084,0,0,41630,-15.137684106826782,-11.009793758392334,0.21428571428571427
25085,0,0,41629,-15.137684106826782,-11.009793758392334,0.21428571428571427
25086,0,0,41628,-15.137684106826782,-11.009793758392334,0.21428571428571427
25087,0,0,41627,-15.137684106826782,-11.009793758392334,0.21428571428571427
25088,0,0,41626,-15.137684106826782,-11.009793758392334,0.21428571428571427
25089,0,0,41695,-15.137684106826782,-11.009793758392334,0.21428571428571427
25090,0,0,41696,-15.137684106826782,-11.009793758392334,0.21428571428571427
25091,0,0,41697,-15.137684106826782,-11.009793758392334,0.21428571428571427
25092,0,0,41698,-15.137684106826782,-11.009793758392334,0.21428571428571427
25093,0,0,41767,-15.137684106826782,-11.009793758392334,0.21428571428571427
25094,0,0,41766,-15.137684106826782,-11.009793758392334,0.21428571428571427
25095,0,0,41765,-15.137684106826782,-11.009793758392334,0.21428571428571427
25096,0,0,41764,-15.137684106826782,-11.009793758392334,0.21428571428571427
25097,0,0,41763,-15.137684106826782,-11.009793758392334,0.21428571428571427
25098,0,0,41762,-15.137684106826782,-11.009793758392334,0.21428571428571427
25099,0,0,41761,-15.137684106826782,-11.009793758392334,0.21428571428571427
25100,0,0,41760,-15.137684106826782,-11.009793758392334,0.21428571428571427
25101,0,0,41759,-15.137684106826782,-11.009793758392334,0.21428571428571427
25102,0,0,41757,-15.137684106826782,-11.009793758392334,0.21428571428571427
25103,0,0,41747,-15.137684106826782,-11.009793758392334,0.21428571428571427
25104,0,0,41756,-15.137684106826782,-11.009793758392334,0.21428571428571427
25105,0,0,41755,-15.137684106826782,-11.009793758392334,0.21428571428571427
25106,0,0,41754,-15.137684106826782,-11.009793758392334,0.21428571428571427
25107,0,0,41753,-15.137684106826782,-11.009793758392334,0.21428571428571427
25108,0,0,41752,-15.137684106826782,-11.009793758392334,0.21428571428571427
25109,0,0,41751,-15.137684106826782,-11.009793758392334,0.21428571428571427
25110,0,0,41750,-15.137684106826782,-11.009793758392334,0.21428571428571427
25111,0,0,41749,-15.137684106826782,-11.009793758392334,0.21428571428571427
25112,0,0,41748,-15.137684106826782,-11.009793758392334,0.21428571428571427
25113,0,0,41768,-15.137684106826782,-11.009793758392334,0.21428571428571427
25114,0,0,41758,-15.137684106826782,-11.009793758392334,0.21428571428571427
25115,0,0,41769,-15.137684106826782,-11.009793758392334,0.21428571428571427
25116,0,0,41782,-15.137684106826782,-11.009793758392334,0.21428571428571427
25117,0,0,41791,-15.137684106826782,-11.009793758392334,0.21428571428571427
25118,0,0,41790,-15.137684106826782,-11.009793758392334,0.21428571428571427
25119,0,0,41789,-15.137684106826782,-11.009793758392334,0.21428571428571427
25120,0,0,41788,-15.137684106826782,-11.009793758392334,0.21428571428571427
25121,0,0,41787,-15.137684106826782,-11.009793758392334,0.21428571428571427
25122,0,0,41786,-15.137684106826782,-11.009793758392334,0.21428571428571427
25123,0,0,41785,-15.137684106826782,-11.009793758392334,0.21428571428571427
25124,0,0,41784,-15.137684106826782,-11.009793758392334,0.21428571428571427
25125,0,0,41783,-15.137684106826782,-11.009793758392334,0.21428571428571427
25126,0,0,41781,-15.137684106826782,-11.009793758392334,0.21428571428571427
25127,0,0,41771,-15.137684106826782,-11.009793758392334,0.21428571428571427
25128,0,0,41780,-15.137684106826782,-11.009793758392334,0.21428571428571427
25129,0,0,41779,-15.137684106826782,-11.009793758392334,0.21428571428571427
25130,0,0,41778,-15.137684106826782,-11.009793758392334,0.21428571428571427
25131,0,0,41777,-15.137684106826782,-11.009793758392334,0.21428571428571427
25132,0,0,41776,-15.137684106826782,-11.009793758392334,0.21428571428571427
25133,0,0,41775,-15.137684106826782,-11.009793758392334,0.21428571428571427
25134,0,0,41774,-15.137684106826782,-11.009793758392334,0.21428571428571427
25135,0,0,41773,-15.137684106826782,-11.009793758392334,0.21428571428571427
25136,0,0,41772,-15.137684106826782,-11.009793758392334,0.21428571428571427
25137,0,0,41770,-15.137684106826782,-11.009793758392334,0.21428571428571427
25138,0,0,41746,-15.137684106826782,-11.009793758392334,0.21428571428571427
25139,0,0,41745,-15.137684106826782,-11.009793758392334,0.21428571428571427
25140,0,0,41744,-15.137684106826782,-11.009793758392334,0.21428571428571427
25141,0,0,41719,-15.137684106826782,-11.009793758392334,0.21428571428571427
25142,0,0,41718,-15.137684106826782,-11.009793758392334,0.21428571428571427
25143,0,0,41717,-15.137684106826782,-11.009793758392334,0.21428571428571427
25144,0,0,41716,-15.137684106826782,-11.009793758392334,0.21428571428571427
25145,0,0,41715,-15.137684106826782,-11.009793758392334,0.21428571428571427
25146,0,0,41714,-15.137684106826782,-11.009793758392334,0.21428571428571427
25147,0,0,41713,-15.137684106826782,-11.009793758392334,0.21428571428571427
25148,0,0,41712,-15.137684106826782,-11.009793758392334,0.21428571428571427
25149,0,0,41711,-15.137684106826782,-11.009793758392334,0.21428571428571427
25150,0,0,41710,-15.137684106826782,-11.009793758392334,0.21428571428571427
25151,0,0,41709,-15.137684106826782,-11.009793758392334,0.21428571428571427
25152,0,0,41708,-15.137684106826782,-11.009793758392334,0.21428571428571427
25153,0,0,41707,-15.137684106826782,-11.009793758392334,0.21428571428571427
25154,0,0,41706,-15.137684106826782,-11.009793758392334,0.21428571428571427
25155,0,0,41705,-15.137684106826782,-11.009793758392334,0.21428571428571427
25156,0,0,41704,-15.137684106826782,-11.009793758392334,0.21428571428571427
25157,0,0,41703,-15.137684106826782,-11.009793758392334,0.21428571428571427
25158,0,0,41702,-15.137684106826782,-11.009793758392334,0.21428571428571427
25159,0,0,41701,-15.137684106826782,-11.009793758392334,0.21428571428571427
25160,0,0,41700,-15.137684106826782,-11.009793758392334,0.21428571428571427
25161,0,0,41699,-15.137684106826782,-11.009793758392334,0.21428571428571427
25162,0,0,41720,-15.137684106826782,-11.009793758392334,0.21428571428571427
25163,0,0,41721,-15.137684106826782,-11.009793758392334,0.21428571428571427
25164,0,0,41722,-15.137684106826782,-11.009793758392334,0.21428571428571427
25165,0,0,41734,-15.137684106826782,-11.009793758392334,0.21428571428571427
25166,0,0,41743,-15.137684106826782,-11.009793758392334,0.21428571428571427
25167,0,0,41742,-15.137684106826782,-11.009793758392334,0.21428571428571427
25168,0,0,41741,-15.137684106826782,-11.009793758392334,0.21428571428571427
25169,0,0,41740,-15.137684106826782,-11.009793758392334,0.21428571428571427
25170,0,0,41739,-15.137684106826782,-11.009793758392334,0.21428571428571427
25171,0,0,41738,-15.137684106826782,-11.009793758392334,0.21428571428571427
25172,0,0,41737,-15.137684106826782,-11.009793758392334,0.21428571428571427
25173,0,0,41736,-15.137684106826782,-11.009793758392334,0.21428571428571427
25174,0,0,41735,-15.137684106826782,-11.009793758392334,0.21428571428571427
25175,0,0,41733,-15.137684106826782,-11.009793758392334,0.21428571428571427
25176,0,0,41723,-15.137684106826782,-11.009793758392334,0.21428571428571427
25177,0,0,41732,-15.137684106826782,-11.009793758392334,0.21428571428571427
25178,0,0,41731,-15.137684106826782,-11.009793758392334,0.21428571428571427
25179,0,0,41730,-15.137684106826782,-11.009793758392334,0.21428571428571427
25180,0,0,41729,-15.137684106826782,-11.009793758392334,0.21428571428571427
25181,0,0,41728,-15.137684106826782,-11.009793758392334,0.21428571428571427
25182,0,0,41727,-15.137684106826782,-11.009793758392334,0.21428571428571427
25183,0,0,41726,-15.137684106826782,-11.009793758392334,0.21428571428571427
25184,0,0,41725,-15.137684106826782,-11.009793758392334,0.21428571428571427
25185,0,0,41724,-15.137684106826782,-11.009793758392334,0.21428571428571427
25186,0,0,41648,-15.137684106826782,-11.009793758392334,0.21428571428571427
25187,0,0,41599,-15.137684106826782,-11.009793758392334,0.21428571428571427
25188,0,0,41598,-15.137684106826782,-11.009793758392334,0.21428571428571427
25189,0,0,41597,-15.137684106826782,-11.009793758392334,0.21428571428571427
25190,0,0,41474,-15.137684106826782,-11.009793758392334,0.21428571428571427
25191,0,0,41473,-15.137684106826782,-11.009793758392334,0.21428571428571427
25192,0,0,41472,-15.137684106826782,-11.009793758392334,0.21428571428571427
25193,0,0,41471,-15.137684106826782,-11.009793758392334,0.21428571428571427
25194,0,0,41470,-15.137684106826782,-11.009793758392334,0.21428571428571427
25195,0,0,41469,-15.137684106826782,-11.009793758392334,0.21428571428571427
25196,0,0,41468,-15.137684106826782,-11.009793758392334,0.21428571428571427
25197,0,0,41467,-15.137684106826782,-11.009793758392334,0.21428571428571427
25198,0,0,41466,-15.137684106826782,-11.009793758392334,0.21428571428571427
25199,0,0,41465,-15.137684106826782,-11.009793758392334,0.21428571428571427
25200,0,0,41464,-15.137684106826782,-11.009793758392334,0.21428571428571427
25201,0,0,41463,-15.137684106826782,-11.009793758392334,0.21428571428571427
25202,0,0,41462,-15.137684106826782,-11.009793758392334,0.21428571428571427
25203,0,0,41461,-15.137684106826782,-11.009793758392334,0.21428571428571427
25204,0,0,41460,-15.137684106826782,-11.009793758392334,0.21428571428571427
25205,0,0,41459,-15.137684106826782,-11.009793758392334,0.21428571428571427
25206,0,0,41458,-15.137684106826782,-11.009793758392334,0.21428571428571427
25207,0,0,41457,-15.137684106826782,-11.009793758392334,0.21428571428571427
25208,0,0,41456,-15.137684106826782,-11.009793758392334,0.21428571428571427
25209,0,0,41455,-15.137684106826782,-11.009793758392334,0.21428571428571427
25210,0,0,41454,-15.137684106826782,-11.009793758392334,0.21428571428571427
25211,0,0,41475,-15.137684106826782,-11.009793758392334,0.21428571428571427
25212,0,0,41476,-15.137684106826782,-11.009793758392334,0.21428571428571427
25213,0,0,41477,-15.137684106826782,-11.009793758392334,0.21428571428571427
25214,0,0,41489,-15.137684106826782,-11.009793758392334,0.21428571428571427
25215,0,0,41498,-15.137684106826782,-11.009793758392334,0.21428571428571427
25216,0,0,41497,-15.137684106826782,-11.009793758392334,0.21428571428571427
25217,0,0,41496,-15.137684106826782,-11.009793758392334,0.21428571428571427
25218,0,0,41495,-15.137684106826782,-11.009793758392334,0.21428571428571427
25219,0,0,41494,-15.137684106826782,-11.009793758392334,0.21428571428571427
25220,0,0,41493,-15.137684106826782,-11.009793758392334,0.21428571428571427
25221,0,0,41492,-15.137684106826782,-11.009793758392334,0.21428571428571427
25222,0,0,41491,-15.137684106826782,-11.009793758392334,0.21428571428571427
25223,0,0,41490,-15.137684106826782,-11.009793758392334,0.21428571428571427
25224,0,0,41488,-15.137684106826782,-11.009793758392334,0.21428571428571427
25225,0,0,41478,-15.137684106826782,-11.009793758392334,0.21428571428571427
25226,0,0,41487,-15.137684106826782,-11.009793758392334,0.21428571428571427
25227,0,0,41486,-15.137684106826782,-11.009793758392334,0.21428571428571427
25228,0,0,41485,-15.137684106826782,-11.009793758392334,0.21428571428571427
25229,0,0,41484,-15.137684106826782,-11.009793758392334,0.21428571428571427
25230,0,0,41483,-15.137684106826782,-11.009793758392334,0.21428571428571427
25231,0,0,41482,-15.137684106826782,-11.009793758392334,0.21428571428571427
25232,0,0,41481,-15.137684106826782,-11.009793758392334,0.21428571428571427
25233,0,0,41480,-15.137684106826782,-11.009793758392334,0.21428571428571427
25234,0,0,41479,-15.137684106826782,-11.009793758392334,0.21428571428571427
25235,0,0,41453,-15.137684106826782,-11.009793758392334,0.21428571428571427
25236,0,0,41451,-15.137684106826782,-11.009793758392334,0.21428571428571427
25237,0,0,41404,-15.137684106826782,-11.009793758392334,0.21428571428571427
25238,0,0,41450,-15.137684106826782,-11.009793758392334,0.21428571428571427
25239,0,0,41425,-15.137684106826782,-11.009793758392334,0.21428571428571427
25240,0,0,41424,-15.137684106826782,-11.009793758392334,0.21428571428571427
25241,0,0,41423,-15.137684106826782,-11.009793758392334,0.21428571428571427
25242,0,0,41422,-15.137684106826782,-11.009793758392334,0.21428571428571427
25243,0,0,41421,-15.137684106826782,-11.009793758392334,0.21428571428571427
25244,0,0,41420,-15.137684106826782,-11.009793758392334,0.21428571428571427
25245,0,0,41419,-15.137684106826782,-11.009793758392334,0.21428571428571427
25246,0,0,41418,-15.137684106826782,-11.009793758392334,0.21428571428571427
25247,0,0,41417,-15.137684106826782,-11.009793758392334,0.21428571428571427
25248,0,0,41416,-15.137684106826782,-11.009793758392334,0.21428571428571427
25249,0,0,41415,-15.137684106826782,-11.009793758392334,0.21428571428571427
25250,0,0,41414,-15.137684106826782,-11.009793758392334,0.21428571428571427
25251,0,0,41413,-15.137684106826782,-11.009793758392334,0.21428571428571427
25252,0,0,41412,-15.137684106826782,-11.009793758392334,0.21428571428571427
25253,0,0,41411,-15.137684106826782,-11.009793758392334,0.21428571428571427
25254,0,0,41410,-15.137684106826782,-11.009793758392334,0.21428571428571427
25255,0,0,41409,-15.137684106826782,-11.009793758392334,0.21428571428571427
25256,0,0,41408,-15.137684106826782,-11.009793758392334,0.21428571428571427
25257,0,0,41407,-15.137684106826782,-11.009793758392334,0.21428571428571427
25258,0,0,41406,-15.137684106826782,-11.009793758392334,0.21428571428571427
25259,0,0,41405,-15.137684106826782,-11.009793758392334,0.21428571428571427
25260,0,0,41426,-15.137684106826782,-11.009793758392334,0.21428571428571427
25261,0,0,41427,-15.137684106826782,-11.009793758392334,0.21428571428571427
25262,0,0,41428,-15.137684106826782,-11.009793758392334,0.21428571428571427
25263,0,0,41440,-15.137684106826782,-11.009793758392334,0.21428571428571427
25264,0,0,41449,-15.137684106826782,-11.009793758392334,0.21428571428571427
25265,0,0,41448,-15.137684106826782,-11.009793758392334,0.21428571428571427
25266,0,0,41447,-15.137684106826782,-11.009793758392334,0.21428571428571427
25267,0,0,41446,-15.137684106826782,-11.009793758392334,0.21428571428571427
25268,0,0,41445,-15.137684106826782,-11.009793758392334,0.21428571428571427
25269,0,0,41444,-15.137684106826782,-11.009793758392334,0.21428571428571427
25270,0,0,41443,-15.137684106826782,-11.009793758392334,0.21428571428571427
25271,0,0,41442,-15.137684106826782,-11.009793758392334,0.21428571428571427
25272,0,0,41441,-15.137684106826782,-11.009793758392334,0.21428571428571427
25273,0,0,41439,-15.137684106826782,-11.009793758392334,0.21428571428571427
25274,0,0,41429,-15.137684106826782,-11.009793758392334,0.21428571428571427
25275,0,0,41438,-15.137684106826782,-11.009793758392334,0.21428571428571427
25276,0,0,41437,-15.137684106826782,-11.009793758392334,0.21428571428571427
25277,0,0,41436,-15.137684106826782,-11.009793758392334,0.21428571428571427
25278,0,0,41435,-15.137684106826782,-11.009793758392334,0.21428571428571427
25279,0,0,41434,-15.137684106826782,-11.009793758392334,0.21428571428571427
25280,0,0,41433,-15.137684106826782,-11.009793758392334,0.21428571428571427
25281,0,0,41432,-15.137684106826782,-11.009793758392334,0.21428571428571427
25282,0,0,41431,-15.137684106826782,-11.009793758392334,0.21428571428571427
25283,0,0,41430,-15.137684106826782,-11.009793758392334,0.21428571428571427
25284,0,0,41499,-15.137684106826782,-11.009793758392334,0.21428571428571427
25285,0,0,41452,-15.137684106826782,-11.009793758392334,0.21428571428571427
25286,0,0,41500,-15.137684106826782,-11.009793758392334,0.21428571428571427
25287,0,0,41550,-15.137684106826782,-11.009793758392334,0.21428571428571427
25288,0,0,41572,-15.137684106826782,-11.009793758392334,0.21428571428571427
25289,0,0,41571,-15.137684106826782,-11.009793758392334,0.21428571428571427
25290,0,0,41570,-15.137684106826782,-11.009793758392334,0.21428571428571427
25291,0,0,41569,-15.137684106826782,-11.009793758392334,0.21428571428571427
25292,0,0,41568,-15.137684106826782,-11.009793758392334,0.21428571428571427
25293,0,0,41567,-15.137684106826782,-11.009793758392334,0.21428571428571427
25294,0,0,41566,-15.137684106826782,-11.009793758392334,0.21428571428571427
25295,0,0,41565,-15.137684106826782,-11.009793758392334,0.21428571428571427
25296,0,0,41564,-15.137684106826782,-11.009793758392334,0.21428571428571427
25297,0,0,41563,-15.137684106826782,-11.009793758392334,0.21428571428571427
25298,0,0,41562,-15.137684106826782,-11.009793758392334,0.21428571428571427
25299,0,0,41561,-15.137684106826782,-11.009793758392334,0.21428571428571427
25300,0,0,41560,-15.137684106826782,-11.009793758392334,0.21428571428571427
25301,0,0,41559,-15.137684106826782,-11.009793758392334,0.21428571428571427
25302,0,0,41558,-15.137684106826782,-11.009793758392334,0.21428571428571427
25303,0,0,41557,-15.137684106826782,-11.009793758392334,0.21428571428571427
25304,0,0,41556,-15.137684106826782,-11.009793758392334,0.21428571428571427
25305,0,0,41555,-15.137684106826782,-11.009793758392334,0.21428571428571427
25306,0,0,41554,-15.137684106826782,-11.009793758392334,0.21428571428571427
25307,0,0,41553,-15.137684106826782,-11.009793758392334,0.21428571428571427
25308,0,0,41552,-15.137684106826782,-11.009793758392334,0.21428571428571427
25309,0,0,41573,-15.137684106826782,-11.009793758392334,0.21428571428571427
25310,0,0,41574,-15.137684106826782,-11.009793758392334,0.21428571428571427
25311,0,0,41575,-15.137684106826782,-11.009793758392334,0.21428571428571427
25312,0,0,41587,-15.137684106826782,-11.009793758392334,0.21428571428571427
25313,0,0,41596,-15.137684106826782,-11.009793758392334,0.21428571428571427
25314,0,0,41595,-15.137684106826782,-11.009793758392334,0.21428571428571427
25315,0,0,41594,-15.137684106826782,-11.009793758392334,0.21428571428571427
25316,0,0,41593,-15.137684106826782,-11.009793758392334,0.21428571428571427
25317,0,0,41592,-15.137684106826782,-11.009793758392334,0.21428571428571427
25318,0,0,41591,-15.137684106826782,-11.009793758392334,0.21428571428571427
25319,0,0,41590,-15.137684106826782,-11.009793758392334,0.21428571428571427
25320,0,0,41589,-15.137684106826782,-11.009793758392334,0.21428571428571427
25321,0,0,41588,-15.137684106826782,-11.009793758392334,0.21428571428571427
25322,0,0,41586,-15.137684106826782,-11.009793758392334,0.21428571428571427
25323,0,0,41576,-15.137684106826782,-11.009793758392334,0.21428571428571427
25324,0,0,41585,-15.137684106826782,-11.009793758392334,0.21428571428571427
25325,0,0,41584,-15.137684106826782,-11.009793758392334,0.21428571428571427
25326,0,0,41583,-15.137684106826782,-11.009793758392334,0.21428571428571427
25327,0,0,41582,-15.137684106826782,-11.009793758392334,0.21428571428571427
25328,0,0,41581,-15.137684106826782,-11.009793758392334,0.21428571428571427
25329,0,0,41580,-15.137684106826782,-11.009793758392334,0.21428571428571427
25330,0,0,41579,-15.137684106826782,-11.009793758392334,0.21428571428571427
25331,0,0,41578,-15.137684106826782,-11.009793758392334,0.21428571428571427
25332,0,0,41577,-15.137684106826782,-11.009793758392334,0.21428571428571427
25333,0,0,41551,-15.137684106826782,-11.009793758392334,0.21428571428571427
25334,0,0,41549,-15.137684106826782,-11.009793758392334,0.21428571428571427
25335,0,0,41502,-15.137684106826782,-11.009793758392334,0.21428571428571427
25336,0,0,41548,-15.137684106826782,-11.009793758392334,0.21428571428571427
25337,0,0,41523,-15.137684106826782,-11.009793758392334,0.21428571428571427
25338,0,0,41522,-15.137684106826782,-11.009793758392334,0.21428571428571427
25339,0,0,41521,-15.137684106826782,-11.009793758392334,0.21428571428571427
25340,0,0,41520,-15.137684106826782,-11.009793758392334,0.21428571428571427
25341,0,0,41519,-15.137684106826782,-11.009793758392334,0.21428571428571427
25342,0,0,41518,-15.137684106826782,-11.009793758392334,0.21428571428571427
25343,0,0,41517,-15.137684106826782,-11.009793758392334,0.21428571428571427
25344,0,0,41516,-15.137684106826782,-11.009793758392334,0.21428571428571427
25345,0,0,41515,-15.137684106826782,-11.009793758392334,0.21428571428571427
25346,0,0,41514,-15.137684106826782,-11.009793758392334,0.21428571428571427
25347,0,0,41513,-15.137684106826782,-11.009793758392334,0.21428571428571427
25348,0,0,41512,-15.137684106826782,-11.009793758392334,0.21428571428571427
25349,0,0,41511,-15.137684106826782,-11.009793758392334,0.21428571428571427
25350,0,0,41510,-15.137684106826782,-11.009793758392334,0.21428571428571427
25351,0,0,41509,-15.137684106826782,-11.009793758392334,0.21428571428571427
25352,0,0,41508,-15.137684106826782,-11.009793758392334,0.21428571428571427
25353,0,0,41507,-15.137684106826782,-11.009793758392334,0.21428571428571427
25354,0,0,41506,-15.137684106826782,-11.009793758392334,0.21428571428571427
25355,0,0,41505,-15.137684106826782,-11.009793758392334,0.21428571428571427
25356,0,0,41504,-15.137684106826782,-11.009793758392334,0.21428571428571427
25357,0,0,41503,-15.137684106826782,-11.009793758392334,0.21428571428571427
25358,0,0,41524,-15.137684106826782,-11.009793758392334,0.21428571428571427
25359,0,0,41525,-15.137684106826782,-11.009793758392334,0.21428571428571427
25360,0,0,41526,-15.137684106826782,-11.009793758392334,0.21428571428571427
25361,0,0,41538,-15.137684106826782,-11.009793758392334,0.21428571428571427
25362,0,0,41547,-15.137684106826782,-11.009793758392334,0.21428571428571427
25363,0,0,41546,-15.137684106826782,-11.009793758392334,0.21428571428571427
25364,0,0,41545,-15.137684106826782,-11.009793758392334,0.21428571428571427
25365,0,0,41544,-15.137684106826782,-11.009793758392334,0.21428571428571427
25366,0,0,41543,-15.137684106826782,-11.009793758392334,0.21428571428571427
25367,0,0,41542,-15.137684106826782,-11.009793758392334,0.21428571428571427
25368,0,0,41541,-15.137684106826782,-11.009793758392334,0.21428571428571427
25369,0,0,41540,-15.137684106826782,-11.009793758392334,0.21428571428571427
25370,0,0,41539,-15.137684106826782,-11.009793758392334,0.21428571428571427
25371,0,0,41537,-15.137684106826782,-11.009793758392334,0.21428571428571427
25372,0,0,41527,-15.137684106826782,-11.009793758392334,0.21428571428571427
25373,0,0,41536,-15.137684106826782,-11.009793758392334,0.21428571428571427
25374,0,0,41535,-15.137684106826782,-11.009793758392334,0.21428571428571427
25375,0,0,41534,-15.137684106826782,-11.009793758392334,0.21428571428571427
25376,0,0,41533,-15.137684106826782,-11.009793758392334,0.21428571428571427
25377,0,0,41532,-15.137684106826782,-11.009793758392334,0.21428571428571427
25378,0,0,41531,-15.137684106826782,-11.009793758392334,0.21428571428571427
25379,0,0,41530,-15.137684106826782,-11.009793758392334,0.21428571428571427
25380,0,0,41529,-15.137684106826782,-11.009793758392334,0.21428571428571427
25381,0,0,41528,-15.137684106826782,-11.009793758392334,0.21428571428571427
25382,0,0,41792,-15.137684106826782,-11.009793758392334,0.21428571428571427
25383,0,0,41793,-15.137684106826782,-11.009793758392334,0.21428571428571427
25384,0,0,41794,-15.137684106826782,-11.009793758392334,0.21428571428571427
25385,0,0,41989,-15.137684106826782,-11.009793758392334,0.21428571428571427
25386,0,0,42060,-15.137684106826782,-11.009793758392334,0.21428571428571427
25387,0,0,42059,-15.137684106826782,-11.009793758392334,0.21428571428571427
25388,0,0,42058,-15.137684106826782,-11.009793758392334,0.21428571428571427
25389,0,0,42057,-15.137684106826782,-11.009793758392334,0.21428571428571427
25390,0,0,42056,-15.137684106826782,-11.009793758392334,0.21428571428571427
25391,0,0,42055,-15.137684106826782,-11.009793758392334,0.21428571428571427
25392,0,0,42054,-15.137684106826782,-11.009793758392334,0.21428571428571427
25393,0,0,42053,-15.137684106826782,-11.009793758392334,0.21428571428571427
25394,0,0,42052,-15.137684106826782,-11.009793758392334,0.21428571428571427
25395,0,0,42051,-15.137684106826782,-11.009793758392334,0.21428571428571427
25396,0,0,42050,-15.137684106826782,-11.009793758392334,0.21428571428571427
25397,0,0,42049,-15.137684106826782,-11.009793758392334,0.21428571428571427
25398,0,0,42048,-15.137684106826782,-11.009793758392334,0.21428571428571427
25399,0,0,42047,-15.137684106826782,-11.009793758392334,0.21428571428571427
25400,0,0,42046,-15.137684106826782,-11.009793758392334,0.21428571428571427
25401,0,0,42045,-15.137684106826782,-11.009793758392334,0.21428571428571427
25402,0,0,42044,-15.137684106826782,-11.009793758392334,0.21428571428571427
25403,0,0,42043,-15.137684106826782,-11.009793758392334,0.21428571428571427
25404,0,0,42042,-15.137684106826782,-11.009793758392334,0.21428571428571427
25405,0,0,42041,-15.137684106826782,-11.009793758392334,0.21428571428571427
25406,0,0,42040,-15.137684106826782,-11.009793758392334,0.21428571428571427
25407,0,0,42061,-15.137684106826782,-11.009793758392334,0.21428571428571427
25408,0,0,42062,-15.137684106826782,-11.009793758392334,0.21428571428571427
25409,0,0,42063,-15.137684106826782,-11.009793758392334,0.21428571428571427
25410,0,0,42075,-15.137684106826782,-11.009793758392334,0.21428571428571427
25411,0,0,42084,-15.137684106826782,-11.009793758392334,0.21428571428571427
25412,0,0,42083,-15.137684106826782,-11.009793758392334,0.21428571428571427
25413,0,0,42082,-15.137684106826782,-11.009793758392334,0.21428571428571427
25414,0,0,42081,-15.137684106826782,-11.009793758392334,0.21428571428571427
25415,0,0,42080,-15.137684106826782,-11.009793758392334,0.21428571428571427
25416,0,0,42079,-15.137684106826782,-11.009793758392334,0.21428571428571427
25417,0,0,42078,-15.137684106826782,-11.009793758392334,0.21428571428571427
25418,0,0,42077,-15.137684106826782,-11.009793758392334,0.21428571428571427
25419,0,0,42076,-15.137684106826782,-11.009793758392334,0.21428571428571427
25420,0,0,42074,-15.137684106826782,-11.009793758392334,0.21428571428571427
25421,0,0,42064,-15.137684106826782,-11.009793758392334,0.21428571428571427
25422,0,0,42073,-15.137684106826782,-11.009793758392334,0.21428571428571427
25423,0,0,42072,-15.137684106826782,-11.009793758392334,0.21428571428571427
25424,0,0,42071,-15.137684106826782,-11.009793758392334,0.21428571428571427
25425,0,0,42070,-15.137684106826782,-11.009793758392334,0.21428571428571427
25426,0,0,42069,-15.137684106826782,-11.009793758392334,0.21428571428571427
25427,0,0,42068,-15.137684106826782,-11.009793758392334,0.21428571428571427
25428,0,0,42067,-15.137684106826782,-11.009793758392334,0.21428571428571427
25429,0,0,42066,-15.137684106826782,-11.009793758392334,0.21428571428571427
25430,0,0,42065,-15.137684106826782,-11.009793758392334,0.21428571428571427
25431,0,0,42039,-15.137684106826782,-11.009793758392334,0.21428571428571427
25432,0,0,42037,-15.137684106826782,-11.009793758392334,0.21428571428571427
25433,0,0,41990,-15.137684106826782,-11.009793758392334,0.21428571428571427
25434,0,0,42036,-15.137684106826782,-11.009793758392334,0.21428571428571427
25435,0,0,42011,-15.137684106826782,-11.009793758392334,0.21428571428571427
25436,0,0,42010,-15.137684106826782,-11.009793758392334,0.21428571428571427
25437,0,0,42009,-15.137684106826782,-11.009793758392334,0.21428571428571427
25438,0,0,42008,-15.137684106826782,-11.009793758392334,0.21428571428571427
25439,0,0,42007,-15.137684106826782,-11.009793758392334,0.21428571428571427
25440,0,0,42006,-15.137684106826782,-11.009793758392334,0.21428571428571427
25441,0,0,42005,-15.137684106826782,-11.009793758392334,0.21428571428571427
25442,0,0,42004,-15.137684106826782,-11.009793758392334,0.21428571428571427
25443,0,0,42003,-15.137684106826782,-11.009793758392334,0.21428571428571427
25444,0,0,42002,-15.137684106826782,-11.009793758392334,0.21428571428571427
25445,0,0,42001,-15.137684106826782,-11.009793758392334,0.21428571428571427
25446,0,0,42000,-15.137684106826782,-11.009793758392334,0.21428571428571427
25447,0,0,41999,-15.137684106826782,-11.009793758392334,0.21428571428571427
25448,0,0,41998,-15.137684106826782,-11.009793758392334,0.21428571428571427
25449,0,0,41997,-15.137684106826782,-11.009793758392334,0.21428571428571427
25450,0,0,41996,-15.137684106826782,-11.009793758392334,0.21428571428571427
25451,0,0,41995,-15.137684106826782,-11.009793758392334,0.21428571428571427
25452,0,0,41994,-15.137684106826782,-11.009793758392334,0.21428571428571427
25453,0,0,41993,-15.137684106826782,-11.009793758392334,0.21428571428571427
25454,0,0,41992,-15.137684106826782,-11.009793758392334,0.21428571428571427
25455,0,0,41991,-15.137684106826782,-11.009793758392334,0.21428571428571427
25456,0,0,42012,-15.137684106826782,-11.009793758392334,0.21428571428571427
25457,0,0,42013,-15.137684106826782,-11.009793758392334,0.21428571428571427
25458,0,0,42014,-15.137684106826782,-11.009793758392334,0.21428571428571427
25459,0,0,42026,-15.137684106826782,-11.009793758392334,0.21428571428571427
25460,0,0,42035,-15.137684106826782,-11.009793758392334,0.21428571428571427
25461,0,0,42034,-15.137684106826782,-11.009793758392334,0.21428571428571427
25462,0,0,42033,-15.137684106826782,-11.009793758392334,0.21428571428571427
25463,0,0,42032,-15.137684106826782,-11.009793758392334,0.21428571428571427
25464,0,0,42031,-15.137684106826782,-11.009793758392334,0.21428571428571427
25465,0,0,42030,-15.137684106826782,-11.009793758392334,0.21428571428571427
25466,0,0,42029,-15.137684106826782,-11.009793758392334,0.21428571428571427
25467,0,0,42028,-15.137684106826782,-11.009793758392334,0.21428571428571427
25468,0,0,42027,-15.137684106826782,-11.009793758392334,0.21428571428571427
25469,0,0,42025,-15.137684106826782,-11.009793758392334,0.21428571428571427
25470,0,0,42015,-15.137684106826782,-11.009793758392334,0.21428571428571427
25471,0,0,42024,-15.137684106826782,-11.009793758392334,0.21428571428571427
25472,0,0,42023,-15.137684106826782,-11.009793758392334,0.21428571428571427
25473,0,0,42022,-15.137684106826782,-11.009793758392334,0.21428571428571427
25474,0,0,42021,-15.137684106826782,-11.009793758392334,0.21428571428571427
25475,0,0,42020,-15.137684106826782,-11.009793758392334,0.21428571428571427
25476,0,0,42019,-15.137684106826782,-11.009793758392334,0.21428571428571427
25477,0,0,42018,-15.137684106826782,-11.009793758392334,0.21428571428571427
25478,0,0,42017,-15.137684106826782,-11.009793758392334,0.21428571428571427
25479,0,0,42016,-15.137684106826782,-11.009793758392334,0.21428571428571427
25480,0,0,42085,-15.137684106826782,-11.009793758392334,0.21428571428571427
25481,0,0,42086,-15.137684106826782,-11.009793758392334,0.21428571428571427
25482,0,0,42087,-15.137684106826782,-11.009793758392334,0.21428571428571427
25483,0,0,42088,-15.137684106826782,-11.009793758392334,0.21428571428571427
25484,0,0,42157,-15.137684106826782,-11.009793758392334,0.21428571428571427
25485,0,0,42156,-15.137684106826782,-11.009793758392334,0.21428571428571427
25486,0,0,42155,-15.137684106826782,-11.009793758392334,0.21428571428571427
25487,0,0,42154,-15.137684106826782,-11.009793758392334,0.21428571428571427
25488,0,0,42153,-15.137684106826782,-11.009793758392334,0.21428571428571427
25489,0,0,42152,-15.137684106826782,-11.009793758392334,0.21428571428571427
25490,0,0,42151,-15.137684106826782,-11.009793758392334,0.21428571428571427
25491,0,0,42150,-15.137684106826782,-11.009793758392334,0.21428571428571427
25492,0,0,42149,-15.137684106826782,-11.009793758392334,0.21428571428571427
25493,0,0,42147,-15.137684106826782,-11.009793758392334,0.21428571428571427
25494,0,0,42137,-15.137684106826782,-11.009793758392334,0.21428571428571427
25495,0,0,42146,-15.137684106826782,-11.009793758392334,0.21428571428571427
25496,0,0,42145,-15.137684106826782,-11.009793758392334,0.21428571428571427
25497,0,0,42144,-15.137684106826782,-11.009793758392334,0.21428571428571427
25498,0,0,42143,-15.137684106826782,-11.009793758392334,0.21428571428571427
25499,0,0,42142,-15.137684106826782,-11.009793758392334,0.21428571428571427
25500,0,0,42141,-15.137684106826782,-11.009793758392334,0.21428571428571427
25501,0,0,42140,-15.137684106826782,-11.009793758392334,0.21428571428571427
25502,0,0,42139,-15.137684106826782,-11.009793758392334,0.21428571428571427
25503,0,0,42138,-15.137684106826782,-11.009793758392334,0.21428571428571427
25504,0,0,42158,-15.137684106826782,-11.009793758392334,0.21428571428571427
25505,0,0,42148,-15.137684106826782,-11.009793758392334,0.21428571428571427
25506,0,0,42159,-15.137684106826782,-11.009793758392334,0.21428571428571427
25507,0,0,42172,-15.137684106826782,-11.009793758392334,0.21428571428571427
25508,0,0,42181,-15.137684106826782,-11.009793758392334,0.21428571428571427
25509,0,0,42180,-15.137684106826782,-11.009793758392334,0.21428571428571427
25510,0,0,42179,-15.137684106826782,-11.009793758392334,0.21428571428571427
25511,0,0,42178,-15.137684106826782,-11.009793758392334,0.21428571428571427
25512,0,0,42177,-15.137684106826782,-11.009793758392334,0.21428571428571427
25513,0,0,42176,-15.137684106826782,-11.009793758392334,0.21428571428571427
25514,0,0,42175,-15.137684106826782,-11.009793758392334,0.21428571428571427
25515,0,0,42174,-15.137684106826782,-11.009793758392334,0.21428571428571427
25516,0,0,42173,-15.137684106826782,-11.009793758392334,0.21428571428571427
25517,0,0,42171,-15.137684106826782,-11.009793758392334,0.21428571428571427
25518,0,0,42161,-15.137684106826782,-11.009793758392334,0.21428571428571427
25519,0,0,42170,-15.137684106826782,-11.009793758392334,0.21428571428571427
25520,0,0,42169,-15.137684106826782,-11.009793758392334,0.21428571428571427
25521,0,0,42168,-15.137684106826782,-11.009793758392334,0.21428571428571427
25522,0,0,42167,-15.137684106826782,-11.009793758392334,0.21428571428571427
25523,0,0,42166,-15.137684106826782,-11.009793758392334,0.21428571428571427
25524,0,0,42165,-15.137684106826782,-11.009793758392334,0.21428571428571427
25525,0,0,42164,-15.137684106826782,-11.009793758392334,0.21428571428571427
25526,0,0,42163,-15.137684106826782,-11.009793758392334,0.21428571428571427
25527,0,0,42162,-15.137684106826782,-11.009793758392334,0.21428571428571427
25528,0,0,42160,-15.137684106826782,-11.009793758392334,0.21428571428571427
25529,0,0,42136,-15.137684106826782,-11.009793758392334,0.21428571428571427
25530,0,0,42135,-15.137684106826782,-11.009793758392334,0.21428571428571427
25531,0,0,42134,-15.137684106826782,-11.009793758392334,0.21428571428571427
25532,0,0,42109,-15.137684106826782,-11.009793758392334,0.21428571428571427
25533,0,0,42108,-15.137684106826782,-11.009793758392334,0.21428571428571427
25534,0,0,42107,-15.137684106826782,-11.009793758392334,0.21428571428571427
25535,0,0,42106,-15.137684106826782,-11.009793758392334,0.21428571428571427
25536,0,0,42105,-15.137684106826782,-11.009793758392334,0.21428571428571427
25537,0,0,42104,-15.137684106826782,-11.009793758392334,0.21428571428571427
25538,0,0,42103,-15.137684106826782,-11.009793758392334,0.21428571428571427
25539,0,0,42102,-15.137684106826782,-11.009793758392334,0.21428571428571427
25540,0,0,42101,-15.137684106826782,-11.009793758392334,0.21428571428571427
25541,0,0,42100,-15.137684106826782,-11.009793758392334,0.21428571428571427
25542,0,0,42099,-15.137684106826782,-11.009793758392334,0.21428571428571427
25543,0,0,42098,-15.137684106826782,-11.009793758392334,0.21428571428571427
25544,0,0,42097,-15.137684106826782,-11.009793758392334,0.21428571428571427
25545,0,0,42096,-15.137684106826782,-11.009793758392334,0.21428571428571427
25546,0,0,42095,-15.137684106826782,-11.009793758392334,0.21428571428571427
25547,0,0,42094,-15.137684106826782,-11.009793758392334,0.21428571428571427
25548,0,0,42093,-15.137684106826782,-11.009793758392334,0.21428571428571427
25549,0,0,42092,-15.137684106826782,-11.009793758392334,0.21428571428571427
25550,0,0,42091,-15.137684106826782,-11.009793758392334,0.21428571428571427
25551,0,0,42090,-15.137684106826782,-11.009793758392334,0.21428571428571427
25552,0,0,42089,-15.137684106826782,-11.009793758392334,0.21428571428571427
25553,0,0,42110,-15.137684106826782,-11.009793758392334,0.21428571428571427
25554,0,0,42111,-15.137684106826782,-11.009793758392334,0.21428571428571427
25555,0,0,42112,-15.137684106826782,-11.009793758392334,0.21428571428571427
25556,0,0,42124,-15.137684106826782,-11.009793758392334,0.21428571428571427
25557,0,0,42133,-15.137684106826782,-11.009793758392334,0.21428571428571427
25558,0,0,42132,-15.137684106826782,-11.009793758392334,0.21428571428571427
25559,0,0,42131,-15.137684106826782,-11.009793758392334,0.21428571428571427
25560,0,0,42130,-15.137684106826782,-11.009793758392334,0.21428571428571427
25561,0,0,42129,-15.137684106826782,-11.009793758392334,0.21428571428571427
25562,0,0,42128,-15.137684106826782,-11.009793758392334,0.21428571428571427
25563,0,0,42127,-15.137684106826782,-11.009793758392334,0.21428571428571427
25564,0,0,42126,-15.137684106826782,-11.009793758392334,0.21428571428571427
25565,0,0,42125,-15.137684106826782,-11.009793758392334,0.21428571428571427
25566,0,0,42123,-15.137684106826782,-11.009793758392334,0.21428571428571427
25567,0,0,42113,-15.137684106826782,-11.009793758392334,0.21428571428571427
25568,0,0,42122,-15.137684106826782,-11.009793758392334,0.21428571428571427
25569,0,0,42121,-15.137684106826782,-11.009793758392334,0.21428571428571427
25570,0,0,42120,-15.137684106826782,-11.009793758392334,0.21428571428571427
25571,0,0,42119,-15.137684106826782,-11.009793758392334,0.21428571428571427
25572,0,0,42118,-15.137684106826782,-11.009793758392334,0.21428571428571427
25573,0,0,42117,-15.137684106826782,-11.009793758392334,0.21428571428571427
25574,0,0,42116,-15.137684106826782,-11.009793758392334,0.21428571428571427
25575,0,0,42115,-15.137684106826782,-11.009793758392334,0.21428571428571427
25576,0,0,42114,-15.137684106826782,-11.009793758392334,0.21428571428571427
25577,0,0,42038,-15.137684106826782,-11.009793758392334,0.21428571428571427
25578,0,0,41988,-15.137684106826782,-11.009793758392334,0.21428571428571427
25579,0,0,41843,-15.137684106826782,-11.009793758392334,0.21428571428571427
25580,0,0,41987,-15.137684106826782,-11.009793758392334,0.21428571428571427
25581,0,0,41865,-15.137684106826782,-11.009793758392334,0.21428571428571427
25582,0,0,41864,-15.137684106826782,-11.009793758392334,0.21428571428571427
25583,0,0,41863,-15.137684106826782,-11.009793758392334,0.21428571428571427
25584,0,0,41862,-15.137684106826782,-11.009793758392334,0.21428571428571427
25585,0,0,41861,-15.137684106826782,-11.009793758392334,0.21428571428571427
25586,0,0,41860,-15.137684106826782,-11.009793758392334,0.21428571428571427
25587,0,0,41859,-15.137684106826782,-11.009793758392334,0.21428571428571427
25588,0,0,41858,-15.137684106826782,-11.009793758392334,0.21428571428571427
25589,0,0,41857,-15.137684106826782,-11.009793758392334,0.21428571428571427
25590,0,0,41856,-15.137684106826782,-11.009793758392334,0.21428571428571427
25591,0,0,41855,-15.137684106826782,-11.009793758392334,0.21428571428571427
25592,0,0,41854,-15.137684106826782,-11.009793758392334,0.21428571428571427
25593,0,0,41853,-15.137684106826782,-11.009793758392334,0.21428571428571427
25594,0,0,41852,-15.137684106826782,-11.009793758392334,0.21428571428571427
25595,0,0,41851,-15.137684106826782,-11.009793758392334,0.21428571428571427
25596,0,0,41850,-15.137684106826782,-11.009793758392334,0.21428571428571427
25597,0,0,41849,-15.137684106826782,-11.009793758392334,0.21428571428571427
25598,0,0,41848,-15.137684106826782,-11.009793758392334,0.21428571428571427
25599,0,0,41847,-15.137684106826782,-11.009793758392334,0.21428571428571427
25600,0,0,41846,-15.137684106826782,-11.009793758392334,0.21428571428571427
25601,0,0,41845,-15.137684106826782,-11.009793758392334,0.21428571428571427
25602,0,0,41866,-15.137684106826782,-11.009793758392334,0.21428571428571427
25603,0,0,41867,-15.137684106826782,-11.009793758392334,0.21428571428571427
25604,0,0,41868,-15.137684106826782,-11.009793758392334,0.21428571428571427
25605,0,0,41880,-15.137684106826782,-11.009793758392334,0.21428571428571427
25606,0,0,41889,-15.137684106826782,-11.009793758392334,0.21428571428571427
25607,0,0,41888,-15.137684106826782,-11.009793758392334,0.21428571428571427
25608,0,0,41887,-15.137684106826782,-11.009793758392334,0.21428571428571427
25609,0,0,41886,-15.137684106826782,-11.009793758392334,0.21428571428571427
25610,0,0,41885,-15.137684106826782,-11.009793758392334,0.21428571428571427
25611,0,0,41884,-15.137684106826782,-11.009793758392334,0.21428571428571427
25612,0,0,41883,-15.137684106826782,-11.009793758392334,0.21428571428571427
25613,0,0,41882,-15.137684106826782,-11.009793758392334,0.21428571428571427
25614,0,0,41881,-15.137684106826782,-11.009793758392334,0.21428571428571427
25615,0,0,41879,-15.137684106826782,-11.009793758392334,0.21428571428571427
25616,0,0,41869,-15.137684106826782,-11.009793758392334,0.21428571428571427
25617,0,0,41878,-15.137684106826782,-11.009793758392334,0.21428571428571427
25618,0,0,41877,-15.137684106826782,-11.009793758392334,0.21428571428571427
25619,0,0,41876,-15.137684106826782,-11.009793758392334,0.21428571428571427
25620,0,0,41875,-15.137684106826782,-11.009793758392334,0.21428571428571427
25621,0,0,41874,-15.137684106826782,-11.009793758392334,0.21428571428571427
25622,0,0,41873,-15.137684106826782,-11.009793758392334,0.21428571428571427
25623,0,0,41872,-15.137684106826782,-11.009793758392334,0.21428571428571427
25624,0,0,41871,-15.137684106826782,-11.009793758392334,0.21428571428571427
25625,0,0,41870,-15.137684106826782,-11.009793758392334,0.21428571428571427
25626,0,0,41844,-15.137684106826782,-11.009793758392334,0.21428571428571427
25627,0,0,41842,-15.137684106826782,-11.009793758392334,0.21428571428571427
25628,0,0,41795,-15.137684106826782,-11.009793758392334,0.21428571428571427
25629,0,0,41841,-15.137684106826782,-11.009793758392334,0.21428571428571427
25630,0,0,41816,-15.137684106826782,-11.009793758392334,0.21428571428571427
25631,0,0,41815,-15.137684106826782,-11.009793758392334,0.21428571428571427
25632,0,0,41814,-15.137684106826782,-11.009793758392334,0.21428571428571427
25633,0,0,41813,-15.137684106826782,-11.009793758392334,0.21428571428571427
25634,0,0,41812,-15.137684106826782,-11.009793758392334,0.21428571428571427
25635,0,0,41811,-15.137684106826782,-11.009793758392334,0.21428571428571427
25636,0,0,41810,-15.137684106826782,-11.009793758392334,0.21428571428571427
25637,0,0,41809,-15.137684106826782,-11.009793758392334,0.21428571428571427
25638,0,0,41808,-15.137684106826782,-11.009793758392334,0.21428571428571427
25639,0,0,41807,-15.137684106826782,-11.009793758392334,0.21428571428571427
25640,0,0,41806,-15.137684106826782,-11.009793758392334,0.21428571428571427
25641,0,0,41805,-15.137684106826782,-11.009793758392334,0.21428571428571427
25642,0,0,41804,-15.137684106826782,-11.009793758392334,0.21428571428571427
25643,0,0,41803,-15.137684106826782,-11.009793758392334,0.21428571428571427
25644,0,0,41802,-15.137684106826782,-11.009793758392334,0.21428571428571427
25645,0,0,41801,-15.137684106826782,-11.009793758392334,0.21428571428571427
25646,0,0,41800,-15.137684106826782,-11.009793758392334,0.21428571428571427
25647,0,0,41799,-15.137684106826782,-11.009793758392334,0.21428571428571427
25648,0,0,41798,-15.137684106826782,-11.009793758392334,0.21428571428571427
25649,0,0,41797,-15.137684106826782,-11.009793758392334,0.21428571428571427
25650,0,0,41796,-15.137684106826782,-11.009793758392334,0.21428571428571427
25651,0,0,41817,-15.137684106826782,-11.009793758392334,0.21428571428571427
25652,0,0,41818,-15.137684106826782,-11.009793758392334,0.21428571428571427
25653,0,0,41819,-15.137684106826782,-11.009793758392334,0.21428571428571427
25654,0,0,41831,-15.137684106826782,-11.009793758392334,0.21428571428571427
25655,0,0,41840,-15.137684106826782,-11.009793758392334,0.21428571428571427
25656,0,0,41839,-15.137684106826782,-11.009793758392334,0.21428571428571427
25657,0,0,41838,-15.137684106826782,-11.009793758392334,0.21428571428571427
25658,0,0,41837,-15.137684106826782,-11.009793758392334,0.21428571428571427
25659,0,0,41836,-15.137684106826782,-11.009793758392334,0.21428571428571427
25660,0,0,41835,-15.137684106826782,-11.009793758392334,0.21428571428571427
25661,0,0,41834,-15.137684106826782,-11.009793758392334,0.21428571428571427
25662,0,0,41833,-15.137684106826782,-11.009793758392334,0.21428571428571427
25663,0,0,41832,-15.137684106826782,-11.009793758392334,0.21428571428571427
25664,0,0,41830,-15.137684106826782,-11.009793758392334,0.21428571428571427
25665,0,0,41820,-15.137684106826782,-11.009793758392334,0.21428571428571427
25666,0,0,41829,-15.137684106826782,-11.009793758392334,0.21428571428571427
25667,0,0,41828,-15.137684106826782,-11.009793758392334,0.21428571428571427
25668,0,0,41827,-15.137684106826782,-11.009793758392334,0.21428571428571427
25669,0,0,41826,-15.137684106826782,-11.009793758392334,0.21428571428571427
25670,0,0,41825,-15.137684106826782,-11.009793758392334,0.21428571428571427
25671,0,0,41824,-15.137684106826782,-11.009793758392334,0.21428571428571427
25672,0,0,41823,-15.137684106826782,-11.009793758392334,0.21428571428571427
25673,0,0,41822,-15.137684106826782,-11.009793758392334,0.21428571428571427
25674,0,0,41821,-15.137684106826782,-11.009793758392334,0.21428571428571427
25675,0,0,41890,-15.137684106826782,-11.009793758392334,0.21428571428571427
25676,0,0,41891,-15.137684106826782,-11.009793758392334,0.21428571428571427
25677,0,0,41892,-15.137684106826782,-11.009793758392334,0.21428571428571427
25678,0,0,41893,-15.137684106826782,-11.009793758392334,0.21428571428571427
25679,0,0,41962,-15.137684106826782,-11.009793758392334,0.21428571428571427
25680,0,0,41961,-15.137684106826782,-11.009793758392334,0.21428571428571427
25681,0,0,41960,-15.137684106826782,-11.009793758392334,0.21428571428571427
25682,0,0,41959,-15.137684106826782,-11.009793758392334,0.21428571428571427
25683,0,0,41958,-15.137684106826782,-11.009793758392334,0.21428571428571427
25684,0,0,41957,-15.137684106826782,-11.009793758392334,0.21428571428571427
25685,0,0,41956,-15.137684106826782,-11.009793758392334,0.21428571428571427
25686,0,0,41955,-15.137684106826782,-11.009793758392334,0.21428571428571427
25687,0,0,41954,-15.137684106826782,-11.009793758392334,0.21428571428571427
25688,0,0,41952,-15.137684106826782,-11.009793758392334,0.21428571428571427
25689,0,0,41942,-15.137684106826782,-11.009793758392334,0.21428571428571427
25690,0,0,41951,-15.137684106826782,-11.009793758392334,0.21428571428571427
25691,0,0,41950,-15.137684106826782,-11.009793758392334,0.21428571428571427
25692,0,0,41949,-15.137684106826782,-11.009793758392334,0.21428571428571427
25693,0,0,41948,-15.137684106826782,-11.009793758392334,0.21428571428571427
25694,0,0,41947,-15.137684106826782,-11.009793758392334,0.21428571428571427
25695,0,0,41946,-15.137684106826782,-11.009793758392334,0.21428571428571427
25696,0,0,41945,-15.137684106826782,-11.009793758392334,0.21428571428571427
25697,0,0,41944,-15.137684106826782,-11.009793758392334,0.21428571428571427
25698,0,0,41943,-15.137684106826782,-11.009793758392334,0.21428571428571427
25699,0,0,41963,-15.137684106826782,-11.009793758392334,0.21428571428571427
25700,0,0,41953,-15.137684106826782,-11.009793758392334,0.21428571428571427
25701,0,0,41964,-15.137684106826782,-11.009793758392334,0.21428571428571427
25702,0,0,41977,-15.137684106826782,-11.009793758392334,0.21428571428571427
25703,0,0,41986,-15.137684106826782,-11.009793758392334,0.21428571428571427
25704,0,0,41985,-15.137684106826782,-11.009793758392334,0.21428571428571427
25705,0,0,41984,-15.137684106826782,-11.009793758392334,0.21428571428571427
25706,0,0,41983,-15.137684106826782,-11.009793758392334,0.21428571428571427
25707,0,0,41982,-15.137684106826782,-11.009793758392334,0.21428571428571427
25708,0,0,41981,-15.137684106826782,-11.009793758392334,0.21428571428571427
25709,0,0,41980,-15.137684106826782,-11.009793758392334,0.21428571428571427
25710,0,0,41979,-15.137684106826782,-11.009793758392334,0.21428571428571427
25711,0,0,41978,-15.137684106826782,-11.009793758392334,0.21428571428571427
25712,0,0,41976,-15.137684106826782,-11.009793758392334,0.21428571428571427
25713,0,0,41966,-15.137684106826782,-11.009793758392334,0.21428571428571427
25714,0,0,41975,-15.137684106826782,-11.009793758392334,0.21428571428571427
25715,0,0,41974,-15.137684106826782,-11.009793758392334,0.21428571428571427
25716,0,0,41973,-15.137684106826782,-11.009793758392334,0.21428571428571427
25717,0,0,41972,-15.137684106826782,-11.009793758392334,0.21428571428571427
25718,0,0,41971,-15.137684106826782,-11.009793758392334,0.21428571428571427
25719,0,0,41970,-15.137684106826782,-11.009793758392334,0.21428571428571427
25720,0,0,41969,-15.137684106826782,-11.009793758392334,0.21428571428571427
25721,0,0,41968,-15.137684106826782,-11.009793758392334,0.21428571428571427
25722,0,0,41967,-15.137684106826782,-11.009793758392334,0.21428571428571427
25723,0,0,41965,-15.137684106826782,-11.009793758392334,0.21428571428571427
25724,0,0,41941,-15.137684106826782,-11.009793758392334,0.21428571428571427
25725,0,0,41940,-15.137684106826782,-11.009793758392334,0.21428571428571427
25726,0,0,41939,-15.137684106826782,-11.009793758392334,0.21428571428571427
25727,0,0,41914,-15.137684106826782,-11.009793758392334,0.21428571428571427
25728,0,0,41913,-15.137684106826782,-11.009793758392334,0.21428571428571427
25729,0,0,41912,-15.137684106826782,-11.009793758392334,0.21428571428571427
25730,0,0,41911,-15.137684106826782,-11.009793758392334,0.21428571428571427
25731,0,0,41910,-15.137684106826782,-11.009793758392334,0.21428571428571427
25732,0,0,41909,-15.137684106826782,-11.009793758392334,0.21428571428571427
25733,0,0,41908,-15.137684106826782,-11.009793758392334,0.21428571428571427
25734,0,0,41907,-15.137684106826782,-11.009793758392334,0.21428571428571427
25735,0,0,41906,-15.137684106826782,-11.009793758392334,0.21428571428571427
25736,0,0,41905,-15.137684106826782,-11.009793758392334,0.21428571428571427
25737,0,0,41904,-15.137684106826782,-11.009793758392334,0.21428571428571427
25738,0,0,41903,-15.137684106826782,-11.009793758392334,0.21428571428571427
25739,0,0,41902,-15.137684106826782,-11.009793758392334,0.21428571428571427
25740,0,0,41901,-15.137684106826782,-11.009793758392334,0.21428571428571427
25741,0,0,41900,-15.137684106826782,-11.009793758392334,0.21428571428571427
25742,0,0,41899,-15.137684106826782,-11.009793758392334,0.21428571428571427
25743,0,0,41898,-15.137684106826782,-11.009793758392334,0.21428571428571427
25744,0,0,41897,-15.137684106826782,-11.009793758392334,0.21428571428571427
25745,0,0,41896,-15.137684106826782,-11.009793758392334,0.21428571428571427
25746,0,0,41895,-15.137684106826782,-11.009793758392334,0.21428571428571427
25747,0,0,41894,-15.137684106826782,-11.009793758392334,0.21428571428571427
25748,0,0,41915,-15.137684106826782,-11.009793758392334,0.21428571428571427
25749,0,0,41916,-15.137684106826782,-11.009793758392334,0.21428571428571427
25750,0,0,41917,-15.137684106826782,-11.009793758392334,0.21428571428571427
25751,0,0,41929,-15.137684106826782,-11.009793758392334,0.21428571428571427
25752,0,0,41938,-15.137684106826782,-11.009793758392334,0.21428571428571427
25753,0,0,41937,-15.137684106826782,-11.009793758392334,0.21428571428571427
25754,0,0,41936,-15.137684106826782,-11.009793758392334,0.21428571428571427
25755,0,0,41935,-15.137684106826782,-11.009793758392334,0.21428571428571427
25756,0,0,41934,-15.137684106826782,-11.009793758392334,0.21428571428571427
25757,0,0,41933,-15.137684106826782,-11.009793758392334,0.21428571428571427
25758,0,0,41932,-15.137684106826782,-11.009793758392334,0.21428571428571427
25759,0,0,41931,-15.137684106826782,-11.009793758392334,0.21428571428571427
25760,0,0,41930,-15.137684106826782,-11.009793758392334,0.21428571428571427
25761,0,0,41928,-15.137684106826782,-11.009793758392334,0.21428571428571427
25762,0,0,41918,-15.137684106826782,-11.009793758392334,0.21428571428571427
25763,0,0,41927,-15.137684106826782,-11.009793758392334,0.21428571428571427
25764,0,0,41926,-15.137684106826782,-11.009793758392334,0.21428571428571427
25765,0,0,41925,-15.137684106826782,-11.009793758392334,0.21428571428571427
25766,0,0,41924,-15.137684106826782,-11.009793758392334,0.21428571428571427
25767,0,0,41923,-15.137684106826782,-11.009793758392334,0.21428571428571427
25768,0,0,41922,-15.137684106826782,-11.009793758392334,0.21428571428571427
25769,0,0,41921,-15.137684106826782,-11.009793758392334,0.21428571428571427
25770,0,0,41920,-15.137684106826782,-11.009793758392334,0.21428571428571427
25771,0,0,41919,-15.137684106826782,-11.009793758392334,0.21428571428571427
25772,0,0,41501,-15.137684106826782,-11.009793758392334,0.21428571428571427
25773,0,0,41402,-15.137684106826782,-11.009793758392334,0.21428571428571427
25774,0,0,40720,-15.137684106826782,-11.009793758392334,0.21428571428571427
25775,0,0,41401,-15.137684106826782,-11.009793758392334,0.21428571428571427
25776,0,0,40889,-15.137684106826782,-11.009793758392334,0.21428571428571427
25777,0,0,40888,-15.137684106826782,-11.009793758392334,0.21428571428571427
25778,0,0,40887,-15.137684106826782,-11.009793758392334,0.21428571428571427
25779,0,0,40886,-15.137684106826782,-11.009793758392334,0.21428571428571427
25780,0,0,40885,-15.137684106826782,-11.009793758392334,0.21428571428571427
25781,0,0,40884,-15.137684106826782,-11.009793758392334,0.21428571428571427
25782,0,0,40883,-15.137684106826782,-11.009793758392334,0.21428571428571427
25783,0,0,40882,-15.137684106826782,-11.009793758392334,0.21428571428571427
25784,0,0,40881,-15.137684106826782,-11.009793758392334,0.21428571428571427
25785,0,0,40880,-15.137684106826782,-11.009793758392334,0.21428571428571427
25786,0,0,40879,-15.137684106826782,-11.009793758392334,0.21428571428571427
25787,0,0,40878,-15.137684106826782,-11.009793758392334,0.21428571428571427
25788,0,0,40877,-15.137684106826782,-11.009793758392334,0.21428571428571427
25789,0,0,40876,-15.137684106826782,-11.009793758392334,0.21428571428571427
25790,0,0,40875,-15.137684106826782,-11.009793758392334,0.21428571428571427
25791,0,0,40874,-15.137684106826782,-11.009793758392334,0.21428571428571427
25792,0,0,40873,-15.137684106826782,-11.009793758392334,0.21428571428571427
25793,0,0,40872,-15.137684106826782,-11.009793758392334,0.21428571428571427
25794,0,0,40871,-15.137684106826782,-11.009793758392334,0.21428571428571427
25795,0,0,40870,-15.137684106826782,-11.009793758392334,0.21428571428571427
25796,0,0,40869,-15.137684106826782,-11.009793758392334,0.21428571428571427
25797,0,0,40890,-15.137684106826782,-11.009793758392334,0.21428571428571427
25798,0,0,40891,-15.137684106826782,-11.009793758392334,0.21428571428571427
25799,0,0,40892,-15.137684106826782,-11.009793758392334,0.21428571428571427
25800,0,0,40904,-15.137684106826782,-11.009793758392334,0.21428571428571427
25801,0,0,40913,-15.137684106826782,-11.009793758392334,0.21428571428571427
25802,0,0,40912,-15.137684106826782,-11.009793758392334,0.21428571428571427
25803,0,0,40911,-15.137684106826782,-11.009793758392334,0.21428571428571427
25804,0,0,40910,-15.137684106826782,-11.009793758392334,0.21428571428571427
25805,0,0,40909,-15.137684106826782,-11.009793758392334,0.21428571428571427
25806,0,0,40908,-15.137684106826782,-11.009793758392334,0.21428571428571427
25807,0,0,40907,-15.137684106826782,-11.009793758392334,0.21428571428571427
25808,0,0,40906,-15.137684106826782,-11.009793758392334,0.21428571428571427
25809,0,0,40905,-15.137684106826782,-11.009793758392334,0.21428571428571427
25810,0,0,40903,-15.137684106826782,-11.009793758392334,0.21428571428571427
25811,0,0,40893,-15.137684106826782,-11.009793758392334,0.21428571428571427
25812,0,0,40902,-15.137684106826782,-11.009793758392334,0.21428571428571427
25813,0,0,40901,-15.137684106826782,-11.009793758392334,0.21428571428571427
25814,0,0,40900,-15.137684106826782,-11.009793758392334,0.21428571428571427
25815,0,0,40899,-15.137684106826782,-11.009793758392334,0.21428571428571427
25816,0,0,40898,-15.137684106826782,-11.009793758392334,0.21428571428571427
25817,0,0,40897,-15.137684106826782,-11.009793758392334,0.21428571428571427
25818,0,0,40896,-15.137684106826782,-11.009793758392334,0.21428571428571427
25819,0,0,40895,-15.137684106826782,-11.009793758392334,0.21428571428571427
25820,0,0,40894,-15.137684106826782,-11.009793758392334,0.21428571428571427
25821,0,0,40868,-15.137684106826782,-11.009793758392334,0.21428571428571427
25822,0,0,40866,-15.137684106826782,-11.009793758392334,0.21428571428571427
25823,0,0,40819,-15.137684106826782,-11.009793758392334,0.21428571428571427
25824,0,0,40865,-15.137684106826782,-11.009793758392334,0.21428571428571427
25825,0,0,40840,-15.137684106826782,-11.009793758392334,0.21428571428571427
25826,0,0,40839,-15.137684106826782,-11.009793758392334,0.21428571428571427
25827,0,0,40838,-15.137684106826782,-11.009793758392334,0.21428571428571427
25828,0,0,40837,-15.137684106826782,-11.009793758392334,0.21428571428571427
25829,0,0,40836,-15.137684106826782,-11.009793758392334,0.21428571428571427
25830,0,0,40835,-15.137684106826782,-11.009793758392334,0.21428571428571427
25831,0,0,40834,-15.137684106826782,-11.009793758392334,0.21428571428571427
25832,0,0,40833,-15.137684106826782,-11.009793758392334,0.21428571428571427
25833,0,0,40832,-15.137684106826782,-11.009793758392334,0.21428571428571427
25834,0,0,40831,-15.137684106826782,-11.009793758392334,0.21428571428571427
25835,0,0,40830,-15.137684106826782,-11.009793758392334,0.21428571428571427
25836,0,0,40829,-15.137684106826782,-11.009793758392334,0.21428571428571427
25837,0,0,40828,-15.137684106826782,-11.009793758392334,0.21428571428571427
25838,0,0,40827,-15.137684106826782,-11.009793758392334,0.21428571428571427
25839,0,0,40826,-15.137684106826782,-11.009793758392334,0.21428571428571427
25840,0,0,40825,-15.137684106826782,-11.009793758392334,0.21428571428571427
25841,0,0,40824,-15.137684106826782,-11.009793758392334,0.21428571428571427
25842,0,0,40823,-15.137684106826782,-11.009793758392334,0.21428571428571427
25843,0,0,40822,-15.137684106826782,-11.009793758392334,0.21428571428571427
25844,0,0,40821,-15.137684106826782,-11.009793758392334,0.21428571428571427
25845,0,0,40820,-15.137684106826782,-11.009793758392334,0.21428571428571427
25846,0,0,40841,-15.137684106826782,-11.009793758392334,0.21428571428571427
25847,0,0,40842,-15.137684106826782,-11.009793758392334,0.21428571428571427
25848,0,0,40843,-15.137684106826782,-11.009793758392334,0.21428571428571427
25849,0,0,40855,-15.137684106826782,-11.009793758392334,0.21428571428571427
25850,0,0,40864,-15.137684106826782,-11.009793758392334,0.21428571428571427
25851,0,0,40863,-15.137684106826782,-11.009793758392334,0.21428571428571427
25852,0,0,40862,-15.137684106826782,-11.009793758392334,0.21428571428571427
25853,0,0,40861,-15.137684106826782,-11.009793758392334,0.21428571428571427
25854,0,0,40860,-15.137684106826782,-11.009793758392334,0.21428571428571427
25855,0,0,40859,-15.137684106826782,-11.009793758392334,0.21428571428571427
25856,0,0,40858,-15.137684106826782,-11.009793758392334,0.21428571428571427
25857,0,0,40857,-15.137684106826782,-11.009793758392334,0.21428571428571427
25858,0,0,40856,-15.137684106826782,-11.009793758392334,0.21428571428571427
25859,0,0,40854,-15.137684106826782,-11.009793758392334,0.21428571428571427
25860,0,0,40844,-15.137684106826782,-11.009793758392334,0.21428571428571427
25861,0,0,40853,-15.137684106826782,-11.009793758392334,0.21428571428571427
25862,0,0,40852,-15.137684106826782,-11.009793758392334,0.21428571428571427
25863,0,0,40851,-15.137684106826782,-11.009793758392334,0.21428571428571427
25864,0,0,40850,-15.137684106826782,-11.009793758392334,0.21428571428571427
25865,0,0,40849,-15.137684106826782,-11.009793758392334,0.21428571428571427
25866,0,0,40848,-15.137684106826782,-11.009793758392334,0.21428571428571427
25867,0,0,40847,-15.137684106826782,-11.009793758392334,0.21428571428571427
25868,0,0,40846,-15.137684106826782,-11.009793758392334,0.21428571428571427
25869,0,0,40845,-15.137684106826782,-11.009793758392334,0.21428571428571427
25870,0,0,40914,-15.137684106826782,-11.009793758392334,0.21428571428571427
25871,0,0,40915,-15.137684106826782,-11.009793758392334,0.21428571428571427
25872,0,0,40916,-15.137684106826782,-11.009793758392334,0.21428571428571427
25873,0,0,40917,-15.137684106826782,-11.009793758392334,0.21428571428571427
25874,0,0,40986,-15.137684106826782,-11.009793758392334,0.21428571428571427
25875,0,0,40985,-15.137684106826782,-11.009793758392334,0.21428571428571427
25876,0,0,40984,-15.137684106826782,-11.009793758392334,0.21428571428571427
25877,0,0,40983,-15.137684106826782,-11.009793758392334,0.21428571428571427
25878,0,0,40982,-15.137684106826782,-11.009793758392334,0.21428571428571427
25879,0,0,40981,-15.137684106826782,-11.009793758392334,0.21428571428571427
25880,0,0,40980,-15.137684106826782,-11.009793758392334,0.21428571428571427
25881,0,0,40979,-15.137684106826782,-11.009793758392334,0.21428571428571427
25882,0,0,40978,-15.137684106826782,-11.009793758392334,0.21428571428571427
25883,0,0,40976,-15.137684106826782,-11.009793758392334,0.21428571428571427
25884,0,0,40966,-15.137684106826782,-11.009793758392334,0.21428571428571427
25885,0,0,40975,-15.137684106826782,-11.009793758392334,0.21428571428571427
25886,0,0,40974,-15.137684106826782,-11.009793758392334,0.21428571428571427
25887,0,0,40973,-15.137684106826782,-11.009793758392334,0.21428571428571427
25888,0,0,40972,-15.137684106826782,-11.009793758392334,0.21428571428571427
25889,0,0,40971,-15.137684106826782,-11.009793758392334,0.21428571428571427
25890,0,0,40970,-15.137684106826782,-11.009793758392334,0.21428571428571427
25891,0,0,40969,-15.137684106826782,-11.009793758392334,0.21428571428571427
25892,0,0,40968,-15.137684106826782,-11.009793758392334,0.21428571428571427
25893,0,0,40967,-15.137684106826782,-11.009793758392334,0.21428571428571427
25894,0,0,40987,-15.137684106826782,-11.009793758392334,0.21428571428571427
25895,0,0,40977,-15.137684106826782,-11.009793758392334,0.21428571428571427
25896,0,0,40988,-15.137684106826782,-11.009793758392334,0.21428571428571427
25897,0,0,41001,-15.137684106826782,-11.009793758392334,0.21428571428571427
25898,0,0,41010,-15.137684106826782,-11.009793758392334,0.21428571428571427
25899,0,0,41009,-15.137684106826782,-11.009793758392334,0.21428571428571427
25900,0,0,41008,-15.137684106826782,-11.009793758392334,0.21428571428571427
25901,0,0,41007,-15.137684106826782,-11.009793758392334,0.21428571428571427
25902,0,0,41006,-15.137684106826782,-11.009793758392334,0.21428571428571427
25903,0,0,41005,-15.137684106826782,-11.009793758392334,0.21428571428571427
25904,0,0,41004,-15.137684106826782,-11.009793758392334,0.21428571428571427
25905,0,0,41003,-15.137684106826782,-11.009793758392334,0.21428571428571427
25906,0,0,41002,-15.137684106826782,-11.009793758392334,0.21428571428571427
25907,0,0,41000,-15.137684106826782,-11.009793758392334,0.21428571428571427
25908,0,0,40990,-15.137684106826782,-11.009793758392334,0.21428571428571427
25909,0,0,40999,-15.137684106826782,-11.009793758392334,0.21428571428571427
25910,0,0,40998,-15.137684106826782,-11.009793758392334,0.21428571428571427
25911,0,0,40997,-15.137684106826782,-11.009793758392334,0.21428571428571427
25912,0,0,40996,-15.137684106826782,-11.009793758392334,0.21428571428571427
25913,0,0,40995,-15.137684106826782,-11.009793758392334,0.21428571428571427
25914,0,0,40994,-15.137684106826782,-11.009793758392334,0.21428571428571427
25915,0,0,40993,-15.137684106826782,-11.009793758392334,0.21428571428571427
25916,0,0,40992,-15.137684106826782,-11.009793758392334,0.21428571428571427
25917,0,0,40991,-15.137684106826782,-11.009793758392334,0.21428571428571427
25918,0,0,40989,-15.137684106826782,-11.009793758392334,0.21428571428571427
25919,0,0,40965,-15.137684106826782,-11.009793758392334,0.21428571428571427
25920,0,0,40964,-15.137684106826782,-11.009793758392334,0.21428571428571427
25921,0,0,40963,-15.137684106826782,-11.009793758392334,0.21428571428571427
25922,0,0,40938,-15.137684106826782,-11.009793758392334,0.21428571428571427
25923,0,0,40937,-15.137684106826782,-11.009793758392334,0.21428571428571427
25924,0,0,40936,-15.137684106826782,-11.009793758392334,0.21428571428571427
25925,0,0,40935,-15.137684106826782,-11.009793758392334,0.21428571428571427
25926,0,0,40934,-15.137684106826782,-11.009793758392334,0.21428571428571427
25927,0,0,40933,-15.137684106826782,-11.009793758392334,0.21428571428571427
25928,0,0,40932,-15.137684106826782,-11.009793758392334,0.21428571428571427
25929,0,0,40931,-15.137684106826782,-11.009793758392334,0.21428571428571427
25930,0,0,40930,-15.137684106826782,-11.009793758392334,0.21428571428571427
25931,0,0,40929,-15.137684106826782,-11.009793758392334,0.21428571428571427
25932,0,0,40928,-15.137684106826782,-11.009793758392334,0.21428571428571427
25933,0,0,40927,-15.137684106826782,-11.009793758392334,0.21428571428571427
25934,0,0,40926,-15.137684106826782,-11.009793758392334,0.21428571428571427
25935,0,0,40925,-15.137684106826782,-11.009793758392334,0.21428571428571427
25936,0,0,40924,-15.137684106826782,-11.009793758392334,0.21428571428571427
25937,0,0,40923,-15.137684106826782,-11.009793758392334,0.21428571428571427
25938,0,0,40922,-15.137684106826782,-11.009793758392334,0.21428571428571427
25939,0,0,40921,-15.137684106826782,-11.009793758392334,0.21428571428571427
25940,0,0,40920,-15.137684106826782,-11.009793758392334,0.21428571428571427
25941,0,0,40919,-15.137684106826782,-11.009793758392334,0.21428571428571427
25942,0,0,40918,-15.137684106826782,-11.009793758392334,0.21428571428571427
25943,0,0,40939,-15.137684106826782,-11.009793758392334,0.21428571428571427
25944,0,0,40940,-15.137684106826782,-11.009793758392334,0.21428571428571427
25945,0,0,40941,-15.137684106826782,-11.009793758392334,0.21428571428571427
25946,0,0,40953,-15.137684106826782,-11.009793758392334,0.21428571428571427
25947,0,0,40962,-15.137684106826782,-11.009793758392334,0.21428571428571427
25948,0,0,40961,-15.137684106826782,-11.009793758392334,0.21428571428571427
25949,0,0,40960,-15.137684106826782,-11.009793758392334,0.21428571428571427
25950,0,0,40959,-15.137684106826782,-11.009793758392334,0.21428571428571427
25951,0,0,40958,-15.137684106826782,-11.009793758392334,0.21428571428571427
25952,0,0,40957,-15.137684106826782,-11.009793758392334,0.21428571428571427
25953,0,0,40956,-15.137684106826782,-11.009793758392334,0.21428571428571427
25954,0,0,40955,-15.137684106826782,-11.009793758392334,0.21428571428571427
25955,0,0,40954,-15.137684106826782,-11.009793758392334,0.21428571428571427
25956,0,0,40952,-15.137684106826782,-11.009793758392334,0.21428571428571427
25957,0,0,40942,-15.137684106826782,-11.009793758392334,0.21428571428571427
25958,0,0,40951,-15.137684106826782,-11.009793758392334,0.21428571428571427
25959,0,0,40950,-15.137684106826782,-11.009793758392334,0.21428571428571427
25960,0,0,40949,-15.137684106826782,-11.009793758392334,0.21428571428571427
25961,0,0,40948,-15.137684106826782,-11.009793758392334,0.21428571428571427
25962,0,0,40947,-15.137684106826782,-11.009793758392334,0.21428571428571427
25963,0,0,40946,-15.137684106826782,-11.009793758392334,0.21428571428571427
25964,0,0,40945,-15.137684106826782,-11.009793758392334,0.21428571428571427
25965,0,0,40944,-15.137684106826782,-11.009793758392334,0.21428571428571427
25966,0,0,40943,-15.137684106826782,-11.009793758392334,0.21428571428571427
25967,0,0,40867,-15.137684106826782,-11.009793758392334,0.21428571428571427
25968,0,0,40818,-15.137684106826782,-11.009793758392334,0.21428571428571427
25969,0,0,40817,-15.137684106826782,-11.009793758392334,0.21428571428571427
25970,0,0,40816,-15.137684106826782,-11.009793758392334,0.21428571428571427
25971,0,0,40693,-15.137684106826782,-11.009793758392334,0.21428571428571427
25972,0,0,40692,-15.137684106826782,-11.009793758392334,0.21428571428571427
25973,0,0,40691,-15.137684106826782,-11.009793758392334,0.21428571428571427
25974,0,0,40690,-15.137684106826782,-11.009793758392334,0.21428571428571427
25975,0,0,40689,-15.137684106826782,-11.009793758392334,0.21428571428571427
25976,0,0,40688,-15.137684106826782,-11.009793758392334,0.21428571428571427
25977,0,0,40687,-15.137684106826782,-11.009793758392334,0.21428571428571427
25978,0,0,40686,-15.137684106826782,-11.009793758392334,0.21428571428571427
25979,0,0,40685,-15.137684106826782,-11.009793758392334,0.21428571428571427
25980,0,0,40684,-15.137684106826782,-11.009793758392334,0.21428571428571427
25981,0,0,40683,-15.137684106826782,-11.009793758392334,0.21428571428571427
25982,0,0,40682,-15.137684106826782,-11.009793758392334,0.21428571428571427
25983,0,0,40681,-15.137684106826782,-11.009793758392334,0.21428571428571427
25984,0,0,40680,-15.137684106826782,-11.009793758392334,0.21428571428571427
25985,0,0,40679,-15.137684106826782,-11.009793758392334,0.21428571428571427
25986,0,0,40678,-15.137684106826782,-11.009793758392334,0.21428571428571427
25987,0,0,40677,-15.137684106826782,-11.009793758392334,0.21428571428571427
25988,0,0,40676,-15.137684106826782,-11.009793758392334,0.21428571428571427
25989,0,0,40675,-15.137684106826782,-11.009793758392334,0.21428571428571427
25990,0,0,40674,-15.137684106826782,-11.009793758392334,0.21428571428571427
25991,0,0,40673,-15.137684106826782,-11.009793758392334,0.21428571428571427
25992,0,0,40694,-15.137684106826782,-11.009793758392334,0.21428571428571427
25993,0,0,40695,-15.137684106826782,-11.009793758392334,0.21428571428571427
25994,0,0,40696,-15.137684106826782,-11.009793758392334,0.21428571428571427
25995,0,0,40708,-15.137684106826782,-11.009793758392334,0.21428571428571427
25996,0,0,40717,-15.137684106826782,-11.009793758392334,0.21428571428571427
25997,0,0,40716,-15.137684106826782,-11.009793758392334,0.21428571428571427
25998,0,0,40715,-15.137684106826782,-11.009793758392334,0.21428571428571427
25999,0,0,40714,-15.137684106826782,-11.009793758392334,0.21428571428571427
26000,0,0,40713,-15.137684106826782,-11.009793758392334,0.21428571428571427
26001,0,0,40712,-15.137684106826782,-11.009793758392334,0.21428571428571427
26002,0,0,40711,-15.137684106826782,-11.009793758392334,0.21428571428571427
26003,0,0,40710,-15.137684106826782,-11.009793758392334,0.21428571428571427
26004,0,0,40709,-15.137684106826782,-11.009793758392334,0.21428571428571427
26005,0,0,40707,-15.137684106826782,-11.009793758392334,0.21428571428571427
26006,0,0,40697,-15.137684106826782,-11.009793758392334,0.21428571428571427
26007,0,0,40706,-15.137684106826782,-11.009793758392334,0.21428571428571427
26008,0,0,40705,-15.137684106826782,-11.009793758392334,0.21428571428571427
26009,0,0,40704,-15.137684106826782,-11.009793758392334,0.21428571428571427
26010,0,0,40703,-15.137684106826782,-11.009793758392334,0.21428571428571427
26011,0,0,40702,-15.137684106826782,-11.009793758392334,0.21428571428571427
26012,0,0,40701,-15.137684106826782,-11.009793758392334,0.21428571428571427
26013,0,0,40700,-15.137684106826782,-11.009793758392334,0.21428571428571427
26014,0,0,40699,-15.137684106826782,-11.009793758392334,0.21428571428571427
26015,0,0,40698,-15.137684106826782,-11.009793758392334,0.21428571428571427
26016,0,0,40672,-15.137684106826782,-11.009793758392334,0.21428571428571427
26017,0,0,40670,-15.137684106826782,-11.009793758392334,0.21428571428571427
26018,0,0,40623,-15.137684106826782,-11.009793758392334,0.21428571428571427
26019,0,0,40669,-15.137684106826782,-11.009793758392334,0.21428571428571427
26020,0,0,40644,-15.137684106826782,-11.009793758392334,0.21428571428571427
26021,0,0,40643,-15.137684106826782,-11.009793758392334,0.21428571428571427
26022,0,0,40642,-15.137684106826782,-11.009793758392334,0.21428571428571427
26023,0,0,40641,-15.137684106826782,-11.009793758392334,0.21428571428571427
26024,0,0,40640,-15.137684106826782,-11.009793758392334,0.21428571428571427
26025,0,0,40639,-15.137684106826782,-11.009793758392334,0.21428571428571427
26026,0,0,40638,-15.137684106826782,-11.009793758392334,0.21428571428571427
26027,0,0,40637,-15.137684106826782,-11.009793758392334,0.21428571428571427
26028,0,0,40636,-15.137684106826782,-11.009793758392334,0.21428571428571427
26029,0,0,40635,-15.137684106826782,-11.009793758392334,0.21428571428571427
26030,0,0,40634,-15.137684106826782,-11.009793758392334,0.21428571428571427
26031,0,0,40633,-15.137684106826782,-11.009793758392334,0.21428571428571427
26032,0,0,40632,-15.137684106826782,-11.009793758392334,0.21428571428571427
26033,0,0,40631,-15.137684106826782,-11.009793758392334,0.21428571428571427
26034,0,0,40630,-15.137684106826782,-11.009793758392334,0.21428571428571427
26035,0,0,40629,-15.137684106826782,-11.009793758392334,0.21428571428571427
26036,0,0,40628,-15.137684106826782,-11.009793758392334,0.21428571428571427
26037,0,0,40627,-15.137684106826782,-11.009793758392334,0.21428571428571427
26038,0,0,40626,-15.137684106826782,-11.009793758392334,0.21428571428571427
26039,0,0,40625,-15.137684106826782,-11.009793758392334,0.21428571428571427
26040,0,0,40624,-15.137684106826782,-11.009793758392334,0.21428571428571427
26041,0,0,40645,-15.137684106826782,-11.009793758392334,0.21428571428571427
26042,0,0,40646,-15.137684106826782,-11.009793758392334,0.21428571428571427
26043,0,0,40647,-15.137684106826782,-11.009793758392334,0.21428571428571427
26044,0,0,40659,-15.137684106826782,-11.009793758392334,0.21428571428571427
26045,0,0,40668,-15.137684106826782,-11.009793758392334,0.21428571428571427
26046,0,0,40667,-15.137684106826782,-11.009793758392334,0.21428571428571427
26047,0,0,40666,-15.137684106826782,-11.009793758392334,0.21428571428571427
26048,0,0,40665,-15.137684106826782,-11.009793758392334,0.21428571428571427
26049,0,0,40664,-15.137684106826782,-11.009793758392334,0.21428571428571427
26050,0,0,40663,-15.137684106826782,-11.009793758392334,0.21428571428571427
26051,0,0,40662,-15.137684106826782,-11.009793758392334,0.21428571428571427
26052,0,0,40661,-15.137684106826782,-11.009793758392334,0.21428571428571427
26053,0,0,40660,-15.137684106826782,-11.009793758392334,0.21428571428571427
26054,0,0,40658,-15.137684106826782,-11.009793758392334,0.21428571428571427
26055,0,0,40648,-15.137684106826782,-11.009793758392334,0.21428571428571427
26056,0,0,40657,-15.137684106826782,-11.009793758392334,0.21428571428571427
26057,0,0,40656,-15.137684106826782,-11.009793758392334,0.21428571428571427
26058,0,0,40655,-15.137684106826782,-11.009793758392334,0.21428571428571427
26059,0,0,40654,-15.137684106826782,-11.009793758392334,0.21428571428571427
26060,0,0,40653,-15.137684106826782,-11.009793758392334,0.21428571428571427
26061,0,0,40652,-15.137684106826782,-11.009793758392334,0.21428571428571427
26062,0,0,40651,-15.137684106826782,-11.009793758392334,0.21428571428571427
26063,0,0,40650,-15.137684106826782,-11.009793758392334,0.21428571428571427
26064,0,0,40649,-15.137684106826782,-11.009793758392334,0.21428571428571427
26065,0,0,40718,-15.137684106826782,-11.009793758392334,0.21428571428571427
26066,0,0,40671,-15.137684106826782,-11.009793758392334,0.21428571428571427
26067,0,0,40719,-15.137684106826782,-11.009793758392334,0.21428571428571427
26068,0,0,40769,-15.137684106826782,-11.009793758392334,0.21428571428571427
26069,0,0,40791,-15.137684106826782,-11.009793758392334,0.21428571428571427
26070,0,0,40790,-15.137684106826782,-11.009793758392334,0.21428571428571427
26071,0,0,40789,-15.137684106826782,-11.009793758392334,0.21428571428571427
26072,0,0,40788,-15.137684106826782,-11.009793758392334,0.21428571428571427
26073,0,0,40787,-15.137684106826782,-11.009793758392334,0.21428571428571427
26074,0,0,40786,-15.137684106826782,-11.009793758392334,0.21428571428571427
26075,0,0,40785,-15.137684106826782,-11.009793758392334,0.21428571428571427
26076,0,0,40784,-15.137684106826782,-11.009793758392334,0.21428571428571427
26077,0,0,40783,-15.137684106826782,-11.009793758392334,0.21428571428571427
26078,0,0,40782,-15.137684106826782,-11.009793758392334,0.21428571428571427
26079,0,0,40781,-15.137684106826782,-11.009793758392334,0.21428571428571427
26080,0,0,40780,-15.137684106826782,-11.009793758392334,0.21428571428571427
26081,0,0,40779,-15.137684106826782,-11.009793758392334,0.21428571428571427
26082,0,0,40778,-15.137684106826782,-11.009793758392334,0.21428571428571427
26083,0,0,40777,-15.137684106826782,-11.009793758392334,0.21428571428571427
26084,0,0,40776,-15.137684106826782,-11.009793758392334,0.21428571428571427
26085,0,0,40775,-15.137684106826782,-11.009793758392334,0.21428571428571427
26086,0,0,40774,-15.137684106826782,-11.009793758392334,0.21428571428571427
26087,0,0,40773,-15.137684106826782,-11.009793758392334,0.21428571428571427
26088,0,0,40772,-15.137684106826782,-11.009793758392334,0.21428571428571427
26089,0,0,40771,-15.137684106826782,-11.009793758392334,0.21428571428571427
26090,0,0,40792,-15.137684106826782,-11.009793758392334,0.21428571428571427
26091,0,0,40793,-15.137684106826782,-11.009793758392334,0.21428571428571427
26092,0,0,40794,-15.137684106826782,-11.009793758392334,0.21428571428571427
26093,0,0,40806,-15.137684106826782,-11.009793758392334,0.21428571428571427
26094,0,0,40815,-15.137684106826782,-11.009793758392334,0.21428571428571427
26095,0,0,40814,-15.137684106826782,-11.009793758392334,0.21428571428571427
26096,0,0,40813,-15.137684106826782,-11.009793758392334,0.21428571428571427
26097,0,0,40812,-15.137684106826782,-11.009793758392334,0.21428571428571427
26098,0,0,40811,-15.137684106826782,-11.009793758392334,0.21428571428571427
26099,0,0,40810,-15.137684106826782,-11.009793758392334,0.21428571428571427
26100,0,0,40809,-15.137684106826782,-11.009793758392334,0.21428571428571427
26101,0,0,40808,-15.137684106826782,-11.009793758392334,0.21428571428571427
26102,0,0,40807,-15.137684106826782,-11.009793758392334,0.21428571428571427
26103,0,0,40805,-15.137684106826782,-11.009793758392334,0.21428571428571427
26104,0,0,40795,-15.137684106826782,-11.009793758392334,0.21428571428571427
26105,0,0,40804,-15.137684106826782,-11.009793758392334,0.21428571428571427
26106,0,0,40803,-15.137684106826782,-11.009793758392334,0.21428571428571427
26107,0,0,40802,-15.137684106826782,-11.009793758392334,0.21428571428571427
26108,0,0,40801,-15.137684106826782,-11.009793758392334,0.21428571428571427
26109,0,0,40800,-15.137684106826782,-11.009793758392334,0.21428571428571427
26110,0,0,40799,-15.137684106826782,-11.009793758392334,0.21428571428571427
26111,0,0,40798,-15.137684106826782,-11.009793758392334,0.21428571428571427
26112,0,0,40797,-15.137684106826782,-11.009793758392334,0.21428571428571427
26113,0,0,40796,-15.137684106826782,-11.009793758392334,0.21428571428571427
26114,0,0,40770,-15.137684106826782,-11.009793758392334,0.21428571428571427
26115,0,0,40768,-15.137684106826782,-11.009793758392334,0.21428571428571427
26116,0,0,40721,-15.137684106826782,-11.009793758392334,0.21428571428571427
26117,0,0,40767,-15.137684106826782,-11.009793758392334,0.21428571428571427
26118,0,0,40742,-15.137684106826782,-11.009793758392334,0.21428571428571427
26119,0,0,40741,-15.137684106826782,-11.009793758392334,0.21428571428571427
26120,0,0,40740,-15.137684106826782,-11.009793758392334,0.21428571428571427
26121,0,0,40739,-15.137684106826782,-11.009793758392334,0.21428571428571427
26122,0,0,40738,-15.137684106826782,-11.009793758392334,0.21428571428571427
26123,0,0,40737,-15.137684106826782,-11.009793758392334,0.21428571428571427
26124,0,0,40736,-15.137684106826782,-11.009793758392334,0.21428571428571427
26125,0,0,40735,-15.137684106826782,-11.009793758392334,0.21428571428571427
26126,0,0,40734,-15.137684106826782,-11.009793758392334,0.21428571428571427
26127,0,0,40733,-15.137684106826782,-11.009793758392334,0.21428571428571427
26128,0,0,40732,-15.137684106826782,-11.009793758392334,0.21428571428571427
26129,0,0,40731,-15.137684106826782,-11.009793758392334,0.21428571428571427
26130,0,0,40730,-15.137684106826782,-11.009793758392334,0.21428571428571427
26131,0,0,40729,-15.137684106826782,-11.009793758392334,0.21428571428571427
26132,0,0,40728,-15.137684106826782,-11.009793758392334,0.21428571428571427
26133,0,0,40727,-15.137684106826782,-11.009793758392334,0.21428571428571427
26134,0,0,40726,-15.137684106826782,-11.009793758392334,0.21428571428571427
26135,0,0,40725,-15.137684106826782,-11.009793758392334,0.21428571428571427
26136,0,0,40724,-15.137684106826782,-11.009793758392334,0.21428571428571427
26137,0,0,40723,-15.137684106826782,-11.009793758392334,0.21428571428571427
26138,0,0,40722,-15.137684106826782,-11.009793758392334,0.21428571428571427
26139,0,0,40743,-15.137684106826782,-11.009793758392334,0.21428571428571427
26140,0,0,40744,-15.137684106826782,-11.009793758392334,0.21428571428571427
26141,0,0,40745,-15.137684106826782,-11.009793758392334,0.21428571428571427
26142,0,0,40757,-15.137684106826782,-11.009793758392334,0.21428571428571427
26143,0,0,40766,-15.137684106826782,-11.009793758392334,0.21428571428571427
26144,0,0,40765,-15.137684106826782,-11.009793758392334,0.21428571428571427
26145,0,0,40764,-15.137684106826782,-11.009793758392334,0.21428571428571427
26146,0,0,40763,-15.137684106826782,-11.009793758392334,0.21428571428571427
26147,0,0,40762,-15.137684106826782,-11.009793758392334,0.21428571428571427
26148,0,0,40761,-15.137684106826782,-11.009793758392334,0.21428571428571427
26149,0,0,40760,-15.137684106826782,-11.009793758392334,0.21428571428571427
26150,0,0,40759,-15.137684106826782,-11.009793758392334,0.21428571428571427
26151,0,0,40758,-15.137684106826782,-11.009793758392334,0.21428571428571427
26152,0,0,40756,-15.137684106826782,-11.009793758392334,0.21428571428571427
26153,0,0,40746,-15.137684106826782,-11.009793758392334,0.21428571428571427
26154,0,0,40755,-15.137684106826782,-11.009793758392334,0.21428571428571427
26155,0,0,40754,-15.137684106826782,-11.009793758392334,0.21428571428571427
26156,0,0,40753,-15.137684106826782,-11.009793758392334,0.21428571428571427
26157,0,0,40752,-15.137684106826782,-11.009793758392334,0.21428571428571427
26158,0,0,40751,-15.137684106826782,-11.009793758392334,0.21428571428571427
26159,0,0,40750,-15.137684106826782,-11.009793758392334,0.21428571428571427
26160,0,0,40749,-15.137684106826782,-11.009793758392334,0.21428571428571427
26161,0,0,40748,-15.137684106826782,-11.009793758392334,0.21428571428571427
26162,0,0,40747,-15.137684106826782,-11.009793758392334,0.21428571428571427
26163,0,0,41011,-15.137684106826782,-11.009793758392334,0.21428571428571427
26164,0,0,41012,-15.137684106826782,-11.009793758392334,0.21428571428571427
26165,0,0,41013,-15.137684106826782,-11.009793758392334,0.21428571428571427
26166,0,0,41208,-15.137684106826782,-11.009793758392334,0.21428571428571427
26167,0,0,41279,-15.137684106826782,-11.009793758392334,0.21428571428571427
26168,0,0,41278,-15.137684106826782,-11.009793758392334,0.21428571428571427
26169,0,0,41277,-15.137684106826782,-11.009793758392334,0.21428571428571427
26170,0,0,41276,-15.137684106826782,-11.009793758392334,0.21428571428571427
26171,0,0,41275,-15.137684106826782,-11.009793758392334,0.21428571428571427
26172,0,0,41274,-15.137684106826782,-11.009793758392334,0.21428571428571427
26173,0,0,41273,-15.137684106826782,-11.009793758392334,0.21428571428571427
26174,0,0,41272,-15.137684106826782,-11.009793758392334,0.21428571428571427
26175,0,0,41271,-15.137684106826782,-11.009793758392334,0.21428571428571427
26176,0,0,41270,-15.137684106826782,-11.009793758392334,0.21428571428571427
26177,0,0,41269,-15.137684106826782,-11.009793758392334,0.21428571428571427
26178,0,0,41268,-15.137684106826782,-11.009793758392334,0.21428571428571427
26179,0,0,41267,-15.137684106826782,-11.009793758392334,0.21428571428571427
26180,0,0,41266,-15.137684106826782,-11.009793758392334,0.21428571428571427
26181,0,0,41265,-15.137684106826782,-11.009793758392334,0.21428571428571427
26182,0,0,41264,-15.137684106826782,-11.009793758392334,0.21428571428571427
26183,0,0,41263,-15.137684106826782,-11.009793758392334,0.21428571428571427
26184,0,0,41262,-15.137684106826782,-11.009793758392334,0.21428571428571427
26185,0,0,41261,-15.137684106826782,-11.009793758392334,0.21428571428571427
26186,0,0,41260,-15.137684106826782,-11.009793758392334,0.21428571428571427
26187,0,0,41259,-15.137684106826782,-11.009793758392334,0.21428571428571427
26188,0,0,41280,-15.137684106826782,-11.009793758392334,0.21428571428571427
26189,0,0,41281,-15.137684106826782,-11.009793758392334,0.21428571428571427
26190,0,0,41282,-15.137684106826782,-11.009793758392334,0.21428571428571427
26191,0,0,41294,-15.137684106826782,-11.009793758392334,0.21428571428571427
26192,0,0,41303,-15.137684106826782,-11.009793758392334,0.21428571428571427
26193,0,0,41302,-15.137684106826782,-11.009793758392334,0.21428571428571427
26194,0,0,41301,-15.137684106826782,-11.009793758392334,0.21428571428571427
26195,0,0,41300,-15.137684106826782,-11.009793758392334,0.21428571428571427
26196,0,0,41299,-15.137684106826782,-11.009793758392334,0.21428571428571427
26197,0,0,41298,-15.137684106826782,-11.009793758392334,0.21428571428571427
26198,0,0,41297,-15.137684106826782,-11.009793758392334,0.21428571428571427
26199,0,0,41296,-15.137684106826782,-11.009793758392334,0.21428571428571427
26200,0,0,41295,-15.137684106826782,-11.009793758392334,0.21428571428571427
26201,0,0,41293,-15.137684106826782,-11.009793758392334,0.21428571428571427
26202,0,0,41283,-15.137684106826782,-11.009793758392334,0.21428571428571427
26203,0,0,41292,-15.137684106826782,-11.009793758392334,0.21428571428571427
26204,0,0,41291,-15.137684106826782,-11.009793758392334,0.21428571428571427
26205,0,0,41290,-15.137684106826782,-11.009793758392334,0.21428571428571427
26206,0,0,41289,-15.137684106826782,-11.009793758392334,0.21428571428571427
26207,0,0,41288,-15.137684106826782,-11.009793758392334,0.21428571428571427
26208,0,0,41287,-15.137684106826782,-11.009793758392334,0.21428571428571427
26209,0,0,41286,-15.137684106826782,-11.009793758392334,0.21428571428571427
26210,0,0,41285,-15.137684106826782,-11.009793758392334,0.21428571428571427
26211,0,0,41284,-15.137684106826782,-11.009793758392334,0.21428571428571427
26212,0,0,41258,-15.137684106826782,-11.009793758392334,0.21428571428571427
26213,0,0,41256,-15.137684106826782,-11.009793758392334,0.21428571428571427
26214,0,0,41209,-15.137684106826782,-11.009793758392334,0.21428571428571427
26215,0,0,41255,-15.137684106826782,-11.009793758392334,0.21428571428571427
26216,0,0,41230,-15.137684106826782,-11.009793758392334,0.21428571428571427
26217,0,0,41229,-15.137684106826782,-11.009793758392334,0.21428571428571427
26218,0,0,41228,-15.137684106826782,-11.009793758392334,0.21428571428571427
26219,0,0,41227,-15.137684106826782,-11.009793758392334,0.21428571428571427
26220,0,0,41226,-15.137684106826782,-11.009793758392334,0.21428571428571427
26221,0,0,41225,-15.137684106826782,-11.009793758392334,0.21428571428571427
26222,0,0,41224,-15.137684106826782,-11.009793758392334,0.21428571428571427
26223,0,0,41223,-15.137684106826782,-11.009793758392334,0.21428571428571427
26224,0,0,41222,-15.137684106826782,-11.009793758392334,0.21428571428571427
26225,0,0,41221,-15.137684106826782,-11.009793758392334,0.21428571428571427
26226,0,0,41220,-15.137684106826782,-11.009793758392334,0.21428571428571427
26227,0,0,41219,-15.137684106826782,-11.009793758392334,0.21428571428571427
26228,0,0,41218,-15.137684106826782,-11.009793758392334,0.21428571428571427
26229,0,0,41217,-15.137684106826782,-11.009793758392334,0.21428571428571427
26230,0,0,41216,-15.137684106826782,-11.009793758392334,0.21428571428571427
26231,0,0,41215,-15.137684106826782,-11.009793758392334,0.21428571428571427
26232,0,0,41214,-15.137684106826782,-11.009793758392334,0.21428571428571427
26233,0,0,41213,-15.137684106826782,-11.009793758392334,0.21428571428571427
26234,0,0,41212,-15.137684106826782,-11.009793758392334,0.21428571428571427
26235,0,0,41211,-15.137684106826782,-11.009793758392334,0.21428571428571427
26236,0,0,41210,-15.137684106826782,-11.009793758392334,0.21428571428571427
26237,0,0,41231,-15.137684106826782,-11.009793758392334,0.21428571428571427
26238,0,0,41232,-15.137684106826782,-11.009793758392334,0.21428571428571427
26239,0,0,41233,-15.137684106826782,-11.009793758392334,0.21428571428571427
26240,0,0,41245,-15.137684106826782,-11.009793758392334,0.21428571428571427
26241,0,0,41254,-15.137684106826782,-11.009793758392334,0.21428571428571427
26242,0,0,41253,-15.137684106826782,-11.009793758392334,0.21428571428571427
26243,0,0,41252,-15.137684106826782,-11.009793758392334,0.21428571428571427
26244,0,0,41251,-15.137684106826782,-11.009793758392334,0.21428571428571427
26245,0,0,41250,-15.137684106826782,-11.009793758392334,0.21428571428571427
26246,0,0,41249,-15.137684106826782,-11.009793758392334,0.21428571428571427
26247,0,0,41248,-15.137684106826782,-11.009793758392334,0.21428571428571427
26248,0,0,41247,-15.137684106826782,-11.009793758392334,0.21428571428571427
26249,0,0,41246,-15.137684106826782,-11.009793758392334,0.21428571428571427
26250,0,0,41244,-15.137684106826782,-11.009793758392334,0.21428571428571427
26251,0,0,41234,-15.137684106826782,-11.009793758392334,0.21428571428571427
26252,0,0,41243,-15.137684106826782,-11.009793758392334,0.21428571428571427
26253,0,0,41242,-15.137684106826782,-11.009793758392334,0.21428571428571427
26254,0,0,41241,-15.137684106826782,-11.009793758392334,0.21428571428571427
26255,0,0,41240,-15.137684106826782,-11.009793758392334,0.21428571428571427
26256,0,0,41239,-15.137684106826782,-11.009793758392334,0.21428571428571427
26257,0,0,41238,-15.137684106826782,-11.009793758392334,0.21428571428571427
26258,0,0,41237,-15.137684106826782,-11.009793758392334,0.21428571428571427
26259,0,0,41236,-15.137684106826782,-11.009793758392334,0.21428571428571427
26260,0,0,41235,-15.137684106826782,-11.009793758392334,0.21428571428571427
26261,0,0,41304,-15.137684106826782,-11.009793758392334,0.21428571428571427
26262,0,0,41305,-15.137684106826782,-11.009793758392334,0.21428571428571427
26263,0,0,41306,-15.137684106826782,-11.009793758392334,0.21428571428571427
26264,0,0,41307,-15.137684106826782,-11.009793758392334,0.21428571428571427
26265,0,0,41376,-15.137684106826782,-11.009793758392334,0.21428571428571427
26266,0,0,41375,-15.137684106826782,-11.009793758392334,0.21428571428571427
26267,0,0,41374,-15.137684106826782,-11.009793758392334,0.21428571428571427
26268,0,0,41373,-15.137684106826782,-11.009793758392334,0.21428571428571427
26269,0,0,41372,-15.137684106826782,-11.009793758392334,0.21428571428571427
26270,0,0,41371,-15.137684106826782,-11.009793758392334,0.21428571428571427
26271,0,0,41370,-15.137684106826782,-11.009793758392334,0.21428571428571427
26272,0,0,41369,-15.137684106826782,-11.009793758392334,0.21428571428571427
26273,0,0,41368,-15.137684106826782,-11.009793758392334,0.21428571428571427
26274,0,0,41366,-15.137684106826782,-11.009793758392334,0.21428571428571427
26275,0,0,41356,-15.137684106826782,-11.009793758392334,0.21428571428571427
26276,0,0,41365,-15.137684106826782,-11.009793758392334,0.21428571428571427
26277,0,0,41364,-15.137684106826782,-11.009793758392334,0.21428571428571427
26278,0,0,41363,-15.137684106826782,-11.009793758392334,0.21428571428571427
26279,0,0,41362,-15.137684106826782,-11.009793758392334,0.21428571428571427
26280,0,0,41361,-15.137684106826782,-11.009793758392334,0.21428571428571427
26281,0,0,41360,-15.137684106826782,-11.009793758392334,0.21428571428571427
26282,0,0,41359,-15.137684106826782,-11.009793758392334,0.21428571428571427
26283,0,0,41358,-15.137684106826782,-11.009793758392334,0.21428571428571427
26284,0,0,41357,-15.137684106826782,-11.009793758392334,0.21428571428571427
26285,0,0,41377,-15.137684106826782,-11.009793758392334,0.21428571428571427
26286,0,0,41367,-15.137684106826782,-11.009793758392334,0.21428571428571427
26287,0,0,41378,-15.137684106826782,-11.009793758392334,0.21428571428571427
26288,0,0,41391,-15.137684106826782,-11.009793758392334,0.21428571428571427
26289,0,0,41400,-15.137684106826782,-11.009793758392334,0.21428571428571427
26290,0,0,41399,-15.137684106826782,-11.009793758392334,0.21428571428571427
26291,0,0,41398,-15.137684106826782,-11.009793758392334,0.21428571428571427
26292,0,0,41397,-15.137684106826782,-11.009793758392334,0.21428571428571427
26293,0,0,41396,-15.137684106826782,-11.009793758392334,0.21428571428571427
26294,0,0,41395,-15.137684106826782,-11.009793758392334,0.21428571428571427
26295,0,0,41394,-15.137684106826782,-11.009793758392334,0.21428571428571427
26296,0,0,41393,-15.137684106826782,-11.009793758392334,0.21428571428571427
26297,0,0,41392,-15.137684106826782,-11.009793758392334,0.21428571428571427
26298,0,0,41390,-15.137684106826782,-11.009793758392334,0.21428571428571427
26299,0,0,41380,-15.137684106826782,-11.009793758392334,0.21428571428571427
26300,0,0,41389,-15.137684106826782,-11.009793758392334,0.21428571428571427
26301,0,0,41388,-15.137684106826782,-11.009793758392334,0.21428571428571427
26302,0,0,41387,-15.137684106826782,-11.009793758392334,0.21428571428571427
26303,0,0,41386,-15.137684106826782,-11.009793758392334,0.21428571428571427
26304,0,0,41385,-15.137684106826782,-11.009793758392334,0.21428571428571427
26305,0,0,41384,-15.137684106826782,-11.009793758392334,0.21428571428571427
26306,0,0,41383,-15.137684106826782,-11.009793758392334,0.21428571428571427
26307,0,0,41382,-15.137684106826782,-11.009793758392334,0.21428571428571427
26308,0,0,41381,-15.137684106826782,-11.009793758392334,0.21428571428571427
26309,0,0,41379,-15.137684106826782,-11.009793758392334,0.21428571428571427
26310,0,0,41355,-15.137684106826782,-11.009793758392334,0.21428571428571427
26311,0,0,41354,-15.137684106826782,-11.009793758392334,0.21428571428571427
26312,0,0,41353,-15.137684106826782,-11.009793758392334,0.21428571428571427
26313,0,0,41328,-15.137684106826782,-11.009793758392334,0.21428571428571427
26314,0,0,41327,-15.137684106826782,-11.009793758392334,0.21428571428571427
26315,0,0,41326,-15.137684106826782,-11.009793758392334,0.21428571428571427
26316,0,0,41325,-15.137684106826782,-11.009793758392334,0.21428571428571427
26317,0,0,41324,-15.137684106826782,-11.009793758392334,0.21428571428571427
26318,0,0,41323,-15.137684106826782,-11.009793758392334,0.21428571428571427
26319,0,0,41322,-15.137684106826782,-11.009793758392334,0.21428571428571427
26320,0,0,41321,-15.137684106826782,-11.009793758392334,0.21428571428571427
26321,0,0,41320,-15.137684106826782,-11.009793758392334,0.21428571428571427
26322,0,0,41319,-15.137684106826782,-11.009793758392334,0.21428571428571427
26323,0,0,41318,-15.137684106826782,-11.009793758392334,0.21428571428571427
26324,0,0,41317,-15.137684106826782,-11.009793758392334,0.21428571428571427
26325,0,0,41316,-15.137684106826782,-11.009793758392334,0.21428571428571427
26326,0,0,41315,-15.137684106826782,-11.009793758392334,0.21428571428571427
26327,0,0,41314,-15.137684106826782,-11.009793758392334,0.21428571428571427
26328,0,0,41313,-15.137684106826782,-11.009793758392334,0.21428571428571427
26329,0,0,41312,-15.137684106826782,-11.009793758392334,0.21428571428571427
26330,0,0,41311,-15.137684106826782,-11.009793758392334,0.21428571428571427
26331,0,0,41310,-15.137684106826782,-11.009793758392334,0.21428571428571427
26332,0,0,41309,-15.137684106826782,-11.009793758392334,0.21428571428571427
26333,0,0,41308,-15.137684106826782,-11.009793758392334,0.21428571428571427
26334,0,0,41329,-15.137684106826782,-11.009793758392334,0.21428571428571427
26335,0,0,41330,-15.137684106826782,-11.009793758392334,0.21428571428571427
26336,0,0,41331,-15.137684106826782,-11.009793758392334,0.21428571428571427
26337,0,0,41343,-15.137684106826782,-11.009793758392334,0.21428571428571427
26338,0,0,41352,-15.137684106826782,-11.009793758392334,0.21428571428571427
26339,0,0,41351,-15.137684106826782,-11.009793758392334,0.21428571428571427
26340,0,0,41350,-15.137684106826782,-11.009793758392334,0.21428571428571427
26341,0,0,41349,-15.137684106826782,-11.009793758392334,0.21428571428571427
26342,0,0,41348,-15.137684106826782,-11.009793758392334,0.21428571428571427
26343,0,0,41347,-15.137684106826782,-11.009793758392334,0.21428571428571427
26344,0,0,41346,-15.137684106826782,-11.009793758392334,0.21428571428571427
26345,0,0,41345,-15.137684106826782,-11.009793758392334,0.21428571428571427
26346,0,0,41344,-15.137684106826782,-11.009793758392334,0.21428571428571427
26347,0,0,41342,-15.137684106826782,-11.009793758392334,0.21428571428571427
26348,0,0,41332,-15.137684106826782,-11.009793758392334,0.21428571428571427
26349,0,0,41341,-15.137684106826782,-11.009793758392334,0.21428571428571427
26350,0,0,41340,-15.137684106826782,-11.009793758392334,0.21428571428571427
26351,0,0,41339,-15.137684106826782,-11.009793758392334,0.21428571428571427
26352,0,0,41338,-15.137684106826782,-11.009793758392334,0.21428571428571427
26353,0,0,41337,-15.137684106826782,-11.009793758392334,0.21428571428571427
26354,0,0,41336,-15.137684106826782,-11.009793758392334,0.21428571428571427
26355,0,0,41335,-15.137684106826782,-11.009793758392334,0.21428571428571427
26356,0,0,41334,-15.137684106826782,-11.009793758392334,0.21428571428571427
26357,0,0,41333,-15.137684106826782,-11.009793758392334,0.21428571428571427
26358,0,0,41257,-15.137684106826782,-11.009793758392334,0.21428571428571427
26359,0,0,41207,-15.137684106826782,-11.009793758392334,0.21428571428571427
26360,0,0,41062,-15.137684106826782,-11.009793758392334,0.21428571428571427
26361,0,0,41206,-15.137684106826782,-11.009793758392334,0.21428571428571427
26362,0,0,41084,-15.137684106826782,-11.009793758392334,0.21428571428571427
26363,0,0,41083,-15.137684106826782,-11.009793758392334,0.21428571428571427
26364,0,0,41082,-15.137684106826782,-11.009793758392334,0.21428571428571427
26365,0,0,41081,-15.137684106826782,-11.009793758392334,0.21428571428571427
26366,0,0,41080,-15.137684106826782,-11.009793758392334,0.21428571428571427
26367,0,0,41079,-15.137684106826782,-11.009793758392334,0.21428571428571427
26368,0,0,41078,-15.137684106826782,-11.009793758392334,0.21428571428571427
26369,0,0,41077,-15.137684106826782,-11.009793758392334,0.21428571428571427
26370,0,0,41076,-15.137684106826782,-11.009793758392334,0.21428571428571427
26371,0,0,41075,-15.137684106826782,-11.009793758392334,0.21428571428571427
26372,0,0,41074,-15.137684106826782,-11.009793758392334,0.21428571428571427
26373,0,0,41073,-15.137684106826782,-11.009793758392334,0.21428571428571427
26374,0,0,41072,-15.137684106826782,-11.009793758392334,0.21428571428571427
26375,0,0,41071,-15.137684106826782,-11.009793758392334,0.21428571428571427
26376,0,0,41070,-15.137684106826782,-11.009793758392334,0.21428571428571427
26377,0,0,41069,-15.137684106826782,-11.009793758392334,0.21428571428571427
26378,0,0,41068,-15.137684106826782,-11.009793758392334,0.21428571428571427
26379,0,0,41067,-15.137684106826782,-11.009793758392334,0.21428571428571427
26380,0,0,41066,-15.137684106826782,-11.009793758392334,0.21428571428571427
26381,0,0,41065,-15.137684106826782,-11.009793758392334,0.21428571428571427
26382,0,0,41064,-15.137684106826782,-11.009793758392334,0.21428571428571427
26383,0,0,41085,-15.137684106826782,-11.009793758392334,0.21428571428571427
26384,0,0,41086,-15.137684106826782,-11.009793758392334,0.21428571428571427
26385,0,0,41087,-15.137684106826782,-11.009793758392334,0.21428571428571427
26386,0,0,41099,-15.137684106826782,-11.009793758392334,0.21428571428571427
26387,0,0,41108,-15.137684106826782,-11.009793758392334,0.21428571428571427
26388,0,0,41107,-15.137684106826782,-11.009793758392334,0.21428571428571427
26389,0,0,41106,-15.137684106826782,-11.009793758392334,0.21428571428571427
26390,0,0,41105,-15.137684106826782,-11.009793758392334,0.21428571428571427
26391,0,0,41104,-15.137684106826782,-11.009793758392334,0.21428571428571427
26392,0,0,41103,-15.137684106826782,-11.009793758392334,0.21428571428571427
26393,0,0,41102,-15.137684106826782,-11.009793758392334,0.21428571428571427
26394,0,0,41101,-15.137684106826782,-11.009793758392334,0.21428571428571427
26395,0,0,41100,-15.137684106826782,-11.009793758392334,0.21428571428571427
26396,0,0,41098,-15.137684106826782,-11.009793758392334,0.21428571428571427
26397,0,0,41088,-15.137684106826782,-11.009793758392334,0.21428571428571427
26398,0,0,41097,-15.137684106826782,-11.009793758392334,0.21428571428571427
26399,0,0,41096,-15.137684106826782,-11.009793758392334,0.21428571428571427
26400,0,0,41095,-15.137684106826782,-11.009793758392334,0.21428571428571427
26401,0,0,41094,-15.137684106826782,-11.009793758392334,0.21428571428571427
26402,0,0,41093,-15.137684106826782,-11.009793758392334,0.21428571428571427
26403,0,0,41092,-15.137684106826782,-11.009793758392334,0.21428571428571427
26404,0,0,41091,-15.137684106826782,-11.009793758392334,0.21428571428571427
26405,0,0,41090,-15.137684106826782,-11.009793758392334,0.21428571428571427
26406,0,0,41089,-15.137684106826782,-11.009793758392334,0.21428571428571427
26407,0,0,41063,-15.137684106826782,-11.009793758392334,0.21428571428571427
26408,0,0,41061,-15.137684106826782,-11.009793758392334,0.21428571428571427
26409,0,0,41014,-15.137684106826782,-11.009793758392334,0.21428571428571427
26410,0,0,41060,-15.137684106826782,-11.009793758392334,0.21428571428571427
26411,0,0,41035,-15.137684106826782,-11.009793758392334,0.21428571428571427
26412,0,0,41034,-15.137684106826782,-11.009793758392334,0.21428571428571427
26413,0,0,41033,-15.137684106826782,-11.009793758392334,0.21428571428571427
26414,0,0,41032,-15.137684106826782,-11.009793758392334,0.21428571428571427
26415,0,0,41031,-15.137684106826782,-11.009793758392334,0.21428571428571427
26416,0,0,41030,-15.137684106826782,-11.009793758392334,0.21428571428571427
26417,0,0,41029,-15.137684106826782,-11.009793758392334,0.21428571428571427
26418,0,0,41028,-15.137684106826782,-11.009793758392334,0.21428571428571427
26419,0,0,41027,-15.137684106826782,-11.009793758392334,0.21428571428571427
26420,0,0,41026,-15.137684106826782,-11.009793758392334,0.21428571428571427
26421,0,0,41025,-15.137684106826782,-11.009793758392334,0.21428571428571427
26422,0,0,41024,-15.137684106826782,-11.009793758392334,0.21428571428571427
26423,0,0,41023,-15.137684106826782,-11.009793758392334,0.21428571428571427
26424,0,0,41022,-15.137684106826782,-11.009793758392334,0.21428571428571427
26425,0,0,41021,-15.137684106826782,-11.009793758392334,0.21428571428571427
26426,0,0,41020,-15.137684106826782,-11.009793758392334,0.21428571428571427
26427,0,0,41019,-15.137684106826782,-11.009793758392334,0.21428571428571427
26428,0,0,41018,-15.137684106826782,-11.009793758392334,0.21428571428571427
26429,0,0,41017,-15.137684106826782,-11.009793758392334,0.21428571428571427
26430,0,0,41016,-15.137684106826782,-11.009793758392334,0.21428571428571427
26431,0,0,41015,-15.137684106826782,-11.009793758392334,0.21428571428571427
26432,0,0,41036,-15.137684106826782,-11.009793758392334,0.21428571428571427
26433,0,0,41037,-15.137684106826782,-11.009793758392334,0.21428571428571427
26434,0,0,41038,-15.137684106826782,-11.009793758392334,0.21428571428571427
26435,0,0,41050,-15.137684106826782,-11.009793758392334,0.21428571428571427
26436,0,0,41059,-15.137684106826782,-11.009793758392334,0.21428571428571427
26437,0,0,41058,-15.137684106826782,-11.009793758392334,0.21428571428571427
26438,0,0,41057,-15.137684106826782,-11.009793758392334,0.21428571428571427
26439,0,0,41056,-15.137684106826782,-11.009793758392334,0.21428571428571427
26440,0,0,41055,-15.137684106826782,-11.009793758392334,0.21428571428571427
26441,0,0,41054,-15.137684106826782,-11.009793758392334,0.21428571428571427
26442,0,0,41053,-15.137684106826782,-11.009793758392334,0.21428571428571427
26443,0,0,41052,-15.137684106826782,-11.009793758392334,0.21428571428571427
26444,0,0,41051,-15.137684106826782,-11.009793758392334,0.21428571428571427
26445,0,0,41049,-15.137684106826782,-11.009793758392334,0.21428571428571427
26446,0,0,41039,-15.137684106826782,-11.009793758392334,0.21428571428571427
26447,0,0,41048,-15.137684106826782,-11.009793758392334,0.21428571428571427
26448,0,0,41047,-15.137684106826782,-11.009793758392334,0.21428571428571427
26449,0,0,41046,-15.137684106826782,-11.009793758392334,0.21428571428571427
26450,0,0,41045,-15.137684106826782,-11.009793758392334,0.21428571428571427
26451,0,0,41044,-15.137684106826782,-11.009793758392334,0.21428571428571427
26452,0,0,41043,-15.137684106826782,-11.009793758392334,0.21428571428571427
26453,0,0,41042,-15.137684106826782,-11.009793758392334,0.21428571428571427
26454,0,0,41041,-15.137684106826782,-11.009793758392334,0.21428571428571427
26455,0,0,41040,-15.137684106826782,-11.009793758392334,0.21428571428571427
26456,0,0,41109,-15.137684106826782,-11.009793758392334,0.21428571428571427
26457,0,0,41110,-15.137684106826782,-11.009793758392334,0.21428571428571427
26458,0,0,41111,-15.137684106826782,-11.009793758392334,0.21428571428571427
26459,0,0,41112,-15.137684106826782,-11.009793758392334,0.21428571428571427
26460,0,0,41181,-15.137684106826782,-11.009793758392334,0.21428571428571427
26461,0,0,41180,-15.137684106826782,-11.009793758392334,0.21428571428571427
26462,0,0,41179,-15.137684106826782,-11.009793758392334,0.21428571428571427
26463,0,0,41178,-15.137684106826782,-11.009793758392334,0.21428571428571427
26464,0,0,41177,-15.137684106826782,-11.009793758392334,0.21428571428571427
26465,0,0,41176,-15.137684106826782,-11.009793758392334,0.21428571428571427
26466,0,0,41175,-15.137684106826782,-11.009793758392334,0.21428571428571427
26467,0,0,41174,-15.137684106826782,-11.009793758392334,0.21428571428571427
26468,0,0,41173,-15.137684106826782,-11.009793758392334,0.21428571428571427
26469,0,0,41171,-15.137684106826782,-11.009793758392334,0.21428571428571427
26470,0,0,41161,-15.137684106826782,-11.009793758392334,0.21428571428571427
26471,0,0,41170,-15.137684106826782,-11.009793758392334,0.21428571428571427
26472,0,0,41169,-15.137684106826782,-11.009793758392334,0.21428571428571427
26473,0,0,41168,-15.137684106826782,-11.009793758392334,0.21428571428571427
26474,0,0,41167,-15.137684106826782,-11.009793758392334,0.21428571428571427
26475,0,0,41166,-15.137684106826782,-11.009793758392334,0.21428571428571427
26476,0,0,41165,-15.137684106826782,-11.009793758392334,0.21428571428571427
26477,0,0,41164,-15.137684106826782,-11.009793758392334,0.21428571428571427
26478,0,0,41163,-15.137684106826782,-11.009793758392334,0.21428571428571427
26479,0,0,41162,-15.137684106826782,-11.009793758392334,0.21428571428571427
26480,0,0,41182,-15.137684106826782,-11.009793758392334,0.21428571428571427
26481,0,0,41172,-15.137684106826782,-11.009793758392334,0.21428571428571427
26482,0,0,41183,-15.137684106826782,-11.009793758392334,0.21428571428571427
26483,0,0,41196,-15.137684106826782,-11.009793758392334,0.21428571428571427
26484,0,0,41205,-15.137684106826782,-11.009793758392334,0.21428571428571427
26485,0,0,41204,-15.137684106826782,-11.009793758392334,0.21428571428571427
26486,0,0,41203,-15.137684106826782,-11.009793758392334,0.21428571428571427
26487,0,0,41202,-15.137684106826782,-11.009793758392334,0.21428571428571427
26488,0,0,41201,-15.137684106826782,-11.009793758392334,0.21428571428571427
26489,0,0,41200,-15.137684106826782,-11.009793758392334,0.21428571428571427
26490,0,0,41199,-15.137684106826782,-11.009793758392334,0.21428571428571427
26491,0,0,41198,-15.137684106826782,-11.009793758392334,0.21428571428571427
26492,0,0,41197,-15.137684106826782,-11.009793758392334,0.21428571428571427
26493,0,0,41195,-15.137684106826782,-11.009793758392334,0.21428571428571427
26494,0,0,41185,-15.137684106826782,-11.009793758392334,0.21428571428571427
26495,0,0,41194,-15.137684106826782,-11.009793758392334,0.21428571428571427
26496,0,0,41193,-15.137684106826782,-11.009793758392334,0.21428571428571427
26497,0,0,41192,-15.137684106826782,-11.009793758392334,0.21428571428571427
26498,0,0,41191,-15.137684106826782,-11.009793758392334,0.21428571428571427
26499,0,0,41190,-15.137684106826782,-11.009793758392334,0.21428571428571427
26500,0,0,41189,-15.137684106826782,-11.009793758392334,0.21428571428571427
26501,0,0,41188,-15.137684106826782,-11.009793758392334,0.21428571428571427
26502,0,0,41187,-15.137684106826782,-11.009793758392334,0.21428571428571427
26503,0,0,41186,-15.137684106826782,-11.009793758392334,0.21428571428571427
26504,0,0,41184,-15.137684106826782,-11.009793758392334,0.21428571428571427
26505,0,0,41160,-15.137684106826782,-11.009793758392334,0.21428571428571427
26506,0,0,41159,-15.137684106826782,-11.009793758392334,0.21428571428571427
26507,0,0,41158,-15.137684106826782,-11.009793758392334,0.21428571428571427
26508,0,0,41133,-15.137684106826782,-11.009793758392334,0.21428571428571427
26509,0,0,41132,-15.137684106826782,-11.009793758392334,0.21428571428571427
26510,0,0,41131,-15.137684106826782,-11.009793758392334,0.21428571428571427
26511,0,0,41130,-15.137684106826782,-11.009793758392334,0.21428571428571427
26512,0,0,41129,-15.137684106826782,-11.009793758392334,0.21428571428571427
26513,0,0,41128,-15.137684106826782,-11.009793758392334,0.21428571428571427
26514,0,0,41127,-15.137684106826782,-11.009793758392334,0.21428571428571427
26515,0,0,41126,-15.137684106826782,-11.009793758392334,0.21428571428571427
26516,0,0,41125,-15.137684106826782,-11.009793758392334,0.21428571428571427
26517,0,0,41124,-15.137684106826782,-11.009793758392334,0.21428571428571427
26518,0,0,41123,-15.137684106826782,-11.009793758392334,0.21428571428571427
26519,0,0,41122,-15.137684106826782,-11.009793758392334,0.21428571428571427
26520,0,0,41121,-15.137684106826782,-11.009793758392334,0.21428571428571427
26521,0,0,41120,-15.137684106826782,-11.009793758392334,0.21428571428571427
26522,0,0,41119,-15.137684106826782,-11.009793758392334,0.21428571428571427
26523,0,0,41118,-15.137684106826782,-11.009793758392334,0.21428571428571427
26524,0,0,41117,-15.137684106826782,-11.009793758392334,0.21428571428571427
26525,0,0,41116,-15.137684106826782,-11.009793758392334,0.21428571428571427
26526,0,0,41115,-15.137684106826782,-11.009793758392334,0.21428571428571427
26527,0,0,41114,-15.137684106826782,-11.009793758392334,0.21428571428571427
26528,0,0,41113,-15.137684106826782,-11.009793758392334,0.21428571428571427
26529,0,0,41134,-15.137684106826782,-11.009793758392334,0.21428571428571427
26530,0,0,41135,-15.137684106826782,-11.009793758392334,0.21428571428571427
26531,0,0,41136,-15.137684106826782,-11.009793758392334,0.21428571428571427
26532,0,0,41148,-15.137684106826782,-11.009793758392334,0.21428571428571427
26533,0,0,41157,-15.137684106826782,-11.009793758392334,0.21428571428571427
26534,0,0,41156,-15.137684106826782,-11.009793758392334,0.21428571428571427
26535,0,0,41155,-15.137684106826782,-11.009793758392334,0.21428571428571427
26536,0,0,41154,-15.137684106826782,-11.009793758392334,0.21428571428571427
26537,0,0,41153,-15.137684106826782,-11.009793758392334,0.21428571428571427
26538,0,0,41152,-15.137684106826782,-11.009793758392334,0.21428571428571427
26539,0,0,41151,-15.137684106826782,-11.009793758392334,0.21428571428571427
26540,0,0,41150,-15.137684106826782,-11.009793758392334,0.21428571428571427
26541,0,0,41149,-15.137684106826782,-11.009793758392334,0.21428571428571427
26542,0,0,41147,-15.137684106826782,-11.009793758392334,0.21428571428571427
26543,0,0,41137,-15.137684106826782,-11.009793758392334,0.21428571428571427
26544,0,0,41146,-15.137684106826782,-11.009793758392334,0.21428571428571427
26545,0,0,41145,-15.137684106826782,-11.009793758392334,0.21428571428571427
26546,0,0,41144,-15.137684106826782,-11.009793758392334,0.21428571428571427
26547,0,0,41143,-15.137684106826782,-11.009793758392334,0.21428571428571427
26548,0,0,41142,-15.137684106826782,-11.009793758392334,0.21428571428571427
26549,0,0,41141,-15.137684106826782,-11.009793758392334,0.21428571428571427
26550,0,0,41140,-15.137684106826782,-11.009793758392334,0.21428571428571427
26551,0,0,41139,-15.137684106826782,-11.009793758392334,0.21428571428571427
26552,0,0,41138,-15.137684106826782,-11.009793758392334,0.21428571428571427
26553,0,0,42182,-15.137684106826782,-11.009793758392334,0.21428571428571427
26554,0,0,41403,-15.137684106826782,-11.009793758392334,0.21428571428571427
26555,0,0,42183,-15.137684106826782,-11.009793758392334,0.21428571428571427
26556,0,0,42965,-15.137684106826782,-11.009793758392334,0.21428571428571427
26557,0,0,43232,-15.137684106826782,-11.009793758392334,0.21428571428571427
26558,0,0,43231,-15.137684106826782,-11.009793758392334,0.21428571428571427
26559,0,0,43230,-15.137684106826782,-11.009793758392334,0.21428571428571427
26560,0,0,43229,-15.137684106826782,-11.009793758392334,0.21428571428571427
26561,0,0,43228,-15.137684106826782,-11.009793758392334,0.21428571428571427
26562,0,0,43227,-15.137684106826782,-11.009793758392334,0.21428571428571427
26563,0,0,43226,-15.137684106826782,-11.009793758392334,0.21428571428571427
26564,0,0,43225,-15.137684106826782,-11.009793758392334,0.21428571428571427
26565,0,0,43224,-15.137684106826782,-11.009793758392334,0.21428571428571427
26566,0,0,43223,-15.137684106826782,-11.009793758392334,0.21428571428571427
26567,0,0,43222,-15.137684106826782,-11.009793758392334,0.21428571428571427
26568,0,0,43221,-15.137684106826782,-11.009793758392334,0.21428571428571427
26569,0,0,43220,-15.137684106826782,-11.009793758392334,0.21428571428571427
26570,0,0,43219,-15.137684106826782,-11.009793758392334,0.21428571428571427
26571,0,0,43218,-15.137684106826782,-11.009793758392334,0.21428571428571427
26572,0,0,43217,-15.137684106826782,-11.009793758392334,0.21428571428571427
26573,0,0,43216,-15.137684106826782,-11.009793758392334,0.21428571428571427
26574,0,0,43215,-15.137684106826782,-11.009793758392334,0.21428571428571427
26575,0,0,43214,-15.137684106826782,-11.009793758392334,0.21428571428571427
26576,0,0,43213,-15.137684106826782,-11.009793758392334,0.21428571428571427
26577,0,0,43212,-15.137684106826782,-11.009793758392334,0.21428571428571427
26578,0,0,43233,-15.137684106826782,-11.009793758392334,0.21428571428571427
26579,0,0,43234,-15.137684106826782,-11.009793758392334,0.21428571428571427
26580,0,0,43235,-15.137684106826782,-11.009793758392334,0.21428571428571427
26581,0,0,43247,-15.137684106826782,-11.009793758392334,0.21428571428571427
26582,0,0,43256,-15.137684106826782,-11.009793758392334,0.21428571428571427
26583,0,0,43255,-15.137684106826782,-11.009793758392334,0.21428571428571427
26584,0,0,43254,-15.137684106826782,-11.009793758392334,0.21428571428571427
26585,0,0,43253,-15.137684106826782,-11.009793758392334,0.21428571428571427
26586,0,0,43252,-15.137684106826782,-11.009793758392334,0.21428571428571427
26587,0,0,43251,-15.137684106826782,-11.009793758392334,0.21428571428571427
26588,0,0,43250,-15.137684106826782,-11.009793758392334,0.21428571428571427
26589,0,0,43249,-15.137684106826782,-11.009793758392334,0.21428571428571427
26590,0,0,43248,-15.137684106826782,-11.009793758392334,0.21428571428571427
26591,0,0,43246,-15.137684106826782,-11.009793758392334,0.21428571428571427
26592,0,0,43236,-15.137684106826782,-11.009793758392334,0.21428571428571427
26593,0,0,43245,-15.137684106826782,-11.009793758392334,0.21428571428571427
26594,0,0,43244,-15.137684106826782,-11.009793758392334,0.21428571428571427
26595,0,0,43243,-15.137684106826782,-11.009793758392334,0.21428571428571427
26596,0,0,43242,-15.137684106826782,-11.009793758392334,0.21428571428571427
26597,0,0,43241,-15.137684106826782,-11.009793758392334,0.21428571428571427
26598,0,0,43240,-15.137684106826782,-11.009793758392334,0.21428571428571427
26599,0,0,43239,-15.137684106826782,-11.009793758392334,0.21428571428571427
26600,0,0,43238,-15.137684106826782,-11.009793758392334,0.21428571428571427
26601,0,0,43237,-15.137684106826782,-11.009793758392334,0.21428571428571427
26602,0,0,43211,-15.137684106826782,-11.009793758392334,0.21428571428571427
26603,0,0,43209,-15.137684106826782,-11.009793758392334,0.21428571428571427
26604,0,0,43162,-15.137684106826782,-11.009793758392334,0.21428571428571427
26605,0,0,43208,-15.137684106826782,-11.009793758392334,0.21428571428571427
26606,0,0,43183,-15.137684106826782,-11.009793758392334,0.21428571428571427
26607,0,0,43182,-15.137684106826782,-11.009793758392334,0.21428571428571427
26608,0,0,43181,-15.137684106826782,-11.009793758392334,0.21428571428571427
26609,0,0,43180,-15.137684106826782,-11.009793758392334,0.21428571428571427
26610,0,0,43179,-15.137684106826782,-11.009793758392334,0.21428571428571427
26611,0,0,43178,-15.137684106826782,-11.009793758392334,0.21428571428571427
26612,0,0,43177,-15.137684106826782,-11.009793758392334,0.21428571428571427
26613,0,0,43176,-15.137684106826782,-11.009793758392334,0.21428571428571427
26614,0,0,43175,-15.137684106826782,-11.009793758392334,0.21428571428571427
26615,0,0,43174,-15.137684106826782,-11.009793758392334,0.21428571428571427
26616,0,0,43173,-15.137684106826782,-11.009793758392334,0.21428571428571427
26617,0,0,43172,-15.137684106826782,-11.009793758392334,0.21428571428571427
26618,0,0,43171,-15.137684106826782,-11.009793758392334,0.21428571428571427
26619,0,0,43170,-15.137684106826782,-11.009793758392334,0.21428571428571427
26620,0,0,43169,-15.137684106826782,-11.009793758392334,0.21428571428571427
26621,0,0,43168,-15.137684106826782,-11.009793758392334,0.21428571428571427
26622,0,0,43167,-15.137684106826782,-11.009793758392334,0.21428571428571427
26623,0,0,43166,-15.137684106826782,-11.009793758392334,0.21428571428571427
26624,0,0,43165,-15.137684106826782,-11.009793758392334,0.21428571428571427
26625,0,0,43164,-15.137684106826782,-11.009793758392334,0.21428571428571427
26626,0,0,43163,-15.137684106826782,-11.009793758392334,0.21428571428571427
26627,0,0,43184,-15.137684106826782,-11.009793758392334,0.21428571428571427
26628,0,0,43185,-15.137684106826782,-11.009793758392334,0.21428571428571427
26629,0,0,43186,-15.137684106826782,-11.009793758392334,0.21428571428571427
26630,0,0,43198,-15.137684106826782,-11.009793758392334,0.21428571428571427
26631,0,0,43207,-15.137684106826782,-11.009793758392334,0.21428571428571427
26632,0,0,43206,-15.137684106826782,-11.009793758392334,0.21428571428571427
26633,0,0,43205,-15.137684106826782,-11.009793758392334,0.21428571428571427
26634,0,0,43204,-15.137684106826782,-11.009793758392334,0.21428571428571427
26635,0,0,43203,-15.137684106826782,-11.009793758392334,0.21428571428571427
26636,0,0,43202,-15.137684106826782,-11.009793758392334,0.21428571428571427
26637,0,0,43201,-15.137684106826782,-11.009793758392334,0.21428571428571427
26638,0,0,43200,-15.137684106826782,-11.009793758392334,0.21428571428571427
26639,0,0,43199,-15.137684106826782,-11.009793758392334,0.21428571428571427
26640,0,0,43197,-15.137684106826782,-11.009793758392334,0.21428571428571427
26641,0,0,43187,-15.137684106826782,-11.009793758392334,0.21428571428571427
26642,0,0,43196,-15.137684106826782,-11.009793758392334,0.21428571428571427
26643,0,0,43195,-15.137684106826782,-11.009793758392334,0.21428571428571427
26644,0,0,43194,-15.137684106826782,-11.009793758392334,0.21428571428571427
26645,0,0,43193,-15.137684106826782,-11.009793758392334,0.21428571428571427
26646,0,0,43192,-15.137684106826782,-11.009793758392334,0.21428571428571427
26647,0,0,43191,-15.137684106826782,-11.009793758392334,0.21428571428571427
26648,0,0,43190,-15.137684106826782,-11.009793758392334,0.21428571428571427
26649,0,0,43189,-15.137684106826782,-11.009793758392334,0.21428571428571427
26650,0,0,43188,-15.137684106826782,-11.009793758392334,0.21428571428571427
26651,0,0,43257,-15.137684106826782,-11.009793758392334,0.21428571428571427
26652,0,0,43258,-15.137684106826782,-11.009793758392334,0.21428571428571427
26653,0,0,43259,-15.137684106826782,-11.009793758392334,0.21428571428571427
26654,0,0,43260,-15.137684106826782,-11.009793758392334,0.21428571428571427
26655,0,0,43329,-15.137684106826782,-11.009793758392334,0.21428571428571427
26656,0,0,43328,-15.137684106826782,-11.009793758392334,0.21428571428571427
26657,0,0,43327,-15.137684106826782,-11.009793758392334,0.21428571428571427
26658,0,0,43326,-15.137684106826782,-11.009793758392334,0.21428571428571427
26659,0,0,43325,-15.137684106826782,-11.009793758392334,0.21428571428571427
26660,0,0,43324,-15.137684106826782,-11.009793758392334,0.21428571428571427
26661,0,0,43323,-15.137684106826782,-11.009793758392334,0.21428571428571427
26662,0,0,43322,-15.137684106826782,-11.009793758392334,0.21428571428571427
26663,0,0,43321,-15.137684106826782,-11.009793758392334,0.21428571428571427
26664,0,0,43319,-15.137684106826782,-11.009793758392334,0.21428571428571427
26665,0,0,43309,-15.137684106826782,-11.009793758392334,0.21428571428571427
26666,0,0,43318,-15.137684106826782,-11.009793758392334,0.21428571428571427
26667,0,0,43317,-15.137684106826782,-11.009793758392334,0.21428571428571427
26668,0,0,43316,-15.137684106826782,-11.009793758392334,0.21428571428571427
26669,0,0,43315,-15.137684106826782,-11.009793758392334,0.21428571428571427
26670,0,0,43314,-15.137684106826782,-11.009793758392334,0.21428571428571427
26671,0,0,43313,-15.137684106826782,-11.009793758392334,0.21428571428571427
26672,0,0,43312,-15.137684106826782,-11.009793758392334,0.21428571428571427
26673,0,0,43311,-15.137684106826782,-11.009793758392334,0.21428571428571427
26674,0,0,43310,-15.137684106826782,-11.009793758392334,0.21428571428571427
26675,0,0,43330,-15.137684106826782,-11.009793758392334,0.21428571428571427
26676,0,0,43320,-15.137684106826782,-11.009793758392334,0.21428571428571427
26677,0,0,43331,-15.137684106826782,-11.009793758392334,0.21428571428571427
26678,0,0,43344,-15.137684106826782,-11.009793758392334,0.21428571428571427
26679,0,0,43353,-15.137684106826782,-11.009793758392334,0.21428571428571427
26680,0,0,43352,-15.137684106826782,-11.009793758392334,0.21428571428571427
26681,0,0,43351,-15.137684106826782,-11.009793758392334,0.21428571428571427
26682,0,0,43350,-15.137684106826782,-11.009793758392334,0.21428571428571427
26683,0,0,43349,-15.137684106826782,-11.009793758392334,0.21428571428571427
26684,0,0,43348,-15.137684106826782,-11.009793758392334,0.21428571428571427
26685,0,0,43347,-15.137684106826782,-11.009793758392334,0.21428571428571427
26686,0,0,43346,-15.137684106826782,-11.009793758392334,0.21428571428571427
26687,0,0,43345,-15.137684106826782,-11.009793758392334,0.21428571428571427
26688,0,0,43343,-15.137684106826782,-11.009793758392334,0.21428571428571427
26689,0,0,43333,-15.137684106826782,-11.009793758392334,0.21428571428571427
26690,0,0,43342,-15.137684106826782,-11.009793758392334,0.21428571428571427
26691,0,0,43341,-15.137684106826782,-11.009793758392334,0.21428571428571427
26692,0,0,43340,-15.137684106826782,-11.009793758392334,0.21428571428571427
26693,0,0,43339,-15.137684106826782,-11.009793758392334,0.21428571428571427
26694,0,0,43338,-15.137684106826782,-11.009793758392334,0.21428571428571427
26695,0,0,43337,-15.137684106826782,-11.009793758392334,0.21428571428571427
26696,0,0,43336,-15.137684106826782,-11.009793758392334,0.21428571428571427
26697,0,0,43335,-15.137684106826782,-11.009793758392334,0.21428571428571427
26698,0,0,43334,-15.137684106826782,-11.009793758392334,0.21428571428571427
26699,0,0,43332,-15.137684106826782,-11.009793758392334,0.21428571428571427
26700,0,0,43308,-15.137684106826782,-11.009793758392334,0.21428571428571427
26701,0,0,43307,-15.137684106826782,-11.009793758392334,0.21428571428571427
26702,0,0,43306,-15.137684106826782,-11.009793758392334,0.21428571428571427
26703,0,0,43281,-15.137684106826782,-11.009793758392334,0.21428571428571427
26704,0,0,43280,-15.137684106826782,-11.009793758392334,0.21428571428571427
26705,0,0,43279,-15.137684106826782,-11.009793758392334,0.21428571428571427
26706,0,0,43278,-15.137684106826782,-11.009793758392334,0.21428571428571427
26707,0,0,43277,-15.137684106826782,-11.009793758392334,0.21428571428571427
26708,0,0,43276,-15.137684106826782,-11.009793758392334,0.21428571428571427
26709,0,0,43275,-15.137684106826782,-11.009793758392334,0.21428571428571427
26710,0,0,43274,-15.137684106826782,-11.009793758392334,0.21428571428571427
26711,0,0,43273,-15.137684106826782,-11.009793758392334,0.21428571428571427
26712,0,0,43272,-15.137684106826782,-11.009793758392334,0.21428571428571427
26713,0,0,43271,-15.137684106826782,-11.009793758392334,0.21428571428571427
26714,0,0,43270,-15.137684106826782,-11.009793758392334,0.21428571428571427
26715,0,0,43269,-15.137684106826782,-11.009793758392334,0.21428571428571427
26716,0,0,43268,-15.137684106826782,-11.009793758392334,0.21428571428571427
26717,0,0,43267,-15.137684106826782,-11.009793758392334,0.21428571428571427
26718,0,0,43266,-15.137684106826782,-11.009793758392334,0.21428571428571427
26719,0,0,43265,-15.137684106826782,-11.009793758392334,0.21428571428571427
26720,0,0,43264,-15.137684106826782,-11.009793758392334,0.21428571428571427
26721,0,0,43263,-15.137684106826782,-11.009793758392334,0.21428571428571427
26722,0,0,5,-15.137684106826782,-11.009793758392334,0.21428571428571427
26723,0,0,43262,-15.137684106826782,-11.009793758392334,0.21428571428571427
26724,0,0,43261,-15.137684106826782,-11.009793758392334,0.21428571428571427
26725,0,0,43282,-15.137684106826782,-11.009793758392334,0.21428571428571427
26726,0,0,43283,-15.137684106826782,-11.009793758392334,0.21428571428571427
26727,0,0,43284,-15.137684106826782,-11.009793758392334,0.21428571428571427
26728,0,0,43296,-15.137684106826782,-11.009793758392334,0.21428571428571427
26729,0,0,43305,-15.137684106826782,-11.009793758392334,0.21428571428571427
26730,0,0,43304,-15.137684106826782,-11.009793758392334,0.21428571428571427
26731,0,0,43303,-15.137684106826782,-11.009793758392334,0.21428571428571427
26732,0,0,43302,-15.137684106826782,-11.009793758392334,0.21428571428571427
26733,0,0,43301,-15.137684106826782,-11.009793758392334,0.21428571428571427
26734,0,0,43300,-15.137684106826782,-11.009793758392334,0.21428571428571427
26735,0,0,43299,-15.137684106826782,-11.009793758392334,0.21428571428571427
26736,0,0,43298,-15.137684106826782,-11.009793758392334,0.21428571428571427
26737,0,0,43297,-15.137684106826782,-11.009793758392334,0.21428571428571427
26738,0,0,43295,-15.137684106826782,-11.009793758392334,0.21428571428571427
26739,0,0,43285,-15.137684106826782,-11.009793758392334,0.21428571428571427
26740,0,0,43294,-15.137684106826782,-11.009793758392334,0.21428571428571427
26741,0,0,43293,-15.137684106826782,-11.009793758392334,0.21428571428571427
26742,0,0,43292,-15.137684106826782,-11.009793758392334,0.21428571428571427
26743,0,0,43291,-15.137684106826782,-11.009793758392334,0.21428571428571427
26744,0,0,43290,-15.137684106826782,-11.009793758392334,0.21428571428571427
26745,0,0,43289,-15.137684106826782,-11.009793758392334,0.21428571428571427
26746,0,0,43288,-15.137684106826782,-11.009793758392334,0.21428571428571427
26747,0,0,43287,-15.137684106826782,-11.009793758392334,0.21428571428571427
26748,0,0,43286,-15.137684106826782,-11.009793758392334,0.21428571428571427
26749,0,0,43210,-15.137684106826782,-11.009793758392334,0.21428571428571427
26750,0,0,43161,-15.137684106826782,-11.009793758392334,0.21428571428571427
26751,0,0,43160,-15.137684106826782,-11.009793758392334,0.21428571428571427
26752,0,0,43159,-15.137684106826782,-11.009793758392334,0.21428571428571427
26753,0,0,43036,-15.137684106826782,-11.009793758392334,0.21428571428571427
26754,0,0,43035,-15.137684106826782,-11.009793758392334,0.21428571428571427
26755,0,0,43034,-15.137684106826782,-11.009793758392334,0.21428571428571427
26756,0,0,43033,-15.137684106826782,-11.009793758392334,0.21428571428571427
26757,0,0,43032,-15.137684106826782,-11.009793758392334,0.21428571428571427
26758,0,0,43031,-15.137684106826782,-11.009793758392334,0.21428571428571427
26759,0,0,43030,-15.137684106826782,-11.009793758392334,0.21428571428571427
26760,0,0,43029,-15.137684106826782,-11.009793758392334,0.21428571428571427
26761,0,0,43028,-15.137684106826782,-11.009793758392334,0.21428571428571427
26762,0,0,43027,-15.137684106826782,-11.009793758392334,0.21428571428571427
26763,0,0,43026,-15.137684106826782,-11.009793758392334,0.21428571428571427
26764,0,0,43025,-15.137684106826782,-11.009793758392334,0.21428571428571427
26765,0,0,43024,-15.137684106826782,-11.009793758392334,0.21428571428571427
26766,0,0,43023,-15.137684106826782,-11.009793758392334,0.21428571428571427
26767,0,0,43022,-15.137684106826782,-11.009793758392334,0.21428571428571427
26768,0,0,43021,-15.137684106826782,-11.009793758392334,0.21428571428571427
26769,0,0,43020,-15.137684106826782,-11.009793758392334,0.21428571428571427
26770,0,0,43019,-15.137684106826782,-11.009793758392334,0.21428571428571427
26771,0,0,43018,-15.137684106826782,-11.009793758392334,0.21428571428571427
26772,0,0,43017,-15.137684106826782,-11.009793758392334,0.21428571428571427
26773,0,0,43016,-15.137684106826782,-11.009793758392334,0.21428571428571427
26774,0,0,43037,-15.137684106826782,-11.009793758392334,0.21428571428571427
26775,0,0,43038,-15.137684106826782,-11.009793758392334,0.21428571428571427
26776,0,0,43039,-15.137684106826782,-11.009793758392334,0.21428571428571427
26777,0,0,43051,-15.137684106826782,-11.009793758392334,0.21428571428571427
26778,0,0,43060,-15.137684106826782,-11.009793758392334,0.21428571428571427
26779,0,0,43059,-15.137684106826782,-11.009793758392334,0.21428571428571427
26780,0,0,43058,-15.137684106826782,-11.009793758392334,0.21428571428571427
26781,0,0,43057,-15.137684106826782,-11.009793758392334,0.21428571428571427
26782,0,0,43056,-15.137684106826782,-11.009793758392334,0.21428571428571427
26783,0,0,43055,-15.137684106826782,-11.009793758392334,0.21428571428571427
26784,0,0,43054,-15.137684106826782,-11.009793758392334,0.21428571428571427
26785,0,0,43053,-15.137684106826782,-11.009793758392334,0.21428571428571427
26786,0,0,43052,-15.137684106826782,-11.009793758392334,0.21428571428571427
26787,0,0,43050,-15.137684106826782,-11.009793758392334,0.21428571428571427
26788,0,0,43040,-15.137684106826782,-11.009793758392334,0.21428571428571427
26789,0,0,43049,-15.137684106826782,-11.009793758392334,0.21428571428571427
26790,0,0,43048,-15.137684106826782,-11.009793758392334,0.21428571428571427
26791,0,0,43047,-15.137684106826782,-11.009793758392334,0.21428571428571427
26792,0,0,43046,-15.137684106826782,-11.009793758392334,0.21428571428571427
26793,0,0,43045,-15.137684106826782,-11.009793758392334,0.21428571428571427
26794,0,0,43044,-15.137684106826782,-11.009793758392334,0.21428571428571427
26795,0,0,43043,-15.137684106826782,-11.009793758392334,0.21428571428571427
26796,0,0,43042,-15.137684106826782,-11.009793758392334,0.21428571428571427
26797,0,0,43041,-15.137684106826782,-11.009793758392334,0.21428571428571427
26798,0,0,43015,-15.137684106826782,-11.009793758392334,0.21428571428571427
26799,0,0,43013,-15.137684106826782,-11.009793758392334,0.21428571428571427
26800,0,0,42966,-15.137684106826782,-11.009793758392334,0.21428571428571427
26801,0,0,43012,-15.137684106826782,-11.009793758392334,0.21428571428571427
26802,0,0,42987,-15.137684106826782,-11.009793758392334,0.21428571428571427
26803,0,0,42986,-15.137684106826782,-11.009793758392334,0.21428571428571427
26804,0,0,42985,-15.137684106826782,-11.009793758392334,0.21428571428571427
26805,0,0,42984,-15.137684106826782,-11.009793758392334,0.21428571428571427
26806,0,0,42983,-15.137684106826782,-11.009793758392334,0.21428571428571427
26807,0,0,42982,-15.137684106826782,-11.009793758392334,0.21428571428571427
26808,0,0,42981,-15.137684106826782,-11.009793758392334,0.21428571428571427
26809,0,0,42980,-15.137684106826782,-11.009793758392334,0.21428571428571427
26810,0,0,42979,-15.137684106826782,-11.009793758392334,0.21428571428571427
26811,0,0,42978,-15.137684106826782,-11.009793758392334,0.21428571428571427
26812,0,0,42977,-15.137684106826782,-11.009793758392334,0.21428571428571427
26813,0,0,42976,-15.137684106826782,-11.009793758392334,0.21428571428571427
26814,0,0,42975,-15.137684106826782,-11.009793758392334,0.21428571428571427
26815,0,0,42974,-15.137684106826782,-11.009793758392334,0.21428571428571427
26816,0,0,42973,-15.137684106826782,-11.009793758392334,0.21428571428571427
26817,0,0,42972,-15.137684106826782,-11.009793758392334,0.21428571428571427
26818,0,0,42971,-15.137684106826782,-11.009793758392334,0.21428571428571427
26819,0,0,42970,-15.137684106826782,-11.009793758392334,0.21428571428571427
26820,0,0,42969,-15.137684106826782,-11.009793758392334,0.21428571428571427
26821,0,0,42968,-15.137684106826782,-11.009793758392334,0.21428571428571427
26822,0,0,42967,-15.137684106826782,-11.009793758392334,0.21428571428571427
26823,0,0,42988,-15.137684106826782,-11.009793758392334,0.21428571428571427
26824,0,0,42989,-15.137684106826782,-11.009793758392334,0.21428571428571427
26825,0,0,42990,-15.137684106826782,-11.009793758392334,0.21428571428571427
26826,0,0,43002,-15.137684106826782,-11.009793758392334,0.21428571428571427
26827,0,0,43011,-15.137684106826782,-11.009793758392334,0.21428571428571427
26828,0,0,43010,-15.137684106826782,-11.009793758392334,0.21428571428571427
26829,0,0,43009,-15.137684106826782,-11.009793758392334,0.21428571428571427
26830,0,0,43008,-15.137684106826782,-11.009793758392334,0.21428571428571427
26831,0,0,43007,-15.137684106826782,-11.009793758392334,0.21428571428571427
26832,0,0,43006,-15.137684106826782,-11.009793758392334,0.21428571428571427
26833,0,0,43005,-15.137684106826782,-11.009793758392334,0.21428571428571427
26834,0,0,43004,-15.137684106826782,-11.009793758392334,0.21428571428571427
26835,0,0,43003,-15.137684106826782,-11.009793758392334,0.21428571428571427
26836,0,0,43001,-15.137684106826782,-11.009793758392334,0.21428571428571427
26837,0,0,42991,-15.137684106826782,-11.009793758392334,0.21428571428571427
26838,0,0,43000,-15.137684106826782,-11.009793758392334,0.21428571428571427
26839,0,0,42999,-15.137684106826782,-11.009793758392334,0.21428571428571427
26840,0,0,42998,-15.137684106826782,-11.009793758392334,0.21428571428571427
26841,0,0,42997,-15.137684106826782,-11.009793758392334,0.21428571428571427
26842,0,0,42996,-15.137684106826782,-11.009793758392334,0.21428571428571427
26843,0,0,42995,-15.137684106826782,-11.009793758392334,0.21428571428571427
26844,0,0,42994,-15.137684106826782,-11.009793758392334,0.21428571428571427
26845,0,0,42993,-15.137684106826782,-11.009793758392334,0.21428571428571427
26846,0,0,42992,-15.137684106826782,-11.009793758392334,0.21428571428571427
26847,0,0,43061,-15.137684106826782,-11.009793758392334,0.21428571428571427
26848,0,0,43014,-15.137684106826782,-11.009793758392334,0.21428571428571427
26849,0,0,43062,-15.137684106826782,-11.009793758392334,0.21428571428571427
26850,0,0,43112,-15.137684106826782,-11.009793758392334,0.21428571428571427
26851,0,0,43134,-15.137684106826782,-11.009793758392334,0.21428571428571427
26852,0,0,43133,-15.137684106826782,-11.009793758392334,0.21428571428571427
26853,0,0,43132,-15.137684106826782,-11.009793758392334,0.21428571428571427
26854,0,0,43131,-15.137684106826782,-11.009793758392334,0.21428571428571427
26855,0,0,43130,-15.137684106826782,-11.009793758392334,0.21428571428571427
26856,0,0,43129,-15.137684106826782,-11.009793758392334,0.21428571428571427
26857,0,0,43128,-15.137684106826782,-11.009793758392334,0.21428571428571427
26858,0,0,43127,-15.137684106826782,-11.009793758392334,0.21428571428571427
26859,0,0,43126,-15.137684106826782,-11.009793758392334,0.21428571428571427
26860,0,0,43125,-15.137684106826782,-11.009793758392334,0.21428571428571427
26861,0,0,43124,-15.137684106826782,-11.009793758392334,0.21428571428571427
26862,0,0,43123,-15.137684106826782,-11.009793758392334,0.21428571428571427
26863,0,0,43122,-15.137684106826782,-11.009793758392334,0.21428571428571427
26864,0,0,43121,-15.137684106826782,-11.009793758392334,0.21428571428571427
26865,0,0,43120,-15.137684106826782,-11.009793758392334,0.21428571428571427
26866,0,0,43119,-15.137684106826782,-11.009793758392334,0.21428571428571427
26867,0,0,43118,-15.137684106826782,-11.009793758392334,0.21428571428571427
26868,0,0,43117,-15.137684106826782,-11.009793758392334,0.21428571428571427
26869,0,0,43116,-15.137684106826782,-11.009793758392334,0.21428571428571427
26870,0,0,43115,-15.137684106826782,-11.009793758392334,0.21428571428571427
26871,0,0,43114,-15.137684106826782,-11.009793758392334,0.21428571428571427
26872,0,0,43135,-15.137684106826782,-11.009793758392334,0.21428571428571427
26873,0,0,43136,-15.137684106826782,-11.009793758392334,0.21428571428571427
26874,0,0,43137,-15.137684106826782,-11.009793758392334,0.21428571428571427
26875,0,0,43149,-15.137684106826782,-11.009793758392334,0.21428571428571427
26876,0,0,43158,-15.137684106826782,-11.009793758392334,0.21428571428571427
26877,0,0,43157,-15.137684106826782,-11.009793758392334,0.21428571428571427
26878,0,0,43156,-15.137684106826782,-11.009793758392334,0.21428571428571427
26879,0,0,43155,-15.137684106826782,-11.009793758392334,0.21428571428571427
26880,0,0,43154,-15.137684106826782,-11.009793758392334,0.21428571428571427
26881,0,0,43153,-15.137684106826782,-11.009793758392334,0.21428571428571427
26882,0,0,43152,-15.137684106826782,-11.009793758392334,0.21428571428571427
26883,0,0,43151,-15.137684106826782,-11.009793758392334,0.21428571428571427
26884,0,0,43150,-15.137684106826782,-11.009793758392334,0.21428571428571427
26885,0,0,43148,-15.137684106826782,-11.009793758392334,0.21428571428571427
26886,0,0,43138,-15.137684106826782,-11.009793758392334,0.21428571428571427
26887,0,0,43147,-15.137684106826782,-11.009793758392334,0.21428571428571427
26888,0,0,43146,-15.137684106826782,-11.009793758392334,0.21428571428571427
26889,0,0,43145,-15.137684106826782,-11.009793758392334,0.21428571428571427
26890,0,0,43144,-15.137684106826782,-11.009793758392334,0.21428571428571427
26891,0,0,43143,-15.137684106826782,-11.009793758392334,0.21428571428571427
26892,0,0,43142,-15.137684106826782,-11.009793758392334,0.21428571428571427
26893,0,0,43141,-15.137684106826782,-11.009793758392334,0.21428571428571427
26894,0,0,43140,-15.137684106826782,-11.009793758392334,0.21428571428571427
26895,0,0,43139,-15.137684106826782,-11.009793758392334,0.21428571428571427
26896,0,0,43113,-15.137684106826782,-11.009793758392334,0.21428571428571427
26897,0,0,43111,-15.137684106826782,-11.009793758392334,0.21428571428571427
26898,0,0,43064,-15.137684106826782,-11.009793758392334,0.21428571428571427
26899,0,0,43110,-15.137684106826782,-11.009793758392334,0.21428571428571427
26900,0,0,43085,-15.137684106826782,-11.009793758392334,0.21428571428571427
26901,0,0,43084,-15.137684106826782,-11.009793758392334,0.21428571428571427
26902,0,0,43083,-15.137684106826782,-11.009793758392334,0.21428571428571427
26903,0,0,43082,-15.137684106826782,-11.009793758392334,0.21428571428571427
26904,0,0,43081,-15.137684106826782,-11.009793758392334,0.21428571428571427
26905,0,0,43080,-15.137684106826782,-11.009793758392334,0.21428571428571427
26906,0,0,43079,-15.137684106826782,-11.009793758392334,0.21428571428571427
26907,0,0,43078,-15.137684106826782,-11.009793758392334,0.21428571428571427
26908,0,0,43077,-15.137684106826782,-11.009793758392334,0.21428571428571427
26909,0,0,43076,-15.137684106826782,-11.009793758392334,0.21428571428571427
26910,0,0,43075,-15.137684106826782,-11.009793758392334,0.21428571428571427
26911,0,0,43074,-15.137684106826782,-11.009793758392334,0.21428571428571427
26912,0,0,43073,-15.137684106826782,-11.009793758392334,0.21428571428571427
26913,0,0,43072,-15.137684106826782,-11.009793758392334,0.21428571428571427
26914,0,0,43071,-15.137684106826782,-11.009793758392334,0.21428571428571427
26915,0,0,43070,-15.137684106826782,-11.009793758392334,0.21428571428571427
26916,0,0,43069,-15.137684106826782,-11.009793758392334,0.21428571428571427
26917,0,0,43068,-15.137684106826782,-11.009793758392334,0.21428571428571427
26918,0,0,43067,-15.137684106826782,-11.009793758392334,0.21428571428571427
26919,0,0,43066,-15.137684106826782,-11.009793758392334,0.21428571428571427
26920,0,0,43065,-15.137684106826782,-11.009793758392334,0.21428571428571427
26921,0,0,43086,-15.137684106826782,-11.009793758392334,0.21428571428571427
26922,0,0,43087,-15.137684106826782,-11.009793758392334,0.21428571428571427
26923,0,0,43088,-15.137684106826782,-11.009793758392334,0.21428571428571427
26924,0,0,43100,-15.137684106826782,-11.009793758392334,0.21428571428571427
26925,0,0,43109,-15.137684106826782,-11.009793758392334,0.21428571428571427
26926,0,0,43108,-15.137684106826782,-11.009793758392334,0.21428571428571427
26927,0,0,43107,-15.137684106826782,-11.009793758392334,0.21428571428571427
26928,0,0,43106,-15.137684106826782,-11.009793758392334,0.21428571428571427
26929,0,0,43105,-15.137684106826782,-11.009793758392334,0.21428571428571427
26930,0,0,43104,-15.137684106826782,-11.009793758392334,0.21428571428571427
26931,0,0,43103,-15.137684106826782,-11.009793758392334,0.21428571428571427
26932,0,0,43102,-15.137684106826782,-11.009793758392334,0.21428571428571427
26933,0,0,43101,-15.137684106826782,-11.009793758392334,0.21428571428571427
26934,0,0,43099,-15.137684106826782,-11.009793758392334,0.21428571428571427
26935,0,0,43089,-15.137684106826782,-11.009793758392334,0.21428571428571427
26936,0,0,43098,-15.137684106826782,-11.009793758392334,0.21428571428571427
26937,0,0,43097,-15.137684106826782,-11.009793758392334,0.21428571428571427
26938,0,0,43096,-15.137684106826782,-11.009793758392334,0.21428571428571427
26939,0,0,43095,-15.137684106826782,-11.009793758392334,0.21428571428571427
26940,0,0,43094,-15.137684106826782,-11.009793758392334,0.21428571428571427
26941,0,0,43093,-15.137684106826782,-11.009793758392334,0.21428571428571427
26942,0,0,43092,-15.137684106826782,-11.009793758392334,0.21428571428571427
26943,0,0,43091,-15.137684106826782,-11.009793758392334,0.21428571428571427
26944,0,0,43090,-15.137684106826782,-11.009793758392334,0.21428571428571427
26945,0,0,43354,-15.137684106826782,-11.009793758392334,0.21428571428571427
26946,0,0,43355,-15.137684106826782,-11.009793758392334,0.21428571428571427
26947,0,0,43356,-15.137684106826782,-11.009793758392334,0.21428571428571427
26948,0,0,43551,-15.137684106826782,-11.009793758392334,0.21428571428571427
26949,0,0,43622,-15.137684106826782,-11.009793758392334,0.21428571428571427
26950,0,0,43621,-15.137684106826782,-11.009793758392334,0.21428571428571427
26951,0,0,43620,-15.137684106826782,-11.009793758392334,0.21428571428571427
26952,0,0,43619,-15.137684106826782,-11.009793758392334,0.21428571428571427
26953,0,0,43618,-15.137684106826782,-11.009793758392334,0.21428571428571427
26954,0,0,43617,-15.137684106826782,-11.009793758392334,0.21428571428571427
26955,0,0,43616,-15.137684106826782,-11.009793758392334,0.21428571428571427
26956,0,0,43615,-15.137684106826782,-11.009793758392334,0.21428571428571427
26957,0,0,43614,-15.137684106826782,-11.009793758392334,0.21428571428571427
26958,0,0,43613,-15.137684106826782,-11.009793758392334,0.21428571428571427
26959,0,0,43612,-15.137684106826782,-11.009793758392334,0.21428571428571427
26960,0,0,43611,-15.137684106826782,-11.009793758392334,0.21428571428571427
26961,0,0,43610,-15.137684106826782,-11.009793758392334,0.21428571428571427
26962,0,0,43609,-15.137684106826782,-11.009793758392334,0.21428571428571427
26963,0,0,43608,-15.137684106826782,-11.009793758392334,0.21428571428571427
26964,0,0,43607,-15.137684106826782,-11.009793758392334,0.21428571428571427
26965,0,0,43606,-15.137684106826782,-11.009793758392334,0.21428571428571427
26966,0,0,43605,-15.137684106826782,-11.009793758392334,0.21428571428571427
26967,0,0,43604,-15.137684106826782,-11.009793758392334,0.21428571428571427
26968,0,0,43603,-15.137684106826782,-11.009793758392334,0.21428571428571427
26969,0,0,43602,-15.137684106826782,-11.009793758392334,0.21428571428571427
26970,0,0,43623,-15.137684106826782,-11.009793758392334,0.21428571428571427
26971,0,0,43624,-15.137684106826782,-11.009793758392334,0.21428571428571427
26972,0,0,43625,-15.137684106826782,-11.009793758392334,0.21428571428571427
26973,0,0,43637,-15.137684106826782,-11.009793758392334,0.21428571428571427
26974,0,0,43646,-15.137684106826782,-11.009793758392334,0.21428571428571427
26975,0,0,43645,-15.137684106826782,-11.009793758392334,0.21428571428571427
26976,0,0,43644,-15.137684106826782,-11.009793758392334,0.21428571428571427
26977,0,0,43643,-15.137684106826782,-11.009793758392334,0.21428571428571427
26978,0,0,43642,-15.137684106826782,-11.009793758392334,0.21428571428571427
26979,0,0,43641,-15.137684106826782,-11.009793758392334,0.21428571428571427
26980,0,0,43640,-15.137684106826782,-11.009793758392334,0.21428571428571427
26981,0,0,43639,-15.137684106826782,-11.009793758392334,0.21428571428571427
26982,0,0,43638,-15.137684106826782,-11.009793758392334,0.21428571428571427
26983,0,0,43636,-15.137684106826782,-11.009793758392334,0.21428571428571427
26984,0,0,43626,-15.137684106826782,-11.009793758392334,0.21428571428571427
26985,0,0,43635,-15.137684106826782,-11.009793758392334,0.21428571428571427
26986,0,0,43634,-15.137684106826782,-11.009793758392334,0.21428571428571427
26987,0,0,43633,-15.137684106826782,-11.009793758392334,0.21428571428571427
26988,0,0,43632,-15.137684106826782,-11.009793758392334,0.21428571428571427
26989,0,0,43631,-15.137684106826782,-11.009793758392334,0.21428571428571427
26990,0,0,43630,-15.137684106826782,-11.009793758392334,0.21428571428571427
26991,0,0,43629,-15.137684106826782,-11.009793758392334,0.21428571428571427
26992,0,0,43628,-15.137684106826782,-11.009793758392334,0.21428571428571427
26993,0,0,43627,-15.137684106826782,-11.009793758392334,0.21428571428571427
26994,0,0,43601,-15.137684106826782,-11.009793758392334,0.21428571428571427
26995,0,0,43599,-15.137684106826782,-11.009793758392334,0.21428571428571427
26996,0,0,43552,-15.137684106826782,-11.009793758392334,0.21428571428571427
26997,0,0,43598,-15.137684106826782,-11.009793758392334,0.21428571428571427
26998,0,0,43573,-15.137684106826782,-11.009793758392334,0.21428571428571427
26999,0,0,43572,-15.137684106826782,-11.009793758392334,0.21428571428571427
27000,0,0,43571,-15.137684106826782,-11.009793758392334,0.21428571428571427
27001,0,0,43570,-15.137684106826782,-11.009793758392334,0.21428571428571427
27002,0,0,43569,-15.137684106826782,-11.009793758392334,0.21428571428571427
27003,0,0,43568,-15.137684106826782,-11.009793758392334,0.21428571428571427
27004,0,0,43567,-15.137684106826782,-11.009793758392334,0.21428571428571427
27005,0,0,43566,-15.137684106826782,-11.009793758392334,0.21428571428571427
27006,0,0,43565,-15.137684106826782,-11.009793758392334,0.21428571428571427
27007,0,0,43564,-15.137684106826782,-11.009793758392334,0.21428571428571427
27008,0,0,43563,-15.137684106826782,-11.009793758392334,0.21428571428571427
27009,0,0,43562,-15.137684106826782,-11.009793758392334,0.21428571428571427
27010,0,0,43561,-15.137684106826782,-11.009793758392334,0.21428571428571427
27011,0,0,43560,-15.137684106826782,-11.009793758392334,0.21428571428571427
27012,0,0,43559,-15.137684106826782,-11.009793758392334,0.21428571428571427
27013,0,0,43558,-15.137684106826782,-11.009793758392334,0.21428571428571427
27014,0,0,43557,-15.137684106826782,-11.009793758392334,0.21428571428571427
27015,0,0,43556,-15.137684106826782,-11.009793758392334,0.21428571428571427
27016,0,0,43555,-15.137684106826782,-11.009793758392334,0.21428571428571427
27017,0,0,43554,-15.137684106826782,-11.009793758392334,0.21428571428571427
27018,0,0,43553,-15.137684106826782,-11.009793758392334,0.21428571428571427
27019,0,0,43574,-15.137684106826782,-11.009793758392334,0.21428571428571427
27020,0,0,43575,-15.137684106826782,-11.009793758392334,0.21428571428571427
27021,0,0,43576,-15.137684106826782,-11.009793758392334,0.21428571428571427
27022,0,0,43588,-15.137684106826782,-11.009793758392334,0.21428571428571427
27023,0,0,43597,-15.137684106826782,-11.009793758392334,0.21428571428571427
27024,0,0,43596,-15.137684106826782,-11.009793758392334,0.21428571428571427
27025,0,0,43595,-15.137684106826782,-11.009793758392334,0.21428571428571427
27026,0,0,43594,-15.137684106826782,-11.009793758392334,0.21428571428571427
27027,0,0,43593,-15.137684106826782,-11.009793758392334,0.21428571428571427
27028,0,0,43592,-15.137684106826782,-11.009793758392334,0.21428571428571427
27029,0,0,43591,-15.137684106826782,-11.009793758392334,0.21428571428571427
27030,0,0,43590,-15.137684106826782,-11.009793758392334,0.21428571428571427
27031,0,0,43589,-15.137684106826782,-11.009793758392334,0.21428571428571427
27032,0,0,43587,-15.137684106826782,-11.009793758392334,0.21428571428571427
27033,0,0,43577,-15.137684106826782,-11.009793758392334,0.21428571428571427
27034,0,0,43586,-15.137684106826782,-11.009793758392334,0.21428571428571427
27035,0,0,43585,-15.137684106826782,-11.009793758392334,0.21428571428571427
27036,0,0,43584,-15.137684106826782,-11.009793758392334,0.21428571428571427
27037,0,0,43583,-15.137684106826782,-11.009793758392334,0.21428571428571427
27038,0,0,43582,-15.137684106826782,-11.009793758392334,0.21428571428571427
27039,0,0,43581,-15.137684106826782,-11.009793758392334,0.21428571428571427
27040,0,0,43580,-15.137684106826782,-11.009793758392334,0.21428571428571427
27041,0,0,43579,-15.137684106826782,-11.009793758392334,0.21428571428571427
27042,0,0,43578,-15.137684106826782,-11.009793758392334,0.21428571428571427
27043,0,0,43647,-15.137684106826782,-11.009793758392334,0.21428571428571427
27044,0,0,43648,-15.137684106826782,-11.009793758392334,0.21428571428571427
27045,0,0,43649,-15.137684106826782,-11.009793758392334,0.21428571428571427
27046,0,0,43650,-15.137684106826782,-11.009793758392334,0.21428571428571427
27047,0,0,43719,-15.137684106826782,-11.009793758392334,0.21428571428571427
27048,0,0,43718,-15.137684106826782,-11.009793758392334,0.21428571428571427
27049,0,0,43717,-15.137684106826782,-11.009793758392334,0.21428571428571427
27050,0,0,43716,-15.137684106826782,-11.009793758392334,0.21428571428571427
27051,0,0,43715,-15.137684106826782,-11.009793758392334,0.21428571428571427
27052,0,0,43714,-15.137684106826782,-11.009793758392334,0.21428571428571427
27053,0,0,43713,-15.137684106826782,-11.009793758392334,0.21428571428571427
27054,0,0,43712,-15.137684106826782,-11.009793758392334,0.21428571428571427
27055,0,0,43711,-15.137684106826782,-11.009793758392334,0.21428571428571427
27056,0,0,43709,-15.137684106826782,-11.009793758392334,0.21428571428571427
27057,0,0,43699,-15.137684106826782,-11.009793758392334,0.21428571428571427
27058,0,0,43708,-15.137684106826782,-11.009793758392334,0.21428571428571427
27059,0,0,43707,-15.137684106826782,-11.009793758392334,0.21428571428571427
27060,0,0,43706,-15.137684106826782,-11.009793758392334,0.21428571428571427
27061,0,0,43705,-15.137684106826782,-11.009793758392334,0.21428571428571427
27062,0,0,43704,-15.137684106826782,-11.009793758392334,0.21428571428571427
27063,0,0,43703,-15.137684106826782,-11.009793758392334,0.21428571428571427
27064,0,0,43702,-15.137684106826782,-11.009793758392334,0.21428571428571427
27065,0,0,43701,-15.137684106826782,-11.009793758392334,0.21428571428571427
27066,0,0,43700,-15.137684106826782,-11.009793758392334,0.21428571428571427
27067,0,0,43720,-15.137684106826782,-11.009793758392334,0.21428571428571427
27068,0,0,43710,-15.137684106826782,-11.009793758392334,0.21428571428571427
27069,0,0,43721,-15.137684106826782,-11.009793758392334,0.21428571428571427
27070,0,0,43734,-15.137684106826782,-11.009793758392334,0.21428571428571427
27071,0,0,43743,-15.137684106826782,-11.009793758392334,0.21428571428571427
27072,0,0,43742,-15.137684106826782,-11.009793758392334,0.21428571428571427
27073,0,0,43741,-15.137684106826782,-11.009793758392334,0.21428571428571427
27074,0,0,43740,-15.137684106826782,-11.009793758392334,0.21428571428571427
27075,0,0,43739,-15.137684106826782,-11.009793758392334,0.21428571428571427
27076,0,0,43738,-15.137684106826782,-11.009793758392334,0.21428571428571427
27077,0,0,43737,-15.137684106826782,-11.009793758392334,0.21428571428571427
27078,0,0,43736,-15.137684106826782,-11.009793758392334,0.21428571428571427
27079,0,0,43735,-15.137684106826782,-11.009793758392334,0.21428571428571427
27080,0,0,43733,-15.137684106826782,-11.009793758392334,0.21428571428571427
27081,0,0,43723,-15.137684106826782,-11.009793758392334,0.21428571428571427
27082,0,0,43732,-15.137684106826782,-11.009793758392334,0.21428571428571427
27083,0,0,43731,-15.137684106826782,-11.009793758392334,0.21428571428571427
27084,0,0,43730,-15.137684106826782,-11.009793758392334,0.21428571428571427
27085,0,0,43729,-15.137684106826782,-11.009793758392334,0.21428571428571427
27086,0,0,43728,-15.137684106826782,-11.009793758392334,0.21428571428571427
27087,0,0,43727,-15.137684106826782,-11.009793758392334,0.21428571428571427
27088,0,0,43726,-15.137684106826782,-11.009793758392334,0.21428571428571427
27089,0,0,43725,-15.137684106826782,-11.009793758392334,0.21428571428571427
27090,0,0,43724,-15.137684106826782,-11.009793758392334,0.21428571428571427
27091,0,0,43722,-15.137684106826782,-11.009793758392334,0.21428571428571427
27092,0,0,43698,-15.137684106826782,-11.009793758392334,0.21428571428571427
27093,0,0,43697,-15.137684106826782,-11.009793758392334,0.21428571428571427
27094,0,0,43696,-15.137684106826782,-11.009793758392334,0.21428571428571427
27095,0,0,43671,-15.137684106826782,-11.009793758392334,0.21428571428571427
27096,0,0,43670,-15.137684106826782,-11.009793758392334,0.21428571428571427
27097,0,0,43669,-15.137684106826782,-11.009793758392334,0.21428571428571427
27098,0,0,43668,-15.137684106826782,-11.009793758392334,0.21428571428571427
27099,0,0,43667,-15.137684106826782,-11.009793758392334,0.21428571428571427
27100,0,0,43666,-15.137684106826782,-11.009793758392334,0.21428571428571427
27101,0,0,43665,-15.137684106826782,-11.009793758392334,0.21428571428571427
27102,0,0,43664,-15.137684106826782,-11.009793758392334,0.21428571428571427
27103,0,0,43663,-15.137684106826782,-11.009793758392334,0.21428571428571427
27104,0,0,43662,-15.137684106826782,-11.009793758392334,0.21428571428571427
27105,0,0,43661,-15.137684106826782,-11.009793758392334,0.21428571428571427
27106,0,0,43660,-15.137684106826782,-11.009793758392334,0.21428571428571427
27107,0,0,43659,-15.137684106826782,-11.009793758392334,0.21428571428571427
27108,0,0,43658,-15.137684106826782,-11.009793758392334,0.21428571428571427
27109,0,0,43657,-15.137684106826782,-11.009793758392334,0.21428571428571427
27110,0,0,43656,-15.137684106826782,-11.009793758392334,0.21428571428571427
27111,0,0,43655,-15.137684106826782,-11.009793758392334,0.21428571428571427
27112,0,0,43654,-15.137684106826782,-11.009793758392334,0.21428571428571427
27113,0,0,43653,-15.137684106826782,-11.009793758392334,0.21428571428571427
27114,0,0,43652,-15.137684106826782,-11.009793758392334,0.21428571428571427
27115,0,0,43651,-15.137684106826782,-11.009793758392334,0.21428571428571427
27116,0,0,43672,-15.137684106826782,-11.009793758392334,0.21428571428571427
27117,0,0,43673,-15.137684106826782,-11.009793758392334,0.21428571428571427
27118,0,0,43674,-15.137684106826782,-11.009793758392334,0.21428571428571427
27119,0,0,43686,-15.137684106826782,-11.009793758392334,0.21428571428571427
27120,0,0,43695,-15.137684106826782,-11.009793758392334,0.21428571428571427
27121,0,0,43694,-15.137684106826782,-11.009793758392334,0.21428571428571427
27122,0,0,43693,-15.137684106826782,-11.009793758392334,0.21428571428571427
27123,0,0,43692,-15.137684106826782,-11.009793758392334,0.21428571428571427
27124,0,0,43691,-15.137684106826782,-11.009793758392334,0.21428571428571427
27125,0,0,43690,-15.137684106826782,-11.009793758392334,0.21428571428571427
27126,0,0,43689,-15.137684106826782,-11.009793758392334,0.21428571428571427
27127,0,0,43688,-15.137684106826782,-11.009793758392334,0.21428571428571427
27128,0,0,43687,-15.137684106826782,-11.009793758392334,0.21428571428571427
27129,0,0,43685,-15.137684106826782,-11.009793758392334,0.21428571428571427
27130,0,0,43675,-15.137684106826782,-11.009793758392334,0.21428571428571427
27131,0,0,43684,-15.137684106826782,-11.009793758392334,0.21428571428571427
27132,0,0,43683,-15.137684106826782,-11.009793758392334,0.21428571428571427
27133,0,0,43682,-15.137684106826782,-11.009793758392334,0.21428571428571427
27134,0,0,43681,-15.137684106826782,-11.009793758392334,0.21428571428571427
27135,0,0,43680,-15.137684106826782,-11.009793758392334,0.21428571428571427
27136,0,0,43679,-15.137684106826782,-11.009793758392334,0.21428571428571427
27137,0,0,43678,-15.137684106826782,-11.009793758392334,0.21428571428571427
27138,0,0,43677,-15.137684106826782,-11.009793758392334,0.21428571428571427
27139,0,0,43676,-15.137684106826782,-11.009793758392334,0.21428571428571427
27140,0,0,43600,-15.137684106826782,-11.009793758392334,0.21428571428571427
27141,0,0,43550,-15.137684106826782,-11.009793758392334,0.21428571428571427
27142,0,0,43405,-15.137684106826782,-11.009793758392334,0.21428571428571427
27143,0,0,43549,-15.137684106826782,-11.009793758392334,0.21428571428571427
27144,0,0,43427,-15.137684106826782,-11.009793758392334,0.21428571428571427
27145,0,0,43426,-15.137684106826782,-11.009793758392334,0.21428571428571427
27146,0,0,43425,-15.137684106826782,-11.009793758392334,0.21428571428571427
27147,0,0,43424,-15.137684106826782,-11.009793758392334,0.21428571428571427
27148,0,0,43423,-15.137684106826782,-11.009793758392334,0.21428571428571427
27149,0,0,43422,-15.137684106826782,-11.009793758392334,0.21428571428571427
27150,0,0,43421,-15.137684106826782,-11.009793758392334,0.21428571428571427
27151,0,0,43420,-15.137684106826782,-11.009793758392334,0.21428571428571427
27152,0,0,43419,-15.137684106826782,-11.009793758392334,0.21428571428571427
27153,0,0,43418,-15.137684106826782,-11.009793758392334,0.21428571428571427
27154,0,0,43417,-15.137684106826782,-11.009793758392334,0.21428571428571427
27155,0,0,43416,-15.137684106826782,-11.009793758392334,0.21428571428571427
27156,0,0,43415,-15.137684106826782,-11.009793758392334,0.21428571428571427
27157,0,0,43414,-15.137684106826782,-11.009793758392334,0.21428571428571427
27158,0,0,43413,-15.137684106826782,-11.009793758392334,0.21428571428571427
27159,0,0,43412,-15.137684106826782,-11.009793758392334,0.21428571428571427
27160,0,0,43411,-15.137684106826782,-11.009793758392334,0.21428571428571427
27161,0,0,43410,-15.137684106826782,-11.009793758392334,0.21428571428571427
27162,0,0,43409,-15.137684106826782,-11.009793758392334,0.21428571428571427
27163,0,0,43408,-15.137684106826782,-11.009793758392334,0.21428571428571427
27164,0,0,43407,-15.137684106826782,-11.009793758392334,0.21428571428571427
27165,0,0,43428,-15.137684106826782,-11.009793758392334,0.21428571428571427
27166,0,0,43429,-15.137684106826782,-11.009793758392334,0.21428571428571427
27167,0,0,43430,-15.137684106826782,-11.009793758392334,0.21428571428571427
27168,0,0,43442,-15.137684106826782,-11.009793758392334,0.21428571428571427
27169,0,0,43451,-15.137684106826782,-11.009793758392334,0.21428571428571427
27170,0,0,43450,-15.137684106826782,-11.009793758392334,0.21428571428571427
27171,0,0,43449,-15.137684106826782,-11.009793758392334,0.21428571428571427
27172,0,0,43448,-15.137684106826782,-11.009793758392334,0.21428571428571427
27173,0,0,43447,-15.137684106826782,-11.009793758392334,0.21428571428571427
27174,0,0,43446,-15.137684106826782,-11.009793758392334,0.21428571428571427
27175,0,0,43445,-15.137684106826782,-11.009793758392334,0.21428571428571427
27176,0,0,43444,-15.137684106826782,-11.009793758392334,0.21428571428571427
27177,0,0,43443,-15.137684106826782,-11.009793758392334,0.21428571428571427
27178,0,0,43441,-15.137684106826782,-11.009793758392334,0.21428571428571427
27179,0,0,43431,-15.137684106826782,-11.009793758392334,0.21428571428571427
27180,0,0,43440,-15.137684106826782,-11.009793758392334,0.21428571428571427
27181,0,0,43439,-15.137684106826782,-11.009793758392334,0.21428571428571427
27182,0,0,43438,-15.137684106826782,-11.009793758392334,0.21428571428571427
27183,0,0,43437,-15.137684106826782,-11.009793758392334,0.21428571428571427
27184,0,0,43436,-15.137684106826782,-11.009793758392334,0.21428571428571427
27185,0,0,43435,-15.137684106826782,-11.009793758392334,0.21428571428571427
27186,0,0,43434,-15.137684106826782,-11.009793758392334,0.21428571428571427
27187,0,0,43433,-15.137684106826782,-11.009793758392334,0.21428571428571427
27188,0,0,43432,-15.137684106826782,-11.009793758392334,0.21428571428571427
27189,0,0,43406,-15.137684106826782,-11.009793758392334,0.21428571428571427
27190,0,0,43404,-15.137684106826782,-11.009793758392334,0.21428571428571427
27191,0,0,43357,-15.137684106826782,-11.009793758392334,0.21428571428571427
27192,0,0,43403,-15.137684106826782,-11.009793758392334,0.21428571428571427
27193,0,0,43378,-15.137684106826782,-11.009793758392334,0.21428571428571427
27194,0,0,43377,-15.137684106826782,-11.009793758392334,0.21428571428571427
27195,0,0,43376,-15.137684106826782,-11.009793758392334,0.21428571428571427
27196,0,0,43375,-15.137684106826782,-11.009793758392334,0.21428571428571427
27197,0,0,43374,-15.137684106826782,-11.009793758392334,0.21428571428571427
27198,0,0,43373,-15.137684106826782,-11.009793758392334,0.21428571428571427
27199,0,0,43372,-15.137684106826782,-11.009793758392334,0.21428571428571427
27200,0,0,43371,-15.137684106826782,-11.009793758392334,0.21428571428571427
27201,0,0,43370,-15.137684106826782,-11.009793758392334,0.21428571428571427
27202,0,0,43369,-15.137684106826782,-11.009793758392334,0.21428571428571427
27203,0,0,43368,-15.137684106826782,-11.009793758392334,0.21428571428571427
27204,0,0,43367,-15.137684106826782,-11.009793758392334,0.21428571428571427
27205,0,0,43366,-15.137684106826782,-11.009793758392334,0.21428571428571427
27206,0,0,43365,-15.137684106826782,-11.009793758392334,0.21428571428571427
27207,0,0,43364,-15.137684106826782,-11.009793758392334,0.21428571428571427
27208,0,0,43363,-15.137684106826782,-11.009793758392334,0.21428571428571427
27209,0,0,43362,-15.137684106826782,-11.009793758392334,0.21428571428571427
27210,0,0,43361,-15.137684106826782,-11.009793758392334,0.21428571428571427
27211,0,0,43360,-15.137684106826782,-11.009793758392334,0.21428571428571427
27212,0,0,43359,-15.137684106826782,-11.009793758392334,0.21428571428571427
27213,0,0,43358,-15.137684106826782,-11.009793758392334,0.21428571428571427
27214,0,0,43379,-15.137684106826782,-11.009793758392334,0.21428571428571427
27215,0,0,43380,-15.137684106826782,-11.009793758392334,0.21428571428571427
27216,0,0,43381,-15.137684106826782,-11.009793758392334,0.21428571428571427
27217,0,0,43393,-15.137684106826782,-11.009793758392334,0.21428571428571427
27218,0,0,43402,-15.137684106826782,-11.009793758392334,0.21428571428571427
27219,0,0,43401,-15.137684106826782,-11.009793758392334,0.21428571428571427
27220,0,0,43400,-15.137684106826782,-11.009793758392334,0.21428571428571427
27221,0,0,43399,-15.137684106826782,-11.009793758392334,0.21428571428571427
27222,0,0,43398,-15.137684106826782,-11.009793758392334,0.21428571428571427
27223,0,0,43397,-15.137684106826782,-11.009793758392334,0.21428571428571427
27224,0,0,43396,-15.137684106826782,-11.009793758392334,0.21428571428571427
27225,0,0,43395,-15.137684106826782,-11.009793758392334,0.21428571428571427
27226,0,0,43394,-15.137684106826782,-11.009793758392334,0.21428571428571427
27227,0,0,43392,-15.137684106826782,-11.009793758392334,0.21428571428571427
27228,0,0,43382,-15.137684106826782,-11.009793758392334,0.21428571428571427
27229,0,0,43391,-15.137684106826782,-11.009793758392334,0.21428571428571427
27230,0,0,43390,-15.137684106826782,-11.009793758392334,0.21428571428571427
27231,0,0,43389,-15.137684106826782,-11.009793758392334,0.21428571428571427
27232,0,0,43388,-15.137684106826782,-11.009793758392334,0.21428571428571427
27233,0,0,43387,-15.137684106826782,-11.009793758392334,0.21428571428571427
27234,0,0,43386,-15.137684106826782,-11.009793758392334,0.21428571428571427
27235,0,0,43385,-15.137684106826782,-11.009793758392334,0.21428571428571427
27236,0,0,43384,-15.137684106826782,-11.009793758392334,0.21428571428571427
27237,0,0,43383,-15.137684106826782,-11.009793758392334,0.21428571428571427
27238,0,0,43452,-15.137684106826782,-11.009793758392334,0.21428571428571427
27239,0,0,43453,-15.137684106826782,-11.009793758392334,0.21428571428571427
27240,0,0,43454,-15.137684106826782,-11.009793758392334,0.21428571428571427
27241,0,0,43455,-15.137684106826782,-11.009793758392334,0.21428571428571427
27242,0,0,43524,-15.137684106826782,-11.009793758392334,0.21428571428571427
27243,0,0,43523,-15.137684106826782,-11.009793758392334,0.21428571428571427
27244,0,0,43522,-15.137684106826782,-11.009793758392334,0.21428571428571427
27245,0,0,43521,-15.137684106826782,-11.009793758392334,0.21428571428571427
27246,0,0,43520,-15.137684106826782,-11.009793758392334,0.21428571428571427
27247,0,0,43519,-15.137684106826782,-11.009793758392334,0.21428571428571427
27248,0,0,43518,-15.137684106826782,-11.009793758392334,0.21428571428571427
27249,0,0,43517,-15.137684106826782,-11.009793758392334,0.21428571428571427
27250,0,0,43516,-15.137684106826782,-11.009793758392334,0.21428571428571427
27251,0,0,43514,-15.137684106826782,-11.009793758392334,0.21428571428571427
27252,0,0,43504,-15.137684106826782,-11.009793758392334,0.21428571428571427
27253,0,0,43513,-15.137684106826782,-11.009793758392334,0.21428571428571427
27254,0,0,43512,-15.137684106826782,-11.009793758392334,0.21428571428571427
27255,0,0,43511,-15.137684106826782,-11.009793758392334,0.21428571428571427
27256,0,0,43510,-15.137684106826782,-11.009793758392334,0.21428571428571427
27257,0,0,43509,-15.137684106826782,-11.009793758392334,0.21428571428571427
27258,0,0,43508,-15.137684106826782,-11.009793758392334,0.21428571428571427
27259,0,0,43507,-15.137684106826782,-11.009793758392334,0.21428571428571427
27260,0,0,43506,-15.137684106826782,-11.009793758392334,0.21428571428571427
27261,0,0,43505,-15.137684106826782,-11.009793758392334,0.21428571428571427
27262,0,0,43525,-15.137684106826782,-11.009793758392334,0.21428571428571427
27263,0,0,43515,-15.137684106826782,-11.009793758392334,0.21428571428571427
27264,0,0,43526,-15.137684106826782,-11.009793758392334,0.21428571428571427
27265,0,0,43539,-15.137684106826782,-11.009793758392334,0.21428571428571427
27266,0,0,43548,-15.137684106826782,-11.009793758392334,0.21428571428571427
27267,0,0,43547,-15.137684106826782,-11.009793758392334,0.21428571428571427
27268,0,0,43546,-15.137684106826782,-11.009793758392334,0.21428571428571427
27269,0,0,43545,-15.137684106826782,-11.009793758392334,0.21428571428571427
27270,0,0,43544,-15.137684106826782,-11.009793758392334,0.21428571428571427
27271,0,0,43543,-15.137684106826782,-11.009793758392334,0.21428571428571427
27272,0,0,43542,-15.137684106826782,-11.009793758392334,0.21428571428571427
27273,0,0,43541,-15.137684106826782,-11.009793758392334,0.21428571428571427
27274,0,0,43540,-15.137684106826782,-11.009793758392334,0.21428571428571427
27275,0,0,43538,-15.137684106826782,-11.009793758392334,0.21428571428571427
27276,0,0,43528,-15.137684106826782,-11.009793758392334,0.21428571428571427
27277,0,0,43537,-15.137684106826782,-11.009793758392334,0.21428571428571427
27278,0,0,43536,-15.137684106826782,-11.009793758392334,0.21428571428571427
27279,0,0,43535,-15.137684106826782,-11.009793758392334,0.21428571428571427
27280,0,0,43534,-15.137684106826782,-11.009793758392334,0.21428571428571427
27281,0,0,43533,-15.137684106826782,-11.009793758392334,0.21428571428571427
27282,0,0,43532,-15.137684106826782,-11.009793758392334,0.21428571428571427
27283,0,0,43531,-15.137684106826782,-11.009793758392334,0.21428571428571427
27284,0,0,43530,-15.137684106826782,-11.009793758392334,0.21428571428571427
27285,0,0,43529,-15.137684106826782,-11.009793758392334,0.21428571428571427
27286,0,0,43527,-15.137684106826782,-11.009793758392334,0.21428571428571427
27287,0,0,43503,-15.137684106826782,-11.009793758392334,0.21428571428571427
27288,0,0,43502,-15.137684106826782,-11.009793758392334,0.21428571428571427
27289,0,0,43501,-15.137684106826782,-11.009793758392334,0.21428571428571427
27290,0,0,43476,-15.137684106826782,-11.009793758392334,0.21428571428571427
27291,0,0,43475,-15.137684106826782,-11.009793758392334,0.21428571428571427
27292,0,0,43474,-15.137684106826782,-11.009793758392334,0.21428571428571427
27293,0,0,43473,-15.137684106826782,-11.009793758392334,0.21428571428571427
27294,0,0,43472,-15.137684106826782,-11.009793758392334,0.21428571428571427
27295,0,0,43471,-15.137684106826782,-11.009793758392334,0.21428571428571427
27296,0,0,43470,-15.137684106826782,-11.009793758392334,0.21428571428571427
27297,0,0,43469,-15.137684106826782,-11.009793758392334,0.21428571428571427
27298,0,0,43468,-15.137684106826782,-11.009793758392334,0.21428571428571427
27299,0,0,43467,-15.137684106826782,-11.009793758392334,0.21428571428571427
27300,0,0,43466,-15.137684106826782,-11.009793758392334,0.21428571428571427
27301,0,0,43465,-15.137684106826782,-11.009793758392334,0.21428571428571427
27302,0,0,43464,-15.137684106826782,-11.009793758392334,0.21428571428571427
27303,0,0,43463,-15.137684106826782,-11.009793758392334,0.21428571428571427
27304,0,0,43462,-15.137684106826782,-11.009793758392334,0.21428571428571427
27305,0,0,43461,-15.137684106826782,-11.009793758392334,0.21428571428571427
27306,0,0,43460,-15.137684106826782,-11.009793758392334,0.21428571428571427
27307,0,0,43459,-15.137684106826782,-11.009793758392334,0.21428571428571427
27308,0,0,43458,-15.137684106826782,-11.009793758392334,0.21428571428571427
27309,0,0,43457,-15.137684106826782,-11.009793758392334,0.21428571428571427
27310,0,0,43456,-15.137684106826782,-11.009793758392334,0.21428571428571427
27311,0,0,43477,-15.137684106826782,-11.009793758392334,0.21428571428571427
27312,0,0,43478,-15.137684106826782,-11.009793758392334,0.21428571428571427
27313,0,0,43479,-15.137684106826782,-11.009793758392334,0.21428571428571427
27314,0,0,43491,-15.137684106826782,-11.009793758392334,0.21428571428571427
27315,0,0,43500,-15.137684106826782,-11.009793758392334,0.21428571428571427
27316,0,0,43499,-15.137684106826782,-11.009793758392334,0.21428571428571427
27317,0,0,43498,-15.137684106826782,-11.009793758392334,0.21428571428571427
27318,0,0,43497,-15.137684106826782,-11.009793758392334,0.21428571428571427
27319,0,0,43496,-15.137684106826782,-11.009793758392334,0.21428571428571427
27320,0,0,43495,-15.137684106826782,-11.009793758392334,0.21428571428571427
27321,0,0,43494,-15.137684106826782,-11.009793758392334,0.21428571428571427
27322,0,0,43493,-15.137684106826782,-11.009793758392334,0.21428571428571427
27323,0,0,43492,-15.137684106826782,-11.009793758392334,0.21428571428571427
27324,0,0,43490,-15.137684106826782,-11.009793758392334,0.21428571428571427
27325,0,0,43480,-15.137684106826782,-11.009793758392334,0.21428571428571427
27326,0,0,43489,-15.137684106826782,-11.009793758392334,0.21428571428571427
27327,0,0,43488,-15.137684106826782,-11.009793758392334,0.21428571428571427
27328,0,0,43487,-15.137684106826782,-11.009793758392334,0.21428571428571427
27329,0,0,43486,-15.137684106826782,-11.009793758392334,0.21428571428571427
27330,0,0,43485,-15.137684106826782,-11.009793758392334,0.21428571428571427
27331,0,0,43484,-15.137684106826782,-11.009793758392334,0.21428571428571427
27332,0,0,43483,-15.137684106826782,-11.009793758392334,0.21428571428571427
27333,0,0,43482,-15.137684106826782,-11.009793758392334,0.21428571428571427
27334,0,0,43481,-15.137684106826782,-11.009793758392334,0.21428571428571427
27335,0,0,43063,-15.137684106826782,-11.009793758392334,0.21428571428571427
27336,0,0,42964,-15.137684106826782,-11.009793758392334,0.21428571428571427
27337,0,0,42282,-15.137684106826782,-11.009793758392334,0.21428571428571427
27338,0,0,42963,-15.137684106826782,-11.009793758392334,0.21428571428571427
27339,0,0,42451,-15.137684106826782,-11.009793758392334,0.21428571428571427
27340,0,0,42450,-15.137684106826782,-11.009793758392334,0.21428571428571427
27341,0,0,42449,-15.137684106826782,-11.009793758392334,0.21428571428571427
27342,0,0,42448,-15.137684106826782,-11.009793758392334,0.21428571428571427
27343,0,0,42447,-15.137684106826782,-11.009793758392334,0.21428571428571427
27344,0,0,42446,-15.137684106826782,-11.009793758392334,0.21428571428571427
27345,0,0,42445,-15.137684106826782,-11.009793758392334,0.21428571428571427
27346,0,0,42444,-15.137684106826782,-11.009793758392334,0.21428571428571427
27347,0,0,42443,-15.137684106826782,-11.009793758392334,0.21428571428571427
27348,0,0,42442,-15.137684106826782,-11.009793758392334,0.21428571428571427
27349,0,0,42441,-15.137684106826782,-11.009793758392334,0.21428571428571427
27350,0,0,42440,-15.137684106826782,-11.009793758392334,0.21428571428571427
27351,0,0,42439,-15.137684106826782,-11.009793758392334,0.21428571428571427
27352,0,0,42438,-15.137684106826782,-11.009793758392334,0.21428571428571427
27353,0,0,42437,-15.137684106826782,-11.009793758392334,0.21428571428571427
27354,0,0,42436,-15.137684106826782,-11.009793758392334,0.21428571428571427
27355,0,0,42435,-15.137684106826782,-11.009793758392334,0.21428571428571427
27356,0,0,42434,-15.137684106826782,-11.009793758392334,0.21428571428571427
27357,0,0,42433,-15.137684106826782,-11.009793758392334,0.21428571428571427
27358,0,0,42432,-15.137684106826782,-11.009793758392334,0.21428571428571427
27359,0,0,42431,-15.137684106826782,-11.009793758392334,0.21428571428571427
27360,0,0,42452,-15.137684106826782,-11.009793758392334,0.21428571428571427
27361,0,0,42453,-15.137684106826782,-11.009793758392334,0.21428571428571427
27362,0,0,42454,-15.137684106826782,-11.009793758392334,0.21428571428571427
27363,0,0,42466,-15.137684106826782,-11.009793758392334,0.21428571428571427
27364,0,0,42475,-15.137684106826782,-11.009793758392334,0.21428571428571427
27365,0,0,42474,-15.137684106826782,-11.009793758392334,0.21428571428571427
27366,0,0,42473,-15.137684106826782,-11.009793758392334,0.21428571428571427
27367,0,0,42472,-15.137684106826782,-11.009793758392334,0.21428571428571427
27368,0,0,42471,-15.137684106826782,-11.009793758392334,0.21428571428571427
27369,0,0,42470,-15.137684106826782,-11.009793758392334,0.21428571428571427
27370,0,0,42469,-15.137684106826782,-11.009793758392334,0.21428571428571427
27371,0,0,42468,-15.137684106826782,-11.009793758392334,0.21428571428571427
27372,0,0,42467,-15.137684106826782,-11.009793758392334,0.21428571428571427
27373,0,0,42465,-15.137684106826782,-11.009793758392334,0.21428571428571427
27374,0,0,42455,-15.137684106826782,-11.009793758392334,0.21428571428571427
27375,0,0,42464,-15.137684106826782,-11.009793758392334,0.21428571428571427
27376,0,0,42463,-15.137684106826782,-11.009793758392334,0.21428571428571427
27377,0,0,42462,-15.137684106826782,-11.009793758392334,0.21428571428571427
27378,0,0,42461,-15.137684106826782,-11.009793758392334,0.21428571428571427
27379,0,0,42460,-15.137684106826782,-11.009793758392334,0.21428571428571427
27380,0,0,42459,-15.137684106826782,-11.009793758392334,0.21428571428571427
27381,0,0,42458,-15.137684106826782,-11.009793758392334,0.21428571428571427
27382,0,0,42457,-15.137684106826782,-11.009793758392334,0.21428571428571427
27383,0,0,42456,-15.137684106826782,-11.009793758392334,0.21428571428571427
27384,0,0,42430,-15.137684106826782,-11.009793758392334,0.21428571428571427
27385,0,0,42428,-15.137684106826782,-11.009793758392334,0.21428571428571427
27386,0,0,42381,-15.137684106826782,-11.009793758392334,0.21428571428571427
27387,0,0,42427,-15.137684106826782,-11.009793758392334,0.21428571428571427
27388,0,0,42402,-15.137684106826782,-11.009793758392334,0.21428571428571427
27389,0,0,42401,-15.137684106826782,-11.009793758392334,0.21428571428571427
27390,0,0,42400,-15.137684106826782,-11.009793758392334,0.21428571428571427
27391,0,0,42399,-15.137684106826782,-11.009793758392334,0.21428571428571427
27392,0,0,42398,-15.137684106826782,-11.009793758392334,0.21428571428571427
27393,0,0,42397,-15.137684106826782,-11.009793758392334,0.21428571428571427
27394,0,0,42396,-15.137684106826782,-11.009793758392334,0.21428571428571427
27395,0,0,42395,-15.137684106826782,-11.009793758392334,0.21428571428571427
27396,0,0,42394,-15.137684106826782,-11.009793758392334,0.21428571428571427
27397,0,0,42393,-15.137684106826782,-11.009793758392334,0.21428571428571427
27398,0,0,42392,-15.137684106826782,-11.009793758392334,0.21428571428571427
27399,0,0,42391,-15.137684106826782,-11.009793758392334,0.21428571428571427
27400,0,0,42390,-15.137684106826782,-11.009793758392334,0.21428571428571427
27401,0,0,42389,-15.137684106826782,-11.009793758392334,0.21428571428571427
27402,0,0,42388,-15.137684106826782,-11.009793758392334,0.21428571428571427
27403,0,0,42387,-15.137684106826782,-11.009793758392334,0.21428571428571427
27404,0,0,42386,-15.137684106826782,-11.009793758392334,0.21428571428571427
27405,0,0,42385,-15.137684106826782,-11.009793758392334,0.21428571428571427
27406,0,0,42384,-15.137684106826782,-11.009793758392334,0.21428571428571427
27407,0,0,42383,-15.137684106826782,-11.009793758392334,0.21428571428571427
27408,0,0,42382,-15.137684106826782,-11.009793758392334,0.21428571428571427
27409,0,0,42403,-15.137684106826782,-11.009793758392334,0.21428571428571427
27410,0,0,42404,-15.137684106826782,-11.009793758392334,0.21428571428571427
27411,0,0,42405,-15.137684106826782,-11.009793758392334,0.21428571428571427
27412,0,0,42417,-15.137684106826782,-11.009793758392334,0.21428571428571427
27413,0,0,42426,-15.137684106826782,-11.009793758392334,0.21428571428571427
27414,0,0,42425,-15.137684106826782,-11.009793758392334,0.21428571428571427
27415,0,0,42424,-15.137684106826782,-11.009793758392334,0.21428571428571427
27416,0,0,42423,-15.137684106826782,-11.009793758392334,0.21428571428571427
27417,0,0,42422,-15.137684106826782,-11.009793758392334,0.21428571428571427
27418,0,0,42421,-15.137684106826782,-11.009793758392334,0.21428571428571427
27419,0,0,42420,-15.137684106826782,-11.009793758392334,0.21428571428571427
27420,0,0,42419,-15.137684106826782,-11.009793758392334,0.21428571428571427
27421,0,0,42418,-15.137684106826782,-11.009793758392334,0.21428571428571427
27422,0,0,42416,-15.137684106826782,-11.009793758392334,0.21428571428571427
27423,0,0,42406,-15.137684106826782,-11.009793758392334,0.21428571428571427
27424,0,0,42415,-15.137684106826782,-11.009793758392334,0.21428571428571427
27425,0,0,42414,-15.137684106826782,-11.009793758392334,0.21428571428571427
27426,0,0,42413,-15.137684106826782,-11.009793758392334,0.21428571428571427
27427,0,0,42412,-15.137684106826782,-11.009793758392334,0.21428571428571427
27428,0,0,42411,-15.137684106826782,-11.009793758392334,0.21428571428571427
27429,0,0,42410,-15.137684106826782,-11.009793758392334,0.21428571428571427
27430,0,0,42409,-15.137684106826782,-11.009793758392334,0.21428571428571427
27431,0,0,42408,-15.137684106826782,-11.009793758392334,0.21428571428571427
27432,0,0,42407,-15.137684106826782,-11.009793758392334,0.21428571428571427
27433,0,0,42476,-15.137684106826782,-11.009793758392334,0.21428571428571427
27434,0,0,42477,-15.137684106826782,-11.009793758392334,0.21428571428571427
27435,0,0,42478,-15.137684106826782,-11.009793758392334,0.21428571428571427
27436,0,0,42479,-15.137684106826782,-11.009793758392334,0.21428571428571427
27437,0,0,42548,-15.137684106826782,-11.009793758392334,0.21428571428571427
27438,0,0,42547,-15.137684106826782,-11.009793758392334,0.21428571428571427
27439,0,0,42546,-15.137684106826782,-11.009793758392334,0.21428571428571427
27440,0,0,42545,-15.137684106826782,-11.009793758392334,0.21428571428571427
27441,0,0,42544,-15.137684106826782,-11.009793758392334,0.21428571428571427
27442,0,0,42543,-15.137684106826782,-11.009793758392334,0.21428571428571427
27443,0,0,42542,-15.137684106826782,-11.009793758392334,0.21428571428571427
27444,0,0,42541,-15.137684106826782,-11.009793758392334,0.21428571428571427
27445,0,0,42540,-15.137684106826782,-11.009793758392334,0.21428571428571427
27446,0,0,42538,-15.137684106826782,-11.009793758392334,0.21428571428571427
27447,0,0,42528,-15.137684106826782,-11.009793758392334,0.21428571428571427
27448,0,0,42537,-15.137684106826782,-11.009793758392334,0.21428571428571427
27449,0,0,42536,-15.137684106826782,-11.009793758392334,0.21428571428571427
27450,0,0,42535,-15.137684106826782,-11.009793758392334,0.21428571428571427
27451,0,0,42534,-15.137684106826782,-11.009793758392334,0.21428571428571427
27452,0,0,42533,-15.137684106826782,-11.009793758392334,0.21428571428571427
27453,0,0,42532,-15.137684106826782,-11.009793758392334,0.21428571428571427
27454,0,0,42531,-15.137684106826782,-11.009793758392334,0.21428571428571427
27455,0,0,42530,-15.137684106826782,-11.009793758392334,0.21428571428571427
27456,0,0,42529,-15.137684106826782,-11.009793758392334,0.21428571428571427
27457,0,0,42549,-15.137684106826782,-11.009793758392334,0.21428571428571427
27458,0,0,42539,-15.137684106826782,-11.009793758392334,0.21428571428571427
27459,0,0,42550,-15.137684106826782,-11.009793758392334,0.21428571428571427
27460,0,0,42563,-15.137684106826782,-11.009793758392334,0.21428571428571427
27461,0,0,42572,-15.137684106826782,-11.009793758392334,0.21428571428571427
27462,0,0,42571,-15.137684106826782,-11.009793758392334,0.21428571428571427
27463,0,0,42570,-15.137684106826782,-11.009793758392334,0.21428571428571427
27464,0,0,42569,-15.137684106826782,-11.009793758392334,0.21428571428571427
27465,0,0,42568,-15.137684106826782,-11.009793758392334,0.21428571428571427
27466,0,0,42567,-15.137684106826782,-11.009793758392334,0.21428571428571427
27467,0,0,42566,-15.137684106826782,-11.009793758392334,0.21428571428571427
27468,0,0,42565,-15.137684106826782,-11.009793758392334,0.21428571428571427
27469,0,0,42564,-15.137684106826782,-11.009793758392334,0.21428571428571427
27470,0,0,42562,-15.137684106826782,-11.009793758392334,0.21428571428571427
27471,0,0,42552,-15.137684106826782,-11.009793758392334,0.21428571428571427
27472,0,0,42561,-15.137684106826782,-11.009793758392334,0.21428571428571427
27473,0,0,42560,-15.137684106826782,-11.009793758392334,0.21428571428571427
27474,0,0,42559,-15.137684106826782,-11.009793758392334,0.21428571428571427
27475,0,0,42558,-15.137684106826782,-11.009793758392334,0.21428571428571427
27476,0,0,42557,-15.137684106826782,-11.009793758392334,0.21428571428571427
27477,0,0,42556,-15.137684106826782,-11.009793758392334,0.21428571428571427
27478,0,0,42555,-15.137684106826782,-11.009793758392334,0.21428571428571427
27479,0,0,42554,-15.137684106826782,-11.009793758392334,0.21428571428571427
27480,0,0,42553,-15.137684106826782,-11.009793758392334,0.21428571428571427
27481,0,0,42551,-15.137684106826782,-11.009793758392334,0.21428571428571427
27482,0,0,42527,-15.137684106826782,-11.009793758392334,0.21428571428571427
27483,0,0,42526,-15.137684106826782,-11.009793758392334,0.21428571428571427
27484,0,0,42525,-15.137684106826782,-11.009793758392334,0.21428571428571427
27485,0,0,42500,-15.137684106826782,-11.009793758392334,0.21428571428571427
27486,0,0,42499,-15.137684106826782,-11.009793758392334,0.21428571428571427
27487,0,0,42498,-15.137684106826782,-11.009793758392334,0.21428571428571427
27488,0,0,42497,-15.137684106826782,-11.009793758392334,0.21428571428571427
27489,0,0,42496,-15.137684106826782,-11.009793758392334,0.21428571428571427
27490,0,0,42495,-15.137684106826782,-11.009793758392334,0.21428571428571427
27491,0,0,42494,-15.137684106826782,-11.009793758392334,0.21428571428571427
27492,0,0,42493,-15.137684106826782,-11.009793758392334,0.21428571428571427
27493,0,0,42492,-15.137684106826782,-11.009793758392334,0.21428571428571427
27494,0,0,42491,-15.137684106826782,-11.009793758392334,0.21428571428571427
27495,0,0,42490,-15.137684106826782,-11.009793758392334,0.21428571428571427
27496,0,0,42489,-15.137684106826782,-11.009793758392334,0.21428571428571427
27497,0,0,42488,-15.137684106826782,-11.009793758392334,0.21428571428571427
27498,0,0,42487,-15.137684106826782,-11.009793758392334,0.21428571428571427
27499,0,0,42486,-15.137684106826782,-11.009793758392334,0.21428571428571427
27500,0,0,42485,-15.137684106826782,-11.009793758392334,0.21428571428571427
27501,0,0,42484,-15.137684106826782,-11.009793758392334,0.21428571428571427
27502,0,0,42483,-15.137684106826782,-11.009793758392334,0.21428571428571427
27503,0,0,42482,-15.137684106826782,-11.009793758392334,0.21428571428571427
27504,0,0,42481,-15.137684106826782,-11.009793758392334,0.21428571428571427
27505,0,0,42480,-15.137684106826782,-11.009793758392334,0.21428571428571427
27506,0,0,42501,-15.137684106826782,-11.009793758392334,0.21428571428571427
27507,0,0,42502,-15.137684106826782,-11.009793758392334,0.21428571428571427
27508,0,0,42503,-15.137684106826782,-11.009793758392334,0.21428571428571427
27509,0,0,42515,-15.137684106826782,-11.009793758392334,0.21428571428571427
27510,0,0,42524,-15.137684106826782,-11.009793758392334,0.21428571428571427
27511,0,0,42523,-15.137684106826782,-11.009793758392334,0.21428571428571427
27512,0,0,42522,-15.137684106826782,-11.009793758392334,0.21428571428571427
27513,0,0,42521,-15.137684106826782,-11.009793758392334,0.21428571428571427
27514,0,0,42520,-15.137684106826782,-11.009793758392334,0.21428571428571427
27515,0,0,42519,-15.137684106826782,-11.009793758392334,0.21428571428571427
27516,0,0,42518,-15.137684106826782,-11.009793758392334,0.21428571428571427
27517,0,0,42517,-15.137684106826782,-11.009793758392334,0.21428571428571427
27518,0,0,42516,-15.137684106826782,-11.009793758392334,0.21428571428571427
27519,0,0,42514,-15.137684106826782,-11.009793758392334,0.21428571428571427
27520,0,0,42504,-15.137684106826782,-11.009793758392334,0.21428571428571427
27521,0,0,42513,-15.137684106826782,-11.009793758392334,0.21428571428571427
27522,0,0,42512,-15.137684106826782,-11.009793758392334,0.21428571428571427
27523,0,0,42511,-15.137684106826782,-11.009793758392334,0.21428571428571427
27524,0,0,42510,-15.137684106826782,-11.009793758392334,0.21428571428571427
27525,0,0,42509,-15.137684106826782,-11.009793758392334,0.21428571428571427
27526,0,0,42508,-15.137684106826782,-11.009793758392334,0.21428571428571427
27527,0,0,42507,-15.137684106826782,-11.009793758392334,0.21428571428571427
27528,0,0,42506,-15.137684106826782,-11.009793758392334,0.21428571428571427
27529,0,0,42505,-15.137684106826782,-11.009793758392334,0.21428571428571427
27530,0,0,42429,-15.137684106826782,-11.009793758392334,0.21428571428571427
27531,0,0,42380,-15.137684106826782,-11.009793758392334,0.21428571428571427
27532,0,0,42379,-15.137684106826782,-11.009793758392334,0.21428571428571427
27533,0,0,42378,-15.137684106826782,-11.009793758392334,0.21428571428571427
27534,0,0,42255,-15.137684106826782,-11.009793758392334,0.21428571428571427
27535,0,0,42254,-15.137684106826782,-11.009793758392334,0.21428571428571427
27536,0,0,42253,-15.137684106826782,-11.009793758392334,0.21428571428571427
27537,0,0,42252,-15.137684106826782,-11.009793758392334,0.21428571428571427
27538,0,0,42251,-15.137684106826782,-11.009793758392334,0.21428571428571427
27539,0,0,42250,-15.137684106826782,-11.009793758392334,0.21428571428571427
27540,0,0,42249,-15.137684106826782,-11.009793758392334,0.21428571428571427
27541,0,0,42248,-15.137684106826782,-11.009793758392334,0.21428571428571427
27542,0,0,42247,-15.137684106826782,-11.009793758392334,0.21428571428571427
27543,0,0,42246,-15.137684106826782,-11.009793758392334,0.21428571428571427
27544,0,0,42245,-15.137684106826782,-11.009793758392334,0.21428571428571427
27545,0,0,42244,-15.137684106826782,-11.009793758392334,0.21428571428571427
27546,0,0,42243,-15.137684106826782,-11.009793758392334,0.21428571428571427
27547,0,0,42242,-15.137684106826782,-11.009793758392334,0.21428571428571427
27548,0,0,42241,-15.137684106826782,-11.009793758392334,0.21428571428571427
27549,0,0,42240,-15.137684106826782,-11.009793758392334,0.21428571428571427
27550,0,0,42239,-15.137684106826782,-11.009793758392334,0.21428571428571427
27551,0,0,42238,-15.137684106826782,-11.009793758392334,0.21428571428571427
27552,0,0,42237,-15.137684106826782,-11.009793758392334,0.21428571428571427
27553,0,0,42236,-15.137684106826782,-11.009793758392334,0.21428571428571427
27554,0,0,42235,-15.137684106826782,-11.009793758392334,0.21428571428571427
27555,0,0,42256,-15.137684106826782,-11.009793758392334,0.21428571428571427
27556,0,0,42257,-15.137684106826782,-11.009793758392334,0.21428571428571427
27557,0,0,42258,-15.137684106826782,-11.009793758392334,0.21428571428571427
27558,0,0,42270,-15.137684106826782,-11.009793758392334,0.21428571428571427
27559,0,0,42279,-15.137684106826782,-11.009793758392334,0.21428571428571427
27560,0,0,42278,-15.137684106826782,-11.009793758392334,0.21428571428571427
27561,0,0,42277,-15.137684106826782,-11.009793758392334,0.21428571428571427
27562,0,0,42276,-15.137684106826782,-11.009793758392334,0.21428571428571427
27563,0,0,42275,-15.137684106826782,-11.009793758392334,0.21428571428571427
27564,0,0,42274,-15.137684106826782,-11.009793758392334,0.21428571428571427
27565,0,0,42273,-15.137684106826782,-11.009793758392334,0.21428571428571427
27566,0,0,42272,-15.137684106826782,-11.009793758392334,0.21428571428571427
27567,0,0,42271,-15.137684106826782,-11.009793758392334,0.21428571428571427
27568,0,0,42269,-15.137684106826782,-11.009793758392334,0.21428571428571427
27569,0,0,42259,-15.137684106826782,-11.009793758392334,0.21428571428571427
27570,0,0,42268,-15.137684106826782,-11.009793758392334,0.21428571428571427
27571,0,0,42267,-15.137684106826782,-11.009793758392334,0.21428571428571427
27572,0,0,42266,-15.137684106826782,-11.009793758392334,0.21428571428571427
27573,0,0,42265,-15.137684106826782,-11.009793758392334,0.21428571428571427
27574,0,0,42264,-15.137684106826782,-11.009793758392334,0.21428571428571427
27575,0,0,42263,-15.137684106826782,-11.009793758392334,0.21428571428571427
27576,0,0,42262,-15.137684106826782,-11.009793758392334,0.21428571428571427
27577,0,0,42261,-15.137684106826782,-11.009793758392334,0.21428571428571427
27578,0,0,42260,-15.137684106826782,-11.009793758392334,0.21428571428571427
27579,0,0,42234,-15.137684106826782,-11.009793758392334,0.21428571428571427
27580,0,0,42232,-15.137684106826782,-11.009793758392334,0.21428571428571427
27581,0,0,42185,-15.137684106826782,-11.009793758392334,0.21428571428571427
27582,0,0,42231,-15.137684106826782,-11.009793758392334,0.21428571428571427
27583,0,0,42206,-15.137684106826782,-11.009793758392334,0.21428571428571427
27584,0,0,42205,-15.137684106826782,-11.009793758392334,0.21428571428571427
27585,0,0,42204,-15.137684106826782,-11.009793758392334,0.21428571428571427
27586,0,0,42203,-15.137684106826782,-11.009793758392334,0.21428571428571427
27587,0,0,42202,-15.137684106826782,-11.009793758392334,0.21428571428571427
27588,0,0,42201,-15.137684106826782,-11.009793758392334,0.21428571428571427
27589,0,0,42200,-15.137684106826782,-11.009793758392334,0.21428571428571427
27590,0,0,42199,-15.137684106826782,-11.009793758392334,0.21428571428571427
27591,0,0,42198,-15.137684106826782,-11.009793758392334,0.21428571428571427
27592,0,0,42197,-15.137684106826782,-11.009793758392334,0.21428571428571427
27593,0,0,42196,-15.137684106826782,-11.009793758392334,0.21428571428571427
27594,0,0,42195,-15.137684106826782,-11.009793758392334,0.21428571428571427
27595,0,0,42194,-15.137684106826782,-11.009793758392334,0.21428571428571427
27596,0,0,42193,-15.137684106826782,-11.009793758392334,0.21428571428571427
27597,0,0,42192,-15.137684106826782,-11.009793758392334,0.21428571428571427
27598,0,0,42191,-15.137684106826782,-11.009793758392334,0.21428571428571427
27599,0,0,42190,-15.137684106826782,-11.009793758392334,0.21428571428571427
27600,0,0,42189,-15.137684106826782,-11.009793758392334,0.21428571428571427
27601,0,0,42188,-15.137684106826782,-11.009793758392334,0.21428571428571427
27602,0,0,42187,-15.137684106826782,-11.009793758392334,0.21428571428571427
27603,0,0,42186,-15.137684106826782,-11.009793758392334,0.21428571428571427
27604,0,0,42207,-15.137684106826782,-11.009793758392334,0.21428571428571427
27605,0,0,42208,-15.137684106826782,-11.009793758392334,0.21428571428571427
27606,0,0,42209,-15.137684106826782,-11.009793758392334,0.21428571428571427
27607,0,0,42221,-15.137684106826782,-11.009793758392334,0.21428571428571427
27608,0,0,42230,-15.137684106826782,-11.009793758392334,0.21428571428571427
27609,0,0,42229,-15.137684106826782,-11.009793758392334,0.21428571428571427
27610,0,0,42228,-15.137684106826782,-11.009793758392334,0.21428571428571427
27611,0,0,42227,-15.137684106826782,-11.009793758392334,0.21428571428571427
27612,0,0,42226,-15.137684106826782,-11.009793758392334,0.21428571428571427
27613,0,0,42225,-15.137684106826782,-11.009793758392334,0.21428571428571427
27614,0,0,42224,-15.137684106826782,-11.009793758392334,0.21428571428571427
27615,0,0,42223,-15.137684106826782,-11.009793758392334,0.21428571428571427
27616,0,0,42222,-15.137684106826782,-11.009793758392334,0.21428571428571427
27617,0,0,42220,-15.137684106826782,-11.009793758392334,0.21428571428571427
27618,0,0,42210,-15.137684106826782,-11.009793758392334,0.21428571428571427
27619,0,0,42219,-15.137684106826782,-11.009793758392334,0.21428571428571427
27620,0,0,42218,-15.137684106826782,-11.009793758392334,0.21428571428571427
27621,0,0,42217,-15.137684106826782,-11.009793758392334,0.21428571428571427
27622,0,0,42216,-15.137684106826782,-11.009793758392334,0.21428571428571427
27623,0,0,42215,-15.137684106826782,-11.009793758392334,0.21428571428571427
27624,0,0,42214,-15.137684106826782,-11.009793758392334,0.21428571428571427
27625,0,0,42213,-15.137684106826782,-11.009793758392334,0.21428571428571427
27626,0,0,42212,-15.137684106826782,-11.009793758392334,0.21428571428571427
27627,0,0,42211,-15.137684106826782,-11.009793758392334,0.21428571428571427
27628,0,0,42280,-15.137684106826782,-11.009793758392334,0.21428571428571427
27629,0,0,42233,-15.137684106826782,-11.009793758392334,0.21428571428571427
27630,0,0,42281,-15.137684106826782,-11.009793758392334,0.21428571428571427
27631,0,0,42331,-15.137684106826782,-11.009793758392334,0.21428571428571427
27632,0,0,42353,-15.137684106826782,-11.009793758392334,0.21428571428571427
27633,0,0,42352,-15.137684106826782,-11.009793758392334,0.21428571428571427
27634,0,0,42351,-15.137684106826782,-11.009793758392334,0.21428571428571427
27635,0,0,42350,-15.137684106826782,-11.009793758392334,0.21428571428571427
27636,0,0,42349,-15.137684106826782,-11.009793758392334,0.21428571428571427
27637,0,0,42348,-15.137684106826782,-11.009793758392334,0.21428571428571427
27638,0,0,42347,-15.137684106826782,-11.009793758392334,0.21428571428571427
27639,0,0,42346,-15.137684106826782,-11.009793758392334,0.21428571428571427
27640,0,0,42345,-15.137684106826782,-11.009793758392334,0.21428571428571427
27641,0,0,42344,-15.137684106826782,-11.009793758392334,0.21428571428571427
27642,0,0,42343,-15.137684106826782,-11.009793758392334,0.21428571428571427
27643,0,0,42342,-15.137684106826782,-11.009793758392334,0.21428571428571427
27644,0,0,42341,-15.137684106826782,-11.009793758392334,0.21428571428571427
27645,0,0,42340,-15.137684106826782,-11.009793758392334,0.21428571428571427
27646,0,0,42339,-15.137684106826782,-11.009793758392334,0.21428571428571427
27647,0,0,42338,-15.137684106826782,-11.009793758392334,0.21428571428571427
27648,0,0,42337,-15.137684106826782,-11.009793758392334,0.21428571428571427
27649,0,0,42336,-15.137684106826782,-11.009793758392334,0.21428571428571427
27650,0,0,42335,-15.137684106826782,-11.009793758392334,0.21428571428571427
27651,0,0,42334,-15.137684106826782,-11.009793758392334,0.21428571428571427
27652,0,0,42333,-15.137684106826782,-11.009793758392334,0.21428571428571427
27653,0,0,42354,-15.137684106826782,-11.009793758392334,0.21428571428571427
27654,0,0,42355,-15.137684106826782,-11.009793758392334,0.21428571428571427
27655,0,0,42356,-15.137684106826782,-11.009793758392334,0.21428571428571427
27656,0,0,42368,-15.137684106826782,-11.009793758392334,0.21428571428571427
27657,0,0,42377,-15.137684106826782,-11.009793758392334,0.21428571428571427
27658,0,0,42376,-15.137684106826782,-11.009793758392334,0.21428571428571427
27659,0,0,42375,-15.137684106826782,-11.009793758392334,0.21428571428571427
27660,0,0,42374,-15.137684106826782,-11.009793758392334,0.21428571428571427
27661,0,0,42373,-15.137684106826782,-11.009793758392334,0.21428571428571427
27662,0,0,42372,-15.137684106826782,-11.009793758392334,0.21428571428571427
27663,0,0,42371,-15.137684106826782,-11.009793758392334,0.21428571428571427
27664,0,0,42370,-15.137684106826782,-11.009793758392334,0.21428571428571427
27665,0,0,42369,-15.137684106826782,-11.009793758392334,0.21428571428571427
27666,0,0,42367,-15.137684106826782,-11.009793758392334,0.21428571428571427
27667,0,0,42357,-15.137684106826782,-11.009793758392334,0.21428571428571427
27668,0,0,42366,-15.137684106826782,-11.009793758392334,0.21428571428571427
27669,0,0,42365,-15.137684106826782,-11.009793758392334,0.21428571428571427
27670,0,0,42364,-15.137684106826782,-11.009793758392334,0.21428571428571427
27671,0,0,42363,-15.137684106826782,-11.009793758392334,0.21428571428571427
27672,0,0,42362,-15.137684106826782,-11.009793758392334,0.21428571428571427
27673,0,0,42361,-15.137684106826782,-11.009793758392334,0.21428571428571427
27674,0,0,42360,-15.137684106826782,-11.009793758392334,0.21428571428571427
27675,0,0,42359,-15.137684106826782,-11.009793758392334,0.21428571428571427
27676,0,0,42358,-15.137684106826782,-11.009793758392334,0.21428571428571427
27677,0,0,42332,-15.137684106826782,-11.009793758392334,0.21428571428571427
27678,0,0,42330,-15.137684106826782,-11.009793758392334,0.21428571428571427
27679,0,0,42283,-15.137684106826782,-11.009793758392334,0.21428571428571427
27680,0,0,42329,-15.137684106826782,-11.009793758392334,0.21428571428571427
27681,0,0,42304,-15.137684106826782,-11.009793758392334,0.21428571428571427
27682,0,0,42303,-15.137684106826782,-11.009793758392334,0.21428571428571427
27683,0,0,42302,-15.137684106826782,-11.009793758392334,0.21428571428571427
27684,0,0,42301,-15.137684106826782,-11.009793758392334,0.21428571428571427
27685,0,0,42300,-15.137684106826782,-11.009793758392334,0.21428571428571427
27686,0,0,42299,-15.137684106826782,-11.009793758392334,0.21428571428571427
27687,0,0,42298,-15.137684106826782,-11.009793758392334,0.21428571428571427
27688,0,0,42297,-15.137684106826782,-11.009793758392334,0.21428571428571427
27689,0,0,42296,-15.137684106826782,-11.009793758392334,0.21428571428571427
27690,0,0,42295,-15.137684106826782,-11.009793758392334,0.21428571428571427
27691,0,0,42294,-15.137684106826782,-11.009793758392334,0.21428571428571427
27692,0,0,42293,-15.137684106826782,-11.009793758392334,0.21428571428571427
27693,0,0,42292,-15.137684106826782,-11.009793758392334,0.21428571428571427
27694,0,0,42291,-15.137684106826782,-11.009793758392334,0.21428571428571427
27695,0,0,42290,-15.137684106826782,-11.009793758392334,0.21428571428571427
27696,0,0,42289,-15.137684106826782,-11.009793758392334,0.21428571428571427
27697,0,0,42288,-15.137684106826782,-11.009793758392334,0.21428571428571427
27698,0,0,42287,-15.137684106826782,-11.009793758392334,0.21428571428571427
27699,0,0,42286,-15.137684106826782,-11.009793758392334,0.21428571428571427
27700,0,0,42285,-15.137684106826782,-11.009793758392334,0.21428571428571427
27701,0,0,42284,-15.137684106826782,-11.009793758392334,0.21428571428571427
27702,0,0,42305,-15.137684106826782,-11.009793758392334,0.21428571428571427
27703,0,0,42306,-15.137684106826782,-11.009793758392334,0.21428571428571427
27704,0,0,42307,-15.137684106826782,-11.009793758392334,0.21428571428571427
27705,0,0,42319,-15.137684106826782,-11.009793758392334,0.21428571428571427
27706,0,0,42328,-15.137684106826782,-11.009793758392334,0.21428571428571427
27707,0,0,42327,-15.137684106826782,-11.009793758392334,0.21428571428571427
27708,0,0,42326,-15.137684106826782,-11.009793758392334,0.21428571428571427
27709,0,0,42325,-15.137684106826782,-11.009793758392334,0.21428571428571427
27710,0,0,42324,-15.137684106826782,-11.009793758392334,0.21428571428571427
27711,0,0,42323,-15.137684106826782,-11.009793758392334,0.21428571428571427
27712,0,0,42322,-15.137684106826782,-11.009793758392334,0.21428571428571427
27713,0,0,42321,-15.137684106826782,-11.009793758392334,0.21428571428571427
27714,0,0,42320,-15.137684106826782,-11.009793758392334,0.21428571428571427
27715,0,0,42318,-15.137684106826782,-11.009793758392334,0.21428571428571427
27716,0,0,42308,-15.137684106826782,-11.009793758392334,0.21428571428571427
27717,0,0,42317,-15.137684106826782,-11.009793758392334,0.21428571428571427
27718,0,0,42316,-15.137684106826782,-11.009793758392334,0.21428571428571427
27719,0,0,42315,-15.137684106826782,-11.009793758392334,0.21428571428571427
27720,0,0,42314,-15.137684106826782,-11.009793758392334,0.21428571428571427
27721,0,0,42313,-15.137684106826782,-11.009793758392334,0.21428571428571427
27722,0,0,42312,-15.137684106826782,-11.009793758392334,0.21428571428571427
27723,0,0,42311,-15.137684106826782,-11.009793758392334,0.21428571428571427
27724,0,0,42310,-15.137684106826782,-11.009793758392334,0.21428571428571427
27725,0,0,42309,-15.137684106826782,-11.009793758392334,0.21428571428571427
27726,0,0,42573,-15.137684106826782,-11.009793758392334,0.21428571428571427
27727,0,0,42574,-15.137684106826782,-11.009793758392334,0.21428571428571427
27728,0,0,42575,-15.137684106826782,-11.009793758392334,0.21428571428571427
27729,0,0,42770,-15.137684106826782,-11.009793758392334,0.21428571428571427
27730,0,0,42841,-15.137684106826782,-11.009793758392334,0.21428571428571427
27731,0,0,42840,-15.137684106826782,-11.009793758392334,0.21428571428571427
27732,0,0,42839,-15.137684106826782,-11.009793758392334,0.21428571428571427
27733,0,0,42838,-15.137684106826782,-11.009793758392334,0.21428571428571427
27734,0,0,42837,-15.137684106826782,-11.009793758392334,0.21428571428571427
27735,0,0,42836,-15.137684106826782,-11.009793758392334,0.21428571428571427
27736,0,0,42835,-15.137684106826782,-11.009793758392334,0.21428571428571427
27737,0,0,42834,-15.137684106826782,-11.009793758392334,0.21428571428571427
27738,0,0,42833,-15.137684106826782,-11.009793758392334,0.21428571428571427
27739,0,0,42832,-15.137684106826782,-11.009793758392334,0.21428571428571427
27740,0,0,42831,-15.137684106826782,-11.009793758392334,0.21428571428571427
27741,0,0,42830,-15.137684106826782,-11.009793758392334,0.21428571428571427
27742,0,0,42829,-15.137684106826782,-11.009793758392334,0.21428571428571427
27743,0,0,42828,-15.137684106826782,-11.009793758392334,0.21428571428571427
27744,0,0,42827,-15.137684106826782,-11.009793758392334,0.21428571428571427
27745,0,0,42826,-15.137684106826782,-11.009793758392334,0.21428571428571427
27746,0,0,42825,-15.137684106826782,-11.009793758392334,0.21428571428571427
27747,0,0,42824,-15.137684106826782,-11.009793758392334,0.21428571428571427
27748,0,0,42823,-15.137684106826782,-11.009793758392334,0.21428571428571427
27749,0,0,42822,-15.137684106826782,-11.009793758392334,0.21428571428571427
27750,0,0,42821,-15.137684106826782,-11.009793758392334,0.21428571428571427
27751,0,0,42842,-15.137684106826782,-11.009793758392334,0.21428571428571427
27752,0,0,42843,-15.137684106826782,-11.009793758392334,0.21428571428571427
27753,0,0,42844,-15.137684106826782,-11.009793758392334,0.21428571428571427
27754,0,0,42856,-15.137684106826782,-11.009793758392334,0.21428571428571427
27755,0,0,42865,-15.137684106826782,-11.009793758392334,0.21428571428571427
27756,0,0,42864,-15.137684106826782,-11.009793758392334,0.21428571428571427
27757,0,0,42863,-15.137684106826782,-11.009793758392334,0.21428571428571427
27758,0,0,42862,-15.137684106826782,-11.009793758392334,0.21428571428571427
27759,0,0,42861,-15.137684106826782,-11.009793758392334,0.21428571428571427
27760,0,0,42860,-15.137684106826782,-11.009793758392334,0.21428571428571427
27761,0,0,42859,-15.137684106826782,-11.009793758392334,0.21428571428571427
27762,0,0,42858,-15.137684106826782,-11.009793758392334,0.21428571428571427
27763,0,0,42857,-15.137684106826782,-11.009793758392334,0.21428571428571427
27764,0,0,42855,-15.137684106826782,-11.009793758392334,0.21428571428571427
27765,0,0,42845,-15.137684106826782,-11.009793758392334,0.21428571428571427
27766,0,0,42854,-15.137684106826782,-11.009793758392334,0.21428571428571427
27767,0,0,42853,-15.137684106826782,-11.009793758392334,0.21428571428571427
27768,0,0,42852,-15.137684106826782,-11.009793758392334,0.21428571428571427
27769,0,0,42851,-15.137684106826782,-11.009793758392334,0.21428571428571427
27770,0,0,42850,-15.137684106826782,-11.009793758392334,0.21428571428571427
27771,0,0,42849,-15.137684106826782,-11.009793758392334,0.21428571428571427
27772,0,0,42848,-15.137684106826782,-11.009793758392334,0.21428571428571427
27773,0,0,42847,-15.137684106826782,-11.009793758392334,0.21428571428571427
27774,0,0,42846,-15.137684106826782,-11.009793758392334,0.21428571428571427
27775,0,0,42820,-15.137684106826782,-11.009793758392334,0.21428571428571427
27776,0,0,42818,-15.137684106826782,-11.009793758392334,0.21428571428571427
27777,0,0,42771,-15.137684106826782,-11.009793758392334,0.21428571428571427
27778,0,0,42817,-15.137684106826782,-11.009793758392334,0.21428571428571427
27779,0,0,42792,-15.137684106826782,-11.009793758392334,0.21428571428571427
27780,0,0,42791,-15.137684106826782,-11.009793758392334,0.21428571428571427
27781,0,0,42790,-15.137684106826782,-11.009793758392334,0.21428571428571427
27782,0,0,42789,-15.137684106826782,-11.009793758392334,0.21428571428571427
27783,0,0,42788,-15.137684106826782,-11.009793758392334,0.21428571428571427
27784,0,0,42787,-15.137684106826782,-11.009793758392334,0.21428571428571427
27785,0,0,42786,-15.137684106826782,-11.009793758392334,0.21428571428571427
27786,0,0,42785,-15.137684106826782,-11.009793758392334,0.21428571428571427
27787,0,0,42784,-15.137684106826782,-11.009793758392334,0.21428571428571427
27788,0,0,42783,-15.137684106826782,-11.009793758392334,0.21428571428571427
27789,0,0,42782,-15.137684106826782,-11.009793758392334,0.21428571428571427
27790,0,0,42781,-15.137684106826782,-11.009793758392334,0.21428571428571427
27791,0,0,42780,-15.137684106826782,-11.009793758392334,0.21428571428571427
27792,0,0,42779,-15.137684106826782,-11.009793758392334,0.21428571428571427
27793,0,0,42778,-15.137684106826782,-11.009793758392334,0.21428571428571427
27794,0,0,42777,-15.137684106826782,-11.009793758392334,0.21428571428571427
27795,0,0,42776,-15.137684106826782,-11.009793758392334,0.21428571428571427
27796,0,0,42775,-15.137684106826782,-11.009793758392334,0.21428571428571427
27797,0,0,42774,-15.137684106826782,-11.009793758392334,0.21428571428571427
27798,0,0,42773,-15.137684106826782,-11.009793758392334,0.21428571428571427
27799,0,0,42772,-15.137684106826782,-11.009793758392334,0.21428571428571427
27800,0,0,42793,-15.137684106826782,-11.009793758392334,0.21428571428571427
27801,0,0,42794,-15.137684106826782,-11.009793758392334,0.21428571428571427
27802,0,0,42795,-15.137684106826782,-11.009793758392334,0.21428571428571427
27803,0,0,42807,-15.137684106826782,-11.009793758392334,0.21428571428571427
27804,0,0,42816,-15.137684106826782,-11.009793758392334,0.21428571428571427
27805,0,0,42815,-15.137684106826782,-11.009793758392334,0.21428571428571427
27806,0,0,42814,-15.137684106826782,-11.009793758392334,0.21428571428571427
27807,0,0,42813,-15.137684106826782,-11.009793758392334,0.21428571428571427
27808,0,0,42812,-15.137684106826782,-11.009793758392334,0.21428571428571427
27809,0,0,42811,-15.137684106826782,-11.009793758392334,0.21428571428571427
27810,0,0,42810,-15.137684106826782,-11.009793758392334,0.21428571428571427
27811,0,0,42809,-15.137684106826782,-11.009793758392334,0.21428571428571427
27812,0,0,42808,-15.137684106826782,-11.009793758392334,0.21428571428571427
27813,0,0,42806,-15.137684106826782,-11.009793758392334,0.21428571428571427
27814,0,0,42796,-15.137684106826782,-11.009793758392334,0.21428571428571427
27815,0,0,42805,-15.137684106826782,-11.009793758392334,0.21428571428571427
27816,0,0,42804,-15.137684106826782,-11.009793758392334,0.21428571428571427
27817,0,0,42803,-15.137684106826782,-11.009793758392334,0.21428571428571427
27818,0,0,42802,-15.137684106826782,-11.009793758392334,0.21428571428571427
27819,0,0,42801,-15.137684106826782,-11.009793758392334,0.21428571428571427
27820,0,0,42800,-15.137684106826782,-11.009793758392334,0.21428571428571427
27821,0,0,42799,-15.137684106826782,-11.009793758392334,0.21428571428571427
27822,0,0,42798,-15.137684106826782,-11.009793758392334,0.21428571428571427
27823,0,0,42797,-15.137684106826782,-11.009793758392334,0.21428571428571427
27824,0,0,42866,-15.137684106826782,-11.009793758392334,0.21428571428571427
27825,0,0,42867,-15.137684106826782,-11.009793758392334,0.21428571428571427
27826,0,0,42868,-15.137684106826782,-11.009793758392334,0.21428571428571427
27827,0,0,42869,-15.137684106826782,-11.009793758392334,0.21428571428571427
27828,0,0,42938,-15.137684106826782,-11.009793758392334,0.21428571428571427
27829,0,0,42937,-15.137684106826782,-11.009793758392334,0.21428571428571427
27830,0,0,42936,-15.137684106826782,-11.009793758392334,0.21428571428571427
27831,0,0,42935,-15.137684106826782,-11.009793758392334,0.21428571428571427
27832,0,0,42934,-15.137684106826782,-11.009793758392334,0.21428571428571427
27833,0,0,42933,-15.137684106826782,-11.009793758392334,0.21428571428571427
27834,0,0,42932,-15.137684106826782,-11.009793758392334,0.21428571428571427
27835,0,0,42931,-15.137684106826782,-11.009793758392334,0.21428571428571427
27836,0,0,42930,-15.137684106826782,-11.009793758392334,0.21428571428571427
27837,0,0,42928,-15.137684106826782,-11.009793758392334,0.21428571428571427
27838,0,0,42918,-15.137684106826782,-11.009793758392334,0.21428571428571427
27839,0,0,42927,-15.137684106826782,-11.009793758392334,0.21428571428571427
27840,0,0,42926,-15.137684106826782,-11.009793758392334,0.21428571428571427
27841,0,0,42925,-15.137684106826782,-11.009793758392334,0.21428571428571427
27842,0,0,42924,-15.137684106826782,-11.009793758392334,0.21428571428571427
27843,0,0,42923,-15.137684106826782,-11.009793758392334,0.21428571428571427
27844,0,0,42922,-15.137684106826782,-11.009793758392334,0.21428571428571427
27845,0,0,42921,-15.137684106826782,-11.009793758392334,0.21428571428571427
27846,0,0,42920,-15.137684106826782,-11.009793758392334,0.21428571428571427
27847,0,0,42919,-15.137684106826782,-11.009793758392334,0.21428571428571427
27848,0,0,42939,-15.137684106826782,-11.009793758392334,0.21428571428571427
27849,0,0,42929,-15.137684106826782,-11.009793758392334,0.21428571428571427
27850,0,0,42940,-15.137684106826782,-11.009793758392334,0.21428571428571427
27851,0,0,42953,-15.137684106826782,-11.009793758392334,0.21428571428571427
27852,0,0,42962,-15.137684106826782,-11.009793758392334,0.21428571428571427
27853,0,0,42961,-15.137684106826782,-11.009793758392334,0.21428571428571427
27854,0,0,42960,-15.137684106826782,-11.009793758392334,0.21428571428571427
27855,0,0,42959,-15.137684106826782,-11.009793758392334,0.21428571428571427
27856,0,0,42958,-15.137684106826782,-11.009793758392334,0.21428571428571427
27857,0,0,42957,-15.137684106826782,-11.009793758392334,0.21428571428571427
27858,0,0,42956,-15.137684106826782,-11.009793758392334,0.21428571428571427
27859,0,0,42955,-15.137684106826782,-11.009793758392334,0.21428571428571427
27860,0,0,42954,-15.137684106826782,-11.009793758392334,0.21428571428571427
27861,0,0,42952,-15.137684106826782,-11.009793758392334,0.21428571428571427
27862,0,0,42942,-15.137684106826782,-11.009793758392334,0.21428571428571427
27863,0,0,42951,-15.137684106826782,-11.009793758392334,0.21428571428571427
27864,0,0,42950,-15.137684106826782,-11.009793758392334,0.21428571428571427
27865,0,0,42949,-15.137684106826782,-11.009793758392334,0.21428571428571427
27866,0,0,42948,-15.137684106826782,-11.009793758392334,0.21428571428571427
27867,0,0,42947,-15.137684106826782,-11.009793758392334,0.21428571428571427
27868,0,0,42946,-15.137684106826782,-11.009793758392334,0.21428571428571427
27869,0,0,42945,-15.137684106826782,-11.009793758392334,0.21428571428571427
27870,0,0,42944,-15.137684106826782,-11.009793758392334,0.21428571428571427
27871,0,0,42943,-15.137684106826782,-11.009793758392334,0.21428571428571427
27872,0,0,42941,-15.137684106826782,-11.009793758392334,0.21428571428571427
27873,0,0,42917,-15.137684106826782,-11.009793758392334,0.21428571428571427
27874,0,0,42916,-15.137684106826782,-11.009793758392334,0.21428571428571427
27875,0,0,42915,-15.137684106826782,-11.009793758392334,0.21428571428571427
27876,0,0,42890,-15.137684106826782,-11.009793758392334,0.21428571428571427
27877,0,0,42889,-15.137684106826782,-11.009793758392334,0.21428571428571427
27878,0,0,42888,-15.137684106826782,-11.009793758392334,0.21428571428571427
27879,0,0,42887,-15.137684106826782,-11.009793758392334,0.21428571428571427
27880,0,0,42886,-15.137684106826782,-11.009793758392334,0.21428571428571427
27881,0,0,42885,-15.137684106826782,-11.009793758392334,0.21428571428571427
27882,0,0,42884,-15.137684106826782,-11.009793758392334,0.21428571428571427
27883,0,0,42883,-15.137684106826782,-11.009793758392334,0.21428571428571427
27884,0,0,42882,-15.137684106826782,-11.009793758392334,0.21428571428571427
27885,0,0,42881,-15.137684106826782,-11.009793758392334,0.21428571428571427
27886,0,0,42880,-15.137684106826782,-11.009793758392334,0.21428571428571427
27887,0,0,42879,-15.137684106826782,-11.009793758392334,0.21428571428571427
27888,0,0,42878,-15.137684106826782,-11.009793758392334,0.21428571428571427
27889,0,0,42877,-15.137684106826782,-11.009793758392334,0.21428571428571427
27890,0,0,42876,-15.137684106826782,-11.009793758392334,0.21428571428571427
27891,0,0,42875,-15.137684106826782,-11.009793758392334,0.21428571428571427
27892,0,0,42874,-15.137684106826782,-11.009793758392334,0.21428571428571427
27893,0,0,42873,-15.137684106826782,-11.009793758392334,0.21428571428571427
27894,0,0,42872,-15.137684106826782,-11.009793758392334,0.21428571428571427
27895,0,0,42871,-15.137684106826782,-11.009793758392334,0.21428571428571427
27896,0,0,42870,-15.137684106826782,-11.009793758392334,0.21428571428571427
27897,0,0,42891,-15.137684106826782,-11.009793758392334,0.21428571428571427
27898,0,0,42892,-15.137684106826782,-11.009793758392334,0.21428571428571427
27899,0,0,42893,-15.137684106826782,-11.009793758392334,0.21428571428571427
27900,0,0,42905,-15.137684106826782,-11.009793758392334,0.21428571428571427
27901,0,0,42914,-15.137684106826782,-11.009793758392334,0.21428571428571427
27902,0,0,42913,-15.137684106826782,-11.009793758392334,0.21428571428571427
27903,0,0,42912,-15.137684106826782,-11.009793758392334,0.21428571428571427
27904,0,0,42911,-15.137684106826782,-11.009793758392334,0.21428571428571427
27905,0,0,42910,-15.137684106826782,-11.009793758392334,0.21428571428571427
27906,0,0,42909,-15.137684106826782,-11.009793758392334,0.21428571428571427
27907,0,0,42908,-15.137684106826782,-11.009793758392334,0.21428571428571427
27908,0,0,42907,-15.137684106826782,-11.009793758392334,0.21428571428571427
27909,0,0,42906,-15.137684106826782,-11.009793758392334,0.21428571428571427
27910,0,0,42904,-15.137684106826782,-11.009793758392334,0.21428571428571427
27911,0,0,42894,-15.137684106826782,-11.009793758392334,0.21428571428571427
27912,0,0,42903,-15.137684106826782,-11.009793758392334,0.21428571428571427
27913,0,0,42902,-15.137684106826782,-11.009793758392334,0.21428571428571427
27914,0,0,42901,-15.137684106826782,-11.009793758392334,0.21428571428571427
27915,0,0,42900,-15.137684106826782,-11.009793758392334,0.21428571428571427
27916,0,0,42899,-15.137684106826782,-11.009793758392334,0.21428571428571427
27917,0,0,42898,-15.137684106826782,-11.009793758392334,0.21428571428571427
27918,0,0,42897,-15.137684106826782,-11.009793758392334,0.21428571428571427
27919,0,0,42896,-15.137684106826782,-11.009793758392334,0.21428571428571427
27920,0,0,42895,-15.137684106826782,-11.009793758392334,0.21428571428571427
27921,0,0,42819,-15.137684106826782,-11.009793758392334,0.21428571428571427
27922,0,0,42769,-15.137684106826782,-11.009793758392334,0.21428571428571427
27923,0,0,42624,-15.137684106826782,-11.009793758392334,0.21428571428571427
27924,0,0,42768,-15.137684106826782,-11.009793758392334,0.21428571428571427
27925,0,0,42646,-15.137684106826782,-11.009793758392334,0.21428571428571427
27926,0,0,42645,-15.137684106826782,-11.009793758392334,0.21428571428571427
27927,0,0,42644,-15.137684106826782,-11.009793758392334,0.21428571428571427
27928,0,0,42643,-15.137684106826782,-11.009793758392334,0.21428571428571427
27929,0,0,42642,-15.137684106826782,-11.009793758392334,0.21428571428571427
27930,0,0,42641,-15.137684106826782,-11.009793758392334,0.21428571428571427
27931,0,0,42640,-15.137684106826782,-11.009793758392334,0.21428571428571427
27932,0,0,42639,-15.137684106826782,-11.009793758392334,0.21428571428571427
27933,0,0,42638,-15.137684106826782,-11.009793758392334,0.21428571428571427
27934,0,0,42637,-15.137684106826782,-11.009793758392334,0.21428571428571427
27935,0,0,42636,-15.137684106826782,-11.009793758392334,0.21428571428571427
27936,0,0,42635,-15.137684106826782,-11.009793758392334,0.21428571428571427
27937,0,0,42634,-15.137684106826782,-11.009793758392334,0.21428571428571427
27938,0,0,42633,-15.137684106826782,-11.009793758392334,0.21428571428571427
27939,0,0,42632,-15.137684106826782,-11.009793758392334,0.21428571428571427
27940,0,0,42631,-15.137684106826782,-11.009793758392334,0.21428571428571427
27941,0,0,42630,-15.137684106826782,-11.009793758392334,0.21428571428571427
27942,0,0,42629,-15.137684106826782,-11.009793758392334,0.21428571428571427
27943,0,0,42628,-15.137684106826782,-11.009793758392334,0.21428571428571427
27944,0,0,42627,-15.137684106826782,-11.009793758392334,0.21428571428571427
27945,0,0,42626,-15.137684106826782,-11.009793758392334,0.21428571428571427
27946,0,0,42647,-15.137684106826782,-11.009793758392334,0.21428571428571427
27947,0,0,42648,-15.137684106826782,-11.009793758392334,0.21428571428571427
27948,0,0,42649,-15.137684106826782,-11.009793758392334,0.21428571428571427
27949,0,0,42661,-15.137684106826782,-11.009793758392334,0.21428571428571427
27950,0,0,42670,-15.137684106826782,-11.009793758392334,0.21428571428571427
27951,0,0,42669,-15.137684106826782,-11.009793758392334,0.21428571428571427
27952,0,0,42668,-15.137684106826782,-11.009793758392334,0.21428571428571427
27953,0,0,42667,-15.137684106826782,-11.009793758392334,0.21428571428571427
27954,0,0,42666,-15.137684106826782,-11.009793758392334,0.21428571428571427
27955,0,0,42665,-15.137684106826782,-11.009793758392334,0.21428571428571427
27956,0,0,42664,-15.137684106826782,-11.009793758392334,0.21428571428571427
27957,0,0,42663,-15.137684106826782,-11.009793758392334,0.21428571428571427
27958,0,0,42662,-15.137684106826782,-11.009793758392334,0.21428571428571427
27959,0,0,42660,-15.137684106826782,-11.009793758392334,0.21428571428571427
27960,0,0,42650,-15.137684106826782,-11.009793758392334,0.21428571428571427
27961,0,0,42659,-15.137684106826782,-11.009793758392334,0.21428571428571427
27962,0,0,42658,-15.137684106826782,-11.009793758392334,0.21428571428571427
27963,0,0,42657,-15.137684106826782,-11.009793758392334,0.21428571428571427
27964,0,0,42656,-15.137684106826782,-11.009793758392334,0.21428571428571427
27965,0,0,42655,-15.137684106826782,-11.009793758392334,0.21428571428571427
27966,0,0,42654,-15.137684106826782,-11.009793758392334,0.21428571428571427
27967,0,0,42653,-15.137684106826782,-11.009793758392334,0.21428571428571427
27968,0,0,42652,-15.137684106826782,-11.009793758392334,0.21428571428571427
27969,0,0,42651,-15.137684106826782,-11.009793758392334,0.21428571428571427
27970,0,0,42625,-15.137684106826782,-11.009793758392334,0.21428571428571427
27971,0,0,42623,-15.137684106826782,-11.009793758392334,0.21428571428571427
27972,0,0,42576,-15.137684106826782,-11.009793758392334,0.21428571428571427
27973,0,0,42622,-15.137684106826782,-11.009793758392334,0.21428571428571427
27974,0,0,42597,-15.137684106826782,-11.009793758392334,0.21428571428571427
27975,0,0,42596,-15.137684106826782,-11.009793758392334,0.21428571428571427
27976,0,0,42595,-15.137684106826782,-11.009793758392334,0.21428571428571427
27977,0,0,42594,-15.137684106826782,-11.009793758392334,0.21428571428571427
27978,0,0,42593,-15.137684106826782,-11.009793758392334,0.21428571428571427
27979,0,0,42592,-15.137684106826782,-11.009793758392334,0.21428571428571427
27980,0,0,42591,-15.137684106826782,-11.009793758392334,0.21428571428571427
27981,0,0,42590,-15.137684106826782,-11.009793758392334,0.21428571428571427
27982,0,0,42589,-15.137684106826782,-11.009793758392334,0.21428571428571427
27983,0,0,42588,-15.137684106826782,-11.009793758392334,0.21428571428571427
27984,0,0,42587,-15.137684106826782,-11.009793758392334,0.21428571428571427
27985,0,0,42586,-15.137684106826782,-11.009793758392334,0.21428571428571427
27986,0,0,42585,-15.137684106826782,-11.009793758392334,0.21428571428571427
27987,0,0,42584,-15.137684106826782,-11.009793758392334,0.21428571428571427
27988,0,0,42583,-15.137684106826782,-11.009793758392334,0.21428571428571427
27989,0,0,42582,-15.137684106826782,-11.009793758392334,0.21428571428571427
27990,0,0,42581,-15.137684106826782,-11.009793758392334,0.21428571428571427
27991,0,0,42580,-15.137684106826782,-11.009793758392334,0.21428571428571427
27992,0,0,42579,-15.137684106826782,-11.009793758392334,0.21428571428571427
27993,0,0,42578,-15.137684106826782,-11.009793758392334,0.21428571428571427
27994,0,0,42577,-15.137684106826782,-11.009793758392334,0.21428571428571427
27995,0,0,42598,-15.137684106826782,-11.009793758392334,0.21428571428571427
27996,0,0,42599,-15.137684106826782,-11.009793758392334,0.21428571428571427
27997,0,0,42600,-15.137684106826782,-11.009793758392334,0.21428571428571427
27998,0,0,42612,-15.137684106826782,-11.009793758392334,0.21428571428571427
27999,0,0,42621,-15.137684106826782,-11.009793758392334,0.21428571428571427
28000,0,0,42620,-15.137684106826782,-11.009793758392334,0.21428571428571427
28001,0,0,42619,-15.137684106826782,-11.009793758392334,0.21428571428571427
28002,0,0,42618,-15.137684106826782,-11.009793758392334,0.21428571428571427
28003,0,0,42617,-15.137684106826782,-11.009793758392334,0.21428571428571427
28004,0,0,42616,-15.137684106826782,-11.009793758392334,0.21428571428571427
28005,0,0,42615,-15.137684106826782,-11.009793758392334,0.21428571428571427
28006,0,0,42614,-15.137684106826782,-11.009793758392334,0.21428571428571427
28007,0,0,42613,-15.137684106826782,-11.009793758392334,0.21428571428571427
28008,0,0,42611,-15.137684106826782,-11.009793758392334,0.21428571428571427
28009,0,0,42601,-15.137684106826782,-11.009793758392334,0.21428571428571427
28010,0,0,42610,-15.137684106826782,-11.009793758392334,0.21428571428571427
28011,0,0,42609,-15.137684106826782,-11.009793758392334,0.21428571428571427
28012,0,0,42608,-15.137684106826782,-11.009793758392334,0.21428571428571427
28013,0,0,42607,-15.137684106826782,-11.009793758392334,0.21428571428571427
28014,0,0,42606,-15.137684106826782,-11.009793758392334,0.21428571428571427
28015,0,0,42605,-15.137684106826782,-11.009793758392334,0.21428571428571427
28016,0,0,42604,-15.137684106826782,-11.009793758392334,0.21428571428571427
28017,0,0,42603,-15.137684106826782,-11.009793758392334,0.21428571428571427
28018,0,0,42602,-15.137684106826782,-11.009793758392334,0.21428571428571427
28019,0,0,42671,-15.137684106826782,-11.009793758392334,0.21428571428571427
28020,0,0,42672,-15.137684106826782,-11.009793758392334,0.21428571428571427
28021,0,0,42673,-15.137684106826782,-11.009793758392334,0.21428571428571427
28022,0,0,42674,-15.137684106826782,-11.009793758392334,0.21428571428571427
28023,0,0,42743,-15.137684106826782,-11.009793758392334,0.21428571428571427
28024,0,0,42742,-15.137684106826782,-11.009793758392334,0.21428571428571427
28025,0,0,42741,-15.137684106826782,-11.009793758392334,0.21428571428571427
28026,0,0,42740,-15.137684106826782,-11.009793758392334,0.21428571428571427
28027,0,0,42739,-15.137684106826782,-11.009793758392334,0.21428571428571427
28028,0,0,42738,-15.137684106826782,-11.009793758392334,0.21428571428571427
28029,0,0,42737,-15.137684106826782,-11.009793758392334,0.21428571428571427
28030,0,0,42736,-15.137684106826782,-11.009793758392334,0.21428571428571427
28031,0,0,42735,-15.137684106826782,-11.009793758392334,0.21428571428571427
28032,0,0,42733,-15.137684106826782,-11.009793758392334,0.21428571428571427
28033,0,0,42723,-15.137684106826782,-11.009793758392334,0.21428571428571427
28034,0,0,42732,-15.137684106826782,-11.009793758392334,0.21428571428571427
28035,0,0,42731,-15.137684106826782,-11.009793758392334,0.21428571428571427
28036,0,0,42730,-15.137684106826782,-11.009793758392334,0.21428571428571427
28037,0,0,42729,-15.137684106826782,-11.009793758392334,0.21428571428571427
28038,0,0,42728,-15.137684106826782,-11.009793758392334,0.21428571428571427
28039,0,0,42727,-15.137684106826782,-11.009793758392334,0.21428571428571427
28040,0,0,42726,-15.137684106826782,-11.009793758392334,0.21428571428571427
28041,0,0,42725,-15.137684106826782,-11.009793758392334,0.21428571428571427
28042,0,0,42724,-15.137684106826782,-11.009793758392334,0.21428571428571427
28043,0,0,42744,-15.137684106826782,-11.009793758392334,0.21428571428571427
28044,0,0,42734,-15.137684106826782,-11.009793758392334,0.21428571428571427
28045,0,0,42745,-15.137684106826782,-11.009793758392334,0.21428571428571427
28046,0,0,42758,-15.137684106826782,-11.009793758392334,0.21428571428571427
28047,0,0,42767,-15.137684106826782,-11.009793758392334,0.21428571428571427
28048,0,0,42766,-15.137684106826782,-11.009793758392334,0.21428571428571427
28049,0,0,42765,-15.137684106826782,-11.009793758392334,0.21428571428571427
28050,0,0,42764,-15.137684106826782,-11.009793758392334,0.21428571428571427
28051,0,0,42763,-15.137684106826782,-11.009793758392334,0.21428571428571427
28052,0,0,42762,-15.137684106826782,-11.009793758392334,0.21428571428571427
28053,0,0,42761,-15.137684106826782,-11.009793758392334,0.21428571428571427
28054,0,0,42760,-15.137684106826782,-11.009793758392334,0.21428571428571427
28055,0,0,42759,-15.137684106826782,-11.009793758392334,0.21428571428571427
28056,0,0,42757,-15.137684106826782,-11.009793758392334,0.21428571428571427
28057,0,0,42747,-15.137684106826782,-11.009793758392334,0.21428571428571427
28058,0,0,42756,-15.137684106826782,-11.009793758392334,0.21428571428571427
28059,0,0,42755,-15.137684106826782,-11.009793758392334,0.21428571428571427
28060,0,0,42754,-15.137684106826782,-11.009793758392334,0.21428571428571427
28061,0,0,42753,-15.137684106826782,-11.009793758392334,0.21428571428571427
28062,0,0,42752,-15.137684106826782,-11.009793758392334,0.21428571428571427
28063,0,0,42751,-15.137684106826782,-11.009793758392334,0.21428571428571427
28064,0,0,42750,-15.137684106826782,-11.009793758392334,0.21428571428571427
28065,0,0,42749,-15.137684106826782,-11.009793758392334,0.21428571428571427
28066,0,0,42748,-15.137684106826782,-11.009793758392334,0.21428571428571427
28067,0,0,42746,-15.137684106826782,-11.009793758392334,0.21428571428571427
28068,0,0,42722,-15.137684106826782,-11.009793758392334,0.21428571428571427
28069,0,0,42721,-15.137684106826782,-11.009793758392334,0.21428571428571427
28070,0,0,42720,-15.137684106826782,-11.009793758392334,0.21428571428571427
28071,0,0,42695,-15.137684106826782,-11.009793758392334,0.21428571428571427
28072,0,0,42694,-15.137684106826782,-11.009793758392334,0.21428571428571427
28073,0,0,42693,-15.137684106826782,-11.009793758392334,0.21428571428571427
28074,0,0,42692,-15.137684106826782,-11.009793758392334,0.21428571428571427
28075,0,0,42691,-15.137684106826782,-11.009793758392334,0.21428571428571427
28076,0,0,42690,-15.137684106826782,-11.009793758392334,0.21428571428571427
28077,0,0,42689,-15.137684106826782,-11.009793758392334,0.21428571428571427
28078,0,0,42688,-15.137684106826782,-11.009793758392334,0.21428571428571427
28079,0,0,42687,-15.137684106826782,-11.009793758392334,0.21428571428571427
28080,0,0,42686,-15.137684106826782,-11.009793758392334,0.21428571428571427
28081,0,0,42685,-15.137684106826782,-11.009793758392334,0.21428571428571427
28082,0,0,42684,-15.137684106826782,-11.009793758392334,0.21428571428571427
28083,0,0,42683,-15.137684106826782,-11.009793758392334,0.21428571428571427
28084,0,0,42682,-15.137684106826782,-11.009793758392334,0.21428571428571427
28085,0,0,42681,-15.137684106826782,-11.009793758392334,0.21428571428571427
28086,0,0,42680,-15.137684106826782,-11.009793758392334,0.21428571428571427
28087,0,0,42679,-15.137684106826782,-11.009793758392334,0.21428571428571427
28088,0,0,42678,-15.137684106826782,-11.009793758392334,0.21428571428571427
28089,0,0,42677,-15.137684106826782,-11.009793758392334,0.21428571428571427
28090,0,0,42676,-15.137684106826782,-11.009793758392334,0.21428571428571427
28091,0,0,42675,-15.137684106826782,-11.009793758392334,0.21428571428571427
28092,0,0,42696,-15.137684106826782,-11.009793758392334,0.21428571428571427
28093,0,0,42697,-15.137684106826782,-11.009793758392334,0.21428571428571427
28094,0,0,42698,-15.137684106826782,-11.009793758392334,0.21428571428571427
28095,0,0,42710,-15.137684106826782,-11.009793758392334,0.21428571428571427
28096,0,0,42719,-15.137684106826782,-11.009793758392334,0.21428571428571427
28097,0,0,42718,-15.137684106826782,-11.009793758392334,0.21428571428571427
28098,0,0,42717,-15.137684106826782,-11.009793758392334,0.21428571428571427
28099,0,0,42716,-15.137684106826782,-11.009793758392334,0.21428571428571427
28100,0,0,42715,-15.137684106826782,-11.009793758392334,0.21428571428571427
28101,0,0,42714,-15.137684106826782,-11.009793758392334,0.21428571428571427
28102,0,0,42713,-15.137684106826782,-11.009793758392334,0.21428571428571427
28103,0,0,42712,-15.137684106826782,-11.009793758392334,0.21428571428571427
28104,0,0,42711,-15.137684106826782,-11.009793758392334,0.21428571428571427
28105,0,0,42709,-15.137684106826782,-11.009793758392334,0.21428571428571427
28106,0,0,42699,-15.137684106826782,-11.009793758392334,0.21428571428571427
28107,0,0,42708,-15.137684106826782,-11.009793758392334,0.21428571428571427
28108,0,0,42707,-15.137684106826782,-11.009793758392334,0.21428571428571427
28109,0,0,42706,-15.137684106826782,-11.009793758392334,0.21428571428571427
28110,0,0,42705,-15.137684106826782,-11.009793758392334,0.21428571428571427
28111,0,0,42704,-15.137684106826782,-11.009793758392334,0.21428571428571427
28112,0,0,42703,-15.137684106826782,-11.009793758392334,0.21428571428571427
28113,0,0,42702,-15.137684106826782,-11.009793758392334,0.21428571428571427
28114,0,0,42701,-15.137684106826782,-11.009793758392334,0.21428571428571427
28115,0,0,42700,-15.137684106826782,-11.009793758392334,0.21428571428571427
28116,0,0,42184,-15.137684106826782,-11.009793758392334,0.21428571428571427
28117,0,0,40621,-15.137684106826782,-11.009793758392334,0.21428571428571427
28118,0,0,39060,-15.137684106826782,-11.009793758392334,0.21428571428571427
28119,0,0,40620,-15.137684106826782,-11.009793758392334,0.21428571428571427
28120,0,0,38546,-15.137684106826782,-11.009793758392334,0.21428571428571427
28121,0,0,38545,-15.137684106826782,-11.009793758392334,0.21428571428571427
28122,0,0,38544,-15.137684106826782,-11.009793758392334,0.21428571428571427
28123,0,0,38543,-15.137684106826782,-11.009793758392334,0.21428571428571427
28124,0,0,38542,-15.137684106826782,-11.009793758392334,0.21428571428571427
28125,0,0,38541,-15.137684106826782,-11.009793758392334,0.21428571428571427
28126,0,0,38540,-15.137684106826782,-11.009793758392334,0.21428571428571427
28127,0,0,38539,-15.137684106826782,-11.009793758392334,0.21428571428571427
28128,0,0,38538,-15.137684106826782,-11.009793758392334,0.21428571428571427
28129,0,0,38537,-15.137684106826782,-11.009793758392334,0.21428571428571427
28130,0,0,38536,-15.137684106826782,-11.009793758392334,0.21428571428571427
28131,0,0,38535,-15.137684106826782,-11.009793758392334,0.21428571428571427
28132,0,0,38534,-15.137684106826782,-11.009793758392334,0.21428571428571427
28133,0,0,38533,-15.137684106826782,-11.009793758392334,0.21428571428571427
28134,0,0,38532,-15.137684106826782,-11.009793758392334,0.21428571428571427
28135,0,0,38531,-15.137684106826782,-11.009793758392334,0.21428571428571427
28136,0,0,38530,-15.137684106826782,-11.009793758392334,0.21428571428571427
28137,0,0,38529,-15.137684106826782,-11.009793758392334,0.21428571428571427
28138,0,0,38528,-15.137684106826782,-11.009793758392334,0.21428571428571427
28139,0,0,7,-15.137684106826782,-11.009793758392334,0.21428571428571427
28140,0,0,38527,-15.137684106826782,-11.009793758392334,0.21428571428571427
28141,0,0,38526,-15.137684106826782,-11.009793758392334,0.21428571428571427
28142,0,0,38547,-15.137684106826782,-11.009793758392334,0.21428571428571427
28143,0,0,38548,-15.137684106826782,-11.009793758392334,0.21428571428571427
28144,0,0,38549,-15.137684106826782,-11.009793758392334,0.21428571428571427
28145,0,0,38561,-15.137684106826782,-11.009793758392334,0.21428571428571427
28146,0,0,38570,-15.137684106826782,-11.009793758392334,0.21428571428571427
28147,0,0,38569,-15.137684106826782,-11.009793758392334,0.21428571428571427
28148,0,0,38568,-15.137684106826782,-11.009793758392334,0.21428571428571427
28149,0,0,38567,-15.137684106826782,-11.009793758392334,0.21428571428571427
28150,0,0,38566,-15.137684106826782,-11.009793758392334,0.21428571428571427
28151,0,0,38565,-15.137684106826782,-11.009793758392334,0.21428571428571427
28152,0,0,38564,-15.137684106826782,-11.009793758392334,0.21428571428571427
28153,0,0,38563,-15.137684106826782,-11.009793758392334,0.21428571428571427
28154,0,0,38562,-15.137684106826782,-11.009793758392334,0.21428571428571427
28155,0,0,38560,-15.137684106826782,-11.009793758392334,0.21428571428571427
28156,0,0,38550,-15.137684106826782,-11.009793758392334,0.21428571428571427
28157,0,0,38559,-15.137684106826782,-11.009793758392334,0.21428571428571427
28158,0,0,38558,-15.137684106826782,-11.009793758392334,0.21428571428571427
28159,0,0,38557,-15.137684106826782,-11.009793758392334,0.21428571428571427
28160,0,0,38556,-15.137684106826782,-11.009793758392334,0.21428571428571427
28161,0,0,38555,-15.137684106826782,-11.009793758392334,0.21428571428571427
28162,0,0,38554,-15.137684106826782,-11.009793758392334,0.21428571428571427
28163,0,0,38553,-15.137684106826782,-11.009793758392334,0.21428571428571427
28164,0,0,38552,-15.137684106826782,-11.009793758392334,0.21428571428571427
28165,0,0,38551,-15.137684106826782,-11.009793758392334,0.21428571428571427
28166,0,0,38525,-15.137684106826782,-11.009793758392334,0.21428571428571427
28167,0,0,38523,-15.137684106826782,-11.009793758392334,0.21428571428571427
28168,0,0,38476,-15.137684106826782,-11.009793758392334,0.21428571428571427
28169,0,0,38522,-15.137684106826782,-11.009793758392334,0.21428571428571427
28170,0,0,38497,-15.137684106826782,-11.009793758392334,0.21428571428571427
28171,0,0,38496,-15.137684106826782,-11.009793758392334,0.21428571428571427
28172,0,0,38495,-15.137684106826782,-11.009793758392334,0.21428571428571427
28173,0,0,38494,-15.137684106826782,-11.009793758392334,0.21428571428571427
28174,0,0,38493,-15.137684106826782,-11.009793758392334,0.21428571428571427
28175,0,0,38492,-15.137684106826782,-11.009793758392334,0.21428571428571427
28176,0,0,38491,-15.137684106826782,-11.009793758392334,0.21428571428571427
28177,0,0,38490,-15.137684106826782,-11.009793758392334,0.21428571428571427
28178,0,0,38489,-15.137684106826782,-11.009793758392334,0.21428571428571427
28179,0,0,38488,-15.137684106826782,-11.009793758392334,0.21428571428571427
28180,0,0,38487,-15.137684106826782,-11.009793758392334,0.21428571428571427
28181,0,0,38486,-15.137684106826782,-11.009793758392334,0.21428571428571427
28182,0,0,38485,-15.137684106826782,-11.009793758392334,0.21428571428571427
28183,0,0,38484,-15.137684106826782,-11.009793758392334,0.21428571428571427
28184,0,0,38483,-15.137684106826782,-11.009793758392334,0.21428571428571427
28185,0,0,38482,-15.137684106826782,-11.009793758392334,0.21428571428571427
28186,0,0,38481,-15.137684106826782,-11.009793758392334,0.21428571428571427
28187,0,0,38480,-15.137684106826782,-11.009793758392334,0.21428571428571427
28188,0,0,38479,-15.137684106826782,-11.009793758392334,0.21428571428571427
28189,0,0,38478,-15.137684106826782,-11.009793758392334,0.21428571428571427
28190,0,0,38477,-15.137684106826782,-11.009793758392334,0.21428571428571427
28191,0,0,38498,-15.137684106826782,-11.009793758392334,0.21428571428571427
28192,0,0,38499,-15.137684106826782,-11.009793758392334,0.21428571428571427
28193,0,0,38500,-15.137684106826782,-11.009793758392334,0.21428571428571427
28194,0,0,38512,-15.137684106826782,-11.009793758392334,0.21428571428571427
28195,0,0,38521,-15.137684106826782,-11.009793758392334,0.21428571428571427
28196,0,0,38520,-15.137684106826782,-11.009793758392334,0.21428571428571427
28197,0,0,38519,-15.137684106826782,-11.009793758392334,0.21428571428571427
28198,0,0,38518,-15.137684106826782,-11.009793758392334,0.21428571428571427
28199,0,0,38517,-15.137684106826782,-11.009793758392334,0.21428571428571427
28200,0,0,38516,-15.137684106826782,-11.009793758392334,0.21428571428571427
28201,0,0,38515,-15.137684106826782,-11.009793758392334,0.21428571428571427
28202,0,0,38514,-15.137684106826782,-11.009793758392334,0.21428571428571427
28203,0,0,38513,-15.137684106826782,-11.009793758392334,0.21428571428571427
28204,0,0,38511,-15.137684106826782,-11.009793758392334,0.21428571428571427
28205,0,0,38501,-15.137684106826782,-11.009793758392334,0.21428571428571427
28206,0,0,38510,-15.137684106826782,-11.009793758392334,0.21428571428571427
28207,0,0,38509,-15.137684106826782,-11.009793758392334,0.21428571428571427
28208,0,0,38508,-15.137684106826782,-11.009793758392334,0.21428571428571427
28209,0,0,38507,-15.137684106826782,-11.009793758392334,0.21428571428571427
28210,0,0,38506,-15.137684106826782,-11.009793758392334,0.21428571428571427
28211,0,0,38505,-15.137684106826782,-11.009793758392334,0.21428571428571427
28212,0,0,38504,-15.137684106826782,-11.009793758392334,0.21428571428571427
28213,0,0,38503,-15.137684106826782,-11.009793758392334,0.21428571428571427
28214,0,0,38502,-15.137684106826782,-11.009793758392334,0.21428571428571427
28215,0,0,38571,-15.137684106826782,-11.009793758392334,0.21428571428571427
28216,0,0,38572,-15.137684106826782,-11.009793758392334,0.21428571428571427
28217,0,0,38573,-15.137684106826782,-11.009793758392334,0.21428571428571427
28218,0,0,38574,-15.137684106826782,-11.009793758392334,0.21428571428571427
28219,0,0,38643,-15.137684106826782,-11.009793758392334,0.21428571428571427
28220,0,0,38642,-15.137684106826782,-11.009793758392334,0.21428571428571427
28221,0,0,38641,-15.137684106826782,-11.009793758392334,0.21428571428571427
28222,0,0,38640,-15.137684106826782,-11.009793758392334,0.21428571428571427
28223,0,0,38639,-15.137684106826782,-11.009793758392334,0.21428571428571427
28224,0,0,38638,-15.137684106826782,-11.009793758392334,0.21428571428571427
28225,0,0,38637,-15.137684106826782,-11.009793758392334,0.21428571428571427
28226,0,0,38636,-15.137684106826782,-11.009793758392334,0.21428571428571427
28227,0,0,38635,-15.137684106826782,-11.009793758392334,0.21428571428571427
28228,0,0,38633,-15.137684106826782,-11.009793758392334,0.21428571428571427
28229,0,0,38623,-15.137684106826782,-11.009793758392334,0.21428571428571427
28230,0,0,38632,-15.137684106826782,-11.009793758392334,0.21428571428571427
28231,0,0,38631,-15.137684106826782,-11.009793758392334,0.21428571428571427
28232,0,0,38630,-15.137684106826782,-11.009793758392334,0.21428571428571427
28233,0,0,38629,-15.137684106826782,-11.009793758392334,0.21428571428571427
28234,0,0,38628,-15.137684106826782,-11.009793758392334,0.21428571428571427
28235,0,0,38627,-15.137684106826782,-11.009793758392334,0.21428571428571427
28236,0,0,38626,-15.137684106826782,-11.009793758392334,0.21428571428571427
28237,0,0,38625,-15.137684106826782,-11.009793758392334,0.21428571428571427
28238,0,0,38624,-15.137684106826782,-11.009793758392334,0.21428571428571427
28239,0,0,38644,-15.137684106826782,-11.009793758392334,0.21428571428571427
28240,0,0,38634,-15.137684106826782,-11.009793758392334,0.21428571428571427
28241,0,0,38645,-15.137684106826782,-11.009793758392334,0.21428571428571427
28242,0,0,38658,-15.137684106826782,-11.009793758392334,0.21428571428571427
28243,0,0,38667,-15.137684106826782,-11.009793758392334,0.21428571428571427
28244,0,0,38666,-15.137684106826782,-11.009793758392334,0.21428571428571427
28245,0,0,38665,-15.137684106826782,-11.009793758392334,0.21428571428571427
28246,0,0,38664,-15.137684106826782,-11.009793758392334,0.21428571428571427
28247,0,0,38663,-15.137684106826782,-11.009793758392334,0.21428571428571427
28248,0,0,38662,-15.137684106826782,-11.009793758392334,0.21428571428571427
28249,0,0,38661,-15.137684106826782,-11.009793758392334,0.21428571428571427
28250,0,0,38660,-15.137684106826782,-11.009793758392334,0.21428571428571427
28251,0,0,38659,-15.137684106826782,-11.009793758392334,0.21428571428571427
28252,0,0,38657,-15.137684106826782,-11.009793758392334,0.21428571428571427
28253,0,0,38647,-15.137684106826782,-11.009793758392334,0.21428571428571427
28254,0,0,38656,-15.137684106826782,-11.009793758392334,0.21428571428571427
28255,0,0,38655,-15.137684106826782,-11.009793758392334,0.21428571428571427
28256,0,0,38654,-15.137684106826782,-11.009793758392334,0.21428571428571427
28257,0,0,38653,-15.137684106826782,-11.009793758392334,0.21428571428571427
28258,0,0,38652,-15.137684106826782,-11.009793758392334,0.21428571428571427
28259,0,0,38651,-15.137684106826782,-11.009793758392334,0.21428571428571427
28260,0,0,38650,-15.137684106826782,-11.009793758392334,0.21428571428571427
28261,0,0,38649,-15.137684106826782,-11.009793758392334,0.21428571428571427
28262,0,0,38648,-15.137684106826782,-11.009793758392334,0.21428571428571427
28263,0,0,38646,-15.137684106826782,-11.009793758392334,0.21428571428571427
28264,0,0,38622,-15.137684106826782,-11.009793758392334,0.21428571428571427
28265,0,0,38621,-15.137684106826782,-11.009793758392334,0.21428571428571427
28266,0,0,38620,-15.137684106826782,-11.009793758392334,0.21428571428571427
28267,0,0,38595,-15.137684106826782,-11.009793758392334,0.21428571428571427
28268,0,0,38594,-15.137684106826782,-11.009793758392334,0.21428571428571427
28269,0,0,38593,-15.137684106826782,-11.009793758392334,0.21428571428571427
28270,0,0,38592,-15.137684106826782,-11.009793758392334,0.21428571428571427
28271,0,0,38591,-15.137684106826782,-11.009793758392334,0.21428571428571427
28272,0,0,38590,-15.137684106826782,-11.009793758392334,0.21428571428571427
28273,0,0,38589,-15.137684106826782,-11.009793758392334,0.21428571428571427
28274,0,0,38588,-15.137684106826782,-11.009793758392334,0.21428571428571427
28275,0,0,38587,-15.137684106826782,-11.009793758392334,0.21428571428571427
28276,0,0,38586,-15.137684106826782,-11.009793758392334,0.21428571428571427
28277,0,0,38585,-15.137684106826782,-11.009793758392334,0.21428571428571427
28278,0,0,38584,-15.137684106826782,-11.009793758392334,0.21428571428571427
28279,0,0,38583,-15.137684106826782,-11.009793758392334,0.21428571428571427
28280,0,0,38582,-15.137684106826782,-11.009793758392334,0.21428571428571427
28281,0,0,38581,-15.137684106826782,-11.009793758392334,0.21428571428571427
28282,0,0,38580,-15.137684106826782,-11.009793758392334,0.21428571428571427
28283,0,0,38579,-15.137684106826782,-11.009793758392334,0.21428571428571427
28284,0,0,38578,-15.137684106826782,-11.009793758392334,0.21428571428571427
28285,0,0,38577,-15.137684106826782,-11.009793758392334,0.21428571428571427
28286,0,0,38576,-15.137684106826782,-11.009793758392334,0.21428571428571427
28287,0,0,38575,-15.137684106826782,-11.009793758392334,0.21428571428571427
28288,0,0,38596,-15.137684106826782,-11.009793758392334,0.21428571428571427
28289,0,0,38597,-15.137684106826782,-11.009793758392334,0.21428571428571427
28290,0,0,38598,-15.137684106826782,-11.009793758392334,0.21428571428571427
28291,0,0,38610,-15.137684106826782,-11.009793758392334,0.21428571428571427
28292,0,0,38619,-15.137684106826782,-11.009793758392334,0.21428571428571427
28293,0,0,38618,-15.137684106826782,-11.009793758392334,0.21428571428571427
28294,0,0,38617,-15.137684106826782,-11.009793758392334,0.21428571428571427
28295,0,0,38616,-15.137684106826782,-11.009793758392334,0.21428571428571427
28296,0,0,38615,-15.137684106826782,-11.009793758392334,0.21428571428571427
28297,0,0,38614,-15.137684106826782,-11.009793758392334,0.21428571428571427
28298,0,0,38613,-15.137684106826782,-11.009793758392334,0.21428571428571427
28299,0,0,38612,-15.137684106826782,-11.009793758392334,0.21428571428571427
28300,0,0,38611,-15.137684106826782,-11.009793758392334,0.21428571428571427
28301,0,0,38609,-15.137684106826782,-11.009793758392334,0.21428571428571427
28302,0,0,38599,-15.137684106826782,-11.009793758392334,0.21428571428571427
28303,0,0,38608,-15.137684106826782,-11.009793758392334,0.21428571428571427
28304,0,0,38607,-15.137684106826782,-11.009793758392334,0.21428571428571427
28305,0,0,38606,-15.137684106826782,-11.009793758392334,0.21428571428571427
28306,0,0,38605,-15.137684106826782,-11.009793758392334,0.21428571428571427
28307,0,0,38604,-15.137684106826782,-11.009793758392334,0.21428571428571427
28308,0,0,38603,-15.137684106826782,-11.009793758392334,0.21428571428571427
28309,0,0,38602,-15.137684106826782,-11.009793758392334,0.21428571428571427
28310,0,0,38601,-15.137684106826782,-11.009793758392334,0.21428571428571427
28311,0,0,38600,-15.137684106826782,-11.009793758392334,0.21428571428571427
28312,0,0,38524,-15.137684106826782,-11.009793758392334,0.21428571428571427
28313,0,0,38475,-15.137684106826782,-11.009793758392334,0.21428571428571427
28314,0,0,38474,-15.137684106826782,-11.009793758392334,0.21428571428571427
28315,0,0,38473,-15.137684106826782,-11.009793758392334,0.21428571428571427
28316,0,0,38350,-15.137684106826782,-11.009793758392334,0.21428571428571427
28317,0,0,38349,-15.137684106826782,-11.009793758392334,0.21428571428571427
28318,0,0,38348,-15.137684106826782,-11.009793758392334,0.21428571428571427
28319,0,0,38347,-15.137684106826782,-11.009793758392334,0.21428571428571427
28320,0,0,38346,-15.137684106826782,-11.009793758392334,0.21428571428571427
28321,0,0,38345,-15.137684106826782,-11.009793758392334,0.21428571428571427
28322,0,0,38344,-15.137684106826782,-11.009793758392334,0.21428571428571427
28323,0,0,38343,-15.137684106826782,-11.009793758392334,0.21428571428571427
28324,0,0,38342,-15.137684106826782,-11.009793758392334,0.21428571428571427
28325,0,0,38341,-15.137684106826782,-11.009793758392334,0.21428571428571427
28326,0,0,38340,-15.137684106826782,-11.009793758392334,0.21428571428571427
28327,0,0,38339,-15.137684106826782,-11.009793758392334,0.21428571428571427
28328,0,0,38338,-15.137684106826782,-11.009793758392334,0.21428571428571427
28329,0,0,38337,-15.137684106826782,-11.009793758392334,0.21428571428571427
28330,0,0,38336,-15.137684106826782,-11.009793758392334,0.21428571428571427
28331,0,0,38335,-15.137684106826782,-11.009793758392334,0.21428571428571427
28332,0,0,38334,-15.137684106826782,-11.009793758392334,0.21428571428571427
28333,0,0,38333,-15.137684106826782,-11.009793758392334,0.21428571428571427
28334,0,0,38332,-15.137684106826782,-11.009793758392334,0.21428571428571427
28335,0,0,38331,-15.137684106826782,-11.009793758392334,0.21428571428571427
28336,0,0,38330,-15.137684106826782,-11.009793758392334,0.21428571428571427
28337,0,0,38351,-15.137684106826782,-11.009793758392334,0.21428571428571427
28338,0,0,38352,-15.137684106826782,-11.009793758392334,0.21428571428571427
28339,0,0,38353,-15.137684106826782,-11.009793758392334,0.21428571428571427
28340,0,0,38365,-15.137684106826782,-11.009793758392334,0.21428571428571427
28341,0,0,38374,-15.137684106826782,-11.009793758392334,0.21428571428571427
28342,0,0,38373,-15.137684106826782,-11.009793758392334,0.21428571428571427
28343,0,0,38372,-15.137684106826782,-11.009793758392334,0.21428571428571427
28344,0,0,38371,-15.137684106826782,-11.009793758392334,0.21428571428571427
28345,0,0,38370,-15.137684106826782,-11.009793758392334,0.21428571428571427
28346,0,0,38369,-15.137684106826782,-11.009793758392334,0.21428571428571427
28347,0,0,38368,-15.137684106826782,-11.009793758392334,0.21428571428571427
28348,0,0,38367,-15.137684106826782,-11.009793758392334,0.21428571428571427
28349,0,0,38366,-15.137684106826782,-11.009793758392334,0.21428571428571427
28350,0,0,38364,-15.137684106826782,-11.009793758392334,0.21428571428571427
28351,0,0,38354,-15.137684106826782,-11.009793758392334,0.21428571428571427
28352,0,0,38363,-15.137684106826782,-11.009793758392334,0.21428571428571427
28353,0,0,38362,-15.137684106826782,-11.009793758392334,0.21428571428571427
28354,0,0,38361,-15.137684106826782,-11.009793758392334,0.21428571428571427
28355,0,0,38360,-15.137684106826782,-11.009793758392334,0.21428571428571427
28356,0,0,38359,-15.137684106826782,-11.009793758392334,0.21428571428571427
28357,0,0,38358,-15.137684106826782,-11.009793758392334,0.21428571428571427
28358,0,0,38357,-15.137684106826782,-11.009793758392334,0.21428571428571427
28359,0,0,38356,-15.137684106826782,-11.009793758392334,0.21428571428571427
28360,0,0,38355,-15.137684106826782,-11.009793758392334,0.21428571428571427
28361,0,0,38329,-15.137684106826782,-11.009793758392334,0.21428571428571427
28362,0,0,38327,-15.137684106826782,-11.009793758392334,0.21428571428571427
28363,0,0,38280,-15.137684106826782,-11.009793758392334,0.21428571428571427
28364,0,0,38326,-15.137684106826782,-11.009793758392334,0.21428571428571427
28365,0,0,38301,-15.137684106826782,-11.009793758392334,0.21428571428571427
28366,0,0,38300,-15.137684106826782,-11.009793758392334,0.21428571428571427
28367,0,0,38299,-15.137684106826782,-11.009793758392334,0.21428571428571427
28368,0,0,38298,-15.137684106826782,-11.009793758392334,0.21428571428571427
28369,0,0,38297,-15.137684106826782,-11.009793758392334,0.21428571428571427
28370,0,0,38296,-15.137684106826782,-11.009793758392334,0.21428571428571427
28371,0,0,38295,-15.137684106826782,-11.009793758392334,0.21428571428571427
28372,0,0,38294,-15.137684106826782,-11.009793758392334,0.21428571428571427
28373,0,0,38293,-15.137684106826782,-11.009793758392334,0.21428571428571427
28374,0,0,38292,-15.137684106826782,-11.009793758392334,0.21428571428571427
28375,0,0,38291,-15.137684106826782,-11.009793758392334,0.21428571428571427
28376,0,0,38290,-15.137684106826782,-11.009793758392334,0.21428571428571427
28377,0,0,38289,-15.137684106826782,-11.009793758392334,0.21428571428571427
28378,0,0,38288,-15.137684106826782,-11.009793758392334,0.21428571428571427
28379,0,0,38287,-15.137684106826782,-11.009793758392334,0.21428571428571427
28380,0,0,38286,-15.137684106826782,-11.009793758392334,0.21428571428571427
28381,0,0,38285,-15.137684106826782,-11.009793758392334,0.21428571428571427
28382,0,0,38284,-15.137684106826782,-11.009793758392334,0.21428571428571427
28383,0,0,38283,-15.137684106826782,-11.009793758392334,0.21428571428571427
28384,0,0,38282,-15.137684106826782,-11.009793758392334,0.21428571428571427
28385,0,0,38281,-15.137684106826782,-11.009793758392334,0.21428571428571427
28386,0,0,38302,-15.137684106826782,-11.009793758392334,0.21428571428571427
28387,0,0,38303,-15.137684106826782,-11.009793758392334,0.21428571428571427
28388,0,0,38304,-15.137684106826782,-11.009793758392334,0.21428571428571427
28389,0,0,38316,-15.137684106826782,-11.009793758392334,0.21428571428571427
28390,0,0,38325,-15.137684106826782,-11.009793758392334,0.21428571428571427
28391,0,0,38324,-15.137684106826782,-11.009793758392334,0.21428571428571427
28392,0,0,38323,-15.137684106826782,-11.009793758392334,0.21428571428571427
28393,0,0,38322,-15.137684106826782,-11.009793758392334,0.21428571428571427
28394,0,0,38321,-15.137684106826782,-11.009793758392334,0.21428571428571427
28395,0,0,38320,-15.137684106826782,-11.009793758392334,0.21428571428571427
28396,0,0,38319,-15.137684106826782,-11.009793758392334,0.21428571428571427
28397,0,0,38318,-15.137684106826782,-11.009793758392334,0.21428571428571427
28398,0,0,38317,-15.137684106826782,-11.009793758392334,0.21428571428571427
28399,0,0,38315,-15.137684106826782,-11.009793758392334,0.21428571428571427
28400,0,0,38305,-15.137684106826782,-11.009793758392334,0.21428571428571427
28401,0,0,38314,-15.137684106826782,-11.009793758392334,0.21428571428571427
28402,0,0,38313,-15.137684106826782,-11.009793758392334,0.21428571428571427
28403,0,0,38312,-15.137684106826782,-11.009793758392334,0.21428571428571427
28404,0,0,38311,-15.137684106826782,-11.009793758392334,0.21428571428571427
28405,0,0,38310,-15.137684106826782,-11.009793758392334,0.21428571428571427
28406,0,0,38309,-15.137684106826782,-11.009793758392334,0.21428571428571427
28407,0,0,38308,-15.137684106826782,-11.009793758392334,0.21428571428571427
28408,0,0,38307,-15.137684106826782,-11.009793758392334,0.21428571428571427
28409,0,0,38306,-15.137684106826782,-11.009793758392334,0.21428571428571427
28410,0,0,38375,-15.137684106826782,-11.009793758392334,0.21428571428571427
28411,0,0,38328,-15.137684106826782,-11.009793758392334,0.21428571428571427
28412,0,0,38376,-15.137684106826782,-11.009793758392334,0.21428571428571427
28413,0,0,38426,-15.137684106826782,-11.009793758392334,0.21428571428571427
28414,0,0,38448,-15.137684106826782,-11.009793758392334,0.21428571428571427
28415,0,0,38447,-15.137684106826782,-11.009793758392334,0.21428571428571427
28416,0,0,38446,-15.137684106826782,-11.009793758392334,0.21428571428571427
28417,0,0,38445,-15.137684106826782,-11.009793758392334,0.21428571428571427
28418,0,0,38444,-15.137684106826782,-11.009793758392334,0.21428571428571427
28419,0,0,38443,-15.137684106826782,-11.009793758392334,0.21428571428571427
28420,0,0,38442,-15.137684106826782,-11.009793758392334,0.21428571428571427
28421,0,0,38441,-15.137684106826782,-11.009793758392334,0.21428571428571427
28422,0,0,38440,-15.137684106826782,-11.009793758392334,0.21428571428571427
28423,0,0,38439,-15.137684106826782,-11.009793758392334,0.21428571428571427
28424,0,0,38438,-15.137684106826782,-11.009793758392334,0.21428571428571427
28425,0,0,38437,-15.137684106826782,-11.009793758392334,0.21428571428571427
28426,0,0,38436,-15.137684106826782,-11.009793758392334,0.21428571428571427
28427,0,0,38435,-15.137684106826782,-11.009793758392334,0.21428571428571427
28428,0,0,38434,-15.137684106826782,-11.009793758392334,0.21428571428571427
28429,0,0,38433,-15.137684106826782,-11.009793758392334,0.21428571428571427
28430,0,0,38432,-15.137684106826782,-11.009793758392334,0.21428571428571427
28431,0,0,38431,-15.137684106826782,-11.009793758392334,0.21428571428571427
28432,0,0,38430,-15.137684106826782,-11.009793758392334,0.21428571428571427
28433,0,0,38429,-15.137684106826782,-11.009793758392334,0.21428571428571427
28434,0,0,38428,-15.137684106826782,-11.009793758392334,0.21428571428571427
28435,0,0,38449,-15.137684106826782,-11.009793758392334,0.21428571428571427
28436,0,0,38450,-15.137684106826782,-11.009793758392334,0.21428571428571427
28437,0,0,38451,-15.137684106826782,-11.009793758392334,0.21428571428571427
28438,0,0,38463,-15.137684106826782,-11.009793758392334,0.21428571428571427
28439,0,0,38472,-15.137684106826782,-11.009793758392334,0.21428571428571427
28440,0,0,38471,-15.137684106826782,-11.009793758392334,0.21428571428571427
28441,0,0,38470,-15.137684106826782,-11.009793758392334,0.21428571428571427
28442,0,0,38469,-15.137684106826782,-11.009793758392334,0.21428571428571427
28443,0,0,38468,-15.137684106826782,-11.009793758392334,0.21428571428571427
28444,0,0,38467,-15.137684106826782,-11.009793758392334,0.21428571428571427
28445,0,0,38466,-15.137684106826782,-11.009793758392334,0.21428571428571427
28446,0,0,38465,-15.137684106826782,-11.009793758392334,0.21428571428571427
28447,0,0,38464,-15.137684106826782,-11.009793758392334,0.21428571428571427
28448,0,0,38462,-15.137684106826782,-11.009793758392334,0.21428571428571427
28449,0,0,38452,-15.137684106826782,-11.009793758392334,0.21428571428571427
28450,0,0,38461,-15.137684106826782,-11.009793758392334,0.21428571428571427
28451,0,0,38460,-15.137684106826782,-11.009793758392334,0.21428571428571427
28452,0,0,38459,-15.137684106826782,-11.009793758392334,0.21428571428571427
28453,0,0,38458,-15.137684106826782,-11.009793758392334,0.21428571428571427
28454,0,0,38457,-15.137684106826782,-11.009793758392334,0.21428571428571427
28455,0,0,38456,-15.137684106826782,-11.009793758392334,0.21428571428571427
28456,0,0,38455,-15.137684106826782,-11.009793758392334,0.21428571428571427
28457,0,0,38454,-15.137684106826782,-11.009793758392334,0.21428571428571427
28458,0,0,38453,-15.137684106826782,-11.009793758392334,0.21428571428571427
28459,0,0,38427,-15.137684106826782,-11.009793758392334,0.21428571428571427
28460,0,0,38425,-15.137684106826782,-11.009793758392334,0.21428571428571427
28461,0,0,38378,-15.137684106826782,-11.009793758392334,0.21428571428571427
28462,0,0,38424,-15.137684106826782,-11.009793758392334,0.21428571428571427
28463,0,0,38399,-15.137684106826782,-11.009793758392334,0.21428571428571427
28464,0,0,38398,-15.137684106826782,-11.009793758392334,0.21428571428571427
28465,0,0,38397,-15.137684106826782,-11.009793758392334,0.21428571428571427
28466,0,0,38396,-15.137684106826782,-11.009793758392334,0.21428571428571427
28467,0,0,38395,-15.137684106826782,-11.009793758392334,0.21428571428571427
28468,0,0,38394,-15.137684106826782,-11.009793758392334,0.21428571428571427
28469,0,0,38393,-15.137684106826782,-11.009793758392334,0.21428571428571427
28470,0,0,38392,-15.137684106826782,-11.009793758392334,0.21428571428571427
28471,0,0,38391,-15.137684106826782,-11.009793758392334,0.21428571428571427
28472,0,0,38390,-15.137684106826782,-11.009793758392334,0.21428571428571427
28473,0,0,38389,-15.137684106826782,-11.009793758392334,0.21428571428571427
28474,0,0,38388,-15.137684106826782,-11.009793758392334,0.21428571428571427
28475,0,0,38387,-15.137684106826782,-11.009793758392334,0.21428571428571427
28476,0,0,38386,-15.137684106826782,-11.009793758392334,0.21428571428571427
28477,0,0,38385,-15.137684106826782,-11.009793758392334,0.21428571428571427
28478,0,0,38384,-15.137684106826782,-11.009793758392334,0.21428571428571427
28479,0,0,38383,-15.137684106826782,-11.009793758392334,0.21428571428571427
28480,0,0,38382,-15.137684106826782,-11.009793758392334,0.21428571428571427
28481,0,0,38381,-15.137684106826782,-11.009793758392334,0.21428571428571427
28482,0,0,38380,-15.137684106826782,-11.009793758392334,0.21428571428571427
28483,0,0,38379,-15.137684106826782,-11.009793758392334,0.21428571428571427
28484,0,0,38400,-15.137684106826782,-11.009793758392334,0.21428571428571427
28485,0,0,38401,-15.137684106826782,-11.009793758392334,0.21428571428571427
28486,0,0,38402,-15.137684106826782,-11.009793758392334,0.21428571428571427
28487,0,0,38414,-15.137684106826782,-11.009793758392334,0.21428571428571427
28488,0,0,38423,-15.137684106826782,-11.009793758392334,0.21428571428571427
28489,0,0,38422,-15.137684106826782,-11.009793758392334,0.21428571428571427
28490,0,0,38421,-15.137684106826782,-11.009793758392334,0.21428571428571427
28491,0,0,38420,-15.137684106826782,-11.009793758392334,0.21428571428571427
28492,0,0,38419,-15.137684106826782,-11.009793758392334,0.21428571428571427
28493,0,0,38418,-15.137684106826782,-11.009793758392334,0.21428571428571427
28494,0,0,38417,-15.137684106826782,-11.009793758392334,0.21428571428571427
28495,0,0,38416,-15.137684106826782,-11.009793758392334,0.21428571428571427
28496,0,0,38415,-15.137684106826782,-11.009793758392334,0.21428571428571427
28497,0,0,38413,-15.137684106826782,-11.009793758392334,0.21428571428571427
28498,0,0,38403,-15.137684106826782,-11.009793758392334,0.21428571428571427
28499,0,0,38412,-15.137684106826782,-11.009793758392334,0.21428571428571427
28500,0,0,38411,-15.137684106826782,-11.009793758392334,0.21428571428571427
28501,0,0,38410,-15.137684106826782,-11.009793758392334,0.21428571428571427
28502,0,0,38409,-15.137684106826782,-11.009793758392334,0.21428571428571427
28503,0,0,38408,-15.137684106826782,-11.009793758392334,0.21428571428571427
28504,0,0,38407,-15.137684106826782,-11.009793758392334,0.21428571428571427
28505,0,0,38406,-15.137684106826782,-11.009793758392334,0.21428571428571427
28506,0,0,38405,-15.137684106826782,-11.009793758392334,0.21428571428571427
28507,0,0,38404,-15.137684106826782,-11.009793758392334,0.21428571428571427
28508,0,0,38668,-15.137684106826782,-11.009793758392334,0.21428571428571427
28509,0,0,38669,-15.137684106826782,-11.009793758392334,0.21428571428571427
28510,0,0,38670,-15.137684106826782,-11.009793758392334,0.21428571428571427
28511,0,0,38865,-15.137684106826782,-11.009793758392334,0.21428571428571427
28512,0,0,38936,-15.137684106826782,-11.009793758392334,0.21428571428571427
28513,0,0,38935,-15.137684106826782,-11.009793758392334,0.21428571428571427
28514,0,0,38934,-15.137684106826782,-11.009793758392334,0.21428571428571427
28515,0,0,38933,-15.137684106826782,-11.009793758392334,0.21428571428571427
28516,0,0,38932,-15.137684106826782,-11.009793758392334,0.21428571428571427
28517,0,0,38931,-15.137684106826782,-11.009793758392334,0.21428571428571427
28518,0,0,38930,-15.137684106826782,-11.009793758392334,0.21428571428571427
28519,0,0,38929,-15.137684106826782,-11.009793758392334,0.21428571428571427
28520,0,0,38928,-15.137684106826782,-11.009793758392334,0.21428571428571427
28521,0,0,38927,-15.137684106826782,-11.009793758392334,0.21428571428571427
28522,0,0,38926,-15.137684106826782,-11.009793758392334,0.21428571428571427
28523,0,0,38925,-15.137684106826782,-11.009793758392334,0.21428571428571427
28524,0,0,38924,-15.137684106826782,-11.009793758392334,0.21428571428571427
28525,0,0,38923,-15.137684106826782,-11.009793758392334,0.21428571428571427
28526,0,0,38922,-15.137684106826782,-11.009793758392334,0.21428571428571427
28527,0,0,38921,-15.137684106826782,-11.009793758392334,0.21428571428571427
28528,0,0,38920,-15.137684106826782,-11.009793758392334,0.21428571428571427
28529,0,0,38919,-15.137684106826782,-11.009793758392334,0.21428571428571427
28530,0,0,38918,-15.137684106826782,-11.009793758392334,0.21428571428571427
28531,0,0,38917,-15.137684106826782,-11.009793758392334,0.21428571428571427
28532,0,0,38916,-15.137684106826782,-11.009793758392334,0.21428571428571427
28533,0,0,38937,-15.137684106826782,-11.009793758392334,0.21428571428571427
28534,0,0,38938,-15.137684106826782,-11.009793758392334,0.21428571428571427
28535,0,0,38939,-15.137684106826782,-11.009793758392334,0.21428571428571427
28536,0,0,38951,-15.137684106826782,-11.009793758392334,0.21428571428571427
28537,0,0,38960,-15.137684106826782,-11.009793758392334,0.21428571428571427
28538,0,0,38959,-15.137684106826782,-11.009793758392334,0.21428571428571427
28539,0,0,38958,-15.137684106826782,-11.009793758392334,0.21428571428571427
28540,0,0,38957,-15.137684106826782,-11.009793758392334,0.21428571428571427
28541,0,0,38956,-15.137684106826782,-11.009793758392334,0.21428571428571427
28542,0,0,38955,-15.137684106826782,-11.009793758392334,0.21428571428571427
28543,0,0,38954,-15.137684106826782,-11.009793758392334,0.21428571428571427
28544,0,0,38953,-15.137684106826782,-11.009793758392334,0.21428571428571427
28545,0,0,38952,-15.137684106826782,-11.009793758392334,0.21428571428571427
28546,0,0,38950,-15.137684106826782,-11.009793758392334,0.21428571428571427
28547,0,0,38940,-15.137684106826782,-11.009793758392334,0.21428571428571427
28548,0,0,38949,-15.137684106826782,-11.009793758392334,0.21428571428571427
28549,0,0,38948,-15.137684106826782,-11.009793758392334,0.21428571428571427
28550,0,0,38947,-15.137684106826782,-11.009793758392334,0.21428571428571427
28551,0,0,38946,-15.137684106826782,-11.009793758392334,0.21428571428571427
28552,0,0,38945,-15.137684106826782,-11.009793758392334,0.21428571428571427
28553,0,0,38944,-15.137684106826782,-11.009793758392334,0.21428571428571427
28554,0,0,38943,-15.137684106826782,-11.009793758392334,0.21428571428571427
28555,0,0,38942,-15.137684106826782,-11.009793758392334,0.21428571428571427
28556,0,0,38941,-15.137684106826782,-11.009793758392334,0.21428571428571427
28557,0,0,38915,-15.137684106826782,-11.009793758392334,0.21428571428571427
28558,0,0,38913,-15.137684106826782,-11.009793758392334,0.21428571428571427
28559,0,0,38866,-15.137684106826782,-11.009793758392334,0.21428571428571427
28560,0,0,38912,-15.137684106826782,-11.009793758392334,0.21428571428571427
28561,0,0,38887,-15.137684106826782,-11.009793758392334,0.21428571428571427
28562,0,0,38886,-15.137684106826782,-11.009793758392334,0.21428571428571427
28563,0,0,38885,-15.137684106826782,-11.009793758392334,0.21428571428571427
28564,0,0,38884,-15.137684106826782,-11.009793758392334,0.21428571428571427
28565,0,0,38883,-15.137684106826782,-11.009793758392334,0.21428571428571427
28566,0,0,38882,-15.137684106826782,-11.009793758392334,0.21428571428571427
28567,0,0,38881,-15.137684106826782,-11.009793758392334,0.21428571428571427
28568,0,0,38880,-15.137684106826782,-11.009793758392334,0.21428571428571427
28569,0,0,38879,-15.137684106826782,-11.009793758392334,0.21428571428571427
28570,0,0,38878,-15.137684106826782,-11.009793758392334,0.21428571428571427
28571,0,0,38877,-15.137684106826782,-11.009793758392334,0.21428571428571427
28572,0,0,38876,-15.137684106826782,-11.009793758392334,0.21428571428571427
28573,0,0,38875,-15.137684106826782,-11.009793758392334,0.21428571428571427
28574,0,0,38874,-15.137684106826782,-11.009793758392334,0.21428571428571427
28575,0,0,38873,-15.137684106826782,-11.009793758392334,0.21428571428571427
28576,0,0,38872,-15.137684106826782,-11.009793758392334,0.21428571428571427
28577,0,0,38871,-15.137684106826782,-11.009793758392334,0.21428571428571427
28578,0,0,38870,-15.137684106826782,-11.009793758392334,0.21428571428571427
28579,0,0,38869,-15.137684106826782,-11.009793758392334,0.21428571428571427
28580,0,0,38868,-15.137684106826782,-11.009793758392334,0.21428571428571427
28581,0,0,38867,-15.137684106826782,-11.009793758392334,0.21428571428571427
28582,0,0,38888,-15.137684106826782,-11.009793758392334,0.21428571428571427
28583,0,0,38889,-15.137684106826782,-11.009793758392334,0.21428571428571427
28584,0,0,38890,-15.137684106826782,-11.009793758392334,0.21428571428571427
28585,0,0,38902,-15.137684106826782,-11.009793758392334,0.21428571428571427
28586,0,0,38911,-15.137684106826782,-11.009793758392334,0.21428571428571427
28587,0,0,38910,-15.137684106826782,-11.009793758392334,0.21428571428571427
28588,0,0,38909,-15.137684106826782,-11.009793758392334,0.21428571428571427
28589,0,0,38908,-15.137684106826782,-11.009793758392334,0.21428571428571427
28590,0,0,38907,-15.137684106826782,-11.009793758392334,0.21428571428571427
28591,0,0,38906,-15.137684106826782,-11.009793758392334,0.21428571428571427
28592,0,0,38905,-15.137684106826782,-11.009793758392334,0.21428571428571427
28593,0,0,38904,-15.137684106826782,-11.009793758392334,0.21428571428571427
28594,0,0,38903,-15.137684106826782,-11.009793758392334,0.21428571428571427
28595,0,0,38901,-15.137684106826782,-11.009793758392334,0.21428571428571427
28596,0,0,38891,-15.137684106826782,-11.009793758392334,0.21428571428571427
28597,0,0,38900,-15.137684106826782,-11.009793758392334,0.21428571428571427
28598,0,0,38899,-15.137684106826782,-11.009793758392334,0.21428571428571427
28599,0,0,38898,-15.137684106826782,-11.009793758392334,0.21428571428571427
28600,0,0,38897,-15.137684106826782,-11.009793758392334,0.21428571428571427
28601,0,0,38896,-15.137684106826782,-11.009793758392334,0.21428571428571427
28602,0,0,38895,-15.137684106826782,-11.009793758392334,0.21428571428571427
28603,0,0,38894,-15.137684106826782,-11.009793758392334,0.21428571428571427
28604,0,0,38893,-15.137684106826782,-11.009793758392334,0.21428571428571427
28605,0,0,38892,-15.137684106826782,-11.009793758392334,0.21428571428571427
28606,0,0,38961,-15.137684106826782,-11.009793758392334,0.21428571428571427
28607,0,0,38962,-15.137684106826782,-11.009793758392334,0.21428571428571427
28608,0,0,38963,-15.137684106826782,-11.009793758392334,0.21428571428571427
28609,0,0,38964,-15.137684106826782,-11.009793758392334,0.21428571428571427
28610,0,0,39033,-15.137684106826782,-11.009793758392334,0.21428571428571427
28611,0,0,39032,-15.137684106826782,-11.009793758392334,0.21428571428571427
28612,0,0,39031,-15.137684106826782,-11.009793758392334,0.21428571428571427
28613,0,0,39030,-15.137684106826782,-11.009793758392334,0.21428571428571427
28614,0,0,39029,-15.137684106826782,-11.009793758392334,0.21428571428571427
28615,0,0,39028,-15.137684106826782,-11.009793758392334,0.21428571428571427
28616,0,0,39027,-15.137684106826782,-11.009793758392334,0.21428571428571427
28617,0,0,39026,-15.137684106826782,-11.009793758392334,0.21428571428571427
28618,0,0,39025,-15.137684106826782,-11.009793758392334,0.21428571428571427
28619,0,0,39023,-15.137684106826782,-11.009793758392334,0.21428571428571427
28620,0,0,39013,-15.137684106826782,-11.009793758392334,0.21428571428571427
28621,0,0,39022,-15.137684106826782,-11.009793758392334,0.21428571428571427
28622,0,0,39021,-15.137684106826782,-11.009793758392334,0.21428571428571427
28623,0,0,39020,-15.137684106826782,-11.009793758392334,0.21428571428571427
28624,0,0,39019,-15.137684106826782,-11.009793758392334,0.21428571428571427
28625,0,0,39018,-15.137684106826782,-11.009793758392334,0.21428571428571427
28626,0,0,39017,-15.137684106826782,-11.009793758392334,0.21428571428571427
28627,0,0,39016,-15.137684106826782,-11.009793758392334,0.21428571428571427
28628,0,0,39015,-15.137684106826782,-11.009793758392334,0.21428571428571427
28629,0,0,39014,-15.137684106826782,-11.009793758392334,0.21428571428571427
28630,0,0,39034,-15.137684106826782,-11.009793758392334,0.21428571428571427
28631,0,0,39024,-15.137684106826782,-11.009793758392334,0.21428571428571427
28632,0,0,39035,-15.137684106826782,-11.009793758392334,0.21428571428571427
28633,0,0,39048,-15.137684106826782,-11.009793758392334,0.21428571428571427
28634,0,0,39057,-15.137684106826782,-11.009793758392334,0.21428571428571427
28635,0,0,39056,-15.137684106826782,-11.009793758392334,0.21428571428571427
28636,0,0,39055,-15.137684106826782,-11.009793758392334,0.21428571428571427
28637,0,0,39054,-15.137684106826782,-11.009793758392334,0.21428571428571427
28638,0,0,39053,-15.137684106826782,-11.009793758392334,0.21428571428571427
28639,0,0,39052,-15.137684106826782,-11.009793758392334,0.21428571428571427
28640,0,0,39051,-15.137684106826782,-11.009793758392334,0.21428571428571427
28641,0,0,39050,-15.137684106826782,-11.009793758392334,0.21428571428571427
28642,0,0,39049,-15.137684106826782,-11.009793758392334,0.21428571428571427
28643,0,0,39047,-15.137684106826782,-11.009793758392334,0.21428571428571427
28644,0,0,39037,-15.137684106826782,-11.009793758392334,0.21428571428571427
28645,0,0,39046,-15.137684106826782,-11.009793758392334,0.21428571428571427
28646,0,0,39045,-15.137684106826782,-11.009793758392334,0.21428571428571427
28647,0,0,39044,-15.137684106826782,-11.009793758392334,0.21428571428571427
28648,0,0,39043,-15.137684106826782,-11.009793758392334,0.21428571428571427
28649,0,0,39042,-15.137684106826782,-11.009793758392334,0.21428571428571427
28650,0,0,39041,-15.137684106826782,-11.009793758392334,0.21428571428571427
28651,0,0,39040,-15.137684106826782,-11.009793758392334,0.21428571428571427
28652,0,0,39039,-15.137684106826782,-11.009793758392334,0.21428571428571427
28653,0,0,39038,-15.137684106826782,-11.009793758392334,0.21428571428571427
28654,0,0,39036,-15.137684106826782,-11.009793758392334,0.21428571428571427
28655,0,0,39012,-15.137684106826782,-11.009793758392334,0.21428571428571427
28656,0,0,39011,-15.137684106826782,-11.009793758392334,0.21428571428571427
28657,0,0,39010,-15.137684106826782,-11.009793758392334,0.21428571428571427
28658,0,0,38985,-15.137684106826782,-11.009793758392334,0.21428571428571427
28659,0,0,38984,-15.137684106826782,-11.009793758392334,0.21428571428571427
28660,0,0,38983,-15.137684106826782,-11.009793758392334,0.21428571428571427
28661,0,0,38982,-15.137684106826782,-11.009793758392334,0.21428571428571427
28662,0,0,38981,-15.137684106826782,-11.009793758392334,0.21428571428571427
28663,0,0,38980,-15.137684106826782,-11.009793758392334,0.21428571428571427
28664,0,0,38979,-15.137684106826782,-11.009793758392334,0.21428571428571427
28665,0,0,38978,-15.137684106826782,-11.009793758392334,0.21428571428571427
28666,0,0,38977,-15.137684106826782,-11.009793758392334,0.21428571428571427
28667,0,0,38976,-15.137684106826782,-11.009793758392334,0.21428571428571427
28668,0,0,38975,-15.137684106826782,-11.009793758392334,0.21428571428571427
28669,0,0,38974,-15.137684106826782,-11.009793758392334,0.21428571428571427
28670,0,0,38973,-15.137684106826782,-11.009793758392334,0.21428571428571427
28671,0,0,38972,-15.137684106826782,-11.009793758392334,0.21428571428571427
28672,0,0,38971,-15.137684106826782,-11.009793758392334,0.21428571428571427
28673,0,0,38970,-15.137684106826782,-11.009793758392334,0.21428571428571427
28674,0,0,38969,-15.137684106826782,-11.009793758392334,0.21428571428571427
28675,0,0,38968,-15.137684106826782,-11.009793758392334,0.21428571428571427
28676,0,0,38967,-15.137684106826782,-11.009793758392334,0.21428571428571427
28677,0,0,38966,-15.137684106826782,-11.009793758392334,0.21428571428571427
28678,0,0,38965,-15.137684106826782,-11.009793758392334,0.21428571428571427
28679,0,0,38986,-15.137684106826782,-11.009793758392334,0.21428571428571427
28680,0,0,38987,-15.137684106826782,-11.009793758392334,0.21428571428571427
28681,0,0,38988,-15.137684106826782,-11.009793758392334,0.21428571428571427
28682,0,0,39000,-15.137684106826782,-11.009793758392334,0.21428571428571427
28683,0,0,39009,-15.137684106826782,-11.009793758392334,0.21428571428571427
28684,0,0,39008,-15.137684106826782,-11.009793758392334,0.21428571428571427
28685,0,0,39007,-15.137684106826782,-11.009793758392334,0.21428571428571427
28686,0,0,39006,-15.137684106826782,-11.009793758392334,0.21428571428571427
28687,0,0,39005,-15.137684106826782,-11.009793758392334,0.21428571428571427
28688,0,0,39004,-15.137684106826782,-11.009793758392334,0.21428571428571427
28689,0,0,39003,-15.137684106826782,-11.009793758392334,0.21428571428571427
28690,0,0,39002,-15.137684106826782,-11.009793758392334,0.21428571428571427
28691,0,0,39001,-15.137684106826782,-11.009793758392334,0.21428571428571427
28692,0,0,38999,-15.137684106826782,-11.009793758392334,0.21428571428571427
28693,0,0,38989,-15.137684106826782,-11.009793758392334,0.21428571428571427
28694,0,0,38998,-15.137684106826782,-11.009793758392334,0.21428571428571427
28695,0,0,38997,-15.137684106826782,-11.009793758392334,0.21428571428571427
28696,0,0,38996,-15.137684106826782,-11.009793758392334,0.21428571428571427
28697,0,0,38995,-15.137684106826782,-11.009793758392334,0.21428571428571427
28698,0,0,38994,-15.137684106826782,-11.009793758392334,0.21428571428571427
28699,0,0,38993,-15.137684106826782,-11.009793758392334,0.21428571428571427
28700,0,0,38992,-15.137684106826782,-11.009793758392334,0.21428571428571427
28701,0,0,38991,-15.137684106826782,-11.009793758392334,0.21428571428571427
28702,0,0,38990,-15.137684106826782,-11.009793758392334,0.21428571428571427
28703,0,0,38914,-15.137684106826782,-11.009793758392334,0.21428571428571427
28704,0,0,38864,-15.137684106826782,-11.009793758392334,0.21428571428571427
28705,0,0,38719,-15.137684106826782,-11.009793758392334,0.21428571428571427
28706,0,0,38863,-15.137684106826782,-11.009793758392334,0.21428571428571427
28707,0,0,38741,-15.137684106826782,-11.009793758392334,0.21428571428571427
28708,0,0,38740,-15.137684106826782,-11.009793758392334,0.21428571428571427
28709,0,0,38739,-15.137684106826782,-11.009793758392334,0.21428571428571427
28710,0,0,38738,-15.137684106826782,-11.009793758392334,0.21428571428571427
28711,0,0,38737,-15.137684106826782,-11.009793758392334,0.21428571428571427
28712,0,0,38736,-15.137684106826782,-11.009793758392334,0.21428571428571427
28713,0,0,38735,-15.137684106826782,-11.009793758392334,0.21428571428571427
28714,0,0,38734,-15.137684106826782,-11.009793758392334,0.21428571428571427
28715,0,0,38733,-15.137684106826782,-11.009793758392334,0.21428571428571427
28716,0,0,38732,-15.137684106826782,-11.009793758392334,0.21428571428571427
28717,0,0,38731,-15.137684106826782,-11.009793758392334,0.21428571428571427
28718,0,0,38730,-15.137684106826782,-11.009793758392334,0.21428571428571427
28719,0,0,38729,-15.137684106826782,-11.009793758392334,0.21428571428571427
28720,0,0,38728,-15.137684106826782,-11.009793758392334,0.21428571428571427
28721,0,0,38727,-15.137684106826782,-11.009793758392334,0.21428571428571427
28722,0,0,38726,-15.137684106826782,-11.009793758392334,0.21428571428571427
28723,0,0,38725,-15.137684106826782,-11.009793758392334,0.21428571428571427
28724,0,0,38724,-15.137684106826782,-11.009793758392334,0.21428571428571427
28725,0,0,38723,-15.137684106826782,-11.009793758392334,0.21428571428571427
28726,0,0,38722,-15.137684106826782,-11.009793758392334,0.21428571428571427
28727,0,0,38721,-15.137684106826782,-11.009793758392334,0.21428571428571427
28728,0,0,38742,-15.137684106826782,-11.009793758392334,0.21428571428571427
28729,0,0,38743,-15.137684106826782,-11.009793758392334,0.21428571428571427
28730,0,0,38744,-15.137684106826782,-11.009793758392334,0.21428571428571427
28731,0,0,38756,-15.137684106826782,-11.009793758392334,0.21428571428571427
28732,0,0,38765,-15.137684106826782,-11.009793758392334,0.21428571428571427
28733,0,0,38764,-15.137684106826782,-11.009793758392334,0.21428571428571427
28734,0,0,38763,-15.137684106826782,-11.009793758392334,0.21428571428571427
28735,0,0,38762,-15.137684106826782,-11.009793758392334,0.21428571428571427
28736,0,0,38761,-15.137684106826782,-11.009793758392334,0.21428571428571427
28737,0,0,38760,-15.137684106826782,-11.009793758392334,0.21428571428571427
28738,0,0,38759,-15.137684106826782,-11.009793758392334,0.21428571428571427
28739,0,0,38758,-15.137684106826782,-11.009793758392334,0.21428571428571427
28740,0,0,38757,-15.137684106826782,-11.009793758392334,0.21428571428571427
28741,0,0,38755,-15.137684106826782,-11.009793758392334,0.21428571428571427
28742,0,0,38745,-15.137684106826782,-11.009793758392334,0.21428571428571427
28743,0,0,38754,-15.137684106826782,-11.009793758392334,0.21428571428571427
28744,0,0,38753,-15.137684106826782,-11.009793758392334,0.21428571428571427
28745,0,0,38752,-15.137684106826782,-11.009793758392334,0.21428571428571427
28746,0,0,38751,-15.137684106826782,-11.009793758392334,0.21428571428571427
28747,0,0,38750,-15.137684106826782,-11.009793758392334,0.21428571428571427
28748,0,0,38749,-15.137684106826782,-11.009793758392334,0.21428571428571427
28749,0,0,38748,-15.137684106826782,-11.009793758392334,0.21428571428571427
28750,0,0,38747,-15.137684106826782,-11.009793758392334,0.21428571428571427
28751,0,0,38746,-15.137684106826782,-11.009793758392334,0.21428571428571427
28752,0,0,38720,-15.137684106826782,-11.009793758392334,0.21428571428571427
28753,0,0,38718,-15.137684106826782,-11.009793758392334,0.21428571428571427
28754,0,0,38671,-15.137684106826782,-11.009793758392334,0.21428571428571427
28755,0,0,38717,-15.137684106826782,-11.009793758392334,0.21428571428571427
28756,0,0,38692,-15.137684106826782,-11.009793758392334,0.21428571428571427
28757,0,0,38691,-15.137684106826782,-11.009793758392334,0.21428571428571427
28758,0,0,38690,-15.137684106826782,-11.009793758392334,0.21428571428571427
28759,0,0,38689,-15.137684106826782,-11.009793758392334,0.21428571428571427
28760,0,0,38688,-15.137684106826782,-11.009793758392334,0.21428571428571427
28761,0,0,38687,-15.137684106826782,-11.009793758392334,0.21428571428571427
28762,0,0,38686,-15.137684106826782,-11.009793758392334,0.21428571428571427
28763,0,0,38685,-15.137684106826782,-11.009793758392334,0.21428571428571427
28764,0,0,38684,-15.137684106826782,-11.009793758392334,0.21428571428571427
28765,0,0,38683,-15.137684106826782,-11.009793758392334,0.21428571428571427
28766,0,0,38682,-15.137684106826782,-11.009793758392334,0.21428571428571427
28767,0,0,38681,-15.137684106826782,-11.009793758392334,0.21428571428571427
28768,0,0,38680,-15.137684106826782,-11.009793758392334,0.21428571428571427
28769,0,0,38679,-15.137684106826782,-11.009793758392334,0.21428571428571427
28770,0,0,38678,-15.137684106826782,-11.009793758392334,0.21428571428571427
28771,0,0,38677,-15.137684106826782,-11.009793758392334,0.21428571428571427
28772,0,0,38676,-15.137684106826782,-11.009793758392334,0.21428571428571427
28773,0,0,38675,-15.137684106826782,-11.009793758392334,0.21428571428571427
28774,0,0,38674,-15.137684106826782,-11.009793758392334,0.21428571428571427
28775,0,0,38673,-15.137684106826782,-11.009793758392334,0.21428571428571427
28776,0,0,38672,-15.137684106826782,-11.009793758392334,0.21428571428571427
28777,0,0,38693,-15.137684106826782,-11.009793758392334,0.21428571428571427
28778,0,0,38694,-15.137684106826782,-11.009793758392334,0.21428571428571427
28779,0,0,38695,-15.137684106826782,-11.009793758392334,0.21428571428571427
28780,0,0,38707,-15.137684106826782,-11.009793758392334,0.21428571428571427
28781,0,0,38716,-15.137684106826782,-11.009793758392334,0.21428571428571427
28782,0,0,38715,-15.137684106826782,-11.009793758392334,0.21428571428571427
28783,0,0,38714,-15.137684106826782,-11.009793758392334,0.21428571428571427
28784,0,0,38713,-15.137684106826782,-11.009793758392334,0.21428571428571427
28785,0,0,38712,-15.137684106826782,-11.009793758392334,0.21428571428571427
28786,0,0,38711,-15.137684106826782,-11.009793758392334,0.21428571428571427
28787,0,0,38710,-15.137684106826782,-11.009793758392334,0.21428571428571427
28788,0,0,38709,-15.137684106826782,-11.009793758392334,0.21428571428571427
28789,0,0,38708,-15.137684106826782,-11.009793758392334,0.21428571428571427
28790,0,0,38706,-15.137684106826782,-11.009793758392334,0.21428571428571427
28791,0,0,38696,-15.137684106826782,-11.009793758392334,0.21428571428571427
28792,0,0,38705,-15.137684106826782,-11.009793758392334,0.21428571428571427
28793,0,0,38704,-15.137684106826782,-11.009793758392334,0.21428571428571427
28794,0,0,38703,-15.137684106826782,-11.009793758392334,0.21428571428571427
28795,0,0,38702,-15.137684106826782,-11.009793758392334,0.21428571428571427
28796,0,0,38701,-15.137684106826782,-11.009793758392334,0.21428571428571427
28797,0,0,38700,-15.137684106826782,-11.009793758392334,0.21428571428571427
28798,0,0,38699,-15.137684106826782,-11.009793758392334,0.21428571428571427
28799,0,0,38698,-15.137684106826782,-11.009793758392334,0.21428571428571427
28800,0,0,38697,-15.137684106826782,-11.009793758392334,0.21428571428571427
28801,0,0,38766,-15.137684106826782,-11.009793758392334,0.21428571428571427
28802,0,0,38767,-15.137684106826782,-11.009793758392334,0.21428571428571427
28803,0,0,38768,-15.137684106826782,-11.009793758392334,0.21428571428571427
28804,0,0,38769,-15.137684106826782,-11.009793758392334,0.21428571428571427
28805,0,0,38838,-15.137684106826782,-11.009793758392334,0.21428571428571427
28806,0,0,38837,-15.137684106826782,-11.009793758392334,0.21428571428571427
28807,0,0,38836,-15.137684106826782,-11.009793758392334,0.21428571428571427
28808,0,0,38835,-15.137684106826782,-11.009793758392334,0.21428571428571427
28809,0,0,38834,-15.137684106826782,-11.009793758392334,0.21428571428571427
28810,0,0,38833,-15.137684106826782,-11.009793758392334,0.21428571428571427
28811,0,0,38832,-15.137684106826782,-11.009793758392334,0.21428571428571427
28812,0,0,38831,-15.137684106826782,-11.009793758392334,0.21428571428571427
28813,0,0,38830,-15.137684106826782,-11.009793758392334,0.21428571428571427
28814,0,0,38828,-15.137684106826782,-11.009793758392334,0.21428571428571427
28815,0,0,38818,-15.137684106826782,-11.009793758392334,0.21428571428571427
28816,0,0,38827,-15.137684106826782,-11.009793758392334,0.21428571428571427
28817,0,0,38826,-15.137684106826782,-11.009793758392334,0.21428571428571427
28818,0,0,38825,-15.137684106826782,-11.009793758392334,0.21428571428571427
28819,0,0,38824,-15.137684106826782,-11.009793758392334,0.21428571428571427
28820,0,0,38823,-15.137684106826782,-11.009793758392334,0.21428571428571427
28821,0,0,38822,-15.137684106826782,-11.009793758392334,0.21428571428571427
28822,0,0,38821,-15.137684106826782,-11.009793758392334,0.21428571428571427
28823,0,0,38820,-15.137684106826782,-11.009793758392334,0.21428571428571427
28824,0,0,38819,-15.137684106826782,-11.009793758392334,0.21428571428571427
28825,0,0,38839,-15.137684106826782,-11.009793758392334,0.21428571428571427
28826,0,0,38829,-15.137684106826782,-11.009793758392334,0.21428571428571427
28827,0,0,38840,-15.137684106826782,-11.009793758392334,0.21428571428571427
28828,0,0,38853,-15.137684106826782,-11.009793758392334,0.21428571428571427
28829,0,0,38862,-15.137684106826782,-11.009793758392334,0.21428571428571427
28830,0,0,38861,-15.137684106826782,-11.009793758392334,0.21428571428571427
28831,0,0,38860,-15.137684106826782,-11.009793758392334,0.21428571428571427
28832,0,0,38859,-15.137684106826782,-11.009793758392334,0.21428571428571427
28833,0,0,38858,-15.137684106826782,-11.009793758392334,0.21428571428571427
28834,0,0,38857,-15.137684106826782,-11.009793758392334,0.21428571428571427
28835,0,0,38856,-15.137684106826782,-11.009793758392334,0.21428571428571427
28836,0,0,38855,-15.137684106826782,-11.009793758392334,0.21428571428571427
28837,0,0,38854,-15.137684106826782,-11.009793758392334,0.21428571428571427
28838,0,0,38852,-15.137684106826782,-11.009793758392334,0.21428571428571427
28839,0,0,38842,-15.137684106826782,-11.009793758392334,0.21428571428571427
28840,0,0,38851,-15.137684106826782,-11.009793758392334,0.21428571428571427
28841,0,0,38850,-15.137684106826782,-11.009793758392334,0.21428571428571427
28842,0,0,38849,-15.137684106826782,-11.009793758392334,0.21428571428571427
28843,0,0,38848,-15.137684106826782,-11.009793758392334,0.21428571428571427
28844,0,0,38847,-15.137684106826782,-11.009793758392334,0.21428571428571427
28845,0,0,38846,-15.137684106826782,-11.009793758392334,0.21428571428571427
28846,0,0,38845,-15.137684106826782,-11.009793758392334,0.21428571428571427
28847,0,0,38844,-15.137684106826782,-11.009793758392334,0.21428571428571427
28848,0,0,38843,-15.137684106826782,-11.009793758392334,0.21428571428571427
28849,0,0,38841,-15.137684106826782,-11.009793758392334,0.21428571428571427
28850,0,0,38817,-15.137684106826782,-11.009793758392334,0.21428571428571427
28851,0,0,38816,-15.137684106826782,-11.009793758392334,0.21428571428571427
28852,0,0,38815,-15.137684106826782,-11.009793758392334,0.21428571428571427
28853,0,0,38790,-15.137684106826782,-11.009793758392334,0.21428571428571427
28854,0,0,38789,-15.137684106826782,-11.009793758392334,0.21428571428571427
28855,0,0,38788,-15.137684106826782,-11.009793758392334,0.21428571428571427
28856,0,0,38787,-15.137684106826782,-11.009793758392334,0.21428571428571427
28857,0,0,38786,-15.137684106826782,-11.009793758392334,0.21428571428571427
28858,0,0,38785,-15.137684106826782,-11.009793758392334,0.21428571428571427
28859,0,0,38784,-15.137684106826782,-11.009793758392334,0.21428571428571427
28860,0,0,38783,-15.137684106826782,-11.009793758392334,0.21428571428571427
28861,0,0,38782,-15.137684106826782,-11.009793758392334,0.21428571428571427
28862,0,0,38781,-15.137684106826782,-11.009793758392334,0.21428571428571427
28863,0,0,38780,-15.137684106826782,-11.009793758392334,0.21428571428571427
28864,0,0,38779,-15.137684106826782,-11.009793758392334,0.21428571428571427
28865,0,0,38778,-15.137684106826782,-11.009793758392334,0.21428571428571427
28866,0,0,38777,-15.137684106826782,-11.009793758392334,0.21428571428571427
28867,0,0,38776,-15.137684106826782,-11.009793758392334,0.21428571428571427
28868,0,0,38775,-15.137684106826782,-11.009793758392334,0.21428571428571427
28869,0,0,38774,-15.137684106826782,-11.009793758392334,0.21428571428571427
28870,0,0,38773,-15.137684106826782,-11.009793758392334,0.21428571428571427
28871,0,0,38772,-15.137684106826782,-11.009793758392334,0.21428571428571427
28872,0,0,38771,-15.137684106826782,-11.009793758392334,0.21428571428571427
28873,0,0,38770,-15.137684106826782,-11.009793758392334,0.21428571428571427
28874,0,0,38791,-15.137684106826782,-11.009793758392334,0.21428571428571427
28875,0,0,38792,-15.137684106826782,-11.009793758392334,0.21428571428571427
28876,0,0,38793,-15.137684106826782,-11.009793758392334,0.21428571428571427
28877,0,0,38805,-15.137684106826782,-11.009793758392334,0.21428571428571427
28878,0,0,38814,-15.137684106826782,-11.009793758392334,0.21428571428571427
28879,0,0,38813,-15.137684106826782,-11.009793758392334,0.21428571428571427
28880,0,0,38812,-15.137684106826782,-11.009793758392334,0.21428571428571427
28881,0,0,38811,-15.137684106826782,-11.009793758392334,0.21428571428571427
28882,0,0,38810,-15.137684106826782,-11.009793758392334,0.21428571428571427
28883,0,0,38809,-15.137684106826782,-11.009793758392334,0.21428571428571427
28884,0,0,38808,-15.137684106826782,-11.009793758392334,0.21428571428571427
28885,0,0,38807,-15.137684106826782,-11.009793758392334,0.21428571428571427
28886,0,0,38806,-15.137684106826782,-11.009793758392334,0.21428571428571427
28887,0,0,38804,-15.137684106826782,-11.009793758392334,0.21428571428571427
28888,0,0,38794,-15.137684106826782,-11.009793758392334,0.21428571428571427
28889,0,0,38803,-15.137684106826782,-11.009793758392334,0.21428571428571427
28890,0,0,38802,-15.137684106826782,-11.009793758392334,0.21428571428571427
28891,0,0,38801,-15.137684106826782,-11.009793758392334,0.21428571428571427
28892,0,0,38800,-15.137684106826782,-11.009793758392334,0.21428571428571427
28893,0,0,38799,-15.137684106826782,-11.009793758392334,0.21428571428571427
28894,0,0,38798,-15.137684106826782,-11.009793758392334,0.21428571428571427
28895,0,0,38797,-15.137684106826782,-11.009793758392334,0.21428571428571427
28896,0,0,38796,-15.137684106826782,-11.009793758392334,0.21428571428571427
28897,0,0,38795,-15.137684106826782,-11.009793758392334,0.21428571428571427
28898,0,0,38377,-15.137684106826782,-11.009793758392334,0.21428571428571427
28899,0,0,38278,-15.137684106826782,-11.009793758392334,0.21428571428571427
28900,0,0,37596,-15.137684106826782,-11.009793758392334,0.21428571428571427
28901,0,0,38277,-15.137684106826782,-11.009793758392334,0.21428571428571427
28902,0,0,37765,-15.137684106826782,-11.009793758392334,0.21428571428571427
28903,0,0,37764,-15.137684106826782,-11.009793758392334,0.21428571428571427
28904,0,0,37763,-15.137684106826782,-11.009793758392334,0.21428571428571427
28905,0,0,37762,-15.137684106826782,-11.009793758392334,0.21428571428571427
28906,0,0,37761,-15.137684106826782,-11.009793758392334,0.21428571428571427
28907,0,0,37760,-15.137684106826782,-11.009793758392334,0.21428571428571427
28908,0,0,37759,-15.137684106826782,-11.009793758392334,0.21428571428571427
28909,0,0,37758,-15.137684106826782,-11.009793758392334,0.21428571428571427
28910,0,0,37757,-15.137684106826782,-11.009793758392334,0.21428571428571427
28911,0,0,37756,-15.137684106826782,-11.009793758392334,0.21428571428571427
28912,0,0,37755,-15.137684106826782,-11.009793758392334,0.21428571428571427
28913,0,0,37754,-15.137684106826782,-11.009793758392334,0.21428571428571427
28914,0,0,37753,-15.137684106826782,-11.009793758392334,0.21428571428571427
28915,0,0,37752,-15.137684106826782,-11.009793758392334,0.21428571428571427
28916,0,0,37751,-15.137684106826782,-11.009793758392334,0.21428571428571427
28917,0,0,37750,-15.137684106826782,-11.009793758392334,0.21428571428571427
28918,0,0,37749,-15.137684106826782,-11.009793758392334,0.21428571428571427
28919,0,0,37748,-15.137684106826782,-11.009793758392334,0.21428571428571427
28920,0,0,37747,-15.137684106826782,-11.009793758392334,0.21428571428571427
28921,0,0,37746,-15.137684106826782,-11.009793758392334,0.21428571428571427
28922,0,0,37745,-15.137684106826782,-11.009793758392334,0.21428571428571427
28923,0,0,37766,-15.137684106826782,-11.009793758392334,0.21428571428571427
28924,0,0,37767,-15.137684106826782,-11.009793758392334,0.21428571428571427
28925,0,0,37768,-15.137684106826782,-11.009793758392334,0.21428571428571427
28926,0,0,37780,-15.137684106826782,-11.009793758392334,0.21428571428571427
28927,0,0,37789,-15.137684106826782,-11.009793758392334,0.21428571428571427
28928,0,0,37788,-15.137684106826782,-11.009793758392334,0.21428571428571427
28929,0,0,37787,-15.137684106826782,-11.009793758392334,0.21428571428571427
28930,0,0,37786,-15.137684106826782,-11.009793758392334,0.21428571428571427
28931,0,0,37785,-15.137684106826782,-11.009793758392334,0.21428571428571427
28932,0,0,37784,-15.137684106826782,-11.009793758392334,0.21428571428571427
28933,0,0,37783,-15.137684106826782,-11.009793758392334,0.21428571428571427
28934,0,0,37782,-15.137684106826782,-11.009793758392334,0.21428571428571427
28935,0,0,37781,-15.137684106826782,-11.009793758392334,0.21428571428571427
28936,0,0,37779,-15.137684106826782,-11.009793758392334,0.21428571428571427
28937,0,0,37769,-15.137684106826782,-11.009793758392334,0.21428571428571427
28938,0,0,37778,-15.137684106826782,-11.009793758392334,0.21428571428571427
28939,0,0,37777,-15.137684106826782,-11.009793758392334,0.21428571428571427
28940,0,0,37776,-15.137684106826782,-11.009793758392334,0.21428571428571427
28941,0,0,37775,-15.137684106826782,-11.009793758392334,0.21428571428571427
28942,0,0,37774,-15.137684106826782,-11.009793758392334,0.21428571428571427
28943,0,0,37773,-15.137684106826782,-11.009793758392334,0.21428571428571427
28944,0,0,37772,-15.137684106826782,-11.009793758392334,0.21428571428571427
28945,0,0,37771,-15.137684106826782,-11.009793758392334,0.21428571428571427
28946,0,0,37770,-15.137684106826782,-11.009793758392334,0.21428571428571427
28947,0,0,37744,-15.137684106826782,-11.009793758392334,0.21428571428571427
28948,0,0,37742,-15.137684106826782,-11.009793758392334,0.21428571428571427
28949,0,0,37695,-15.137684106826782,-11.009793758392334,0.21428571428571427
28950,0,0,37741,-15.137684106826782,-11.009793758392334,0.21428571428571427
28951,0,0,37716,-15.137684106826782,-11.009793758392334,0.21428571428571427
28952,0,0,37715,-15.137684106826782,-11.009793758392334,0.21428571428571427
28953,0,0,37714,-15.137684106826782,-11.009793758392334,0.21428571428571427
28954,0,0,37713,-15.137684106826782,-11.009793758392334,0.21428571428571427
28955,0,0,37712,-15.137684106826782,-11.009793758392334,0.21428571428571427
28956,0,0,37711,-15.137684106826782,-11.009793758392334,0.21428571428571427
28957,0,0,37710,-15.137684106826782,-11.009793758392334,0.21428571428571427
28958,0,0,37709,-15.137684106826782,-11.009793758392334,0.21428571428571427
28959,0,0,37708,-15.137684106826782,-11.009793758392334,0.21428571428571427
28960,0,0,37707,-15.137684106826782,-11.009793758392334,0.21428571428571427
28961,0,0,37706,-15.137684106826782,-11.009793758392334,0.21428571428571427
28962,0,0,37705,-15.137684106826782,-11.009793758392334,0.21428571428571427
28963,0,0,37704,-15.137684106826782,-11.009793758392334,0.21428571428571427
28964,0,0,37703,-15.137684106826782,-11.009793758392334,0.21428571428571427
28965,0,0,37702,-15.137684106826782,-11.009793758392334,0.21428571428571427
28966,0,0,37701,-15.137684106826782,-11.009793758392334,0.21428571428571427
28967,0,0,37700,-15.137684106826782,-11.009793758392334,0.21428571428571427
28968,0,0,37699,-15.137684106826782,-11.009793758392334,0.21428571428571427
28969,0,0,37698,-15.137684106826782,-11.009793758392334,0.21428571428571427
28970,0,0,37697,-15.137684106826782,-11.009793758392334,0.21428571428571427
28971,0,0,37696,-15.137684106826782,-11.009793758392334,0.21428571428571427
28972,0,0,37717,-15.137684106826782,-11.009793758392334,0.21428571428571427
28973,0,0,37718,-15.137684106826782,-11.009793758392334,0.21428571428571427
28974,0,0,37719,-15.137684106826782,-11.009793758392334,0.21428571428571427
28975,0,0,37731,-15.137684106826782,-11.009793758392334,0.21428571428571427
28976,0,0,37740,-15.137684106826782,-11.009793758392334,0.21428571428571427
28977,0,0,37739,-15.137684106826782,-11.009793758392334,0.21428571428571427
28978,0,0,37738,-15.137684106826782,-11.009793758392334,0.21428571428571427
28979,0,0,37737,-15.137684106826782,-11.009793758392334,0.21428571428571427
28980,0,0,37736,-15.137684106826782,-11.009793758392334,0.21428571428571427
28981,0,0,37735,-15.137684106826782,-11.009793758392334,0.21428571428571427
28982,0,0,37734,-15.137684106826782,-11.009793758392334,0.21428571428571427
28983,0,0,37733,-15.137684106826782,-11.009793758392334,0.21428571428571427
28984,0,0,37732,-15.137684106826782,-11.009793758392334,0.21428571428571427
28985,0,0,37730,-15.137684106826782,-11.009793758392334,0.21428571428571427
28986,0,0,37720,-15.137684106826782,-11.009793758392334,0.21428571428571427
28987,0,0,37729,-15.137684106826782,-11.009793758392334,0.21428571428571427
28988,0,0,37728,-15.137684106826782,-11.009793758392334,0.21428571428571427
28989,0,0,37727,-15.137684106826782,-11.009793758392334,0.21428571428571427
28990,0,0,37726,-15.137684106826782,-11.009793758392334,0.21428571428571427
28991,0,0,37725,-15.137684106826782,-11.009793758392334,0.21428571428571427
28992,0,0,37724,-15.137684106826782,-11.009793758392334,0.21428571428571427
28993,0,0,37723,-15.137684106826782,-11.009793758392334,0.21428571428571427
28994,0,0,37722,-15.137684106826782,-11.009793758392334,0.21428571428571427
28995,0,0,37721,-15.137684106826782,-11.009793758392334,0.21428571428571427
28996,0,0,37790,-15.137684106826782,-11.009793758392334,0.21428571428571427
28997,0,0,37791,-15.137684106826782,-11.009793758392334,0.21428571428571427
28998,0,0,37792,-15.137684106826782,-11.009793758392334,0.21428571428571427
28999,0,0,37793,-15.137684106826782,-11.009793758392334,0.21428571428571427
29000,0,0,37862,-15.137684106826782,-11.009793758392334,0.21428571428571427
29001,0,0,37861,-15.137684106826782,-11.009793758392334,0.21428571428571427
29002,0,0,37860,-15.137684106826782,-11.009793758392334,0.21428571428571427
29003,0,0,37859,-15.137684106826782,-11.009793758392334,0.21428571428571427
29004,0,0,37858,-15.137684106826782,-11.009793758392334,0.21428571428571427
29005,0,0,37857,-15.137684106826782,-11.009793758392334,0.21428571428571427
29006,0,0,37856,-15.137684106826782,-11.009793758392334,0.21428571428571427
29007,0,0,37855,-15.137684106826782,-11.009793758392334,0.21428571428571427
29008,0,0,37854,-15.137684106826782,-11.009793758392334,0.21428571428571427
29009,0,0,37852,-15.137684106826782,-11.009793758392334,0.21428571428571427
29010,0,0,37842,-15.137684106826782,-11.009793758392334,0.21428571428571427
29011,0,0,37851,-15.137684106826782,-11.009793758392334,0.21428571428571427
29012,0,0,37850,-15.137684106826782,-11.009793758392334,0.21428571428571427
29013,0,0,37849,-15.137684106826782,-11.009793758392334,0.21428571428571427
29014,0,0,37848,-15.137684106826782,-11.009793758392334,0.21428571428571427
29015,0,0,37847,-15.137684106826782,-11.009793758392334,0.21428571428571427
29016,0,0,37846,-15.137684106826782,-11.009793758392334,0.21428571428571427
29017,0,0,37845,-15.137684106826782,-11.009793758392334,0.21428571428571427
29018,0,0,37844,-15.137684106826782,-11.009793758392334,0.21428571428571427
29019,0,0,37843,-15.137684106826782,-11.009793758392334,0.21428571428571427
29020,0,0,37863,-15.137684106826782,-11.009793758392334,0.21428571428571427
29021,0,0,37853,-15.137684106826782,-11.009793758392334,0.21428571428571427
29022,0,0,37864,-15.137684106826782,-11.009793758392334,0.21428571428571427
29023,0,0,37877,-15.137684106826782,-11.009793758392334,0.21428571428571427
29024,0,0,37886,-15.137684106826782,-11.009793758392334,0.21428571428571427
29025,0,0,37885,-15.137684106826782,-11.009793758392334,0.21428571428571427
29026,0,0,37884,-15.137684106826782,-11.009793758392334,0.21428571428571427
29027,0,0,37883,-15.137684106826782,-11.009793758392334,0.21428571428571427
29028,0,0,37882,-15.137684106826782,-11.009793758392334,0.21428571428571427
29029,0,0,37881,-15.137684106826782,-11.009793758392334,0.21428571428571427
29030,0,0,37880,-15.137684106826782,-11.009793758392334,0.21428571428571427
29031,0,0,37879,-15.137684106826782,-11.009793758392334,0.21428571428571427
29032,0,0,37878,-15.137684106826782,-11.009793758392334,0.21428571428571427
29033,0,0,37876,-15.137684106826782,-11.009793758392334,0.21428571428571427
29034,0,0,37866,-15.137684106826782,-11.009793758392334,0.21428571428571427
29035,0,0,37875,-15.137684106826782,-11.009793758392334,0.21428571428571427
29036,0,0,37874,-15.137684106826782,-11.009793758392334,0.21428571428571427
29037,0,0,37873,-15.137684106826782,-11.009793758392334,0.21428571428571427
29038,0,0,37872,-15.137684106826782,-11.009793758392334,0.21428571428571427
29039,0,0,37871,-15.137684106826782,-11.009793758392334,0.21428571428571427
29040,0,0,37870,-15.137684106826782,-11.009793758392334,0.21428571428571427
29041,0,0,37869,-15.137684106826782,-11.009793758392334,0.21428571428571427
29042,0,0,37868,-15.137684106826782,-11.009793758392334,0.21428571428571427
29043,0,0,37867,-15.137684106826782,-11.009793758392334,0.21428571428571427
29044,0,0,37865,-15.137684106826782,-11.009793758392334,0.21428571428571427
29045,0,0,37841,-15.137684106826782,-11.009793758392334,0.21428571428571427
29046,0,0,37840,-15.137684106826782,-11.009793758392334,0.21428571428571427
29047,0,0,37839,-15.137684106826782,-11.009793758392334,0.21428571428571427
29048,0,0,37814,-15.137684106826782,-11.009793758392334,0.21428571428571427
29049,0,0,37813,-15.137684106826782,-11.009793758392334,0.21428571428571427
29050,0,0,37812,-15.137684106826782,-11.009793758392334,0.21428571428571427
29051,0,0,37811,-15.137684106826782,-11.009793758392334,0.21428571428571427
29052,0,0,37810,-15.137684106826782,-11.009793758392334,0.21428571428571427
29053,0,0,37809,-15.137684106826782,-11.009793758392334,0.21428571428571427
29054,0,0,37808,-15.137684106826782,-11.009793758392334,0.21428571428571427
29055,0,0,37807,-15.137684106826782,-11.009793758392334,0.21428571428571427
29056,0,0,37806,-15.137684106826782,-11.009793758392334,0.21428571428571427
29057,0,0,37805,-15.137684106826782,-11.009793758392334,0.21428571428571427
29058,0,0,37804,-15.137684106826782,-11.009793758392334,0.21428571428571427
29059,0,0,37803,-15.137684106826782,-11.009793758392334,0.21428571428571427
29060,0,0,37802,-15.137684106826782,-11.009793758392334,0.21428571428571427
29061,0,0,37801,-15.137684106826782,-11.009793758392334,0.21428571428571427
29062,0,0,37800,-15.137684106826782,-11.009793758392334,0.21428571428571427
29063,0,0,37799,-15.137684106826782,-11.009793758392334,0.21428571428571427
29064,0,0,37798,-15.137684106826782,-11.009793758392334,0.21428571428571427
29065,0,0,37797,-15.137684106826782,-11.009793758392334,0.21428571428571427
29066,0,0,37796,-15.137684106826782,-11.009793758392334,0.21428571428571427
29067,0,0,37795,-15.137684106826782,-11.009793758392334,0.21428571428571427
29068,0,0,37794,-15.137684106826782,-11.009793758392334,0.21428571428571427
29069,0,0,37815,-15.137684106826782,-11.009793758392334,0.21428571428571427
29070,0,0,37816,-15.137684106826782,-11.009793758392334,0.21428571428571427
29071,0,0,37817,-15.137684106826782,-11.009793758392334,0.21428571428571427
29072,0,0,37829,-15.137684106826782,-11.009793758392334,0.21428571428571427
29073,0,0,37838,-15.137684106826782,-11.009793758392334,0.21428571428571427
29074,0,0,37837,-15.137684106826782,-11.009793758392334,0.21428571428571427
29075,0,0,37836,-15.137684106826782,-11.009793758392334,0.21428571428571427
29076,0,0,37835,-15.137684106826782,-11.009793758392334,0.21428571428571427
29077,0,0,37834,-15.137684106826782,-11.009793758392334,0.21428571428571427
29078,0,0,37833,-15.137684106826782,-11.009793758392334,0.21428571428571427
29079,0,0,37832,-15.137684106826782,-11.009793758392334,0.21428571428571427
29080,0,0,37831,-15.137684106826782,-11.009793758392334,0.21428571428571427
29081,0,0,37830,-15.137684106826782,-11.009793758392334,0.21428571428571427
29082,0,0,37828,-15.137684106826782,-11.009793758392334,0.21428571428571427
29083,0,0,37818,-15.137684106826782,-11.009793758392334,0.21428571428571427
29084,0,0,37827,-15.137684106826782,-11.009793758392334,0.21428571428571427
29085,0,0,37826,-15.137684106826782,-11.009793758392334,0.21428571428571427
29086,0,0,37825,-15.137684106826782,-11.009793758392334,0.21428571428571427
29087,0,0,37824,-15.137684106826782,-11.009793758392334,0.21428571428571427
29088,0,0,37823,-15.137684106826782,-11.009793758392334,0.21428571428571427
29089,0,0,37822,-15.137684106826782,-11.009793758392334,0.21428571428571427
29090,0,0,37821,-15.137684106826782,-11.009793758392334,0.21428571428571427
29091,0,0,37820,-15.137684106826782,-11.009793758392334,0.21428571428571427
29092,0,0,37819,-15.137684106826782,-11.009793758392334,0.21428571428571427
29093,0,0,37743,-15.137684106826782,-11.009793758392334,0.21428571428571427
29094,0,0,37694,-15.137684106826782,-11.009793758392334,0.21428571428571427
29095,0,0,37693,-15.137684106826782,-11.009793758392334,0.21428571428571427
29096,0,0,37692,-15.137684106826782,-11.009793758392334,0.21428571428571427
29097,0,0,37569,-15.137684106826782,-11.009793758392334,0.21428571428571427
29098,0,0,37568,-15.137684106826782,-11.009793758392334,0.21428571428571427
29099,0,0,37567,-15.137684106826782,-11.009793758392334,0.21428571428571427
29100,0,0,37566,-15.137684106826782,-11.009793758392334,0.21428571428571427
29101,0,0,37565,-15.137684106826782,-11.009793758392334,0.21428571428571427
29102,0,0,37564,-15.137684106826782,-11.009793758392334,0.21428571428571427
29103,0,0,37563,-15.137684106826782,-11.009793758392334,0.21428571428571427
29104,0,0,37562,-15.137684106826782,-11.009793758392334,0.21428571428571427
29105,0,0,37561,-15.137684106826782,-11.009793758392334,0.21428571428571427
29106,0,0,37560,-15.137684106826782,-11.009793758392334,0.21428571428571427
29107,0,0,37559,-15.137684106826782,-11.009793758392334,0.21428571428571427
29108,0,0,37558,-15.137684106826782,-11.009793758392334,0.21428571428571427
29109,0,0,37557,-15.137684106826782,-11.009793758392334,0.21428571428571427
29110,0,0,37556,-15.137684106826782,-11.009793758392334,0.21428571428571427
29111,0,0,37555,-15.137684106826782,-11.009793758392334,0.21428571428571427
29112,0,0,37554,-15.137684106826782,-11.009793758392334,0.21428571428571427
29113,0,0,37553,-15.137684106826782,-11.009793758392334,0.21428571428571427
29114,0,0,37552,-15.137684106826782,-11.009793758392334,0.21428571428571427
29115,0,0,37551,-15.137684106826782,-11.009793758392334,0.21428571428571427
29116,0,0,37550,-15.137684106826782,-11.009793758392334,0.21428571428571427
29117,0,0,37549,-15.137684106826782,-11.009793758392334,0.21428571428571427
29118,0,0,37570,-15.137684106826782,-11.009793758392334,0.21428571428571427
29119,0,0,37571,-15.137684106826782,-11.009793758392334,0.21428571428571427
29120,0,0,37572,-15.137684106826782,-11.009793758392334,0.21428571428571427
29121,0,0,37584,-15.137684106826782,-11.009793758392334,0.21428571428571427
29122,0,0,37593,-15.137684106826782,-11.009793758392334,0.21428571428571427
29123,0,0,37592,-15.137684106826782,-11.009793758392334,0.21428571428571427
29124,0,0,37591,-15.137684106826782,-11.009793758392334,0.21428571428571427
29125,0,0,37590,-15.137684106826782,-11.009793758392334,0.21428571428571427
29126,0,0,37589,-15.137684106826782,-11.009793758392334,0.21428571428571427
29127,0,0,37588,-15.137684106826782,-11.009793758392334,0.21428571428571427
29128,0,0,37587,-15.137684106826782,-11.009793758392334,0.21428571428571427
29129,0,0,37586,-15.137684106826782,-11.009793758392334,0.21428571428571427
29130,0,0,37585,-15.137684106826782,-11.009793758392334,0.21428571428571427
29131,0,0,37583,-15.137684106826782,-11.009793758392334,0.21428571428571427
29132,0,0,37573,-15.137684106826782,-11.009793758392334,0.21428571428571427
29133,0,0,37582,-15.137684106826782,-11.009793758392334,0.21428571428571427
29134,0,0,37581,-15.137684106826782,-11.009793758392334,0.21428571428571427
29135,0,0,37580,-15.137684106826782,-11.009793758392334,0.21428571428571427
29136,0,0,37579,-15.137684106826782,-11.009793758392334,0.21428571428571427
29137,0,0,37578,-15.137684106826782,-11.009793758392334,0.21428571428571427
29138,0,0,37577,-15.137684106826782,-11.009793758392334,0.21428571428571427
29139,0,0,37576,-15.137684106826782,-11.009793758392334,0.21428571428571427
29140,0,0,37575,-15.137684106826782,-11.009793758392334,0.21428571428571427
29141,0,0,37574,-15.137684106826782,-11.009793758392334,0.21428571428571427
29142,0,0,37548,-15.137684106826782,-11.009793758392334,0.21428571428571427
29143,0,0,37546,-15.137684106826782,-11.009793758392334,0.21428571428571427
29144,0,0,37499,-15.137684106826782,-11.009793758392334,0.21428571428571427
29145,0,0,37545,-15.137684106826782,-11.009793758392334,0.21428571428571427
29146,0,0,37520,-15.137684106826782,-11.009793758392334,0.21428571428571427
29147,0,0,37519,-15.137684106826782,-11.009793758392334,0.21428571428571427
29148,0,0,37518,-15.137684106826782,-11.009793758392334,0.21428571428571427
29149,0,0,37517,-15.137684106826782,-11.009793758392334,0.21428571428571427
29150,0,0,37516,-15.137684106826782,-11.009793758392334,0.21428571428571427
29151,0,0,37515,-15.137684106826782,-11.009793758392334,0.21428571428571427
29152,0,0,37514,-15.137684106826782,-11.009793758392334,0.21428571428571427
29153,0,0,37513,-15.137684106826782,-11.009793758392334,0.21428571428571427
29154,0,0,37512,-15.137684106826782,-11.009793758392334,0.21428571428571427
29155,0,0,37511,-15.137684106826782,-11.009793758392334,0.21428571428571427
29156,0,0,37510,-15.137684106826782,-11.009793758392334,0.21428571428571427
29157,0,0,37509,-15.137684106826782,-11.009793758392334,0.21428571428571427
29158,0,0,37508,-15.137684106826782,-11.009793758392334,0.21428571428571427
29159,0,0,37507,-15.137684106826782,-11.009793758392334,0.21428571428571427
29160,0,0,37506,-15.137684106826782,-11.009793758392334,0.21428571428571427
29161,0,0,37505,-15.137684106826782,-11.009793758392334,0.21428571428571427
29162,0,0,37504,-15.137684106826782,-11.009793758392334,0.21428571428571427
29163,0,0,37503,-15.137684106826782,-11.009793758392334,0.21428571428571427
29164,0,0,37502,-15.137684106826782,-11.009793758392334,0.21428571428571427
29165,0,0,37501,-15.137684106826782,-11.009793758392334,0.21428571428571427
29166,0,0,37500,-15.137684106826782,-11.009793758392334,0.21428571428571427
29167,0,0,37521,-15.137684106826782,-11.009793758392334,0.21428571428571427
29168,0,0,37522,-15.137684106826782,-11.009793758392334,0.21428571428571427
29169,0,0,37523,-15.137684106826782,-11.009793758392334,0.21428571428571427
29170,0,0,37535,-15.137684106826782,-11.009793758392334,0.21428571428571427
29171,0,0,37544,-15.137684106826782,-11.009793758392334,0.21428571428571427
29172,0,0,37543,-15.137684106826782,-11.009793758392334,0.21428571428571427
29173,0,0,37542,-15.137684106826782,-11.009793758392334,0.21428571428571427
29174,0,0,37541,-15.137684106826782,-11.009793758392334,0.21428571428571427
29175,0,0,37540,-15.137684106826782,-11.009793758392334,0.21428571428571427
29176,0,0,37539,-15.137684106826782,-11.009793758392334,0.21428571428571427
29177,0,0,37538,-15.137684106826782,-11.009793758392334,0.21428571428571427
29178,0,0,37537,-15.137684106826782,-11.009793758392334,0.21428571428571427
29179,0,0,37536,-15.137684106826782,-11.009793758392334,0.21428571428571427
29180,0,0,37534,-15.137684106826782,-11.009793758392334,0.21428571428571427
29181,0,0,37524,-15.137684106826782,-11.009793758392334,0.21428571428571427
29182,0,0,37533,-15.137684106826782,-11.009793758392334,0.21428571428571427
29183,0,0,37532,-15.137684106826782,-11.009793758392334,0.21428571428571427
29184,0,0,37531,-15.137684106826782,-11.009793758392334,0.21428571428571427
29185,0,0,37530,-15.137684106826782,-11.009793758392334,0.21428571428571427
29186,0,0,37529,-15.137684106826782,-11.009793758392334,0.21428571428571427
29187,0,0,37528,-15.137684106826782,-11.009793758392334,0.21428571428571427
29188,0,0,37527,-15.137684106826782,-11.009793758392334,0.21428571428571427
29189,0,0,37526,-15.137684106826782,-11.009793758392334,0.21428571428571427
29190,0,0,37525,-15.137684106826782,-11.009793758392334,0.21428571428571427
29191,0,0,37594,-15.137684106826782,-11.009793758392334,0.21428571428571427
29192,0,0,37547,-15.137684106826782,-11.009793758392334,0.21428571428571427
29193,0,0,37595,-15.137684106826782,-11.009793758392334,0.21428571428571427
29194,0,0,37645,-15.137684106826782,-11.009793758392334,0.21428571428571427
29195,0,0,37667,-15.137684106826782,-11.009793758392334,0.21428571428571427
29196,0,0,37666,-15.137684106826782,-11.009793758392334,0.21428571428571427
29197,0,0,37665,-15.137684106826782,-11.009793758392334,0.21428571428571427
29198,0,0,37664,-15.137684106826782,-11.009793758392334,0.21428571428571427
29199,0,0,37663,-15.137684106826782,-11.009793758392334,0.21428571428571427
29200,0,0,37662,-15.137684106826782,-11.009793758392334,0.21428571428571427
29201,0,0,37661,-15.137684106826782,-11.009793758392334,0.21428571428571427
29202,0,0,37660,-15.137684106826782,-11.009793758392334,0.21428571428571427
29203,0,0,37659,-15.137684106826782,-11.009793758392334,0.21428571428571427
29204,0,0,37658,-15.137684106826782,-11.009793758392334,0.21428571428571427
29205,0,0,37657,-15.137684106826782,-11.009793758392334,0.21428571428571427
29206,0,0,37656,-15.137684106826782,-11.009793758392334,0.21428571428571427
29207,0,0,37655,-15.137684106826782,-11.009793758392334,0.21428571428571427
29208,0,0,37654,-15.137684106826782,-11.009793758392334,0.21428571428571427
29209,0,0,37653,-15.137684106826782,-11.009793758392334,0.21428571428571427
29210,0,0,37652,-15.137684106826782,-11.009793758392334,0.21428571428571427
29211,0,0,37651,-15.137684106826782,-11.009793758392334,0.21428571428571427
29212,0,0,37650,-15.137684106826782,-11.009793758392334,0.21428571428571427
29213,0,0,37649,-15.137684106826782,-11.009793758392334,0.21428571428571427
29214,0,0,37648,-15.137684106826782,-11.009793758392334,0.21428571428571427
29215,0,0,37647,-15.137684106826782,-11.009793758392334,0.21428571428571427
29216,0,0,37668,-15.137684106826782,-11.009793758392334,0.21428571428571427
29217,0,0,37669,-15.137684106826782,-11.009793758392334,0.21428571428571427
29218,0,0,37670,-15.137684106826782,-11.009793758392334,0.21428571428571427
29219,0,0,37682,-15.137684106826782,-11.009793758392334,0.21428571428571427
29220,0,0,37691,-15.137684106826782,-11.009793758392334,0.21428571428571427
29221,0,0,37690,-15.137684106826782,-11.009793758392334,0.21428571428571427
29222,0,0,37689,-15.137684106826782,-11.009793758392334,0.21428571428571427
29223,0,0,37688,-15.137684106826782,-11.009793758392334,0.21428571428571427
29224,0,0,37687,-15.137684106826782,-11.009793758392334,0.21428571428571427
29225,0,0,37686,-15.137684106826782,-11.009793758392334,0.21428571428571427
29226,0,0,37685,-15.137684106826782,-11.009793758392334,0.21428571428571427
29227,0,0,37684,-15.137684106826782,-11.009793758392334,0.21428571428571427
29228,0,0,37683,-15.137684106826782,-11.009793758392334,0.21428571428571427
29229,0,0,37681,-15.137684106826782,-11.009793758392334,0.21428571428571427
29230,0,0,37671,-15.137684106826782,-11.009793758392334,0.21428571428571427
29231,0,0,37680,-15.137684106826782,-11.009793758392334,0.21428571428571427
29232,0,0,37679,-15.137684106826782,-11.009793758392334,0.21428571428571427
29233,0,0,37678,-15.137684106826782,-11.009793758392334,0.21428571428571427
29234,0,0,37677,-15.137684106826782,-11.009793758392334,0.21428571428571427
29235,0,0,37676,-15.137684106826782,-11.009793758392334,0.21428571428571427
29236,0,0,37675,-15.137684106826782,-11.009793758392334,0.21428571428571427
29237,0,0,37674,-15.137684106826782,-11.009793758392334,0.21428571428571427
29238,0,0,37673,-15.137684106826782,-11.009793758392334,0.21428571428571427
29239,0,0,37672,-15.137684106826782,-11.009793758392334,0.21428571428571427
29240,0,0,37646,-15.137684106826782,-11.009793758392334,0.21428571428571427
29241,0,0,37644,-15.137684106826782,-11.009793758392334,0.21428571428571427
29242,0,0,37597,-15.137684106826782,-11.009793758392334,0.21428571428571427
29243,0,0,37643,-15.137684106826782,-11.009793758392334,0.21428571428571427
29244,0,0,37618,-15.137684106826782,-11.009793758392334,0.21428571428571427
29245,0,0,37617,-15.137684106826782,-11.009793758392334,0.21428571428571427
29246,0,0,37616,-15.137684106826782,-11.009793758392334,0.21428571428571427
29247,0,0,37615,-15.137684106826782,-11.009793758392334,0.21428571428571427
29248,0,0,37614,-15.137684106826782,-11.009793758392334,0.21428571428571427
29249,0,0,37613,-15.137684106826782,-11.009793758392334,0.21428571428571427
29250,0,0,37612,-15.137684106826782,-11.009793758392334,0.21428571428571427
29251,0,0,37611,-15.137684106826782,-11.009793758392334,0.21428571428571427
29252,0,0,37610,-15.137684106826782,-11.009793758392334,0.21428571428571427
29253,0,0,37609,-15.137684106826782,-11.009793758392334,0.21428571428571427
29254,0,0,37608,-15.137684106826782,-11.009793758392334,0.21428571428571427
29255,0,0,37607,-15.137684106826782,-11.009793758392334,0.21428571428571427
29256,0,0,37606,-15.137684106826782,-11.009793758392334,0.21428571428571427
29257,0,0,37605,-15.137684106826782,-11.009793758392334,0.21428571428571427
29258,0,0,37604,-15.137684106826782,-11.009793758392334,0.21428571428571427
29259,0,0,37603,-15.137684106826782,-11.009793758392334,0.21428571428571427
29260,0,0,37602,-15.137684106826782,-11.009793758392334,0.21428571428571427
29261,0,0,37601,-15.137684106826782,-11.009793758392334,0.21428571428571427
29262,0,0,37600,-15.137684106826782,-11.009793758392334,0.21428571428571427
29263,0,0,37599,-15.137684106826782,-11.009793758392334,0.21428571428571427
29264,0,0,37598,-15.137684106826782,-11.009793758392334,0.21428571428571427
29265,0,0,37619,-15.137684106826782,-11.009793758392334,0.21428571428571427
29266,0,0,37620,-15.137684106826782,-11.009793758392334,0.21428571428571427
29267,0,0,37621,-15.137684106826782,-11.009793758392334,0.21428571428571427
29268,0,0,37633,-15.137684106826782,-11.009793758392334,0.21428571428571427
29269,0,0,37642,-15.137684106826782,-11.009793758392334,0.21428571428571427
29270,0,0,37641,-15.137684106826782,-11.009793758392334,0.21428571428571427
29271,0,0,37640,-15.137684106826782,-11.009793758392334,0.21428571428571427
29272,0,0,37639,-15.137684106826782,-11.009793758392334,0.21428571428571427
29273,0,0,37638,-15.137684106826782,-11.009793758392334,0.21428571428571427
29274,0,0,37637,-15.137684106826782,-11.009793758392334,0.21428571428571427
29275,0,0,37636,-15.137684106826782,-11.009793758392334,0.21428571428571427
29276,0,0,37635,-15.137684106826782,-11.009793758392334,0.21428571428571427
29277,0,0,37634,-15.137684106826782,-11.009793758392334,0.21428571428571427
29278,0,0,37632,-15.137684106826782,-11.009793758392334,0.21428571428571427
29279,0,0,37622,-15.137684106826782,-11.009793758392334,0.21428571428571427
29280,0,0,37631,-15.137684106826782,-11.009793758392334,0.21428571428571427
29281,0,0,37630,-15.137684106826782,-11.009793758392334,0.21428571428571427
29282,0,0,37629,-15.137684106826782,-11.009793758392334,0.21428571428571427
29283,0,0,37628,-15.137684106826782,-11.009793758392334,0.21428571428571427
29284,0,0,37627,-15.137684106826782,-11.009793758392334,0.21428571428571427
29285,0,0,37626,-15.137684106826782,-11.009793758392334,0.21428571428571427
29286,0,0,37625,-15.137684106826782,-11.009793758392334,0.21428571428571427
29287,0,0,37624,-15.137684106826782,-11.009793758392334,0.21428571428571427
29288,0,0,37623,-15.137684106826782,-11.009793758392334,0.21428571428571427
29289,0,0,37887,-15.137684106826782,-11.009793758392334,0.21428571428571427
29290,0,0,37888,-15.137684106826782,-11.009793758392334,0.21428571428571427
29291,0,0,37889,-15.137684106826782,-11.009793758392334,0.21428571428571427
29292,0,0,38084,-15.137684106826782,-11.009793758392334,0.21428571428571427
29293,0,0,38155,-15.137684106826782,-11.009793758392334,0.21428571428571427
29294,0,0,38154,-15.137684106826782,-11.009793758392334,0.21428571428571427
29295,0,0,38153,-15.137684106826782,-11.009793758392334,0.21428571428571427
29296,0,0,38152,-15.137684106826782,-11.009793758392334,0.21428571428571427
29297,0,0,38151,-15.137684106826782,-11.009793758392334,0.21428571428571427
29298,0,0,38150,-15.137684106826782,-11.009793758392334,0.21428571428571427
29299,0,0,38149,-15.137684106826782,-11.009793758392334,0.21428571428571427
29300,0,0,38148,-15.137684106826782,-11.009793758392334,0.21428571428571427
29301,0,0,38147,-15.137684106826782,-11.009793758392334,0.21428571428571427
29302,0,0,38146,-15.137684106826782,-11.009793758392334,0.21428571428571427
29303,0,0,38145,-15.137684106826782,-11.009793758392334,0.21428571428571427
29304,0,0,38144,-15.137684106826782,-11.009793758392334,0.21428571428571427
29305,0,0,38143,-15.137684106826782,-11.009793758392334,0.21428571428571427
29306,0,0,38142,-15.137684106826782,-11.009793758392334,0.21428571428571427
29307,0,0,38141,-15.137684106826782,-11.009793758392334,0.21428571428571427
29308,0,0,38140,-15.137684106826782,-11.009793758392334,0.21428571428571427
29309,0,0,38139,-15.137684106826782,-11.009793758392334,0.21428571428571427
29310,0,0,38138,-15.137684106826782,-11.009793758392334,0.21428571428571427
29311,0,0,38137,-15.137684106826782,-11.009793758392334,0.21428571428571427
29312,0,0,38136,-15.137684106826782,-11.009793758392334,0.21428571428571427
29313,0,0,38135,-15.137684106826782,-11.009793758392334,0.21428571428571427
29314,0,0,38156,-15.137684106826782,-11.009793758392334,0.21428571428571427
29315,0,0,38157,-15.137684106826782,-11.009793758392334,0.21428571428571427
29316,0,0,38158,-15.137684106826782,-11.009793758392334,0.21428571428571427
29317,0,0,38170,-15.137684106826782,-11.009793758392334,0.21428571428571427
29318,0,0,38179,-15.137684106826782,-11.009793758392334,0.21428571428571427
29319,0,0,38178,-15.137684106826782,-11.009793758392334,0.21428571428571427
29320,0,0,38177,-15.137684106826782,-11.009793758392334,0.21428571428571427
29321,0,0,38176,-15.137684106826782,-11.009793758392334,0.21428571428571427
29322,0,0,38175,-15.137684106826782,-11.009793758392334,0.21428571428571427
29323,0,0,38174,-15.137684106826782,-11.009793758392334,0.21428571428571427
29324,0,0,38173,-15.137684106826782,-11.009793758392334,0.21428571428571427
29325,0,0,38172,-15.137684106826782,-11.009793758392334,0.21428571428571427
29326,0,0,38171,-15.137684106826782,-11.009793758392334,0.21428571428571427
29327,0,0,38169,-15.137684106826782,-11.009793758392334,0.21428571428571427
29328,0,0,38159,-15.137684106826782,-11.009793758392334,0.21428571428571427
29329,0,0,38168,-15.137684106826782,-11.009793758392334,0.21428571428571427
29330,0,0,38167,-15.137684106826782,-11.009793758392334,0.21428571428571427
29331,0,0,38166,-15.137684106826782,-11.009793758392334,0.21428571428571427
29332,0,0,38165,-15.137684106826782,-11.009793758392334,0.21428571428571427
29333,0,0,38164,-15.137684106826782,-11.009793758392334,0.21428571428571427
29334,0,0,38163,-15.137684106826782,-11.009793758392334,0.21428571428571427
29335,0,0,38162,-15.137684106826782,-11.009793758392334,0.21428571428571427
29336,0,0,38161,-15.137684106826782,-11.009793758392334,0.21428571428571427
29337,0,0,38160,-15.137684106826782,-11.009793758392334,0.21428571428571427
29338,0,0,38134,-15.137684106826782,-11.009793758392334,0.21428571428571427
29339,0,0,38132,-15.137684106826782,-11.009793758392334,0.21428571428571427
29340,0,0,38085,-15.137684106826782,-11.009793758392334,0.21428571428571427
29341,0,0,38131,-15.137684106826782,-11.009793758392334,0.21428571428571427
29342,0,0,38106,-15.137684106826782,-11.009793758392334,0.21428571428571427
29343,0,0,38105,-15.137684106826782,-11.009793758392334,0.21428571428571427
29344,0,0,38104,-15.137684106826782,-11.009793758392334,0.21428571428571427
29345,0,0,38103,-15.137684106826782,-11.009793758392334,0.21428571428571427
29346,0,0,38102,-15.137684106826782,-11.009793758392334,0.21428571428571427
29347,0,0,38101,-15.137684106826782,-11.009793758392334,0.21428571428571427
29348,0,0,38100,-15.137684106826782,-11.009793758392334,0.21428571428571427
29349,0,0,38099,-15.137684106826782,-11.009793758392334,0.21428571428571427
29350,0,0,38098,-15.137684106826782,-11.009793758392334,0.21428571428571427
29351,0,0,38097,-15.137684106826782,-11.009793758392334,0.21428571428571427
29352,0,0,38096,-15.137684106826782,-11.009793758392334,0.21428571428571427
29353,0,0,38095,-15.137684106826782,-11.009793758392334,0.21428571428571427
29354,0,0,38094,-15.137684106826782,-11.009793758392334,0.21428571428571427
29355,0,0,38093,-15.137684106826782,-11.009793758392334,0.21428571428571427
29356,0,0,38092,-15.137684106826782,-11.009793758392334,0.21428571428571427
29357,0,0,38091,-15.137684106826782,-11.009793758392334,0.21428571428571427
29358,0,0,38090,-15.137684106826782,-11.009793758392334,0.21428571428571427
29359,0,0,38089,-15.137684106826782,-11.009793758392334,0.21428571428571427
29360,0,0,38088,-15.137684106826782,-11.009793758392334,0.21428571428571427
29361,0,0,38087,-15.137684106826782,-11.009793758392334,0.21428571428571427
29362,0,0,38086,-15.137684106826782,-11.009793758392334,0.21428571428571427
29363,0,0,38107,-15.137684106826782,-11.009793758392334,0.21428571428571427
29364,0,0,38108,-15.137684106826782,-11.009793758392334,0.21428571428571427
29365,0,0,38109,-15.137684106826782,-11.009793758392334,0.21428571428571427
29366,0,0,38121,-15.137684106826782,-11.009793758392334,0.21428571428571427
29367,0,0,38130,-15.137684106826782,-11.009793758392334,0.21428571428571427
29368,0,0,38129,-15.137684106826782,-11.009793758392334,0.21428571428571427
29369,0,0,38128,-15.137684106826782,-11.009793758392334,0.21428571428571427
29370,0,0,38127,-15.137684106826782,-11.009793758392334,0.21428571428571427
29371,0,0,38126,-15.137684106826782,-11.009793758392334,0.21428571428571427
29372,0,0,38125,-15.137684106826782,-11.009793758392334,0.21428571428571427
29373,0,0,38124,-15.137684106826782,-11.009793758392334,0.21428571428571427
29374,0,0,38123,-15.137684106826782,-11.009793758392334,0.21428571428571427
29375,0,0,38122,-15.137684106826782,-11.009793758392334,0.21428571428571427
29376,0,0,38120,-15.137684106826782,-11.009793758392334,0.21428571428571427
29377,0,0,38110,-15.137684106826782,-11.009793758392334,0.21428571428571427
29378,0,0,38119,-15.137684106826782,-11.009793758392334,0.21428571428571427
29379,0,0,38118,-15.137684106826782,-11.009793758392334,0.21428571428571427
29380,0,0,38117,-15.137684106826782,-11.009793758392334,0.21428571428571427
29381,0,0,38116,-15.137684106826782,-11.009793758392334,0.21428571428571427
29382,0,0,38115,-15.137684106826782,-11.009793758392334,0.21428571428571427
29383,0,0,38114,-15.137684106826782,-11.009793758392334,0.21428571428571427
29384,0,0,38113,-15.137684106826782,-11.009793758392334,0.21428571428571427
29385,0,0,38112,-15.137684106826782,-11.009793758392334,0.21428571428571427
29386,0,0,38111,-15.137684106826782,-11.009793758392334,0.21428571428571427
29387,0,0,38180,-15.137684106826782,-11.009793758392334,0.21428571428571427
29388,0,0,38181,-15.137684106826782,-11.009793758392334,0.21428571428571427
29389,0,0,38182,-15.137684106826782,-11.009793758392334,0.21428571428571427
29390,0,0,38183,-15.137684106826782,-11.009793758392334,0.21428571428571427
29391,0,0,38252,-15.137684106826782,-11.009793758392334,0.21428571428571427
29392,0,0,38251,-15.137684106826782,-11.009793758392334,0.21428571428571427
29393,0,0,38250,-15.137684106826782,-11.009793758392334,0.21428571428571427
29394,0,0,38249,-15.137684106826782,-11.009793758392334,0.21428571428571427
29395,0,0,38248,-15.137684106826782,-11.009793758392334,0.21428571428571427
29396,0,0,38247,-15.137684106826782,-11.009793758392334,0.21428571428571427
29397,0,0,38246,-15.137684106826782,-11.009793758392334,0.21428571428571427
29398,0,0,38245,-15.137684106826782,-11.009793758392334,0.21428571428571427
29399,0,0,38244,-15.137684106826782,-11.009793758392334,0.21428571428571427
29400,0,0,38242,-15.137684106826782,-11.009793758392334,0.21428571428571427
29401,0,0,38232,-15.137684106826782,-11.009793758392334,0.21428571428571427
29402,0,0,38241,-15.137684106826782,-11.009793758392334,0.21428571428571427
29403,0,0,38240,-15.137684106826782,-11.009793758392334,0.21428571428571427
29404,0,0,38239,-15.137684106826782,-11.009793758392334,0.21428571428571427
29405,0,0,38238,-15.137684106826782,-11.009793758392334,0.21428571428571427
29406,0,0,38237,-15.137684106826782,-11.009793758392334,0.21428571428571427
29407,0,0,38236,-15.137684106826782,-11.009793758392334,0.21428571428571427
29408,0,0,38235,-15.137684106826782,-11.009793758392334,0.21428571428571427
29409,0,0,38234,-15.137684106826782,-11.009793758392334,0.21428571428571427
29410,0,0,38233,-15.137684106826782,-11.009793758392334,0.21428571428571427
29411,0,0,38253,-15.137684106826782,-11.009793758392334,0.21428571428571427
29412,0,0,38243,-15.137684106826782,-11.009793758392334,0.21428571428571427
29413,0,0,38254,-15.137684106826782,-11.009793758392334,0.21428571428571427
29414,0,0,38267,-15.137684106826782,-11.009793758392334,0.21428571428571427
29415,0,0,38276,-15.137684106826782,-11.009793758392334,0.21428571428571427
29416,0,0,38275,-15.137684106826782,-11.009793758392334,0.21428571428571427
29417,0,0,38274,-15.137684106826782,-11.009793758392334,0.21428571428571427
29418,0,0,38273,-15.137684106826782,-11.009793758392334,0.21428571428571427
29419,0,0,38272,-15.137684106826782,-11.009793758392334,0.21428571428571427
29420,0,0,38271,-15.137684106826782,-11.009793758392334,0.21428571428571427
29421,0,0,38270,-15.137684106826782,-11.009793758392334,0.21428571428571427
29422,0,0,38269,-15.137684106826782,-11.009793758392334,0.21428571428571427
29423,0,0,38268,-15.137684106826782,-11.009793758392334,0.21428571428571427
29424,0,0,38266,-15.137684106826782,-11.009793758392334,0.21428571428571427
29425,0,0,38256,-15.137684106826782,-11.009793758392334,0.21428571428571427
29426,0,0,38265,-15.137684106826782,-11.009793758392334,0.21428571428571427
29427,0,0,38264,-15.137684106826782,-11.009793758392334,0.21428571428571427
29428,0,0,38263,-15.137684106826782,-11.009793758392334,0.21428571428571427
29429,0,0,38262,-15.137684106826782,-11.009793758392334,0.21428571428571427
29430,0,0,38261,-15.137684106826782,-11.009793758392334,0.21428571428571427
29431,0,0,38260,-15.137684106826782,-11.009793758392334,0.21428571428571427
29432,0,0,38259,-15.137684106826782,-11.009793758392334,0.21428571428571427
29433,0,0,38258,-15.137684106826782,-11.009793758392334,0.21428571428571427
29434,0,0,38257,-15.137684106826782,-11.009793758392334,0.21428571428571427
29435,0,0,38255,-15.137684106826782,-11.009793758392334,0.21428571428571427
29436,0,0,38231,-15.137684106826782,-11.009793758392334,0.21428571428571427
29437,0,0,38230,-15.137684106826782,-11.009793758392334,0.21428571428571427
29438,0,0,38229,-15.137684106826782,-11.009793758392334,0.21428571428571427
29439,0,0,38204,-15.137684106826782,-11.009793758392334,0.21428571428571427
29440,0,0,38203,-15.137684106826782,-11.009793758392334,0.21428571428571427
29441,0,0,38202,-15.137684106826782,-11.009793758392334,0.21428571428571427
29442,0,0,38201,-15.137684106826782,-11.009793758392334,0.21428571428571427
29443,0,0,38200,-15.137684106826782,-11.009793758392334,0.21428571428571427
29444,0,0,38199,-15.137684106826782,-11.009793758392334,0.21428571428571427
29445,0,0,38198,-15.137684106826782,-11.009793758392334,0.21428571428571427
29446,0,0,38197,-15.137684106826782,-11.009793758392334,0.21428571428571427
29447,0,0,38196,-15.137684106826782,-11.009793758392334,0.21428571428571427
29448,0,0,38195,-15.137684106826782,-11.009793758392334,0.21428571428571427
29449,0,0,38194,-15.137684106826782,-11.009793758392334,0.21428571428571427
29450,0,0,38193,-15.137684106826782,-11.009793758392334,0.21428571428571427
29451,0,0,38192,-15.137684106826782,-11.009793758392334,0.21428571428571427
29452,0,0,38191,-15.137684106826782,-11.009793758392334,0.21428571428571427
29453,0,0,38190,-15.137684106826782,-11.009793758392334,0.21428571428571427
29454,0,0,38189,-15.137684106826782,-11.009793758392334,0.21428571428571427
29455,0,0,38188,-15.137684106826782,-11.009793758392334,0.21428571428571427
29456,0,0,38187,-15.137684106826782,-11.009793758392334,0.21428571428571427
29457,0,0,38186,-15.137684106826782,-11.009793758392334,0.21428571428571427
29458,0,0,38185,-15.137684106826782,-11.009793758392334,0.21428571428571427
29459,0,0,38184,-15.137684106826782,-11.009793758392334,0.21428571428571427
29460,0,0,38205,-15.137684106826782,-11.009793758392334,0.21428571428571427
29461,0,0,38206,-15.137684106826782,-11.009793758392334,0.21428571428571427
29462,0,0,38207,-15.137684106826782,-11.009793758392334,0.21428571428571427
29463,0,0,38219,-15.137684106826782,-11.009793758392334,0.21428571428571427
29464,0,0,38228,-15.137684106826782,-11.009793758392334,0.21428571428571427
29465,0,0,38227,-15.137684106826782,-11.009793758392334,0.21428571428571427
29466,0,0,38226,-15.137684106826782,-11.009793758392334,0.21428571428571427
29467,0,0,38225,-15.137684106826782,-11.009793758392334,0.21428571428571427
29468,0,0,38224,-15.137684106826782,-11.009793758392334,0.21428571428571427
29469,0,0,38223,-15.137684106826782,-11.009793758392334,0.21428571428571427
29470,0,0,38222,-15.137684106826782,-11.009793758392334,0.21428571428571427
29471,0,0,38221,-15.137684106826782,-11.009793758392334,0.21428571428571427
29472,0,0,38220,-15.137684106826782,-11.009793758392334,0.21428571428571427
29473,0,0,38218,-15.137684106826782,-11.009793758392334,0.21428571428571427
29474,0,0,38208,-15.137684106826782,-11.009793758392334,0.21428571428571427
29475,0,0,38217,-15.137684106826782,-11.009793758392334,0.21428571428571427
29476,0,0,38216,-15.137684106826782,-11.009793758392334,0.21428571428571427
29477,0,0,38215,-15.137684106826782,-11.009793758392334,0.21428571428571427
29478,0,0,38214,-15.137684106826782,-11.009793758392334,0.21428571428571427
29479,0,0,38213,-15.137684106826782,-11.009793758392334,0.21428571428571427
29480,0,0,38212,-15.137684106826782,-11.009793758392334,0.21428571428571427
29481,0,0,38211,-15.137684106826782,-11.009793758392334,0.21428571428571427
29482,0,0,38210,-15.137684106826782,-11.009793758392334,0.21428571428571427
29483,0,0,38209,-15.137684106826782,-11.009793758392334,0.21428571428571427
29484,0,0,38133,-15.137684106826782,-11.009793758392334,0.21428571428571427
29485,0,0,38083,-15.137684106826782,-11.009793758392334,0.21428571428571427
29486,0,0,37938,-15.137684106826782,-11.009793758392334,0.21428571428571427
29487,0,0,38082,-15.137684106826782,-11.009793758392334,0.21428571428571427
29488,0,0,37960,-15.137684106826782,-11.009793758392334,0.21428571428571427
29489,0,0,37959,-15.137684106826782,-11.009793758392334,0.21428571428571427
29490,0,0,37958,-15.137684106826782,-11.009793758392334,0.21428571428571427
29491,0,0,37957,-15.137684106826782,-11.009793758392334,0.21428571428571427
29492,0,0,37956,-15.137684106826782,-11.009793758392334,0.21428571428571427
29493,0,0,37955,-15.137684106826782,-11.009793758392334,0.21428571428571427
29494,0,0,37954,-15.137684106826782,-11.009793758392334,0.21428571428571427
29495,0,0,37953,-15.137684106826782,-11.009793758392334,0.21428571428571427
29496,0,0,37952,-15.137684106826782,-11.009793758392334,0.21428571428571427
29497,0,0,37951,-15.137684106826782,-11.009793758392334,0.21428571428571427
29498,0,0,37950,-15.137684106826782,-11.009793758392334,0.21428571428571427
29499,0,0,37949,-15.137684106826782,-11.009793758392334,0.21428571428571427
29500,0,0,37948,-15.137684106826782,-11.009793758392334,0.21428571428571427
29501,0,0,37947,-15.137684106826782,-11.009793758392334,0.21428571428571427
29502,0,0,37946,-15.137684106826782,-11.009793758392334,0.21428571428571427
29503,0,0,37945,-15.137684106826782,-11.009793758392334,0.21428571428571427
29504,0,0,37944,-15.137684106826782,-11.009793758392334,0.21428571428571427
29505,0,0,37943,-15.137684106826782,-11.009793758392334,0.21428571428571427
29506,0,0,37942,-15.137684106826782,-11.009793758392334,0.21428571428571427
29507,0,0,37941,-15.137684106826782,-11.009793758392334,0.21428571428571427
29508,0,0,37940,-15.137684106826782,-11.009793758392334,0.21428571428571427
29509,0,0,37961,-15.137684106826782,-11.009793758392334,0.21428571428571427
29510,0,0,37962,-15.137684106826782,-11.009793758392334,0.21428571428571427
29511,0,0,37963,-15.137684106826782,-11.009793758392334,0.21428571428571427
29512,0,0,37975,-15.137684106826782,-11.009793758392334,0.21428571428571427
29513,0,0,37984,-15.137684106826782,-11.009793758392334,0.21428571428571427
29514,0,0,37983,-15.137684106826782,-11.009793758392334,0.21428571428571427
29515,0,0,37982,-15.137684106826782,-11.009793758392334,0.21428571428571427
29516,0,0,37981,-15.137684106826782,-11.009793758392334,0.21428571428571427
29517,0,0,37980,-15.137684106826782,-11.009793758392334,0.21428571428571427
29518,0,0,37979,-15.137684106826782,-11.009793758392334,0.21428571428571427
29519,0,0,37978,-15.137684106826782,-11.009793758392334,0.21428571428571427
29520,0,0,37977,-15.137684106826782,-11.009793758392334,0.21428571428571427
29521,0,0,37976,-15.137684106826782,-11.009793758392334,0.21428571428571427
29522,0,0,37974,-15.137684106826782,-11.009793758392334,0.21428571428571427
29523,0,0,37964,-15.137684106826782,-11.009793758392334,0.21428571428571427
29524,0,0,37973,-15.137684106826782,-11.009793758392334,0.21428571428571427
29525,0,0,37972,-15.137684106826782,-11.009793758392334,0.21428571428571427
29526,0,0,37971,-15.137684106826782,-11.009793758392334,0.21428571428571427
29527,0,0,37970,-15.137684106826782,-11.009793758392334,0.21428571428571427
29528,0,0,37969,-15.137684106826782,-11.009793758392334,0.21428571428571427
29529,0,0,37968,-15.137684106826782,-11.009793758392334,0.21428571428571427
29530,0,0,37967,-15.137684106826782,-11.009793758392334,0.21428571428571427
29531,0,0,37966,-15.137684106826782,-11.009793758392334,0.21428571428571427
29532,0,0,37965,-15.137684106826782,-11.009793758392334,0.21428571428571427
29533,0,0,37939,-15.137684106826782,-11.009793758392334,0.21428571428571427
29534,0,0,37937,-15.137684106826782,-11.009793758392334,0.21428571428571427
29535,0,0,37890,-15.137684106826782,-11.009793758392334,0.21428571428571427
29536,0,0,37936,-15.137684106826782,-11.009793758392334,0.21428571428571427
29537,0,0,37911,-15.137684106826782,-11.009793758392334,0.21428571428571427
29538,0,0,37910,-15.137684106826782,-11.009793758392334,0.21428571428571427
29539,0,0,37909,-15.137684106826782,-11.009793758392334,0.21428571428571427
29540,0,0,37908,-15.137684106826782,-11.009793758392334,0.21428571428571427
29541,0,0,37907,-15.137684106826782,-11.009793758392334,0.21428571428571427
29542,0,0,37906,-15.137684106826782,-11.009793758392334,0.21428571428571427
29543,0,0,37905,-15.137684106826782,-11.009793758392334,0.21428571428571427
29544,0,0,37904,-15.137684106826782,-11.009793758392334,0.21428571428571427
29545,0,0,37903,-15.137684106826782,-11.009793758392334,0.21428571428571427
29546,0,0,37902,-15.137684106826782,-11.009793758392334,0.21428571428571427
29547,0,0,37901,-15.137684106826782,-11.009793758392334,0.21428571428571427
29548,0,0,37900,-15.137684106826782,-11.009793758392334,0.21428571428571427
29549,0,0,37899,-15.137684106826782,-11.009793758392334,0.21428571428571427
29550,0,0,37898,-15.137684106826782,-11.009793758392334,0.21428571428571427
29551,0,0,37897,-15.137684106826782,-11.009793758392334,0.21428571428571427
29552,0,0,37896,-15.137684106826782,-11.009793758392334,0.21428571428571427
29553,0,0,37895,-15.137684106826782,-11.009793758392334,0.21428571428571427
29554,0,0,37894,-15.137684106826782,-11.009793758392334,0.21428571428571427
29555,0,0,37893,-15.137684106826782,-11.009793758392334,0.21428571428571427
29556,0,0,37892,-15.137684106826782,-11.009793758392334,0.21428571428571427
29557,0,0,37891,-15.137684106826782,-11.009793758392334,0.21428571428571427
29558,0,0,37912,-15.137684106826782,-11.009793758392334,0.21428571428571427
29559,0,0,37913,-15.137684106826782,-11.009793758392334,0.21428571428571427
29560,0,0,37914,-15.137684106826782,-11.009793758392334,0.21428571428571427
29561,0,0,37926,-15.137684106826782,-11.009793758392334,0.21428571428571427
29562,0,0,37935,-15.137684106826782,-11.009793758392334,0.21428571428571427
29563,0,0,37934,-15.137684106826782,-11.009793758392334,0.21428571428571427
29564,0,0,37933,-15.137684106826782,-11.009793758392334,0.21428571428571427
29565,0,0,37932,-15.137684106826782,-11.009793758392334,0.21428571428571427
29566,0,0,37931,-15.137684106826782,-11.009793758392334,0.21428571428571427
29567,0,0,37930,-15.137684106826782,-11.009793758392334,0.21428571428571427
29568,0,0,37929,-15.137684106826782,-11.009793758392334,0.21428571428571427
29569,0,0,37928,-15.137684106826782,-11.009793758392334,0.21428571428571427
29570,0,0,37927,-15.137684106826782,-11.009793758392334,0.21428571428571427
29571,0,0,37925,-15.137684106826782,-11.009793758392334,0.21428571428571427
29572,0,0,37915,-15.137684106826782,-11.009793758392334,0.21428571428571427
29573,0,0,37924,-15.137684106826782,-11.009793758392334,0.21428571428571427
29574,0,0,37923,-15.137684106826782,-11.009793758392334,0.21428571428571427
29575,0,0,37922,-15.137684106826782,-11.009793758392334,0.21428571428571427
29576,0,0,37921,-15.137684106826782,-11.009793758392334,0.21428571428571427
29577,0,0,37920,-15.137684106826782,-11.009793758392334,0.21428571428571427
29578,0,0,37919,-15.137684106826782,-11.009793758392334,0.21428571428571427
29579,0,0,37918,-15.137684106826782,-11.009793758392334,0.21428571428571427
29580,0,0,37917,-15.137684106826782,-11.009793758392334,0.21428571428571427
29581,0,0,37916,-15.137684106826782,-11.009793758392334,0.21428571428571427
29582,0,0,37985,-15.137684106826782,-11.009793758392334,0.21428571428571427
29583,0,0,37986,-15.137684106826782,-11.009793758392334,0.21428571428571427
29584,0,0,37987,-15.137684106826782,-11.009793758392334,0.21428571428571427
29585,0,0,37988,-15.137684106826782,-11.009793758392334,0.21428571428571427
29586,0,0,38057,-15.137684106826782,-11.009793758392334,0.21428571428571427
29587,0,0,38056,-15.137684106826782,-11.009793758392334,0.21428571428571427
29588,0,0,38055,-15.137684106826782,-11.009793758392334,0.21428571428571427
29589,0,0,38054,-15.137684106826782,-11.009793758392334,0.21428571428571427
29590,0,0,38053,-15.137684106826782,-11.009793758392334,0.21428571428571427
29591,0,0,38052,-15.137684106826782,-11.009793758392334,0.21428571428571427
29592,0,0,38051,-15.137684106826782,-11.009793758392334,0.21428571428571427
29593,0,0,38050,-15.137684106826782,-11.009793758392334,0.21428571428571427
29594,0,0,38049,-15.137684106826782,-11.009793758392334,0.21428571428571427
29595,0,0,38047,-15.137684106826782,-11.009793758392334,0.21428571428571427
29596,0,0,38037,-15.137684106826782,-11.009793758392334,0.21428571428571427
29597,0,0,38046,-15.137684106826782,-11.009793758392334,0.21428571428571427
29598,0,0,38045,-15.137684106826782,-11.009793758392334,0.21428571428571427
29599,0,0,38044,-15.137684106826782,-11.009793758392334,0.21428571428571427
29600,0,0,38043,-15.137684106826782,-11.009793758392334,0.21428571428571427
29601,0,0,38042,-15.137684106826782,-11.009793758392334,0.21428571428571427
29602,0,0,38041,-15.137684106826782,-11.009793758392334,0.21428571428571427
29603,0,0,38040,-15.137684106826782,-11.009793758392334,0.21428571428571427
29604,0,0,38039,-15.137684106826782,-11.009793758392334,0.21428571428571427
29605,0,0,38038,-15.137684106826782,-11.009793758392334,0.21428571428571427
29606,0,0,38058,-15.137684106826782,-11.009793758392334,0.21428571428571427
29607,0,0,38048,-15.137684106826782,-11.009793758392334,0.21428571428571427
29608,0,0,38059,-15.137684106826782,-11.009793758392334,0.21428571428571427
29609,0,0,38072,-15.137684106826782,-11.009793758392334,0.21428571428571427
29610,0,0,38081,-15.137684106826782,-11.009793758392334,0.21428571428571427
29611,0,0,38080,-15.137684106826782,-11.009793758392334,0.21428571428571427
29612,0,0,38079,-15.137684106826782,-11.009793758392334,0.21428571428571427
29613,0,0,38078,-15.137684106826782,-11.009793758392334,0.21428571428571427
29614,0,0,38077,-15.137684106826782,-11.009793758392334,0.21428571428571427
29615,0,0,38076,-15.137684106826782,-11.009793758392334,0.21428571428571427
29616,0,0,38075,-15.137684106826782,-11.009793758392334,0.21428571428571427
29617,0,0,38074,-15.137684106826782,-11.009793758392334,0.21428571428571427
29618,0,0,38073,-15.137684106826782,-11.009793758392334,0.21428571428571427
29619,0,0,38071,-15.137684106826782,-11.009793758392334,0.21428571428571427
29620,0,0,38061,-15.137684106826782,-11.009793758392334,0.21428571428571427
29621,0,0,38070,-15.137684106826782,-11.009793758392334,0.21428571428571427
29622,0,0,38069,-15.137684106826782,-11.009793758392334,0.21428571428571427
29623,0,0,38068,-15.137684106826782,-11.009793758392334,0.21428571428571427
29624,0,0,38067,-15.137684106826782,-11.009793758392334,0.21428571428571427
29625,0,0,38066,-15.137684106826782,-11.009793758392334,0.21428571428571427
29626,0,0,38065,-15.137684106826782,-11.009793758392334,0.21428571428571427
29627,0,0,38064,-15.137684106826782,-11.009793758392334,0.21428571428571427
29628,0,0,38063,-15.137684106826782,-11.009793758392334,0.21428571428571427
29629,0,0,38062,-15.137684106826782,-11.009793758392334,0.21428571428571427
29630,0,0,38060,-15.137684106826782,-11.009793758392334,0.21428571428571427
29631,0,0,38036,-15.137684106826782,-11.009793758392334,0.21428571428571427
29632,0,0,38035,-15.137684106826782,-11.009793758392334,0.21428571428571427
29633,0,0,38034,-15.137684106826782,-11.009793758392334,0.21428571428571427
29634,0,0,38009,-15.137684106826782,-11.009793758392334,0.21428571428571427
29635,0,0,38008,-15.137684106826782,-11.009793758392334,0.21428571428571427
29636,0,0,38007,-15.137684106826782,-11.009793758392334,0.21428571428571427
29637,0,0,38006,-15.137684106826782,-11.009793758392334,0.21428571428571427
29638,0,0,38005,-15.137684106826782,-11.009793758392334,0.21428571428571427
29639,0,0,38004,-15.137684106826782,-11.009793758392334,0.21428571428571427
29640,0,0,38003,-15.137684106826782,-11.009793758392334,0.21428571428571427
29641,0,0,38002,-15.137684106826782,-11.009793758392334,0.21428571428571427
29642,0,0,38001,-15.137684106826782,-11.009793758392334,0.21428571428571427
29643,0,0,38000,-15.137684106826782,-11.009793758392334,0.21428571428571427
29644,0,0,37999,-15.137684106826782,-11.009793758392334,0.21428571428571427
29645,0,0,37998,-15.137684106826782,-11.009793758392334,0.21428571428571427
29646,0,0,37997,-15.137684106826782,-11.009793758392334,0.21428571428571427
29647,0,0,37996,-15.137684106826782,-11.009793758392334,0.21428571428571427
29648,0,0,37995,-15.137684106826782,-11.009793758392334,0.21428571428571427
29649,0,0,37994,-15.137684106826782,-11.009793758392334,0.21428571428571427
29650,0,0,37993,-15.137684106826782,-11.009793758392334,0.21428571428571427
29651,0,0,37992,-15.137684106826782,-11.009793758392334,0.21428571428571427
29652,0,0,37991,-15.137684106826782,-11.009793758392334,0.21428571428571427
29653,0,0,37990,-15.137684106826782,-11.009793758392334,0.21428571428571427
29654,0,0,37989,-15.137684106826782,-11.009793758392334,0.21428571428571427
29655,0,0,38010,-15.137684106826782,-11.009793758392334,0.21428571428571427
29656,0,0,38011,-15.137684106826782,-11.009793758392334,0.21428571428571427
29657,0,0,38012,-15.137684106826782,-11.009793758392334,0.21428571428571427
29658,0,0,38024,-15.137684106826782,-11.009793758392334,0.21428571428571427
29659,0,0,38033,-15.137684106826782,-11.009793758392334,0.21428571428571427
29660,0,0,38032,-15.137684106826782,-11.009793758392334,0.21428571428571427
29661,0,0,38031,-15.137684106826782,-11.009793758392334,0.21428571428571427
29662,0,0,38030,-15.137684106826782,-11.009793758392334,0.21428571428571427
29663,0,0,38029,-15.137684106826782,-11.009793758392334,0.21428571428571427
29664,0,0,38028,-15.137684106826782,-11.009793758392334,0.21428571428571427
29665,0,0,38027,-15.137684106826782,-11.009793758392334,0.21428571428571427
29666,0,0,38026,-15.137684106826782,-11.009793758392334,0.21428571428571427
29667,0,0,38025,-15.137684106826782,-11.009793758392334,0.21428571428571427
29668,0,0,38023,-15.137684106826782,-11.009793758392334,0.21428571428571427
29669,0,0,38013,-15.137684106826782,-11.009793758392334,0.21428571428571427
29670,0,0,38022,-15.137684106826782,-11.009793758392334,0.21428571428571427
29671,0,0,38021,-15.137684106826782,-11.009793758392334,0.21428571428571427
29672,0,0,38020,-15.137684106826782,-11.009793758392334,0.21428571428571427
29673,0,0,38019,-15.137684106826782,-11.009793758392334,0.21428571428571427
29674,0,0,38018,-15.137684106826782,-11.009793758392334,0.21428571428571427
29675,0,0,38017,-15.137684106826782,-11.009793758392334,0.21428571428571427
29676,0,0,38016,-15.137684106826782,-11.009793758392334,0.21428571428571427
29677,0,0,38015,-15.137684106826782,-11.009793758392334,0.21428571428571427
29678,0,0,38014,-15.137684106826782,-11.009793758392334,0.21428571428571427
29679,0,0,39058,-15.137684106826782,-11.009793758392334,0.21428571428571427
29680,0,0,38279,-15.137684106826782,-11.009793758392334,0.21428571428571427
29681,0,0,39059,-15.137684106826782,-11.009793758392334,0.21428571428571427
29682,0,0,39841,-15.137684106826782,-11.009793758392334,0.21428571428571427
29683,0,0,40108,-15.137684106826782,-11.009793758392334,0.21428571428571427
29684,0,0,40107,-15.137684106826782,-11.009793758392334,0.21428571428571427
29685,0,0,40106,-15.137684106826782,-11.009793758392334,0.21428571428571427
29686,0,0,40105,-15.137684106826782,-11.009793758392334,0.21428571428571427
29687,0,0,40104,-15.137684106826782,-11.009793758392334,0.21428571428571427
29688,0,0,40103,-15.137684106826782,-11.009793758392334,0.21428571428571427
29689,0,0,40102,-15.137684106826782,-11.009793758392334,0.21428571428571427
29690,0,0,40101,-15.137684106826782,-11.009793758392334,0.21428571428571427
29691,0,0,40100,-15.137684106826782,-11.009793758392334,0.21428571428571427
29692,0,0,40099,-15.137684106826782,-11.009793758392334,0.21428571428571427
29693,0,0,40098,-15.137684106826782,-11.009793758392334,0.21428571428571427
29694,0,0,40097,-15.137684106826782,-11.009793758392334,0.21428571428571427
29695,0,0,40096,-15.137684106826782,-11.009793758392334,0.21428571428571427
29696,0,0,40095,-15.137684106826782,-11.009793758392334,0.21428571428571427
29697,0,0,40094,-15.137684106826782,-11.009793758392334,0.21428571428571427
29698,0,0,40093,-15.137684106826782,-11.009793758392334,0.21428571428571427
29699,0,0,40092,-15.137684106826782,-11.009793758392334,0.21428571428571427
29700,0,0,40091,-15.137684106826782,-11.009793758392334,0.21428571428571427
29701,0,0,40090,-15.137684106826782,-11.009793758392334,0.21428571428571427
29702,0,0,40089,-15.137684106826782,-11.009793758392334,0.21428571428571427
29703,0,0,40088,-15.137684106826782,-11.009793758392334,0.21428571428571427
29704,0,0,40109,-15.137684106826782,-11.009793758392334,0.21428571428571427
29705,0,0,40110,-15.137684106826782,-11.009793758392334,0.21428571428571427
29706,0,0,40111,-15.137684106826782,-11.009793758392334,0.21428571428571427
29707,0,0,40123,-15.137684106826782,-11.009793758392334,0.21428571428571427
29708,0,0,40132,-15.137684106826782,-11.009793758392334,0.21428571428571427
29709,0,0,40131,-15.137684106826782,-11.009793758392334,0.21428571428571427
29710,0,0,40130,-15.137684106826782,-11.009793758392334,0.21428571428571427
29711,0,0,40129,-15.137684106826782,-11.009793758392334,0.21428571428571427
29712,0,0,40128,-15.137684106826782,-11.009793758392334,0.21428571428571427
29713,0,0,40127,-15.137684106826782,-11.009793758392334,0.21428571428571427
29714,0,0,40126,-15.137684106826782,-11.009793758392334,0.21428571428571427
29715,0,0,40125,-15.137684106826782,-11.009793758392334,0.21428571428571427
29716,0,0,40124,-15.137684106826782,-11.009793758392334,0.21428571428571427
29717,0,0,40122,-15.137684106826782,-11.009793758392334,0.21428571428571427
29718,0,0,40112,-15.137684106826782,-11.009793758392334,0.21428571428571427
29719,0,0,40121,-15.137684106826782,-11.009793758392334,0.21428571428571427
29720,0,0,40120,-15.137684106826782,-11.009793758392334,0.21428571428571427
29721,0,0,40119,-15.137684106826782,-11.009793758392334,0.21428571428571427
29722,0,0,40118,-15.137684106826782,-11.009793758392334,0.21428571428571427
29723,0,0,40117,-15.137684106826782,-11.009793758392334,0.21428571428571427
29724,0,0,40116,-15.137684106826782,-11.009793758392334,0.21428571428571427
29725,0,0,40115,-15.137684106826782,-11.009793758392334,0.21428571428571427
29726,0,0,40114,-15.137684106826782,-11.009793758392334,0.21428571428571427
29727,0,0,40113,-15.137684106826782,-11.009793758392334,0.21428571428571427
29728,0,0,40087,-15.137684106826782,-11.009793758392334,0.21428571428571427
29729,0,0,40085,-15.137684106826782,-11.009793758392334,0.21428571428571427
29730,0,0,40038,-15.137684106826782,-11.009793758392334,0.21428571428571427
29731,0,0,40084,-15.137684106826782,-11.009793758392334,0.21428571428571427
29732,0,0,40059,-15.137684106826782,-11.009793758392334,0.21428571428571427
29733,0,0,40058,-15.137684106826782,-11.009793758392334,0.21428571428571427
29734,0,0,40057,-15.137684106826782,-11.009793758392334,0.21428571428571427
29735,0,0,40056,-15.137684106826782,-11.009793758392334,0.21428571428571427
29736,0,0,40055,-15.137684106826782,-11.009793758392334,0.21428571428571427
29737,0,0,40054,-15.137684106826782,-11.009793758392334,0.21428571428571427
29738,0,0,40053,-15.137684106826782,-11.009793758392334,0.21428571428571427
29739,0,0,40052,-15.137684106826782,-11.009793758392334,0.21428571428571427
29740,0,0,40051,-15.137684106826782,-11.009793758392334,0.21428571428571427
29741,0,0,40050,-15.137684106826782,-11.009793758392334,0.21428571428571427
29742,0,0,40049,-15.137684106826782,-11.009793758392334,0.21428571428571427
29743,0,0,40048,-15.137684106826782,-11.009793758392334,0.21428571428571427
29744,0,0,40047,-15.137684106826782,-11.009793758392334,0.21428571428571427
29745,0,0,40046,-15.137684106826782,-11.009793758392334,0.21428571428571427
29746,0,0,40045,-15.137684106826782,-11.009793758392334,0.21428571428571427
29747,0,0,40044,-15.137684106826782,-11.009793758392334,0.21428571428571427
29748,0,0,40043,-15.137684106826782,-11.009793758392334,0.21428571428571427
29749,0,0,40042,-15.137684106826782,-11.009793758392334,0.21428571428571427
29750,0,0,40041,-15.137684106826782,-11.009793758392334,0.21428571428571427
29751,0,0,40040,-15.137684106826782,-11.009793758392334,0.21428571428571427
29752,0,0,40039,-15.137684106826782,-11.009793758392334,0.21428571428571427
29753,0,0,40060,-15.137684106826782,-11.009793758392334,0.21428571428571427
29754,0,0,40061,-15.137684106826782,-11.009793758392334,0.21428571428571427
29755,0,0,40062,-15.137684106826782,-11.009793758392334,0.21428571428571427
29756,0,0,40074,-15.137684106826782,-11.009793758392334,0.21428571428571427
29757,0,0,40083,-15.137684106826782,-11.009793758392334,0.21428571428571427
29758,0,0,40082,-15.137684106826782,-11.009793758392334,0.21428571428571427
29759,0,0,40081,-15.137684106826782,-11.009793758392334,0.21428571428571427
29760,0,0,40080,-15.137684106826782,-11.009793758392334,0.21428571428571427
29761,0,0,40079,-15.137684106826782,-11.009793758392334,0.21428571428571427
29762,0,0,40078,-15.137684106826782,-11.009793758392334,0.21428571428571427
29763,0,0,40077,-15.137684106826782,-11.009793758392334,0.21428571428571427
29764,0,0,40076,-15.137684106826782,-11.009793758392334,0.21428571428571427
29765,0,0,40075,-15.137684106826782,-11.009793758392334,0.21428571428571427
29766,0,0,40073,-15.137684106826782,-11.009793758392334,0.21428571428571427
29767,0,0,40063,-15.137684106826782,-11.009793758392334,0.21428571428571427
29768,0,0,40072,-15.137684106826782,-11.009793758392334,0.21428571428571427
29769,0,0,40071,-15.137684106826782,-11.009793758392334,0.21428571428571427
29770,0,0,40070,-15.137684106826782,-11.009793758392334,0.21428571428571427
29771,0,0,40069,-15.137684106826782,-11.009793758392334,0.21428571428571427
29772,0,0,40068,-15.137684106826782,-11.009793758392334,0.21428571428571427
29773,0,0,40067,-15.137684106826782,-11.009793758392334,0.21428571428571427
29774,0,0,40066,-15.137684106826782,-11.009793758392334,0.21428571428571427
29775,0,0,40065,-15.137684106826782,-11.009793758392334,0.21428571428571427
29776,0,0,40064,-15.137684106826782,-11.009793758392334,0.21428571428571427
29777,0,0,40133,-15.137684106826782,-11.009793758392334,0.21428571428571427
29778,0,0,40134,-15.137684106826782,-11.009793758392334,0.21428571428571427
29779,0,0,40135,-15.137684106826782,-11.009793758392334,0.21428571428571427
29780,0,0,40136,-15.137684106826782,-11.009793758392334,0.21428571428571427
29781,0,0,40205,-15.137684106826782,-11.009793758392334,0.21428571428571427
29782,0,0,40204,-15.137684106826782,-11.009793758392334,0.21428571428571427
29783,0,0,40203,-15.137684106826782,-11.009793758392334,0.21428571428571427
29784,0,0,40202,-15.137684106826782,-11.009793758392334,0.21428571428571427
29785,0,0,40201,-15.137684106826782,-11.009793758392334,0.21428571428571427
29786,0,0,40200,-15.137684106826782,-11.009793758392334,0.21428571428571427
29787,0,0,40199,-15.137684106826782,-11.009793758392334,0.21428571428571427
29788,0,0,40198,-15.137684106826782,-11.009793758392334,0.21428571428571427
29789,0,0,40197,-15.137684106826782,-11.009793758392334,0.21428571428571427
29790,0,0,40195,-15.137684106826782,-11.009793758392334,0.21428571428571427
29791,0,0,40185,-15.137684106826782,-11.009793758392334,0.21428571428571427
29792,0,0,40194,-15.137684106826782,-11.009793758392334,0.21428571428571427
29793,0,0,40193,-15.137684106826782,-11.009793758392334,0.21428571428571427
29794,0,0,40192,-15.137684106826782,-11.009793758392334,0.21428571428571427
29795,0,0,40191,-15.137684106826782,-11.009793758392334,0.21428571428571427
29796,0,0,40190,-15.137684106826782,-11.009793758392334,0.21428571428571427
29797,0,0,40189,-15.137684106826782,-11.009793758392334,0.21428571428571427
29798,0,0,40188,-15.137684106826782,-11.009793758392334,0.21428571428571427
29799,0,0,40187,-15.137684106826782,-11.009793758392334,0.21428571428571427
29800,0,0,40186,-15.137684106826782,-11.009793758392334,0.21428571428571427
29801,0,0,40206,-15.137684106826782,-11.009793758392334,0.21428571428571427
29802,0,0,40196,-15.137684106826782,-11.009793758392334,0.21428571428571427
29803,0,0,40207,-15.137684106826782,-11.009793758392334,0.21428571428571427
29804,0,0,40220,-15.137684106826782,-11.009793758392334,0.21428571428571427
29805,0,0,40229,-15.137684106826782,-11.009793758392334,0.21428571428571427
29806,0,0,40228,-15.137684106826782,-11.009793758392334,0.21428571428571427
29807,0,0,40227,-15.137684106826782,-11.009793758392334,0.21428571428571427
29808,0,0,40226,-15.137684106826782,-11.009793758392334,0.21428571428571427
29809,0,0,40225,-15.137684106826782,-11.009793758392334,0.21428571428571427
29810,0,0,40224,-15.137684106826782,-11.009793758392334,0.21428571428571427
29811,0,0,40223,-15.137684106826782,-11.009793758392334,0.21428571428571427
29812,0,0,40222,-15.137684106826782,-11.009793758392334,0.21428571428571427
29813,0,0,40221,-15.137684106826782,-11.009793758392334,0.21428571428571427
29814,0,0,40219,-15.137684106826782,-11.009793758392334,0.21428571428571427
29815,0,0,40209,-15.137684106826782,-11.009793758392334,0.21428571428571427
29816,0,0,40218,-15.137684106826782,-11.009793758392334,0.21428571428571427
29817,0,0,40217,-15.137684106826782,-11.009793758392334,0.21428571428571427
29818,0,0,40216,-15.137684106826782,-11.009793758392334,0.21428571428571427
29819,0,0,40215,-15.137684106826782,-11.009793758392334,0.21428571428571427
29820,0,0,40214,-15.137684106826782,-11.009793758392334,0.21428571428571427
29821,0,0,40213,-15.137684106826782,-11.009793758392334,0.21428571428571427
29822,0,0,40212,-15.137684106826782,-11.009793758392334,0.21428571428571427
29823,0,0,40211,-15.137684106826782,-11.009793758392334,0.21428571428571427
29824,0,0,40210,-15.137684106826782,-11.009793758392334,0.21428571428571427
29825,0,0,40208,-15.137684106826782,-11.009793758392334,0.21428571428571427
29826,0,0,40184,-15.137684106826782,-11.009793758392334,0.21428571428571427
29827,0,0,40183,-15.137684106826782,-11.009793758392334,0.21428571428571427
29828,0,0,40182,-15.137684106826782,-11.009793758392334,0.21428571428571427
29829,0,0,40157,-15.137684106826782,-11.009793758392334,0.21428571428571427
29830,0,0,40156,-15.137684106826782,-11.009793758392334,0.21428571428571427
29831,0,0,40155,-15.137684106826782,-11.009793758392334,0.21428571428571427
29832,0,0,40154,-15.137684106826782,-11.009793758392334,0.21428571428571427
29833,0,0,40153,-15.137684106826782,-11.009793758392334,0.21428571428571427
29834,0,0,40152,-15.137684106826782,-11.009793758392334,0.21428571428571427
29835,0,0,40151,-15.137684106826782,-11.009793758392334,0.21428571428571427
29836,0,0,40150,-15.137684106826782,-11.009793758392334,0.21428571428571427
29837,0,0,40149,-15.137684106826782,-11.009793758392334,0.21428571428571427
29838,0,0,40148,-15.137684106826782,-11.009793758392334,0.21428571428571427
29839,0,0,40147,-15.137684106826782,-11.009793758392334,0.21428571428571427
29840,0,0,40146,-15.137684106826782,-11.009793758392334,0.21428571428571427
29841,0,0,40145,-15.137684106826782,-11.009793758392334,0.21428571428571427
29842,0,0,40144,-15.137684106826782,-11.009793758392334,0.21428571428571427
29843,0,0,40143,-15.137684106826782,-11.009793758392334,0.21428571428571427
29844,0,0,40142,-15.137684106826782,-11.009793758392334,0.21428571428571427
29845,0,0,40141,-15.137684106826782,-11.009793758392334,0.21428571428571427
29846,0,0,40140,-15.137684106826782,-11.009793758392334,0.21428571428571427
29847,0,0,40139,-15.137684106826782,-11.009793758392334,0.21428571428571427
29848,0,0,40138,-15.137684106826782,-11.009793758392334,0.21428571428571427
29849,0,0,40137,-15.137684106826782,-11.009793758392334,0.21428571428571427
29850,0,0,40158,-15.137684106826782,-11.009793758392334,0.21428571428571427
29851,0,0,40159,-15.137684106826782,-11.009793758392334,0.21428571428571427
29852,0,0,40160,-15.137684106826782,-11.009793758392334,0.21428571428571427
29853,0,0,40172,-15.137684106826782,-11.009793758392334,0.21428571428571427
29854,0,0,40181,-15.137684106826782,-11.009793758392334,0.21428571428571427
29855,0,0,40180,-15.137684106826782,-11.009793758392334,0.21428571428571427
29856,0,0,40179,-15.137684106826782,-11.009793758392334,0.21428571428571427
29857,0,0,40178,-15.137684106826782,-11.009793758392334,0.21428571428571427
29858,0,0,40177,-15.137684106826782,-11.009793758392334,0.21428571428571427
29859,0,0,40176,-15.137684106826782,-11.009793758392334,0.21428571428571427
29860,0,0,40175,-15.137684106826782,-11.009793758392334,0.21428571428571427
29861,0,0,40174,-15.137684106826782,-11.009793758392334,0.21428571428571427
29862,0,0,40173,-15.137684106826782,-11.009793758392334,0.21428571428571427
29863,0,0,40171,-15.137684106826782,-11.009793758392334,0.21428571428571427
29864,0,0,40161,-15.137684106826782,-11.009793758392334,0.21428571428571427
29865,0,0,40170,-15.137684106826782,-11.009793758392334,0.21428571428571427
29866,0,0,40169,-15.137684106826782,-11.009793758392334,0.21428571428571427
29867,0,0,40168,-15.137684106826782,-11.009793758392334,0.21428571428571427
29868,0,0,40167,-15.137684106826782,-11.009793758392334,0.21428571428571427
29869,0,0,40166,-15.137684106826782,-11.009793758392334,0.21428571428571427
29870,0,0,40165,-15.137684106826782,-11.009793758392334,0.21428571428571427
29871,0,0,40164,-15.137684106826782,-11.009793758392334,0.21428571428571427
29872,0,0,40163,-15.137684106826782,-11.009793758392334,0.21428571428571427
29873,0,0,40162,-15.137684106826782,-11.009793758392334,0.21428571428571427
29874,0,0,40086,-15.137684106826782,-11.009793758392334,0.21428571428571427
29875,0,0,40037,-15.137684106826782,-11.009793758392334,0.21428571428571427
29876,0,0,40036,-15.137684106826782,-11.009793758392334,0.21428571428571427
29877,0,0,40035,-15.137684106826782,-11.009793758392334,0.21428571428571427
29878,0,0,39912,-15.137684106826782,-11.009793758392334,0.21428571428571427
29879,0,0,39911,-15.137684106826782,-11.009793758392334,0.21428571428571427
29880,0,0,39910,-15.137684106826782,-11.009793758392334,0.21428571428571427
29881,0,0,39909,-15.137684106826782,-11.009793758392334,0.21428571428571427
29882,0,0,39908,-15.137684106826782,-11.009793758392334,0.21428571428571427
29883,0,0,39907,-15.137684106826782,-11.009793758392334,0.21428571428571427
29884,0,0,39906,-15.137684106826782,-11.009793758392334,0.21428571428571427
29885,0,0,39905,-15.137684106826782,-11.009793758392334,0.21428571428571427
29886,0,0,39904,-15.137684106826782,-11.009793758392334,0.21428571428571427
29887,0,0,39903,-15.137684106826782,-11.009793758392334,0.21428571428571427
29888,0,0,39902,-15.137684106826782,-11.009793758392334,0.21428571428571427
29889,0,0,39901,-15.137684106826782,-11.009793758392334,0.21428571428571427
29890,0,0,39900,-15.137684106826782,-11.009793758392334,0.21428571428571427
29891,0,0,39899,-15.137684106826782,-11.009793758392334,0.21428571428571427
29892,0,0,39898,-15.137684106826782,-11.009793758392334,0.21428571428571427
29893,0,0,39897,-15.137684106826782,-11.009793758392334,0.21428571428571427
29894,0,0,39896,-15.137684106826782,-11.009793758392334,0.21428571428571427
29895,0,0,39895,-15.137684106826782,-11.009793758392334,0.21428571428571427
29896,0,0,39894,-15.137684106826782,-11.009793758392334,0.21428571428571427
29897,0,0,39893,-15.137684106826782,-11.009793758392334,0.21428571428571427
29898,0,0,39892,-15.137684106826782,-11.009793758392334,0.21428571428571427
29899,0,0,39913,-15.137684106826782,-11.009793758392334,0.21428571428571427
29900,0,0,39914,-15.137684106826782,-11.009793758392334,0.21428571428571427
29901,0,0,39915,-15.137684106826782,-11.009793758392334,0.21428571428571427
29902,0,0,39927,-15.137684106826782,-11.009793758392334,0.21428571428571427
29903,0,0,39936,-15.137684106826782,-11.009793758392334,0.21428571428571427
29904,0,0,39935,-15.137684106826782,-11.009793758392334,0.21428571428571427
29905,0,0,39934,-15.137684106826782,-11.009793758392334,0.21428571428571427
29906,0,0,39933,-15.137684106826782,-11.009793758392334,0.21428571428571427
29907,0,0,39932,-15.137684106826782,-11.009793758392334,0.21428571428571427
29908,0,0,39931,-15.137684106826782,-11.009793758392334,0.21428571428571427
29909,0,0,39930,-15.137684106826782,-11.009793758392334,0.21428571428571427
29910,0,0,39929,-15.137684106826782,-11.009793758392334,0.21428571428571427
29911,0,0,39928,-15.137684106826782,-11.009793758392334,0.21428571428571427
29912,0,0,39926,-15.137684106826782,-11.009793758392334,0.21428571428571427
29913,0,0,39916,-15.137684106826782,-11.009793758392334,0.21428571428571427
29914,0,0,39925,-15.137684106826782,-11.009793758392334,0.21428571428571427
29915,0,0,39924,-15.137684106826782,-11.009793758392334,0.21428571428571427
29916,0,0,39923,-15.137684106826782,-11.009793758392334,0.21428571428571427
29917,0,0,39922,-15.137684106826782,-11.009793758392334,0.21428571428571427
29918,0,0,39921,-15.137684106826782,-11.009793758392334,0.21428571428571427
29919,0,0,39920,-15.137684106826782,-11.009793758392334,0.21428571428571427
29920,0,0,39919,-15.137684106826782,-11.009793758392334,0.21428571428571427
29921,0,0,39918,-15.137684106826782,-11.009793758392334,0.21428571428571427
29922,0,0,39917,-15.137684106826782,-11.009793758392334,0.21428571428571427
29923,0,0,39891,-15.137684106826782,-11.009793758392334,0.21428571428571427
29924,0,0,39889,-15.137684106826782,-11.009793758392334,0.21428571428571427
29925,0,0,39842,-15.137684106826782,-11.009793758392334,0.21428571428571427
29926,0,0,39888,-15.137684106826782,-11.009793758392334,0.21428571428571427
29927,0,0,39863,-15.137684106826782,-11.009793758392334,0.21428571428571427
29928,0,0,39862,-15.137684106826782,-11.009793758392334,0.21428571428571427
29929,0,0,39861,-15.137684106826782,-11.009793758392334,0.21428571428571427
29930,0,0,39860,-15.137684106826782,-11.009793758392334,0.21428571428571427
29931,0,0,39859,-15.137684106826782,-11.009793758392334,0.21428571428571427
29932,0,0,39858,-15.137684106826782,-11.009793758392334,0.21428571428571427
29933,0,0,39857,-15.137684106826782,-11.009793758392334,0.21428571428571427
29934,0,0,39856,-15.137684106826782,-11.009793758392334,0.21428571428571427
29935,0,0,39855,-15.137684106826782,-11.009793758392334,0.21428571428571427
29936,0,0,39854,-15.137684106826782,-11.009793758392334,0.21428571428571427
29937,0,0,39853,-15.137684106826782,-11.009793758392334,0.21428571428571427
29938,0,0,39852,-15.137684106826782,-11.009793758392334,0.21428571428571427
29939,0,0,39851,-15.137684106826782,-11.009793758392334,0.21428571428571427
29940,0,0,39850,-15.137684106826782,-11.009793758392334,0.21428571428571427
29941,0,0,39849,-15.137684106826782,-11.009793758392334,0.21428571428571427
29942,0,0,39848,-15.137684106826782,-11.009793758392334,0.21428571428571427
29943,0,0,39847,-15.137684106826782,-11.009793758392334,0.21428571428571427
29944,0,0,39846,-15.137684106826782,-11.009793758392334,0.21428571428571427
29945,0,0,39845,-15.137684106826782,-11.009793758392334,0.21428571428571427
29946,0,0,39844,-15.137684106826782,-11.009793758392334,0.21428571428571427
29947,0,0,39843,-15.137684106826782,-11.009793758392334,0.21428571428571427
29948,0,0,39864,-15.137684106826782,-11.009793758392334,0.21428571428571427
29949,0,0,39865,-15.137684106826782,-11.009793758392334,0.21428571428571427
29950,0,0,39866,-15.137684106826782,-11.009793758392334,0.21428571428571427
29951,0,0,39878,-15.137684106826782,-11.009793758392334,0.21428571428571427
29952,0,0,39887,-15.137684106826782,-11.009793758392334,0.21428571428571427
29953,0,0,39886,-15.137684106826782,-11.009793758392334,0.21428571428571427
29954,0,0,39885,-15.137684106826782,-11.009793758392334,0.21428571428571427
29955,0,0,39884,-15.137684106826782,-11.009793758392334,0.21428571428571427
29956,0,0,39883,-15.137684106826782,-11.009793758392334,0.21428571428571427
29957,0,0,39882,-15.137684106826782,-11.009793758392334,0.21428571428571427
29958,0,0,39881,-15.137684106826782,-11.009793758392334,0.21428571428571427
29959,0,0,39880,-15.137684106826782,-11.009793758392334,0.21428571428571427
29960,0,0,39879,-15.137684106826782,-11.009793758392334,0.21428571428571427
29961,0,0,39877,-15.137684106826782,-11.009793758392334,0.21428571428571427
29962,0,0,39867,-15.137684106826782,-11.009793758392334,0.21428571428571427
29963,0,0,39876,-15.137684106826782,-11.009793758392334,0.21428571428571427
29964,0,0,39875,-15.137684106826782,-11.009793758392334,0.21428571428571427
29965,0,0,39874,-15.137684106826782,-11.009793758392334,0.21428571428571427
29966,0,0,39873,-15.137684106826782,-11.009793758392334,0.21428571428571427
29967,0,0,39872,-15.137684106826782,-11.009793758392334,0.21428571428571427
29968,0,0,39871,-15.137684106826782,-11.009793758392334,0.21428571428571427
29969,0,0,39870,-15.137684106826782,-11.009793758392334,0.21428571428571427
29970,0,0,39869,-15.137684106826782,-11.009793758392334,0.21428571428571427
29971,0,0,39868,-15.137684106826782,-11.009793758392334,0.21428571428571427
29972,0,0,39937,-15.137684106826782,-11.009793758392334,0.21428571428571427
29973,0,0,39890,-15.137684106826782,-11.009793758392334,0.21428571428571427
29974,0,0,39938,-15.137684106826782,-11.009793758392334,0.21428571428571427
29975,0,0,39988,-15.137684106826782,-11.009793758392334,0.21428571428571427
29976,0,0,40010,-15.137684106826782,-11.009793758392334,0.21428571428571427
29977,0,0,40009,-15.137684106826782,-11.009793758392334,0.21428571428571427
29978,0,0,40008,-15.137684106826782,-11.009793758392334,0.21428571428571427
29979,0,0,40007,-15.137684106826782,-11.009793758392334,0.21428571428571427
29980,0,0,40006,-15.137684106826782,-11.009793758392334,0.21428571428571427
29981,0,0,40005,-15.137684106826782,-11.009793758392334,0.21428571428571427
29982,0,0,40004,-15.137684106826782,-11.009793758392334,0.21428571428571427
29983,0,0,40003,-15.137684106826782,-11.009793758392334,0.21428571428571427
29984,0,0,40002,-15.137684106826782,-11.009793758392334,0.21428571428571427
29985,0,0,40001,-15.137684106826782,-11.009793758392334,0.21428571428571427
29986,0,0,40000,-15.137684106826782,-11.009793758392334,0.21428571428571427
29987,0,0,39999,-15.137684106826782,-11.009793758392334,0.21428571428571427
29988,0,0,39998,-15.137684106826782,-11.009793758392334,0.21428571428571427
29989,0,0,39997,-15.137684106826782,-11.009793758392334,0.21428571428571427
29990,0,0,39996,-15.137684106826782,-11.009793758392334,0.21428571428571427
29991,0,0,39995,-15.137684106826782,-11.009793758392334,0.21428571428571427
29992,0,0,39994,-15.137684106826782,-11.009793758392334,0.21428571428571427
29993,0,0,39993,-15.137684106826782,-11.009793758392334,0.21428571428571427
29994,0,0,39992,-15.137684106826782,-11.009793758392334,0.21428571428571427
29995,0,0,39991,-15.137684106826782,-11.009793758392334,0.21428571428571427
29996,0,0,39990,-15.137684106826782,-11.009793758392334,0.21428571428571427
29997,0,0,40011,-15.137684106826782,-11.009793758392334,0.21428571428571427
29998,0,0,40012,-15.137684106826782,-11.009793758392334,0.21428571428571427
29999,0,0,40013,-15.137684106826782,-11.009793758392334,0.21428571428571427
30000,0,0,40025,-15.137684106826782,-11.009793758392334,0.21428571428571427
30001,0,0,40034,-15.137684106826782,-11.009793758392334,0.21428571428571427
30002,0,0,40033,-15.137684106826782,-11.009793758392334,0.21428571428571427
30003,0,0,40032,-15.137684106826782,-11.009793758392334,0.21428571428571427
30004,0,0,40031,-15.137684106826782,-11.009793758392334,0.21428571428571427
30005,0,0,40030,-15.137684106826782,-11.009793758392334,0.21428571428571427
30006,0,0,40029,-15.137684106826782,-11.009793758392334,0.21428571428571427
30007,0,0,40028,-15.137684106826782,-11.009793758392334,0.21428571428571427
30008,0,0,40027,-15.137684106826782,-11.009793758392334,0.21428571428571427
30009,0,0,40026,-15.137684106826782,-11.009793758392334,0.21428571428571427
30010,0,0,40024,-15.137684106826782,-11.009793758392334,0.21428571428571427
30011,0,0,40014,-15.137684106826782,-11.009793758392334,0.21428571428571427
30012,0,0,40023,-15.137684106826782,-11.009793758392334,0.21428571428571427
30013,0,0,40022,-15.137684106826782,-11.009793758392334,0.21428571428571427
30014,0,0,40021,-15.137684106826782,-11.009793758392334,0.21428571428571427
30015,0,0,40020,-15.137684106826782,-11.009793758392334,0.21428571428571427
30016,0,0,40019,-15.137684106826782,-11.009793758392334,0.21428571428571427
30017,0,0,40018,-15.137684106826782,-11.009793758392334,0.21428571428571427
30018,0,0,40017,-15.137684106826782,-11.009793758392334,0.21428571428571427
30019,0,0,40016,-15.137684106826782,-11.009793758392334,0.21428571428571427
30020,0,0,40015,-15.137684106826782,-11.009793758392334,0.21428571428571427
30021,0,0,39989,-15.137684106826782,-11.009793758392334,0.21428571428571427
30022,0,0,39987,-15.137684106826782,-11.009793758392334,0.21428571428571427
30023,0,0,39940,-15.137684106826782,-11.009793758392334,0.21428571428571427
30024,0,0,39986,-15.137684106826782,-11.009793758392334,0.21428571428571427
30025,0,0,39961,-15.137684106826782,-11.009793758392334,0.21428571428571427
30026,0,0,39960,-15.137684106826782,-11.009793758392334,0.21428571428571427
30027,0,0,39959,-15.137684106826782,-11.009793758392334,0.21428571428571427
30028,0,0,39958,-15.137684106826782,-11.009793758392334,0.21428571428571427
30029,0,0,39957,-15.137684106826782,-11.009793758392334,0.21428571428571427
30030,0,0,39956,-15.137684106826782,-11.009793758392334,0.21428571428571427
30031,0,0,39955,-15.137684106826782,-11.009793758392334,0.21428571428571427
30032,0,0,39954,-15.137684106826782,-11.009793758392334,0.21428571428571427
30033,0,0,39953,-15.137684106826782,-11.009793758392334,0.21428571428571427
30034,0,0,39952,-15.137684106826782,-11.009793758392334,0.21428571428571427
30035,0,0,39951,-15.137684106826782,-11.009793758392334,0.21428571428571427
30036,0,0,39950,-15.137684106826782,-11.009793758392334,0.21428571428571427
30037,0,0,39949,-15.137684106826782,-11.009793758392334,0.21428571428571427
30038,0,0,39948,-15.137684106826782,-11.009793758392334,0.21428571428571427
30039,0,0,39947,-15.137684106826782,-11.009793758392334,0.21428571428571427
30040,0,0,39946,-15.137684106826782,-11.009793758392334,0.21428571428571427
30041,0,0,39945,-15.137684106826782,-11.009793758392334,0.21428571428571427
30042,0,0,39944,-15.137684106826782,-11.009793758392334,0.21428571428571427
30043,0,0,39943,-15.137684106826782,-11.009793758392334,0.21428571428571427
30044,0,0,39942,-15.137684106826782,-11.009793758392334,0.21428571428571427
30045,0,0,39941,-15.137684106826782,-11.009793758392334,0.21428571428571427
30046,0,0,39962,-15.137684106826782,-11.009793758392334,0.21428571428571427
30047,0,0,39963,-15.137684106826782,-11.009793758392334,0.21428571428571427
30048,0,0,39964,-15.137684106826782,-11.009793758392334,0.21428571428571427
30049,0,0,39976,-15.137684106826782,-11.009793758392334,0.21428571428571427
30050,0,0,39985,-15.137684106826782,-11.009793758392334,0.21428571428571427
30051,0,0,39984,-15.137684106826782,-11.009793758392334,0.21428571428571427
30052,0,0,39983,-15.137684106826782,-11.009793758392334,0.21428571428571427
30053,0,0,39982,-15.137684106826782,-11.009793758392334,0.21428571428571427
30054,0,0,39981,-15.137684106826782,-11.009793758392334,0.21428571428571427
30055,0,0,39980,-15.137684106826782,-11.009793758392334,0.21428571428571427
30056,0,0,39979,-15.137684106826782,-11.009793758392334,0.21428571428571427
30057,0,0,39978,-15.137684106826782,-11.009793758392334,0.21428571428571427
30058,0,0,39977,-15.137684106826782,-11.009793758392334,0.21428571428571427
30059,0,0,39975,-15.137684106826782,-11.009793758392334,0.21428571428571427
30060,0,0,39965,-15.137684106826782,-11.009793758392334,0.21428571428571427
30061,0,0,39974,-15.137684106826782,-11.009793758392334,0.21428571428571427
30062,0,0,39973,-15.137684106826782,-11.009793758392334,0.21428571428571427
30063,0,0,39972,-15.137684106826782,-11.009793758392334,0.21428571428571427
30064,0,0,39971,-15.137684106826782,-11.009793758392334,0.21428571428571427
30065,0,0,39970,-15.137684106826782,-11.009793758392334,0.21428571428571427
30066,0,0,39969,-15.137684106826782,-11.009793758392334,0.21428571428571427
30067,0,0,39968,-15.137684106826782,-11.009793758392334,0.21428571428571427
30068,0,0,39967,-15.137684106826782,-11.009793758392334,0.21428571428571427
30069,0,0,39966,-15.137684106826782,-11.009793758392334,0.21428571428571427
30070,0,0,40230,-15.137684106826782,-11.009793758392334,0.21428571428571427
30071,0,0,40231,-15.137684106826782,-11.009793758392334,0.21428571428571427
30072,0,0,40232,-15.137684106826782,-11.009793758392334,0.21428571428571427
30073,0,0,40427,-15.137684106826782,-11.009793758392334,0.21428571428571427
30074,0,0,40498,-15.137684106826782,-11.009793758392334,0.21428571428571427
30075,0,0,40497,-15.137684106826782,-11.009793758392334,0.21428571428571427
30076,0,0,40496,-15.137684106826782,-11.009793758392334,0.21428571428571427
30077,0,0,40495,-15.137684106826782,-11.009793758392334,0.21428571428571427
30078,0,0,40494,-15.137684106826782,-11.009793758392334,0.21428571428571427
30079,0,0,40493,-15.137684106826782,-11.009793758392334,0.21428571428571427
30080,0,0,40492,-15.137684106826782,-11.009793758392334,0.21428571428571427
30081,0,0,40491,-15.137684106826782,-11.009793758392334,0.21428571428571427
30082,0,0,40490,-15.137684106826782,-11.009793758392334,0.21428571428571427
30083,0,0,40489,-15.137684106826782,-11.009793758392334,0.21428571428571427
30084,0,0,40488,-15.137684106826782,-11.009793758392334,0.21428571428571427
30085,0,0,40487,-15.137684106826782,-11.009793758392334,0.21428571428571427
30086,0,0,40486,-15.137684106826782,-11.009793758392334,0.21428571428571427
30087,0,0,40485,-15.137684106826782,-11.009793758392334,0.21428571428571427
30088,0,0,40484,-15.137684106826782,-11.009793758392334,0.21428571428571427
30089,0,0,40483,-15.137684106826782,-11.009793758392334,0.21428571428571427
30090,0,0,40482,-15.137684106826782,-11.009793758392334,0.21428571428571427
30091,0,0,40481,-15.137684106826782,-11.009793758392334,0.21428571428571427
30092,0,0,40480,-15.137684106826782,-11.009793758392334,0.21428571428571427
30093,0,0,40479,-15.137684106826782,-11.009793758392334,0.21428571428571427
30094,0,0,40478,-15.137684106826782,-11.009793758392334,0.21428571428571427
30095,0,0,40499,-15.137684106826782,-11.009793758392334,0.21428571428571427
30096,0,0,40500,-15.137684106826782,-11.009793758392334,0.21428571428571427
30097,0,0,40501,-15.137684106826782,-11.009793758392334,0.21428571428571427
30098,0,0,40513,-15.137684106826782,-11.009793758392334,0.21428571428571427
30099,0,0,40522,-15.137684106826782,-11.009793758392334,0.21428571428571427
30100,0,0,40521,-15.137684106826782,-11.009793758392334,0.21428571428571427
30101,0,0,40520,-15.137684106826782,-11.009793758392334,0.21428571428571427
30102,0,0,40519,-15.137684106826782,-11.009793758392334,0.21428571428571427
30103,0,0,40518,-15.137684106826782,-11.009793758392334,0.21428571428571427
30104,0,0,40517,-15.137684106826782,-11.009793758392334,0.21428571428571427
30105,0,0,40516,-15.137684106826782,-11.009793758392334,0.21428571428571427
30106,0,0,40515,-15.137684106826782,-11.009793758392334,0.21428571428571427
30107,1,0,40514,-15.137684106826782,-11.009793758392334,0.21428571428571427
30108,0,0,40512,-15.137684106826782,-11.009793758392334,0.21428571428571427
30109,0,0,40502,-15.137684106826782,-11.009793758392334,0.21428571428571427
30110,0,0,40511,-15.137684106826782,-11.009793758392334,0.21428571428571427
30111,0,0,40510,-15.137684106826782,-11.009793758392334,0.21428571428571427
30112,0,0,40509,-15.137684106826782,-11.009793758392334,0.21428571428571427
30113,0,0,40508,-15.137684106826782,-11.009793758392334,0.21428571428571427
30114,0,0,40507,-15.137684106826782,-11.009793758392334,0.21428571428571427
30115,0,0,40506,-15.137684106826782,-11.009793758392334,0.21428571428571427
30116,0,0,40505,-15.137684106826782,-11.009793758392334,0.21428571428571427
30117,0,0,40504,-15.137684106826782,-11.009793758392334,0.21428571428571427
30118,0,0,40503,-15.137684106826782,-11.009793758392334,0.21428571428571427
30119,0,0,40477,-15.137684106826782,-11.009793758392334,0.21428571428571427
30120,0,0,40475,-15.137684106826782,-11.009793758392334,0.21428571428571427
30121,0,0,40428,-15.137684106826782,-11.009793758392334,0.21428571428571427
30122,0,0,40474,-15.137684106826782,-11.009793758392334,0.21428571428571427
30123,0,0,40449,-15.137684106826782,-11.009793758392334,0.21428571428571427
30124,0,0,40448,-15.137684106826782,-11.009793758392334,0.21428571428571427
30125,0,0,40447,-15.137684106826782,-11.009793758392334,0.21428571428571427
30126,0,0,40446,-15.137684106826782,-11.009793758392334,0.21428571428571427
30127,0,0,40445,-15.137684106826782,-11.009793758392334,0.21428571428571427
30128,0,0,40444,-15.137684106826782,-11.009793758392334,0.21428571428571427
30129,0,0,40443,-15.137684106826782,-11.009793758392334,0.21428571428571427
30130,0,0,40442,-15.137684106826782,-11.009793758392334,0.21428571428571427
30131,0,0,40441,-15.137684106826782,-11.009793758392334,0.21428571428571427
30132,0,0,40440,-15.137684106826782,-11.009793758392334,0.21428571428571427
30133,0,0,40439,-15.137684106826782,-11.009793758392334,0.21428571428571427
30134,0,0,40438,-15.137684106826782,-11.009793758392334,0.21428571428571427
30135,0,0,40437,-15.137684106826782,-11.009793758392334,0.21428571428571427
30136,0,0,40436,-15.137684106826782,-11.009793758392334,0.21428571428571427
30137,0,0,40435,-15.137684106826782,-11.009793758392334,0.21428571428571427
30138,0,0,40434,-15.137684106826782,-11.009793758392334,0.21428571428571427
30139,0,0,40433,-15.137684106826782,-11.009793758392334,0.21428571428571427
30140,0,0,40432,-15.137684106826782,-11.009793758392334,0.21428571428571427
30141,0,0,40431,-15.137684106826782,-11.009793758392334,0.21428571428571427
30142,0,0,40430,-15.137684106826782,-11.009793758392334,0.21428571428571427
30143,0,0,40429,-15.137684106826782,-11.009793758392334,0.21428571428571427
30144,0,0,40450,-15.137684106826782,-11.009793758392334,0.21428571428571427
30145,0,0,40451,-15.137684106826782,-11.009793758392334,0.21428571428571427
30146,0,0,40452,-15.137684106826782,-11.009793758392334,0.21428571428571427
30147,0,0,40464,-15.137684106826782,-11.009793758392334,0.21428571428571427
30148,0,0,40473,-15.137684106826782,-11.009793758392334,0.21428571428571427
30149,0,0,40472,-15.137684106826782,-11.009793758392334,0.21428571428571427
30150,0,0,40471,-15.137684106826782,-11.009793758392334,0.21428571428571427
30151,0,0,40470,-15.137684106826782,-11.009793758392334,0.21428571428571427
30152,0,0,40469,-15.137684106826782,-11.009793758392334,0.21428571428571427
30153,0,0,40468,-15.137684106826782,-11.009793758392334,0.21428571428571427
30154,0,0,40467,-15.137684106826782,-11.009793758392334,0.21428571428571427
30155,0,0,40466,-15.137684106826782,-11.009793758392334,0.21428571428571427
30156,0,0,40465,-15.137684106826782,-11.009793758392334,0.21428571428571427
30157,0,0,40463,-15.137684106826782,-11.009793758392334,0.21428571428571427
30158,0,0,40453,-15.137684106826782,-11.009793758392334,0.21428571428571427
30159,0,0,40462,-15.137684106826782,-11.009793758392334,0.21428571428571427
30160,0,0,40461,-15.137684106826782,-11.009793758392334,0.21428571428571427
30161,0,0,40460,-15.137684106826782,-11.009793758392334,0.21428571428571427
30162,0,0,40459,-15.137684106826782,-11.009793758392334,0.21428571428571427
30163,0,0,40458,-15.137684106826782,-11.009793758392334,0.21428571428571427
30164,0,0,40457,-15.137684106826782,-11.009793758392334,0.21428571428571427
30165,0,0,40456,-15.137684106826782,-11.009793758392334,0.21428571428571427
30166,0,0,40455,-15.137684106826782,-11.009793758392334,0.21428571428571427
30167,0,0,40454,-15.137684106826782,-11.009793758392334,0.21428571428571427
30168,0,0,40523,-15.137684106826782,-11.009793758392334,0.21428571428571427
30169,0,0,40524,-15.137684106826782,-11.009793758392334,0.21428571428571427
30170,0,0,40525,-15.137684106826782,-11.009793758392334,0.21428571428571427
30171,0,0,40526,-15.137684106826782,-11.009793758392334,0.21428571428571427
30172,0,0,40595,-15.137684106826782,-11.009793758392334,0.21428571428571427
30173,0,0,40594,-15.137684106826782,-11.009793758392334,0.21428571428571427
30174,0,0,40593,-15.137684106826782,-11.009793758392334,0.21428571428571427
30175,0,0,40592,-15.137684106826782,-11.009793758392334,0.21428571428571427
30176,0,0,40591,-15.137684106826782,-11.009793758392334,0.21428571428571427
30177,0,0,40590,-15.137684106826782,-11.009793758392334,0.21428571428571427
30178,0,0,40589,-15.137684106826782,-11.009793758392334,0.21428571428571427
30179,0,0,40588,-15.137684106826782,-11.009793758392334,0.21428571428571427
30180,0,0,40587,-15.137684106826782,-11.009793758392334,0.21428571428571427
30181,0,0,40585,-15.137684106826782,-11.009793758392334,0.21428571428571427
30182,0,0,40575,-15.137684106826782,-11.009793758392334,0.21428571428571427
30183,0,0,40584,-15.137684106826782,-11.009793758392334,0.21428571428571427
30184,0,0,40583,-15.137684106826782,-11.009793758392334,0.21428571428571427
30185,0,0,40582,-15.137684106826782,-11.009793758392334,0.21428571428571427
30186,0,0,40581,-15.137684106826782,-11.009793758392334,0.21428571428571427
30187,0,0,40580,-15.137684106826782,-11.009793758392334,0.21428571428571427
30188,0,0,40579,-15.137684106826782,-11.009793758392334,0.21428571428571427
30189,0,0,40578,-15.137684106826782,-11.009793758392334,0.21428571428571427
30190,0,0,40577,-15.137684106826782,-11.009793758392334,0.21428571428571427
30191,0,0,40576,-15.137684106826782,-11.009793758392334,0.21428571428571427
30192,0,0,40596,-15.137684106826782,-11.009793758392334,0.21428571428571427
30193,0,0,40586,-15.137684106826782,-11.009793758392334,0.21428571428571427
30194,0,0,40597,-15.137684106826782,-11.009793758392334,0.21428571428571427
30195,0,0,40610,-15.137684106826782,-11.009793758392334,0.21428571428571427
30196,0,0,40619,-15.137684106826782,-11.009793758392334,0.21428571428571427
30197,0,0,40618,-15.137684106826782,-11.009793758392334,0.21428571428571427
30198,0,0,40617,-15.137684106826782,-11.009793758392334,0.21428571428571427
30199,0,0,40616,-15.137684106826782,-11.009793758392334,0.21428571428571427
30200,0,0,40615,-15.137684106826782,-11.009793758392334,0.21428571428571427
30201,0,0,40614,-15.137684106826782,-11.009793758392334,0.21428571428571427
30202,0,0,40613,-15.137684106826782,-11.009793758392334,0.21428571428571427
30203,0,0,40612,-15.137684106826782,-11.009793758392334,0.21428571428571427
30204,0,0,40611,-15.137684106826782,-11.009793758392334,0.21428571428571427
30205,0,0,40609,-15.137684106826782,-11.009793758392334,0.21428571428571427
30206,0,0,40599,-15.137684106826782,-11.009793758392334,0.21428571428571427
30207,0,0,40608,-15.137684106826782,-11.009793758392334,0.21428571428571427
30208,0,0,40607,-15.137684106826782,-11.009793758392334,0.21428571428571427
30209,0,0,40606,-15.137684106826782,-11.009793758392334,0.21428571428571427
30210,0,0,40605,-15.137684106826782,-11.009793758392334,0.21428571428571427
30211,0,0,40604,-15.137684106826782,-11.009793758392334,0.21428571428571427
30212,0,0,40603,-15.137684106826782,-11.009793758392334,0.21428571428571427
30213,0,0,40602,-15.137684106826782,-11.009793758392334,0.21428571428571427
30214,0,0,40601,-15.137684106826782,-11.009793758392334,0.21428571428571427
30215,0,0,40600,-15.137684106826782,-11.009793758392334,0.21428571428571427
30216,0,0,40598,-15.137684106826782,-11.009793758392334,0.21428571428571427
30217,0,0,40574,-15.137684106826782,-11.009793758392334,0.21428571428571427
30218,0,0,40573,-15.137684106826782,-11.009793758392334,0.21428571428571427
30219,0,0,40572,-15.137684106826782,-11.009793758392334,0.21428571428571427
30220,0,0,40547,-15.137684106826782,-11.009793758392334,0.21428571428571427
30221,0,0,40546,-15.137684106826782,-11.009793758392334,0.21428571428571427
30222,0,0,40545,-15.137684106826782,-11.009793758392334,0.21428571428571427
30223,0,0,40544,-15.137684106826782,-11.009793758392334,0.21428571428571427
30224,0,0,40543,-15.137684106826782,-11.009793758392334,0.21428571428571427
30225,0,0,40542,-15.137684106826782,-11.009793758392334,0.21428571428571427
30226,0,0,40541,-15.137684106826782,-11.009793758392334,0.21428571428571427
30227,0,0,40540,-15.137684106826782,-11.009793758392334,0.21428571428571427
30228,0,0,40539,-15.137684106826782,-11.009793758392334,0.21428571428571427
30229,0,0,40538,-15.137684106826782,-11.009793758392334,0.21428571428571427
30230,0,0,40537,-15.137684106826782,-11.009793758392334,0.21428571428571427
30231,0,0,40536,-15.137684106826782,-11.009793758392334,0.21428571428571427
30232,0,0,40535,-15.137684106826782,-11.009793758392334,0.21428571428571427
30233,0,0,40534,-15.137684106826782,-11.009793758392334,0.21428571428571427
30234,0,0,40533,-15.137684106826782,-11.009793758392334,0.21428571428571427
30235,0,0,40532,-15.137684106826782,-11.009793758392334,0.21428571428571427
30236,0,0,40531,-15.137684106826782,-11.009793758392334,0.21428571428571427
30237,0,0,40530,-15.137684106826782,-11.009793758392334,0.21428571428571427
30238,0,0,40529,-15.137684106826782,-11.009793758392334,0.21428571428571427
30239,0,0,40528,-15.137684106826782,-11.009793758392334,0.21428571428571427
30240,0,0,40527,-15.137684106826782,-11.009793758392334,0.21428571428571427
30241,0,0,40548,-15.137684106826782,-11.009793758392334,0.21428571428571427
30242,0,0,40549,-15.137684106826782,-11.009793758392334,0.21428571428571427
30243,0,0,40550,-15.137684106826782,-11.009793758392334,0.21428571428571427
30244,0,0,40562,-15.137684106826782,-11.009793758392334,0.21428571428571427
30245,0,0,40571,-15.137684106826782,-11.009793758392334,0.21428571428571427
30246,0,0,40570,-15.137684106826782,-11.009793758392334,0.21428571428571427
30247,0,0,40569,-15.137684106826782,-11.009793758392334,0.21428571428571427
30248,0,0,40568,-15.137684106826782,-11.009793758392334,0.21428571428571427
30249,0,0,40567,-15.137684106826782,-11.009793758392334,0.21428571428571427
30250,0,0,40566,-15.137684106826782,-11.009793758392334,0.21428571428571427
30251,0,0,40565,-15.137684106826782,-11.009793758392334,0.21428571428571427
30252,0,0,40564,-15.137684106826782,-11.009793758392334,0.21428571428571427
30253,0,0,40563,-15.137684106826782,-11.009793758392334,0.21428571428571427
30254,0,0,40561,-15.137684106826782,-11.009793758392334,0.21428571428571427
30255,0,0,40551,-15.137684106826782,-11.009793758392334,0.21428571428571427
30256,0,0,40560,-15.137684106826782,-11.009793758392334,0.21428571428571427
30257,0,0,40559,-15.137684106826782,-11.009793758392334,0.21428571428571427
30258,0,0,40558,-15.137684106826782,-11.009793758392334,0.21428571428571427
30259,0,0,40557,-15.137684106826782,-11.009793758392334,0.21428571428571427
30260,0,0,40556,-15.137684106826782,-11.009793758392334,0.21428571428571427
30261,0,0,40555,-15.137684106826782,-11.009793758392334,0.21428571428571427
30262,0,0,40554,-15.137684106826782,-11.009793758392334,0.21428571428571427
30263,0,0,40553,-15.137684106826782,-11.009793758392334,0.21428571428571427
30264,0,0,40552,-15.137684106826782,-11.009793758392334,0.21428571428571427
30265,0,0,40476,-15.137684106826782,-11.009793758392334,0.21428571428571427
30266,0,0,40426,-15.137684106826782,-11.009793758392334,0.21428571428571427
30267,0,0,40281,-15.137684106826782,-11.009793758392334,0.21428571428571427
30268,0,0,40425,-15.137684106826782,-11.009793758392334,0.21428571428571427
30269,0,0,40303,-15.137684106826782,-11.009793758392334,0.21428571428571427
30270,0,0,40302,-15.137684106826782,-11.009793758392334,0.21428571428571427
30271,0,0,40301,-15.137684106826782,-11.009793758392334,0.21428571428571427
30272,0,0,40300,-15.137684106826782,-11.009793758392334,0.21428571428571427
30273,0,0,40299,-15.137684106826782,-11.009793758392334,0.21428571428571427
30274,0,0,40298,-15.137684106826782,-11.009793758392334,0.21428571428571427
30275,0,0,40297,-15.137684106826782,-11.009793758392334,0.21428571428571427
30276,0,0,40296,-15.137684106826782,-11.009793758392334,0.21428571428571427
30277,0,0,40295,-15.137684106826782,-11.009793758392334,0.21428571428571427
30278,0,0,40294,-15.137684106826782,-11.009793758392334,0.21428571428571427
30279,0,0,40293,-15.137684106826782,-11.009793758392334,0.21428571428571427
30280,1,0,40292,-15.137684106826782,-11.009793758392334,0.21428571428571427
30281,0,0,40291,-15.137684106826782,-11.009793758392334,0.21428571428571427
30282,0,0,40290,-15.137684106826782,-11.009793758392334,0.21428571428571427
30283,0,0,40289,-15.137684106826782,-11.009793758392334,0.21428571428571427
30284,0,0,40288,-15.137684106826782,-11.009793758392334,0.21428571428571427
30285,0,0,40287,-15.137684106826782,-11.009793758392334,0.21428571428571427
30286,0,0,40286,-15.137684106826782,-11.009793758392334,0.21428571428571427
30287,0,0,40285,-15.137684106826782,-11.009793758392334,0.21428571428571427
30288,0,0,40284,-15.137684106826782,-11.009793758392334,0.21428571428571427
30289,0,0,40283,-15.137684106826782,-11.009793758392334,0.21428571428571427
30290,0,0,40304,-15.137684106826782,-11.009793758392334,0.21428571428571427
30291,0,0,40305,-15.137684106826782,-11.009793758392334,0.21428571428571427
30292,0,0,40306,-15.137684106826782,-11.009793758392334,0.21428571428571427
30293,0,0,40318,-15.137684106826782,-11.009793758392334,0.21428571428571427
30294,0,0,40327,-15.137684106826782,-11.009793758392334,0.21428571428571427
30295,0,0,40326,-15.137684106826782,-11.009793758392334,0.21428571428571427
30296,0,0,40325,-15.137684106826782,-11.009793758392334,0.21428571428571427
30297,0,0,40324,-15.137684106826782,-11.009793758392334,0.21428571428571427
30298,0,0,40323,-15.137684106826782,-11.009793758392334,0.21428571428571427
30299,0,0,40322,-15.137684106826782,-11.009793758392334,0.21428571428571427
30300,0,0,40321,-15.137684106826782,-11.009793758392334,0.21428571428571427
30301,0,0,40320,-15.137684106826782,-11.009793758392334,0.21428571428571427
30302,0,0,40319,-15.137684106826782,-11.009793758392334,0.21428571428571427
30303,0,0,40317,-15.137684106826782,-11.009793758392334,0.21428571428571427
30304,0,0,40307,-15.137684106826782,-11.009793758392334,0.21428571428571427
30305,0,0,40316,-15.137684106826782,-11.009793758392334,0.21428571428571427
30306,0,0,40315,-15.137684106826782,-11.009793758392334,0.21428571428571427
30307,0,0,40314,-15.137684106826782,-11.009793758392334,0.21428571428571427
30308,0,0,40313,-15.137684106826782,-11.009793758392334,0.21428571428571427
30309,0,0,40312,-15.137684106826782,-11.009793758392334,0.21428571428571427
30310,0,0,40311,-15.137684106826782,-11.009793758392334,0.21428571428571427
30311,0,0,40310,-15.137684106826782,-11.009793758392334,0.21428571428571427
30312,0,0,40309,-15.137684106826782,-11.009793758392334,0.21428571428571427
30313,0,0,40308,-15.137684106826782,-11.009793758392334,0.21428571428571427
30314,0,0,40282,-15.137684106826782,-11.009793758392334,0.21428571428571427
30315,0,0,40280,-15.137684106826782,-11.009793758392334,0.21428571428571427
30316,0,0,40233,-15.137684106826782,-11.009793758392334,0.21428571428571427
30317,0,0,40279,-15.137684106826782,-11.009793758392334,0.21428571428571427
30318,0,0,40254,-15.137684106826782,-11.009793758392334,0.21428571428571427
30319,0,0,40253,-15.137684106826782,-11.009793758392334,0.21428571428571427
30320,0,0,40252,-15.137684106826782,-11.009793758392334,0.21428571428571427
30321,0,0,40251,-15.137684106826782,-11.009793758392334,0.21428571428571427
30322,0,0,40250,-15.137684106826782,-11.009793758392334,0.21428571428571427
30323,0,0,40249,-15.137684106826782,-11.009793758392334,0.21428571428571427
30324,0,0,40248,-15.137684106826782,-11.009793758392334,0.21428571428571427
30325,0,0,40247,-15.137684106826782,-11.009793758392334,0.21428571428571427
30326,0,0,40246,-15.137684106826782,-11.009793758392334,0.21428571428571427
30327,0,0,40245,-15.137684106826782,-11.009793758392334,0.21428571428571427
30328,0,0,40244,-15.137684106826782,-11.009793758392334,0.21428571428571427
30329,0,0,40243,-15.137684106826782,-11.009793758392334,0.21428571428571427
30330,0,0,40242,-15.137684106826782,-11.009793758392334,0.21428571428571427
30331,0,0,40241,-15.137684106826782,-11.009793758392334,0.21428571428571427
30332,0,0,40240,-15.137684106826782,-11.009793758392334,0.21428571428571427
30333,0,0,40239,-15.137684106826782,-11.009793758392334,0.21428571428571427
30334,0,0,40238,-15.137684106826782,-11.009793758392334,0.21428571428571427
30335,0,0,40237,-15.137684106826782,-11.009793758392334,0.21428571428571427
30336,0,0,40236,-15.137684106826782,-11.009793758392334,0.21428571428571427
30337,0,0,40235,-15.137684106826782,-11.009793758392334,0.21428571428571427
30338,0,0,40234,-15.137684106826782,-11.009793758392334,0.21428571428571427
30339,0,0,40255,-15.137684106826782,-11.009793758392334,0.21428571428571427
30340,0,0,40256,-15.137684106826782,-11.009793758392334,0.21428571428571427
30341,0,0,40257,-15.137684106826782,-11.009793758392334,0.21428571428571427
30342,0,0,40269,-15.137684106826782,-11.009793758392334,0.21428571428571427
30343,0,0,40278,-15.137684106826782,-11.009793758392334,0.21428571428571427
30344,0,0,40277,-15.137684106826782,-11.009793758392334,0.21428571428571427
30345,0,0,40276,-15.137684106826782,-11.009793758392334,0.21428571428571427
30346,0,0,40275,-15.137684106826782,-11.009793758392334,0.21428571428571427
30347,0,0,40274,-15.137684106826782,-11.009793758392334,0.21428571428571427
30348,0,0,40273,-15.137684106826782,-11.009793758392334,0.21428571428571427
30349,0,0,40272,-15.137684106826782,-11.009793758392334,0.21428571428571427
30350,0,0,40271,-15.137684106826782,-11.009793758392334,0.21428571428571427
30351,0,0,40270,-15.137684106826782,-11.009793758392334,0.21428571428571427
30352,0,0,40268,-15.137684106826782,-11.009793758392334,0.21428571428571427
30353,0,0,40258,-15.137684106826782,-11.009793758392334,0.21428571428571427
30354,0,0,40267,-15.137684106826782,-11.009793758392334,0.21428571428571427
30355,0,0,40266,-15.137684106826782,-11.009793758392334,0.21428571428571427
30356,0,0,40265,-15.137684106826782,-11.009793758392334,0.21428571428571427
30357,0,0,40264,-15.137684106826782,-11.009793758392334,0.21428571428571427
30358,0,0,40263,-15.137684106826782,-11.009793758392334,0.21428571428571427
30359,0,0,40262,-15.137684106826782,-11.009793758392334,0.21428571428571427
30360,0,0,40261,-15.137684106826782,-11.009793758392334,0.21428571428571427
30361,0,0,40260,-15.137684106826782,-11.009793758392334,0.21428571428571427
30362,0,0,40259,-15.137684106826782,-11.009793758392334,0.21428571428571427
30363,0,0,40328,-15.137684106826782,-11.009793758392334,0.21428571428571427
30364,0,0,40329,-15.137684106826782,-11.009793758392334,0.21428571428571427
30365,0,0,40330,-15.137684106826782,-11.009793758392334,0.21428571428571427
30366,0,0,40331,-15.137684106826782,-11.009793758392334,0.21428571428571427
30367,0,0,40400,-15.137684106826782,-11.009793758392334,0.21428571428571427
30368,0,0,40399,-15.137684106826782,-11.009793758392334,0.21428571428571427
30369,0,0,40398,-15.137684106826782,-11.009793758392334,0.21428571428571427
30370,0,0,40397,-15.137684106826782,-11.009793758392334,0.21428571428571427
30371,0,0,40396,-15.137684106826782,-11.009793758392334,0.21428571428571427
30372,0,0,40395,-15.137684106826782,-11.009793758392334,0.21428571428571427
30373,0,0,40394,-15.137684106826782,-11.009793758392334,0.21428571428571427
30374,0,0,40393,-15.137684106826782,-11.009793758392334,0.21428571428571427
30375,0,0,40392,-15.137684106826782,-11.009793758392334,0.21428571428571427
30376,0,0,40390,-15.137684106826782,-11.009793758392334,0.21428571428571427
30377,0,0,40380,-15.137684106826782,-11.009793758392334,0.21428571428571427
30378,0,0,40389,-15.137684106826782,-11.009793758392334,0.21428571428571427
30379,0,0,40388,-15.137684106826782,-11.009793758392334,0.21428571428571427
30380,0,0,40387,-15.137684106826782,-11.009793758392334,0.21428571428571427
30381,0,0,40386,-15.137684106826782,-11.009793758392334,0.21428571428571427
30382,0,0,40385,-15.137684106826782,-11.009793758392334,0.21428571428571427
30383,0,0,40384,-15.137684106826782,-11.009793758392334,0.21428571428571427
30384,0,0,40383,-15.137684106826782,-11.009793758392334,0.21428571428571427
30385,0,0,40382,-15.137684106826782,-11.009793758392334,0.21428571428571427
30386,0,0,40381,-15.137684106826782,-11.009793758392334,0.21428571428571427
30387,0,0,40401,-15.137684106826782,-11.009793758392334,0.21428571428571427
30388,0,0,40391,-15.137684106826782,-11.009793758392334,0.21428571428571427
30389,0,0,40402,-15.137684106826782,-11.009793758392334,0.21428571428571427
30390,0,0,40415,-15.137684106826782,-11.009793758392334,0.21428571428571427
30391,0,0,40424,-15.137684106826782,-11.009793758392334,0.21428571428571427
30392,0,0,40423,-15.137684106826782,-11.009793758392334,0.21428571428571427
30393,0,0,40422,-15.137684106826782,-11.009793758392334,0.21428571428571427
30394,0,0,40421,-15.137684106826782,-11.009793758392334,0.21428571428571427
30395,0,0,40420,-15.137684106826782,-11.009793758392334,0.21428571428571427
30396,0,0,40419,-15.137684106826782,-11.009793758392334,0.21428571428571427
30397,0,0,40418,-15.137684106826782,-11.009793758392334,0.21428571428571427
30398,0,0,40417,-15.137684106826782,-11.009793758392334,0.21428571428571427
30399,0,0,40416,-15.137684106826782,-11.009793758392334,0.21428571428571427
30400,0,0,40414,-15.137684106826782,-11.009793758392334,0.21428571428571427
30401,0,0,40404,-15.137684106826782,-11.009793758392334,0.21428571428571427
30402,0,0,40413,-15.137684106826782,-11.009793758392334,0.21428571428571427
30403,0,0,40412,-15.137684106826782,-11.009793758392334,0.21428571428571427
30404,0,0,40411,-15.137684106826782,-11.009793758392334,0.21428571428571427
30405,0,0,40410,-15.137684106826782,-11.009793758392334,0.21428571428571427
30406,0,0,40409,-15.137684106826782,-11.009793758392334,0.21428571428571427
30407,0,0,40408,-15.137684106826782,-11.009793758392334,0.21428571428571427
30408,0,0,40407,-15.137684106826782,-11.009793758392334,0.21428571428571427
30409,0,0,40406,-15.137684106826782,-11.009793758392334,0.21428571428571427
30410,0,0,40405,-15.137684106826782,-11.009793758392334,0.21428571428571427
30411,0,0,40403,-15.137684106826782,-11.009793758392334,0.21428571428571427
30412,0,0,40379,-15.137684106826782,-11.009793758392334,0.21428571428571427
30413,0,0,40378,-15.137684106826782,-11.009793758392334,0.21428571428571427
30414,0,0,40377,-15.137684106826782,-11.009793758392334,0.21428571428571427
30415,0,0,40352,-15.137684106826782,-11.009793758392334,0.21428571428571427
30416,0,0,40351,-15.137684106826782,-11.009793758392334,0.21428571428571427
30417,0,0,40350,-15.137684106826782,-11.009793758392334,0.21428571428571427
30418,0,0,40349,-15.137684106826782,-11.009793758392334,0.21428571428571427
30419,0,0,40348,-15.137684106826782,-11.009793758392334,0.21428571428571427
30420,0,0,40347,-15.137684106826782,-11.009793758392334,0.21428571428571427
30421,0,0,40346,-15.137684106826782,-11.009793758392334,0.21428571428571427
30422,0,0,40345,-15.137684106826782,-11.009793758392334,0.21428571428571427
30423,0,0,40344,-15.137684106826782,-11.009793758392334,0.21428571428571427
30424,0,0,40343,-15.137684106826782,-11.009793758392334,0.21428571428571427
30425,0,0,40342,-15.137684106826782,-11.009793758392334,0.21428571428571427
30426,0,0,40341,-15.137684106826782,-11.009793758392334,0.21428571428571427
30427,0,0,40340,-15.137684106826782,-11.009793758392334,0.21428571428571427
30428,0,0,40339,-15.137684106826782,-11.009793758392334,0.21428571428571427
30429,0,0,40338,-15.137684106826782,-11.009793758392334,0.21428571428571427
30430,0,0,40337,-15.137684106826782,-11.009793758392334,0.21428571428571427
30431,0,0,40336,-15.137684106826782,-11.009793758392334,0.21428571428571427
30432,0,0,40335,-15.137684106826782,-11.009793758392334,0.21428571428571427
30433,0,0,40334,-15.137684106826782,-11.009793758392334,0.21428571428571427
30434,0,0,40333,-15.137684106826782,-11.009793758392334,0.21428571428571427
30435,0,0,40332,-15.137684106826782,-11.009793758392334,0.21428571428571427
30436,0,0,40353,-15.137684106826782,-11.009793758392334,0.21428571428571427
30437,0,0,40354,-15.137684106826782,-11.009793758392334,0.21428571428571427
30438,0,0,40355,-15.137684106826782,-11.009793758392334,0.21428571428571427
30439,0,0,40367,-15.137684106826782,-11.009793758392334,0.21428571428571427
30440,0,0,40376,-15.137684106826782,-11.009793758392334,0.21428571428571427
30441,0,0,40375,-15.137684106826782,-11.009793758392334,0.21428571428571427
30442,0,0,40374,-15.137684106826782,-11.009793758392334,0.21428571428571427
30443,0,0,40373,-15.137684106826782,-11.009793758392334,0.21428571428571427
30444,0,0,40372,-15.137684106826782,-11.009793758392334,0.21428571428571427
30445,0,0,40371,-15.137684106826782,-11.009793758392334,0.21428571428571427
30446,0,0,40370,-15.137684106826782,-11.009793758392334,0.21428571428571427
30447,0,0,40369,-15.137684106826782,-11.009793758392334,0.21428571428571427
30448,0,0,40368,-15.137684106826782,-11.009793758392334,0.21428571428571427
30449,0,0,40366,-15.137684106826782,-11.009793758392334,0.21428571428571427
30450,0,0,40356,-15.137684106826782,-11.009793758392334,0.21428571428571427
30451,0,0,40365,-15.137684106826782,-11.009793758392334,0.21428571428571427
30452,0,0,40364,-15.137684106826782,-11.009793758392334,0.21428571428571427
30453,0,0,40363,-15.137684106826782,-11.009793758392334,0.21428571428571427
30454,0,0,40362,-15.137684106826782,-11.009793758392334,0.21428571428571427
30455,0,0,40361,-15.137684106826782,-11.009793758392334,0.21428571428571427
30456,0,0,40360,-15.137684106826782,-11.009793758392334,0.21428571428571427
30457,0,0,40359,-15.137684106826782,-11.009793758392334,0.21428571428571427
30458,0,0,40358,-15.137684106826782,-11.009793758392334,0.21428571428571427
30459,0,0,40357,-15.137684106826782,-11.009793758392334,0.21428571428571427
30460,0,0,39939,-15.137684106826782,-11.009793758392334,0.21428571428571427
30461,0,0,39840,-15.137684106826782,-11.009793758392334,0.21428571428571427
30462,0,0,39158,-15.137684106826782,-11.009793758392334,0.21428571428571427
30463,0,0,39839,-15.137684106826782,-11.009793758392334,0.21428571428571427
30464,0,0,39327,-15.137684106826782,-11.009793758392334,0.21428571428571427
30465,0,0,39326,-15.137684106826782,-11.009793758392334,0.21428571428571427
30466,0,0,39325,-15.137684106826782,-11.009793758392334,0.21428571428571427
30467,0,0,39324,-15.137684106826782,-11.009793758392334,0.21428571428571427
30468,0,0,39323,-15.137684106826782,-11.009793758392334,0.21428571428571427
30469,0,0,39322,-15.137684106826782,-11.009793758392334,0.21428571428571427
30470,0,0,39321,-15.137684106826782,-11.009793758392334,0.21428571428571427
30471,0,0,39320,-15.137684106826782,-11.009793758392334,0.21428571428571427
30472,0,0,39319,-15.137684106826782,-11.009793758392334,0.21428571428571427
30473,0,0,39318,-15.137684106826782,-11.009793758392334,0.21428571428571427
30474,0,0,39317,-15.137684106826782,-11.009793758392334,0.21428571428571427
30475,0,0,39316,-15.137684106826782,-11.009793758392334,0.21428571428571427
30476,0,0,39315,-15.137684106826782,-11.009793758392334,0.21428571428571427
30477,0,0,39314,-15.137684106826782,-11.009793758392334,0.21428571428571427
30478,0,0,39313,-15.137684106826782,-11.009793758392334,0.21428571428571427
30479,0,0,39312,-15.137684106826782,-11.009793758392334,0.21428571428571427
30480,0,0,39311,-15.137684106826782,-11.009793758392334,0.21428571428571427
30481,0,0,39310,-15.137684106826782,-11.009793758392334,0.21428571428571427
30482,0,0,39309,-15.137684106826782,-11.009793758392334,0.21428571428571427
30483,0,0,39308,-15.137684106826782,-11.009793758392334,0.21428571428571427
30484,0,0,39307,-15.137684106826782,-11.009793758392334,0.21428571428571427
30485,0,0,39328,-15.137684106826782,-11.009793758392334,0.21428571428571427
30486,0,0,39329,-15.137684106826782,-11.009793758392334,0.21428571428571427
30487,0,0,39330,-15.137684106826782,-11.009793758392334,0.21428571428571427
30488,0,0,39342,-15.137684106826782,-11.009793758392334,0.21428571428571427
30489,0,0,39351,-15.137684106826782,-11.009793758392334,0.21428571428571427
30490,0,0,39350,-15.137684106826782,-11.009793758392334,0.21428571428571427
30491,0,0,39349,-15.137684106826782,-11.009793758392334,0.21428571428571427
30492,0,0,39348,-15.137684106826782,-11.009793758392334,0.21428571428571427
30493,0,0,39347,-15.137684106826782,-11.009793758392334,0.21428571428571427
30494,0,0,39346,-15.137684106826782,-11.009793758392334,0.21428571428571427
30495,0,0,39345,-15.137684106826782,-11.009793758392334,0.21428571428571427
30496,0,0,39344,-15.137684106826782,-11.009793758392334,0.21428571428571427
30497,0,0,39343,-15.137684106826782,-11.009793758392334,0.21428571428571427
30498,0,0,39341,-15.137684106826782,-11.009793758392334,0.21428571428571427
30499,0,0,39331,-15.137684106826782,-11.009793758392334,0.21428571428571427
30500,0,0,39340,-15.137684106826782,-11.009793758392334,0.21428571428571427
30501,0,0,39339,-15.137684106826782,-11.009793758392334,0.21428571428571427
30502,0,0,39338,-15.137684106826782,-11.009793758392334,0.21428571428571427
30503,0,0,39337,-15.137684106826782,-11.009793758392334,0.21428571428571427
30504,0,0,39336,-15.137684106826782,-11.009793758392334,0.21428571428571427
30505,0,0,39335,-15.137684106826782,-11.009793758392334,0.21428571428571427
30506,0,0,39334,-15.137684106826782,-11.009793758392334,0.21428571428571427
30507,0,0,39333,-15.137684106826782,-11.009793758392334,0.21428571428571427
30508,0,0,39332,-15.137684106826782,-11.009793758392334,0.21428571428571427
30509,0,0,39306,-15.137684106826782,-11.009793758392334,0.21428571428571427
30510,0,0,39304,-15.137684106826782,-11.009793758392334,0.21428571428571427
30511,0,0,39257,-15.137684106826782,-11.009793758392334,0.21428571428571427
30512,0,0,39303,-15.137684106826782,-11.009793758392334,0.21428571428571427
30513,0,0,39278,-15.137684106826782,-11.009793758392334,0.21428571428571427
30514,0,0,39277,-15.137684106826782,-11.009793758392334,0.21428571428571427
30515,0,0,39276,-15.137684106826782,-11.009793758392334,0.21428571428571427
30516,0,0,39275,-15.137684106826782,-11.009793758392334,0.21428571428571427
30517,0,0,39274,-15.137684106826782,-11.009793758392334,0.21428571428571427
30518,0,0,39273,-15.137684106826782,-11.009793758392334,0.21428571428571427
30519,0,0,39272,-15.137684106826782,-11.009793758392334,0.21428571428571427
30520,0,0,39271,-15.137684106826782,-11.009793758392334,0.21428571428571427
30521,0,0,39270,-15.137684106826782,-11.009793758392334,0.21428571428571427
30522,0,0,39269,-15.137684106826782,-11.009793758392334,0.21428571428571427
30523,0,0,39268,-15.137684106826782,-11.009793758392334,0.21428571428571427
30524,0,0,39267,-15.137684106826782,-11.009793758392334,0.21428571428571427
30525,0,0,39266,-15.137684106826782,-11.009793758392334,0.21428571428571427
30526,0,0,39265,-15.137684106826782,-11.009793758392334,0.21428571428571427
30527,0,0,39264,-15.137684106826782,-11.009793758392334,0.21428571428571427
30528,0,0,39263,-15.137684106826782,-11.009793758392334,0.21428571428571427
30529,0,0,39262,-15.137684106826782,-11.009793758392334,0.21428571428571427
30530,0,0,39261,-15.137684106826782,-11.009793758392334,0.21428571428571427
30531,0,0,39260,-15.137684106826782,-11.009793758392334,0.21428571428571427
30532,0,0,39259,-15.137684106826782,-11.009793758392334,0.21428571428571427
30533,0,0,39258,-15.137684106826782,-11.009793758392334,0.21428571428571427
30534,0,0,39279,-15.137684106826782,-11.009793758392334,0.21428571428571427
30535,0,0,39280,-15.137684106826782,-11.009793758392334,0.21428571428571427
30536,0,0,39281,-15.137684106826782,-11.009793758392334,0.21428571428571427
30537,0,0,39293,-15.137684106826782,-11.009793758392334,0.21428571428571427
30538,0,0,39302,-15.137684106826782,-11.009793758392334,0.21428571428571427
30539,0,0,39301,-15.137684106826782,-11.009793758392334,0.21428571428571427
30540,0,0,39300,-15.137684106826782,-11.009793758392334,0.21428571428571427
30541,0,0,39299,-15.137684106826782,-11.009793758392334,0.21428571428571427
30542,0,0,39298,-15.137684106826782,-11.009793758392334,0.21428571428571427
30543,0,0,39297,-15.137684106826782,-11.009793758392334,0.21428571428571427
30544,0,0,39296,-15.137684106826782,-11.009793758392334,0.21428571428571427
30545,0,0,39295,-15.137684106826782,-11.009793758392334,0.21428571428571427
30546,0,0,39294,-15.137684106826782,-11.009793758392334,0.21428571428571427
30547,0,0,39292,-15.137684106826782,-11.009793758392334,0.21428571428571427
30548,0,0,39282,-15.137684106826782,-11.009793758392334,0.21428571428571427
30549,0,0,39291,-15.137684106826782,-11.009793758392334,0.21428571428571427
30550,0,0,39290,-15.137684106826782,-11.009793758392334,0.21428571428571427
30551,0,0,39289,-15.137684106826782,-11.009793758392334,0.21428571428571427
30552,0,0,39288,-15.137684106826782,-11.009793758392334,0.21428571428571427
30553,0,0,39287,-15.137684106826782,-11.009793758392334,0.21428571428571427
30554,0,0,39286,-15.137684106826782,-11.009793758392334,0.21428571428571427
30555,0,0,39285,-15.137684106826782,-11.009793758392334,0.21428571428571427
30556,0,0,39284,-15.137684106826782,-11.009793758392334,0.21428571428571427
30557,0,0,39283,-15.137684106826782,-11.009793758392334,0.21428571428571427
30558,0,0,39352,-15.137684106826782,-11.009793758392334,0.21428571428571427
30559,0,0,39353,-15.137684106826782,-11.009793758392334,0.21428571428571427
30560,0,0,39354,-15.137684106826782,-11.009793758392334,0.21428571428571427
30561,0,0,39355,-15.137684106826782,-11.009793758392334,0.21428571428571427
30562,0,0,39424,-15.137684106826782,-11.009793758392334,0.21428571428571427
30563,0,0,39423,-15.137684106826782,-11.009793758392334,0.21428571428571427
30564,0,0,39422,-15.137684106826782,-11.009793758392334,0.21428571428571427
30565,0,0,39421,-15.137684106826782,-11.009793758392334,0.21428571428571427
30566,0,0,39420,-15.137684106826782,-11.009793758392334,0.21428571428571427
30567,0,0,39419,-15.137684106826782,-11.009793758392334,0.21428571428571427
30568,0,0,39418,-15.137684106826782,-11.009793758392334,0.21428571428571427
30569,0,0,39417,-15.137684106826782,-11.009793758392334,0.21428571428571427
30570,0,0,39416,-15.137684106826782,-11.009793758392334,0.21428571428571427
30571,0,0,39414,-15.137684106826782,-11.009793758392334,0.21428571428571427
30572,0,0,39404,-15.137684106826782,-11.009793758392334,0.21428571428571427
30573,0,0,39413,-15.137684106826782,-11.009793758392334,0.21428571428571427
30574,0,0,39412,-15.137684106826782,-11.009793758392334,0.21428571428571427
30575,0,0,39411,-15.137684106826782,-11.009793758392334,0.21428571428571427
30576,0,0,39410,-15.137684106826782,-11.009793758392334,0.21428571428571427
30577,0,0,39409,-15.137684106826782,-11.009793758392334,0.21428571428571427
30578,0,0,39408,-15.137684106826782,-11.009793758392334,0.21428571428571427
30579,0,0,39407,-15.137684106826782,-11.009793758392334,0.21428571428571427
30580,0,0,39406,-15.137684106826782,-11.009793758392334,0.21428571428571427
30581,0,0,39405,-15.137684106826782,-11.009793758392334,0.21428571428571427
30582,0,0,39425,-15.137684106826782,-11.009793758392334,0.21428571428571427
30583,0,0,39415,-15.137684106826782,-11.009793758392334,0.21428571428571427
30584,0,0,39426,-15.137684106826782,-11.009793758392334,0.21428571428571427
30585,0,0,39439,-15.137684106826782,-11.009793758392334,0.21428571428571427
30586,0,0,39448,-15.137684106826782,-11.009793758392334,0.21428571428571427
30587,0,0,39447,-15.137684106826782,-11.009793758392334,0.21428571428571427
30588,0,0,39446,-15.137684106826782,-11.009793758392334,0.21428571428571427
30589,0,0,39445,-15.137684106826782,-11.009793758392334,0.21428571428571427
30590,0,0,39444,-15.137684106826782,-11.009793758392334,0.21428571428571427
30591,0,0,39443,-15.137684106826782,-11.009793758392334,0.21428571428571427
30592,0,0,39442,-15.137684106826782,-11.009793758392334,0.21428571428571427
30593,0,0,39441,-15.137684106826782,-11.009793758392334,0.21428571428571427
30594,0,0,39440,-15.137684106826782,-11.009793758392334,0.21428571428571427
30595,0,0,39438,-15.137684106826782,-11.009793758392334,0.21428571428571427
30596,0,0,39428,-15.137684106826782,-11.009793758392334,0.21428571428571427
30597,0,0,39437,-15.137684106826782,-11.009793758392334,0.21428571428571427
30598,0,0,39436,-15.137684106826782,-11.009793758392334,0.21428571428571427
30599,0,0,39435,-15.137684106826782,-11.009793758392334,0.21428571428571427
30600,0,0,39434,-15.137684106826782,-11.009793758392334,0.21428571428571427
30601,0,0,39433,-15.137684106826782,-11.009793758392334,0.21428571428571427
30602,0,0,39432,-15.137684106826782,-11.009793758392334,0.21428571428571427
30603,0,0,39431,-15.137684106826782,-11.009793758392334,0.21428571428571427
30604,0,0,39430,-15.137684106826782,-11.009793758392334,0.21428571428571427
30605,0,0,39429,-15.137684106826782,-11.009793758392334,0.21428571428571427
30606,0,0,39427,-15.137684106826782,-11.009793758392334,0.21428571428571427
30607,0,0,39403,-15.137684106826782,-11.009793758392334,0.21428571428571427
30608,0,0,39402,-15.137684106826782,-11.009793758392334,0.21428571428571427
30609,0,0,39401,-15.137684106826782,-11.009793758392334,0.21428571428571427
30610,0,0,39376,-15.137684106826782,-11.009793758392334,0.21428571428571427
30611,0,0,39375,-15.137684106826782,-11.009793758392334,0.21428571428571427
30612,0,0,39374,-15.137684106826782,-11.009793758392334,0.21428571428571427
30613,0,0,39373,-15.137684106826782,-11.009793758392334,0.21428571428571427
30614,0,0,39372,-15.137684106826782,-11.009793758392334,0.21428571428571427
30615,0,0,39371,-15.137684106826782,-11.009793758392334,0.21428571428571427
30616,0,0,39370,-15.137684106826782,-11.009793758392334,0.21428571428571427
30617,0,0,39369,-15.137684106826782,-11.009793758392334,0.21428571428571427
30618,0,0,39368,-15.137684106826782,-11.009793758392334,0.21428571428571427
30619,0,0,39367,-15.137684106826782,-11.009793758392334,0.21428571428571427
30620,0,0,39366,-15.137684106826782,-11.009793758392334,0.21428571428571427
30621,0,0,39365,-15.137684106826782,-11.009793758392334,0.21428571428571427
30622,0,0,39364,-15.137684106826782,-11.009793758392334,0.21428571428571427
30623,0,0,39363,-15.137684106826782,-11.009793758392334,0.21428571428571427
30624,0,0,39362,-15.137684106826782,-11.009793758392334,0.21428571428571427
30625,0,0,39361,-15.137684106826782,-11.009793758392334,0.21428571428571427
30626,0,0,39360,-15.137684106826782,-11.009793758392334,0.21428571428571427
30627,0,0,39359,-15.137684106826782,-11.009793758392334,0.21428571428571427
30628,0,0,39358,-15.137684106826782,-11.009793758392334,0.21428571428571427
30629,0,0,39357,-15.137684106826782,-11.009793758392334,0.21428571428571427
30630,0,0,39356,-15.137684106826782,-11.009793758392334,0.21428571428571427
30631,0,0,39377,-15.137684106826782,-11.009793758392334,0.21428571428571427
30632,0,0,39378,-15.137684106826782,-11.009793758392334,0.21428571428571427
30633,0,0,39379,-15.137684106826782,-11.009793758392334,0.21428571428571427
30634,0,0,39391,-15.137684106826782,-11.009793758392334,0.21428571428571427
30635,1,0,39400,-15.137684106826782,-11.009793758392334,0.21428571428571427
30636,0,0,39399,-15.137684106826782,-11.009793758392334,0.21428571428571427
30637,0,0,39398,-15.137684106826782,-11.009793758392334,0.21428571428571427
30638,0,0,39397,-15.137684106826782,-11.009793758392334,0.21428571428571427
30639,0,0,39396,-15.137684106826782,-11.009793758392334,0.21428571428571427
30640,0,0,39395,-15.137684106826782,-11.009793758392334,0.21428571428571427
30641,0,0,39394,-15.137684106826782,-11.009793758392334,0.21428571428571427
30642,0,0,39393,-15.137684106826782,-11.009793758392334,0.21428571428571427
30643,0,0,39392,-15.137684106826782,-11.009793758392334,0.21428571428571427
30644,0,0,39390,-15.137684106826782,-11.009793758392334,0.21428571428571427
30645,0,0,39380,-15.137684106826782,-11.009793758392334,0.21428571428571427
30646,0,0,39389,-15.137684106826782,-11.009793758392334,0.21428571428571427
30647,0,0,39388,-15.137684106826782,-11.009793758392334,0.21428571428571427
30648,0,0,39387,-15.137684106826782,-11.009793758392334,0.21428571428571427
30649,0,0,39386,-15.137684106826782,-11.009793758392334,0.21428571428571427
30650,0,0,39385,-15.137684106826782,-11.009793758392334,0.21428571428571427
30651,0,0,39384,-15.137684106826782,-11.009793758392334,0.21428571428571427
30652,0,0,39383,-15.137684106826782,-11.009793758392334,0.21428571428571427
30653,0,0,39382,-15.137684106826782,-11.009793758392334,0.21428571428571427
30654,0,0,39381,-15.137684106826782,-11.009793758392334,0.21428571428571427
30655,0,0,39305,-15.137684106826782,-11.009793758392334,0.21428571428571427
30656,0,0,39256,-15.137684106826782,-11.009793758392334,0.21428571428571427
30657,0,0,39255,-15.137684106826782,-11.009793758392334,0.21428571428571427
30658,0,0,39254,-15.137684106826782,-11.009793758392334,0.21428571428571427
30659,0,0,39131,-15.137684106826782,-11.009793758392334,0.21428571428571427
30660,0,0,39130,-15.137684106826782,-11.009793758392334,0.21428571428571427
30661,0,0,39129,-15.137684106826782,-11.009793758392334,0.21428571428571427
30662,0,0,39128,-15.137684106826782,-11.009793758392334,0.21428571428571427
30663,0,0,39127,-15.137684106826782,-11.009793758392334,0.21428571428571427
30664,0,0,39126,-15.137684106826782,-11.009793758392334,0.21428571428571427
30665,0,0,39125,-15.137684106826782,-11.009793758392334,0.21428571428571427
30666,0,0,39124,-15.137684106826782,-11.009793758392334,0.21428571428571427
30667,0,0,39123,-15.137684106826782,-11.009793758392334,0.21428571428571427
30668,0,0,39122,-15.137684106826782,-11.009793758392334,0.21428571428571427
30669,0,0,39121,-15.137684106826782,-11.009793758392334,0.21428571428571427
30670,0,0,39120,-15.137684106826782,-11.009793758392334,0.21428571428571427
30671,0,0,39119,-15.137684106826782,-11.009793758392334,0.21428571428571427
30672,0,0,39118,-15.137684106826782,-11.009793758392334,0.21428571428571427
30673,0,0,39117,-15.137684106826782,-11.009793758392334,0.21428571428571427
30674,0,0,39116,-15.137684106826782,-11.009793758392334,0.21428571428571427
30675,0,0,39115,-15.137684106826782,-11.009793758392334,0.21428571428571427
30676,0,0,39114,-15.137684106826782,-11.009793758392334,0.21428571428571427
30677,0,0,39113,-15.137684106826782,-11.009793758392334,0.21428571428571427
30678,0,0,39112,-15.137684106826782,-11.009793758392334,0.21428571428571427
30679,0,0,39111,-15.137684106826782,-11.009793758392334,0.21428571428571427
30680,0,0,39132,-15.137684106826782,-11.009793758392334,0.21428571428571427
30681,0,0,39133,-15.137684106826782,-11.009793758392334,0.21428571428571427
30682,0,0,39134,-15.137684106826782,-11.009793758392334,0.21428571428571427
30683,0,0,39146,-15.137684106826782,-11.009793758392334,0.21428571428571427
30684,0,0,39155,-15.137684106826782,-11.009793758392334,0.21428571428571427
30685,0,0,39154,-15.137684106826782,-11.009793758392334,0.21428571428571427
30686,0,0,39153,-15.137684106826782,-11.009793758392334,0.21428571428571427
30687,0,0,39152,-15.137684106826782,-11.009793758392334,0.21428571428571427
30688,0,0,39151,-15.137684106826782,-11.009793758392334,0.21428571428571427
30689,0,0,39150,-15.137684106826782,-11.009793758392334,0.21428571428571427
30690,0,0,39149,-15.137684106826782,-11.009793758392334,0.21428571428571427
30691,0,0,39148,-15.137684106826782,-11.009793758392334,0.21428571428571427
30692,0,0,39147,-15.137684106826782,-11.009793758392334,0.21428571428571427
30693,0,0,39145,-15.137684106826782,-11.009793758392334,0.21428571428571427
30694,0,0,39135,-15.137684106826782,-11.009793758392334,0.21428571428571427
30695,0,0,39144,-15.137684106826782,-11.009793758392334,0.21428571428571427
30696,0,0,39143,-15.137684106826782,-11.009793758392334,0.21428571428571427
30697,0,0,39142,-15.137684106826782,-11.009793758392334,0.21428571428571427
30698,0,0,39141,-15.137684106826782,-11.009793758392334,0.21428571428571427
30699,0,0,39140,-15.137684106826782,-11.009793758392334,0.21428571428571427
30700,0,0,39139,-15.137684106826782,-11.009793758392334,0.21428571428571427
30701,0,0,39138,-15.137684106826782,-11.009793758392334,0.21428571428571427
30702,0,0,39137,-15.137684106826782,-11.009793758392334,0.21428571428571427
30703,0,0,39136,-15.137684106826782,-11.009793758392334,0.21428571428571427
30704,0,0,39110,-15.137684106826782,-11.009793758392334,0.21428571428571427
30705,0,0,39108,-15.137684106826782,-11.009793758392334,0.21428571428571427
30706,0,0,39061,-15.137684106826782,-11.009793758392334,0.21428571428571427
30707,0,0,39107,-15.137684106826782,-11.009793758392334,0.21428571428571427
30708,0,0,39082,-15.137684106826782,-11.009793758392334,0.21428571428571427
30709,0,0,39081,-15.137684106826782,-11.009793758392334,0.21428571428571427
30710,0,0,39080,-15.137684106826782,-11.009793758392334,0.21428571428571427
30711,0,0,39079,-15.137684106826782,-11.009793758392334,0.21428571428571427
30712,0,0,39078,-15.137684106826782,-11.009793758392334,0.21428571428571427
30713,0,0,39077,-15.137684106826782,-11.009793758392334,0.21428571428571427
30714,0,0,39076,-15.137684106826782,-11.009793758392334,0.21428571428571427
30715,0,0,39075,-15.137684106826782,-11.009793758392334,0.21428571428571427
30716,0,0,39074,-15.137684106826782,-11.009793758392334,0.21428571428571427
30717,0,0,39073,-15.137684106826782,-11.009793758392334,0.21428571428571427
30718,0,0,39072,-15.137684106826782,-11.009793758392334,0.21428571428571427
30719,0,0,39071,-15.137684106826782,-11.009793758392334,0.21428571428571427
30720,0,0,39070,-15.137684106826782,-11.009793758392334,0.21428571428571427
30721,0,0,39069,-15.137684106826782,-11.009793758392334,0.21428571428571427
30722,0,0,39068,-15.137684106826782,-11.009793758392334,0.21428571428571427
30723,0,0,39067,-15.137684106826782,-11.009793758392334,0.21428571428571427
30724,0,0,39066,-15.137684106826782,-11.009793758392334,0.21428571428571427
30725,0,0,39065,-15.137684106826782,-11.009793758392334,0.21428571428571427
30726,0,0,39064,-15.137684106826782,-11.009793758392334,0.21428571428571427
30727,0,0,39063,-15.137684106826782,-11.009793758392334,0.21428571428571427
30728,0,0,39062,-15.137684106826782,-11.009793758392334,0.21428571428571427
30729,0,0,39083,-15.137684106826782,-11.009793758392334,0.21428571428571427
30730,0,0,39084,-15.137684106826782,-11.009793758392334,0.21428571428571427
30731,0,0,39085,-15.137684106826782,-11.009793758392334,0.21428571428571427
30732,0,0,39097,-15.137684106826782,-11.009793758392334,0.21428571428571427
30733,0,0,39106,-15.137684106826782,-11.009793758392334,0.21428571428571427
30734,0,0,39105,-15.137684106826782,-11.009793758392334,0.21428571428571427
30735,0,0,39104,-15.137684106826782,-11.009793758392334,0.21428571428571427
30736,0,0,39103,-15.137684106826782,-11.009793758392334,0.21428571428571427
30737,0,0,39102,-15.137684106826782,-11.009793758392334,0.21428571428571427
30738,0,0,39101,-15.137684106826782,-11.009793758392334,0.21428571428571427
30739,0,0,39100,-15.137684106826782,-11.009793758392334,0.21428571428571427
30740,0,0,39099,-15.137684106826782,-11.009793758392334,0.21428571428571427
30741,0,0,39098,-15.137684106826782,-11.009793758392334,0.21428571428571427
30742,0,0,39096,-15.137684106826782,-11.009793758392334,0.21428571428571427
30743,0,0,39086,-15.137684106826782,-11.009793758392334,0.21428571428571427
30744,0,0,39095,-15.137684106826782,-11.009793758392334,0.21428571428571427
30745,0,0,39094,-15.137684106826782,-11.009793758392334,0.21428571428571427
30746,0,0,39093,-15.137684106826782,-11.009793758392334,0.21428571428571427
30747,0,0,39092,-15.137684106826782,-11.009793758392334,0.21428571428571427
30748,0,0,39091,-15.137684106826782,-11.009793758392334,0.21428571428571427
30749,0,0,39090,-15.137684106826782,-11.009793758392334,0.21428571428571427
30750,0,0,39089,-15.137684106826782,-11.009793758392334,0.21428571428571427
30751,0,0,39088,-15.137684106826782,-11.009793758392334,0.21428571428571427
30752,0,0,39087,-15.137684106826782,-11.009793758392334,0.21428571428571427
30753,0,0,39156,-15.137684106826782,-11.009793758392334,0.21428571428571427
30754,0,0,39109,-15.137684106826782,-11.009793758392334,0.21428571428571427
30755,0,0,39157,-15.137684106826782,-11.009793758392334,0.21428571428571427
30756,0,0,39207,-15.137684106826782,-11.009793758392334,0.21428571428571427
30757,0,0,39229,-15.137684106826782,-11.009793758392334,0.21428571428571427
30758,0,0,39228,-15.137684106826782,-11.009793758392334,0.21428571428571427
30759,0,0,39227,-15.137684106826782,-11.009793758392334,0.21428571428571427
30760,0,0,39226,-15.137684106826782,-11.009793758392334,0.21428571428571427
30761,0,0,39225,-15.137684106826782,-11.009793758392334,0.21428571428571427
30762,0,0,39224,-15.137684106826782,-11.009793758392334,0.21428571428571427
30763,0,0,39223,-15.137684106826782,-11.009793758392334,0.21428571428571427
30764,0,0,39222,-15.137684106826782,-11.009793758392334,0.21428571428571427
30765,0,0,39221,-15.137684106826782,-11.009793758392334,0.21428571428571427
30766,0,0,39220,-15.137684106826782,-11.009793758392334,0.21428571428571427
30767,0,0,39219,-15.137684106826782,-11.009793758392334,0.21428571428571427
30768,0,0,39218,-15.137684106826782,-11.009793758392334,0.21428571428571427
30769,0,0,39217,-15.137684106826782,-11.009793758392334,0.21428571428571427
30770,0,0,39216,-15.137684106826782,-11.009793758392334,0.21428571428571427
30771,0,0,39215,-15.137684106826782,-11.009793758392334,0.21428571428571427
30772,0,0,39214,-15.137684106826782,-11.009793758392334,0.21428571428571427
30773,0,0,39213,-15.137684106826782,-11.009793758392334,0.21428571428571427
30774,0,0,39212,-15.137684106826782,-11.009793758392334,0.21428571428571427
30775,0,0,39211,-15.137684106826782,-11.009793758392334,0.21428571428571427
30776,0,0,39210,-15.137684106826782,-11.009793758392334,0.21428571428571427
30777,0,0,39209,-15.137684106826782,-11.009793758392334,0.21428571428571427
30778,0,0,39230,-15.137684106826782,-11.009793758392334,0.21428571428571427
30779,0,0,39231,-15.137684106826782,-11.009793758392334,0.21428571428571427
30780,0,0,39232,-15.137684106826782,-11.009793758392334,0.21428571428571427
30781,0,0,39244,-15.137684106826782,-11.009793758392334,0.21428571428571427
30782,0,0,39253,-15.137684106826782,-11.009793758392334,0.21428571428571427
30783,0,0,39252,-15.137684106826782,-11.009793758392334,0.21428571428571427
30784,0,0,39251,-15.137684106826782,-11.009793758392334,0.21428571428571427
30785,0,0,39250,-15.137684106826782,-11.009793758392334,0.21428571428571427
30786,0,0,39249,-15.137684106826782,-11.009793758392334,0.21428571428571427
30787,0,0,39248,-15.137684106826782,-11.009793758392334,0.21428571428571427
30788,0,0,39247,-15.137684106826782,-11.009793758392334,0.21428571428571427
30789,0,0,39246,-15.137684106826782,-11.009793758392334,0.21428571428571427
30790,0,0,39245,-15.137684106826782,-11.009793758392334,0.21428571428571427
30791,0,0,39243,-15.137684106826782,-11.009793758392334,0.21428571428571427
30792,0,0,39233,-15.137684106826782,-11.009793758392334,0.21428571428571427
30793,0,0,39242,-15.137684106826782,-11.009793758392334,0.21428571428571427
30794,0,0,39241,-15.137684106826782,-11.009793758392334,0.21428571428571427
30795,0,0,39240,-15.137684106826782,-11.009793758392334,0.21428571428571427
30796,0,0,39239,-15.137684106826782,-11.009793758392334,0.21428571428571427
30797,0,0,39238,-15.137684106826782,-11.009793758392334,0.21428571428571427
30798,0,0,39237,-15.137684106826782,-11.009793758392334,0.21428571428571427
30799,0,0,39236,-15.137684106826782,-11.009793758392334,0.21428571428571427
30800,0,0,39235,-15.137684106826782,-11.009793758392334,0.21428571428571427
30801,0,0,39234,-15.137684106826782,-11.009793758392334,0.21428571428571427
30802,1,0,39208,-15.137684106826782,-11.009793758392334,0.21428571428571427
30803,0,0,39206,-15.137684106826782,-11.009793758392334,0.21428571428571427
30804,0,0,39159,-15.137684106826782,-11.009793758392334,0.21428571428571427
30805,0,0,39205,-15.137684106826782,-11.009793758392334,0.21428571428571427
30806,0,0,39180,-15.137684106826782,-11.009793758392334,0.21428571428571427
30807,0,0,39179,-15.137684106826782,-11.009793758392334,0.21428571428571427
30808,0,0,39178,-15.137684106826782,-11.009793758392334,0.21428571428571427
30809,0,0,39177,-15.137684106826782,-11.009793758392334,0.21428571428571427
30810,0,0,39176,-15.137684106826782,-11.009793758392334,0.21428571428571427
30811,0,0,39175,-15.137684106826782,-11.009793758392334,0.21428571428571427
30812,0,0,39174,-15.137684106826782,-11.009793758392334,0.21428571428571427
30813,0,0,39173,-15.137684106826782,-11.009793758392334,0.21428571428571427
30814,0,0,39172,-15.137684106826782,-11.009793758392334,0.21428571428571427
30815,0,0,39171,-15.137684106826782,-11.009793758392334,0.21428571428571427
30816,0,0,39170,-15.137684106826782,-11.009793758392334,0.21428571428571427
30817,0,0,39169,-15.137684106826782,-11.009793758392334,0.21428571428571427
30818,0,0,39168,-15.137684106826782,-11.009793758392334,0.21428571428571427
30819,0,0,39167,-15.137684106826782,-11.009793758392334,0.21428571428571427
30820,0,0,39166,-15.137684106826782,-11.009793758392334,0.21428571428571427
30821,0,0,39165,-15.137684106826782,-11.009793758392334,0.21428571428571427
30822,0,0,39164,-15.137684106826782,-11.009793758392334,0.21428571428571427
30823,0,0,39163,-15.137684106826782,-11.009793758392334,0.21428571428571427
30824,0,0,39162,-15.137684106826782,-11.009793758392334,0.21428571428571427
30825,0,0,39161,-15.137684106826782,-11.009793758392334,0.21428571428571427
30826,0,0,39160,-15.137684106826782,-11.009793758392334,0.21428571428571427
30827,0,0,39181,-15.137684106826782,-11.009793758392334,0.21428571428571427
30828,0,0,39182,-15.137684106826782,-11.009793758392334,0.21428571428571427
30829,0,0,39183,-15.137684106826782,-11.009793758392334,0.21428571428571427
30830,0,0,39195,-15.137684106826782,-11.009793758392334,0.21428571428571427
30831,0,0,39204,-15.137684106826782,-11.009793758392334,0.21428571428571427
30832,0,0,39203,-15.137684106826782,-11.009793758392334,0.21428571428571427
30833,0,0,39202,-15.137684106826782,-11.009793758392334,0.21428571428571427
30834,0,0,39201,-15.137684106826782,-11.009793758392334,0.21428571428571427
30835,0,0,39200,-15.137684106826782,-11.009793758392334,0.21428571428571427
30836,0,0,39199,-15.137684106826782,-11.009793758392334,0.21428571428571427
30837,0,0,39198,-15.137684106826782,-11.009793758392334,0.21428571428571427
30838,0,0,39197,-15.137684106826782,-11.009793758392334,0.21428571428571427
30839,0,0,39196,-15.137684106826782,-11.009793758392334,0.21428571428571427
30840,0,0,39194,-15.137684106826782,-11.009793758392334,0.21428571428571427
30841,1,0,39184,-15.137684106826782,-11.009793758392334,0.21428571428571427
30842,0,0,39193,-15.137684106826782,-11.009793758392334,0.21428571428571427
30843,0,0,39192,-15.137684106826782,-11.009793758392334,0.21428571428571427
30844,0,0,39191,-15.137684106826782,-11.009793758392334,0.21428571428571427
30845,0,0,39190,-15.137684106826782,-11.009793758392334,0.21428571428571427
30846,0,0,39189,-15.137684106826782,-11.009793758392334,0.21428571428571427
30847,0,0,39188,-15.137684106826782,-11.009793758392334,0.21428571428571427
30848,0,0,39187,-15.137684106826782,-11.009793758392334,0.21428571428571427
30849,0,0,39186,-15.137684106826782,-11.009793758392334,0.21428571428571427
30850,0,0,39185,-15.137684106826782,-11.009793758392334,0.21428571428571427
30851,0,0,39449,-15.137684106826782,-11.009793758392334,0.21428571428571427
30852,0,0,39450,-15.137684106826782,-11.009793758392334,0.21428571428571427
30853,0,0,39451,-15.137684106826782,-11.009793758392334,0.21428571428571427
30854,0,0,39646,-15.137684106826782,-11.009793758392334,0.21428571428571427
30855,0,0,39717,-15.137684106826782,-11.009793758392334,0.21428571428571427
30856,0,0,39716,-15.137684106826782,-11.009793758392334,0.21428571428571427
30857,0,0,39715,-15.137684106826782,-11.009793758392334,0.21428571428571427
30858,0,0,39714,-15.137684106826782,-11.009793758392334,0.21428571428571427
30859,0,0,39713,-15.137684106826782,-11.009793758392334,0.21428571428571427
30860,0,0,39712,-15.137684106826782,-11.009793758392334,0.21428571428571427
30861,0,0,39711,-15.137684106826782,-11.009793758392334,0.21428571428571427
30862,0,0,39710,-15.137684106826782,-11.009793758392334,0.21428571428571427
30863,0,0,39709,-15.137684106826782,-11.009793758392334,0.21428571428571427
30864,0,0,39708,-15.137684106826782,-11.009793758392334,0.21428571428571427
30865,0,0,39707,-15.137684106826782,-11.009793758392334,0.21428571428571427
30866,0,0,39706,-15.137684106826782,-11.009793758392334,0.21428571428571427
30867,0,0,39705,-15.137684106826782,-11.009793758392334,0.21428571428571427
30868,0,0,39704,-15.137684106826782,-11.009793758392334,0.21428571428571427
30869,0,0,39703,-15.137684106826782,-11.009793758392334,0.21428571428571427
30870,0,0,39702,-15.137684106826782,-11.009793758392334,0.21428571428571427
30871,0,0,39701,-15.137684106826782,-11.009793758392334,0.21428571428571427
30872,0,0,39700,-15.137684106826782,-11.009793758392334,0.21428571428571427
30873,0,0,39699,-15.137684106826782,-11.009793758392334,0.21428571428571427
30874,0,0,39698,-15.137684106826782,-11.009793758392334,0.21428571428571427
30875,0,0,39697,-15.137684106826782,-11.009793758392334,0.21428571428571427
30876,0,0,39718,-15.137684106826782,-11.009793758392334,0.21428571428571427
30877,0,0,39719,-15.137684106826782,-11.009793758392334,0.21428571428571427
30878,0,0,39720,-15.137684106826782,-11.009793758392334,0.21428571428571427
30879,0,0,39732,-15.137684106826782,-11.009793758392334,0.21428571428571427
30880,0,0,39741,-15.137684106826782,-11.009793758392334,0.21428571428571427
30881,0,0,39740,-15.137684106826782,-11.009793758392334,0.21428571428571427
30882,0,0,39739,-15.137684106826782,-11.009793758392334,0.21428571428571427
30883,0,0,39738,-15.137684106826782,-11.009793758392334,0.21428571428571427
30884,0,0,39737,-15.137684106826782,-11.009793758392334,0.21428571428571427
30885,0,0,39736,-15.137684106826782,-11.009793758392334,0.21428571428571427
30886,0,0,39735,-15.137684106826782,-11.009793758392334,0.21428571428571427
30887,0,0,39734,-15.137684106826782,-11.009793758392334,0.21428571428571427
30888,0,0,39733,-15.137684106826782,-11.009793758392334,0.21428571428571427
30889,0,0,39731,-15.137684106826782,-11.009793758392334,0.21428571428571427
30890,0,0,39721,-15.137684106826782,-11.009793758392334,0.21428571428571427
30891,0,0,39730,-15.137684106826782,-11.009793758392334,0.21428571428571427
30892,0,0,39729,-15.137684106826782,-11.009793758392334,0.21428571428571427
30893,0,0,39728,-15.137684106826782,-11.009793758392334,0.21428571428571427
30894,0,0,39727,-15.137684106826782,-11.009793758392334,0.21428571428571427
30895,0,0,39726,-15.137684106826782,-11.009793758392334,0.21428571428571427
30896,0,0,39725,-15.137684106826782,-11.009793758392334,0.21428571428571427
30897,0,0,39724,-15.137684106826782,-11.009793758392334,0.21428571428571427
30898,0,0,39723,-15.137684106826782,-11.009793758392334,0.21428571428571427
30899,0,0,39722,-15.137684106826782,-11.009793758392334,0.21428571428571427
30900,0,0,39696,-15.137684106826782,-11.009793758392334,0.21428571428571427
30901,0,0,39694,-15.137684106826782,-11.009793758392334,0.21428571428571427
30902,0,0,39647,-15.137684106826782,-11.009793758392334,0.21428571428571427
30903,0,0,39693,-15.137684106826782,-11.009793758392334,0.21428571428571427
30904,0,0,39668,-15.137684106826782,-11.009793758392334,0.21428571428571427
30905,0,0,39667,-15.137684106826782,-11.009793758392334,0.21428571428571427
30906,0,0,39666,-15.137684106826782,-11.009793758392334,0.21428571428571427
30907,0,0,39665,-15.137684106826782,-11.009793758392334,0.21428571428571427
30908,0,0,39664,-15.137684106826782,-11.009793758392334,0.21428571428571427
30909,0,0,39663,-15.137684106826782,-11.009793758392334,0.21428571428571427
30910,0,0,39662,-15.137684106826782,-11.009793758392334,0.21428571428571427
30911,0,0,39661,-15.137684106826782,-11.009793758392334,0.21428571428571427
30912,0,0,39660,-15.137684106826782,-11.009793758392334,0.21428571428571427
30913,0,0,39659,-15.137684106826782,-11.009793758392334,0.21428571428571427
30914,0,0,39658,-15.137684106826782,-11.009793758392334,0.21428571428571427
30915,0,0,39657,-15.137684106826782,-11.009793758392334,0.21428571428571427
30916,0,0,39656,-15.137684106826782,-11.009793758392334,0.21428571428571427
30917,0,0,39655,-15.137684106826782,-11.009793758392334,0.21428571428571427
30918,0,0,39654,-15.137684106826782,-11.009793758392334,0.21428571428571427
30919,0,0,39653,-15.137684106826782,-11.009793758392334,0.21428571428571427
30920,0,0,39652,-15.137684106826782,-11.009793758392334,0.21428571428571427
30921,0,0,39651,-15.137684106826782,-11.009793758392334,0.21428571428571427
30922,0,0,39650,-15.137684106826782,-11.009793758392334,0.21428571428571427
30923,0,0,39649,-15.137684106826782,-11.009793758392334,0.21428571428571427
30924,0,0,39648,-15.137684106826782,-11.009793758392334,0.21428571428571427
30925,0,0,39669,-15.137684106826782,-11.009793758392334,0.21428571428571427
30926,0,0,39670,-15.137684106826782,-11.009793758392334,0.21428571428571427
30927,0,0,39671,-15.137684106826782,-11.009793758392334,0.21428571428571427
30928,0,0,39683,-15.137684106826782,-11.009793758392334,0.21428571428571427
30929,0,0,39692,-15.137684106826782,-11.009793758392334,0.21428571428571427
30930,0,0,39691,-15.137684106826782,-11.009793758392334,0.21428571428571427
30931,0,0,39690,-15.137684106826782,-11.009793758392334,0.21428571428571427
30932,0,0,39689,-15.137684106826782,-11.009793758392334,0.21428571428571427
30933,0,0,39688,-15.137684106826782,-11.009793758392334,0.21428571428571427
30934,0,0,39687,-15.137684106826782,-11.009793758392334,0.21428571428571427
30935,0,0,39686,-15.137684106826782,-11.009793758392334,0.21428571428571427
30936,0,0,39685,-15.137684106826782,-11.009793758392334,0.21428571428571427
30937,0,0,39684,-15.137684106826782,-11.009793758392334,0.21428571428571427
30938,0,0,39682,-15.137684106826782,-11.009793758392334,0.21428571428571427
30939,0,0,39672,-15.137684106826782,-11.009793758392334,0.21428571428571427
30940,0,0,39681,-15.137684106826782,-11.009793758392334,0.21428571428571427
30941,0,0,39680,-15.137684106826782,-11.009793758392334,0.21428571428571427
30942,0,0,39679,-15.137684106826782,-11.009793758392334,0.21428571428571427
30943,0,0,39678,-15.137684106826782,-11.009793758392334,0.21428571428571427
30944,0,0,39677,-15.137684106826782,-11.009793758392334,0.21428571428571427
30945,0,0,39676,-15.137684106826782,-11.009793758392334,0.21428571428571427
30946,0,0,39675,-15.137684106826782,-11.009793758392334,0.21428571428571427
30947,0,0,39674,-15.137684106826782,-11.009793758392334,0.21428571428571427
30948,0,0,39673,-15.137684106826782,-11.009793758392334,0.21428571428571427
30949,0,0,39742,-15.137684106826782,-11.009793758392334,0.21428571428571427
30950,0,0,39743,-15.137684106826782,-11.009793758392334,0.21428571428571427
30951,0,0,39744,-15.137684106826782,-11.009793758392334,0.21428571428571427
30952,0,0,39745,-15.137684106826782,-11.009793758392334,0.21428571428571427
30953,0,0,39814,-15.137684106826782,-11.009793758392334,0.21428571428571427
30954,0,0,39813,-15.137684106826782,-11.009793758392334,0.21428571428571427
30955,0,0,39812,-15.137684106826782,-11.009793758392334,0.21428571428571427
30956,0,0,39811,-15.137684106826782,-11.009793758392334,0.21428571428571427
30957,0,0,39810,-15.137684106826782,-11.009793758392334,0.21428571428571427
30958,0,0,39809,-15.137684106826782,-11.009793758392334,0.21428571428571427
30959,0,0,39808,-15.137684106826782,-11.009793758392334,0.21428571428571427
30960,0,0,39807,-15.137684106826782,-11.009793758392334,0.21428571428571427
30961,0,0,39806,-15.137684106826782,-11.009793758392334,0.21428571428571427
30962,0,0,39804,-15.137684106826782,-11.009793758392334,0.21428571428571427
30963,0,0,39794,-15.137684106826782,-11.009793758392334,0.21428571428571427
30964,0,0,39803,-15.137684106826782,-11.009793758392334,0.21428571428571427
30965,0,0,39802,-15.137684106826782,-11.009793758392334,0.21428571428571427
30966,0,0,39801,-15.137684106826782,-11.009793758392334,0.21428571428571427
30967,0,0,39800,-15.137684106826782,-11.009793758392334,0.21428571428571427
30968,0,0,39799,-15.137684106826782,-11.009793758392334,0.21428571428571427
30969,0,0,39798,-15.137684106826782,-11.009793758392334,0.21428571428571427
30970,0,0,39797,-15.137684106826782,-11.009793758392334,0.21428571428571427
30971,0,0,39796,-15.137684106826782,-11.009793758392334,0.21428571428571427
30972,0,0,39795,-15.137684106826782,-11.009793758392334,0.21428571428571427
30973,0,0,39815,-15.137684106826782,-11.009793758392334,0.21428571428571427
30974,0,0,39805,-15.137684106826782,-11.009793758392334,0.21428571428571427
30975,0,0,39816,-15.137684106826782,-11.009793758392334,0.21428571428571427
30976,0,0,39829,-15.137684106826782,-11.009793758392334,0.21428571428571427
30977,0,0,39838,-15.137684106826782,-11.009793758392334,0.21428571428571427
30978,0,0,39837,-15.137684106826782,-11.009793758392334,0.21428571428571427
30979,0,0,39836,-15.137684106826782,-11.009793758392334,0.21428571428571427
30980,0,0,39835,-15.137684106826782,-11.009793758392334,0.21428571428571427
30981,0,0,39834,-15.137684106826782,-11.009793758392334,0.21428571428571427
30982,0,0,39833,-15.137684106826782,-11.009793758392334,0.21428571428571427
30983,0,0,39832,-15.137684106826782,-11.009793758392334,0.21428571428571427
30984,0,0,39831,-15.137684106826782,-11.009793758392334,0.21428571428571427
30985,0,0,39830,-15.137684106826782,-11.009793758392334,0.21428571428571427
30986,0,0,39828,-15.137684106826782,-11.009793758392334,0.21428571428571427
30987,0,0,39818,-15.137684106826782,-11.009793758392334,0.21428571428571427
30988,0,0,39827,-15.137684106826782,-11.009793758392334,0.21428571428571427
30989,0,0,39826,-15.137684106826782,-11.009793758392334,0.21428571428571427
30990,0,0,39825,-15.137684106826782,-11.009793758392334,0.21428571428571427
30991,0,0,39824,-15.137684106826782,-11.009793758392334,0.21428571428571427
30992,0,0,39823,-15.137684106826782,-11.009793758392334,0.21428571428571427
30993,0,0,39822,-15.137684106826782,-11.009793758392334,0.21428571428571427
30994,0,0,39821,-15.137684106826782,-11.009793758392334,0.21428571428571427
30995,0,0,39820,-15.137684106826782,-11.009793758392334,0.21428571428571427
30996,0,0,39819,-15.137684106826782,-11.009793758392334,0.21428571428571427
30997,0,0,39817,-15.137684106826782,-11.009793758392334,0.21428571428571427
30998,0,0,39793,-15.137684106826782,-11.009793758392334,0.21428571428571427
30999,0,0,39792,-15.137684106826782,-11.009793758392334,0.21428571428571427
31000,0,0,39791,-15.137684106826782,-11.009793758392334,0.21428571428571427
31001,0,0,39766,-15.137684106826782,-11.009793758392334,0.21428571428571427
31002,0,0,39765,-15.137684106826782,-11.009793758392334,0.21428571428571427
31003,0,0,39764,-15.137684106826782,-11.009793758392334,0.21428571428571427
31004,0,0,39763,-15.137684106826782,-11.009793758392334,0.21428571428571427
31005,0,0,39762,-15.137684106826782,-11.009793758392334,0.21428571428571427
31006,0,0,39761,-15.137684106826782,-11.009793758392334,0.21428571428571427
31007,0,0,39760,-15.137684106826782,-11.009793758392334,0.21428571428571427
31008,0,0,39759,-15.137684106826782,-11.009793758392334,0.21428571428571427
31009,0,0,39758,-15.137684106826782,-11.009793758392334,0.21428571428571427
31010,0,0,39757,-15.137684106826782,-11.009793758392334,0.21428571428571427
31011,0,0,39756,-15.137684106826782,-11.009793758392334,0.21428571428571427
31012,0,0,39755,-15.137684106826782,-11.009793758392334,0.21428571428571427
31013,0,0,39754,-15.137684106826782,-11.009793758392334,0.21428571428571427
31014,0,0,39753,-15.137684106826782,-11.009793758392334,0.21428571428571427
31015,0,0,39752,-15.137684106826782,-11.009793758392334,0.21428571428571427
31016,0,0,39751,-15.137684106826782,-11.009793758392334,0.21428571428571427
31017,0,0,39750,-15.137684106826782,-11.009793758392334,0.21428571428571427
31018,0,0,39749,-15.137684106826782,-11.009793758392334,0.21428571428571427
31019,0,0,39748,-15.137684106826782,-11.009793758392334,0.21428571428571427
31020,0,0,39747,-15.137684106826782,-11.009793758392334,0.21428571428571427
31021,0,0,39746,-15.137684106826782,-11.009793758392334,0.21428571428571427
31022,0,0,39767,-15.137684106826782,-11.009793758392334,0.21428571428571427
31023,0,0,39768,-15.137684106826782,-11.009793758392334,0.21428571428571427
31024,0,0,39769,-15.137684106826782,-11.009793758392334,0.21428571428571427
31025,0,0,39781,-15.137684106826782,-11.009793758392334,0.21428571428571427
31026,0,0,39790,-15.137684106826782,-11.009793758392334,0.21428571428571427
31027,0,0,39789,-15.137684106826782,-11.009793758392334,0.21428571428571427
31028,0,0,39788,-15.137684106826782,-11.009793758392334,0.21428571428571427
31029,0,0,39787,-15.137684106826782,-11.009793758392334,0.21428571428571427
31030,0,0,39786,-15.137684106826782,-11.009793758392334,0.21428571428571427
31031,0,0,39785,-15.137684106826782,-11.009793758392334,0.21428571428571427
31032,0,0,39784,-15.137684106826782,-11.009793758392334,0.21428571428571427
31033,0,0,39783,-15.137684106826782,-11.009793758392334,0.21428571428571427
31034,0,0,39782,-15.137684106826782,-11.009793758392334,0.21428571428571427
31035,0,0,39780,-15.137684106826782,-11.009793758392334,0.21428571428571427
31036,0,0,39770,-15.137684106826782,-11.009793758392334,0.21428571428571427
31037,0,0,39779,-15.137684106826782,-11.009793758392334,0.21428571428571427
31038,0,0,39778,-15.137684106826782,-11.009793758392334,0.21428571428571427
31039,0,0,39777,-15.137684106826782,-11.009793758392334,0.21428571428571427
31040,0,0,39776,-15.137684106826782,-11.009793758392334,0.21428571428571427
31041,0,0,39775,-15.137684106826782,-11.009793758392334,0.21428571428571427
31042,0,0,39774,-15.137684106826782,-11.009793758392334,0.21428571428571427
31043,0,0,39773,-15.137684106826782,-11.009793758392334,0.21428571428571427
31044,0,0,39772,-15.137684106826782,-11.009793758392334,0.21428571428571427
31045,0,0,39771,-15.137684106826782,-11.009793758392334,0.21428571428571427
31046,0,0,39695,-15.137684106826782,-11.009793758392334,0.21428571428571427
31047,0,0,39645,-15.137684106826782,-11.009793758392334,0.21428571428571427
31048,0,0,39500,-15.137684106826782,-11.009793758392334,0.21428571428571427
31049,0,0,39644,-15.137684106826782,-11.009793758392334,0.21428571428571427
31050,0,0,39522,-15.137684106826782,-11.009793758392334,0.21428571428571427
31051,0,0,39521,-15.137684106826782,-11.009793758392334,0.21428571428571427
31052,0,0,39520,-15.137684106826782,-11.009793758392334,0.21428571428571427
31053,0,0,39519,-15.137684106826782,-11.009793758392334,0.21428571428571427
31054,0,0,39518,-15.137684106826782,-11.009793758392334,0.21428571428571427
31055,0,0,39517,-15.137684106826782,-11.009793758392334,0.21428571428571427
31056,0,0,39516,-15.137684106826782,-11.009793758392334,0.21428571428571427
31057,0,0,39515,-15.137684106826782,-11.009793758392334,0.21428571428571427
31058,0,0,39514,-15.137684106826782,-11.009793758392334,0.21428571428571427
31059,0,0,39513,-15.137684106826782,-11.009793758392334,0.21428571428571427
31060,0,0,39512,-15.137684106826782,-11.009793758392334,0.21428571428571427
31061,0,0,39511,-15.137684106826782,-11.009793758392334,0.21428571428571427
31062,0,0,39510,-15.137684106826782,-11.009793758392334,0.21428571428571427
31063,0,0,39509,-15.137684106826782,-11.009793758392334,0.21428571428571427
31064,0,0,39508,-15.137684106826782,-11.009793758392334,0.21428571428571427
31065,0,0,39507,-15.137684106826782,-11.009793758392334,0.21428571428571427
31066,0,0,39506,-15.137684106826782,-11.009793758392334,0.21428571428571427
31067,0,0,39505,-15.137684106826782,-11.009793758392334,0.21428571428571427
31068,0,0,39504,-15.137684106826782,-11.009793758392334,0.21428571428571427
31069,0,0,39503,-15.137684106826782,-11.009793758392334,0.21428571428571427
31070,0,0,39502,-15.137684106826782,-11.009793758392334,0.21428571428571427
31071,0,0,39523,-15.137684106826782,-11.009793758392334,0.21428571428571427
31072,0,0,39524,-15.137684106826782,-11.009793758392334,0.21428571428571427
31073,0,0,39525,-15.137684106826782,-11.009793758392334,0.21428571428571427
31074,0,0,39537,-15.137684106826782,-11.009793758392334,0.21428571428571427
31075,0,0,39546,-15.137684106826782,-11.009793758392334,0.21428571428571427
31076,0,0,39545,-15.137684106826782,-11.009793758392334,0.21428571428571427
31077,0,0,39544,-15.137684106826782,-11.009793758392334,0.21428571428571427
31078,0,0,39543,-15.137684106826782,-11.009793758392334,0.21428571428571427
31079,0,0,39542,-15.137684106826782,-11.009793758392334,0.21428571428571427
31080,0,0,39541,-15.137684106826782,-11.009793758392334,0.21428571428571427
31081,0,0,39540,-15.137684106826782,-11.009793758392334,0.21428571428571427
31082,0,0,39539,-15.137684106826782,-11.009793758392334,0.21428571428571427
31083,0,0,39538,-15.137684106826782,-11.009793758392334,0.21428571428571427
31084,0,0,39536,-15.137684106826782,-11.009793758392334,0.21428571428571427
31085,0,0,39526,-15.137684106826782,-11.009793758392334,0.21428571428571427
31086,0,0,39535,-15.137684106826782,-11.009793758392334,0.21428571428571427
31087,0,0,39534,-15.137684106826782,-11.009793758392334,0.21428571428571427
31088,0,0,39533,-15.137684106826782,-11.009793758392334,0.21428571428571427
31089,0,0,39532,-15.137684106826782,-11.009793758392334,0.21428571428571427
31090,0,0,39531,-15.137684106826782,-11.009793758392334,0.21428571428571427
31091,0,0,39530,-15.137684106826782,-11.009793758392334,0.21428571428571427
31092,0,0,39529,-15.137684106826782,-11.009793758392334,0.21428571428571427
31093,0,0,39528,-15.137684106826782,-11.009793758392334,0.21428571428571427
31094,0,0,39527,-15.137684106826782,-11.009793758392334,0.21428571428571427
31095,0,0,39501,-15.137684106826782,-11.009793758392334,0.21428571428571427
31096,0,0,39499,-15.137684106826782,-11.009793758392334,0.21428571428571427
31097,0,0,39452,-15.137684106826782,-11.009793758392334,0.21428571428571427
31098,0,0,39498,-15.137684106826782,-11.009793758392334,0.21428571428571427
31099,0,0,39473,-15.137684106826782,-11.009793758392334,0.21428571428571427
31100,0,0,39472,-15.137684106826782,-11.009793758392334,0.21428571428571427
31101,0,0,39471,-15.137684106826782,-11.009793758392334,0.21428571428571427
31102,0,0,39470,-15.137684106826782,-11.009793758392334,0.21428571428571427
31103,0,0,39469,-15.137684106826782,-11.009793758392334,0.21428571428571427
31104,0,0,39468,-15.137684106826782,-11.009793758392334,0.21428571428571427
31105,0,0,39467,-15.137684106826782,-11.009793758392334,0.21428571428571427
31106,0,0,39466,-15.137684106826782,-11.009793758392334,0.21428571428571427
31107,0,0,39465,-15.137684106826782,-11.009793758392334,0.21428571428571427
31108,0,0,39464,-15.137684106826782,-11.009793758392334,0.21428571428571427
31109,0,0,39463,-15.137684106826782,-11.009793758392334,0.21428571428571427
31110,0,0,39462,-15.137684106826782,-11.009793758392334,0.21428571428571427
31111,0,0,39461,-15.137684106826782,-11.009793758392334,0.21428571428571427
31112,0,0,39460,-15.137684106826782,-11.009793758392334,0.21428571428571427
31113,0,0,39459,-15.137684106826782,-11.009793758392334,0.21428571428571427
31114,0,0,39458,-15.137684106826782,-11.009793758392334,0.21428571428571427
31115,0,0,39457,-15.137684106826782,-11.009793758392334,0.21428571428571427
31116,0,0,39456,-15.137684106826782,-11.009793758392334,0.21428571428571427
31117,0,0,39455,-15.137684106826782,-11.009793758392334,0.21428571428571427
31118,0,0,39454,-15.137684106826782,-11.009793758392334,0.21428571428571427
31119,0,0,39453,-15.137684106826782,-11.009793758392334,0.21428571428571427
31120,0,0,39474,-15.137684106826782,-11.009793758392334,0.21428571428571427
31121,0,0,39475,-15.137684106826782,-11.009793758392334,0.21428571428571427
31122,0,0,39476,-15.137684106826782,-11.009793758392334,0.21428571428571427
31123,0,0,39488,-15.137684106826782,-11.009793758392334,0.21428571428571427
31124,0,0,39497,-15.137684106826782,-11.009793758392334,0.21428571428571427
31125,0,0,39496,-15.137684106826782,-11.009793758392334,0.21428571428571427
31126,0,0,39495,-15.137684106826782,-11.009793758392334,0.21428571428571427
31127,0,0,39494,-15.137684106826782,-11.009793758392334,0.21428571428571427
31128,0,0,39493,-15.137684106826782,-11.009793758392334,0.21428571428571427
31129,0,0,39492,-15.137684106826782,-11.009793758392334,0.21428571428571427
31130,0,0,39491,-15.137684106826782,-11.009793758392334,0.21428571428571427
31131,0,0,39490,-15.137684106826782,-11.009793758392334,0.21428571428571427
31132,0,0,39489,-15.137684106826782,-11.009793758392334,0.21428571428571427
31133,0,0,39487,-15.137684106826782,-11.009793758392334,0.21428571428571427
31134,0,0,39477,-15.137684106826782,-11.009793758392334,0.21428571428571427
31135,0,0,39486,-15.137684106826782,-11.009793758392334,0.21428571428571427
31136,0,0,39485,-15.137684106826782,-11.009793758392334,0.21428571428571427
31137,0,0,39484,-15.137684106826782,-11.009793758392334,0.21428571428571427
31138,0,0,39483,-15.137684106826782,-11.009793758392334,0.21428571428571427
31139,0,0,39482,-15.137684106826782,-11.009793758392334,0.21428571428571427
31140,0,0,39481,-15.137684106826782,-11.009793758392334,0.21428571428571427
31141,0,0,39480,-15.137684106826782,-11.009793758392334,0.21428571428571427
31142,0,0,39479,-15.137684106826782,-11.009793758392334,0.21428571428571427
31143,0,0,39478,-15.137684106826782,-11.009793758392334,0.21428571428571427
31144,0,0,39547,-15.137684106826782,-11.009793758392334,0.21428571428571427
31145,0,0,39548,-15.137684106826782,-11.009793758392334,0.21428571428571427
31146,0,0,39549,-15.137684106826782,-11.009793758392334,0.21428571428571427
31147,0,0,39550,-15.137684106826782,-11.009793758392334,0.21428571428571427
31148,0,0,39619,-15.137684106826782,-11.009793758392334,0.21428571428571427
31149,0,0,39618,-15.137684106826782,-11.009793758392334,0.21428571428571427
31150,0,0,39617,-15.137684106826782,-11.009793758392334,0.21428571428571427
31151,0,0,39616,-15.137684106826782,-11.009793758392334,0.21428571428571427
31152,0,0,39615,-15.137684106826782,-11.009793758392334,0.21428571428571427
31153,0,0,39614,-15.137684106826782,-11.009793758392334,0.21428571428571427
31154,0,0,39613,-15.137684106826782,-11.009793758392334,0.21428571428571427
31155,0,0,39612,-15.137684106826782,-11.009793758392334,0.21428571428571427
31156,0,0,39611,-15.137684106826782,-11.009793758392334,0.21428571428571427
31157,0,0,39609,-15.137684106826782,-11.009793758392334,0.21428571428571427
31158,0,0,39599,-15.137684106826782,-11.009793758392334,0.21428571428571427
31159,0,0,39608,-15.137684106826782,-11.009793758392334,0.21428571428571427
31160,0,0,39607,-15.137684106826782,-11.009793758392334,0.21428571428571427
31161,0,0,39606,-15.137684106826782,-11.009793758392334,0.21428571428571427
31162,0,0,39605,-15.137684106826782,-11.009793758392334,0.21428571428571427
31163,0,0,39604,-15.137684106826782,-11.009793758392334,0.21428571428571427
31164,0,0,39603,-15.137684106826782,-11.009793758392334,0.21428571428571427
31165,0,0,39602,-15.137684106826782,-11.009793758392334,0.21428571428571427
31166,0,0,39601,-15.137684106826782,-11.009793758392334,0.21428571428571427
31167,0,0,39600,-15.137684106826782,-11.009793758392334,0.21428571428571427
31168,0,0,39620,-15.137684106826782,-11.009793758392334,0.21428571428571427
31169,0,0,39610,-15.137684106826782,-11.009793758392334,0.21428571428571427
31170,0,0,39621,-15.137684106826782,-11.009793758392334,0.21428571428571427
31171,0,0,39634,-15.137684106826782,-11.009793758392334,0.21428571428571427
31172,0,0,39643,-15.137684106826782,-11.009793758392334,0.21428571428571427
31173,0,0,39642,-15.137684106826782,-11.009793758392334,0.21428571428571427
31174,0,0,39641,-15.137684106826782,-11.009793758392334,0.21428571428571427
31175,0,0,39640,-15.137684106826782,-11.009793758392334,0.21428571428571427
31176,0,0,39639,-15.137684106826782,-11.009793758392334,0.21428571428571427
31177,0,0,39638,-15.137684106826782,-11.009793758392334,0.21428571428571427
31178,0,0,39637,-15.137684106826782,-11.009793758392334,0.21428571428571427
31179,0,0,39636,-15.137684106826782,-11.009793758392334,0.21428571428571427
31180,0,0,39635,-15.137684106826782,-11.009793758392334,0.21428571428571427
31181,0,0,39633,-15.137684106826782,-11.009793758392334,0.21428571428571427
31182,0,0,39623,-15.137684106826782,-11.009793758392334,0.21428571428571427
31183,0,0,39632,-15.137684106826782,-11.009793758392334,0.21428571428571427
31184,0,0,39631,-15.137684106826782,-11.009793758392334,0.21428571428571427
31185,0,0,39630,-15.137684106826782,-11.009793758392334,0.21428571428571427
31186,0,0,39629,-15.137684106826782,-11.009793758392334,0.21428571428571427
31187,0,0,39628,-15.137684106826782,-11.009793758392334,0.21428571428571427
31188,0,0,39627,-15.137684106826782,-11.009793758392334,0.21428571428571427
31189,0,0,39626,-15.137684106826782,-11.009793758392334,0.21428571428571427
31190,0,0,39625,-15.137684106826782,-11.009793758392334,0.21428571428571427
31191,0,0,39624,-15.137684106826782,-11.009793758392334,0.21428571428571427
31192,0,0,39622,-15.137684106826782,-11.009793758392334,0.21428571428571427
31193,0,0,39598,-15.137684106826782,-11.009793758392334,0.21428571428571427
31194,0,0,39597,-15.137684106826782,-11.009793758392334,0.21428571428571427
31195,0,0,39596,-15.137684106826782,-11.009793758392334,0.21428571428571427
31196,0,0,39571,-15.137684106826782,-11.009793758392334,0.21428571428571427
31197,0,0,39570,-15.137684106826782,-11.009793758392334,0.21428571428571427
31198,0,0,39569,-15.137684106826782,-11.009793758392334,0.21428571428571427
31199,0,0,39568,-15.137684106826782,-11.009793758392334,0.21428571428571427
31200,0,0,39567,-15.137684106826782,-11.009793758392334,0.21428571428571427
31201,0,0,39566,-15.137684106826782,-11.009793758392334,0.21428571428571427
31202,0,0,39565,-15.137684106826782,-11.009793758392334,0.21428571428571427
31203,0,0,39564,-15.137684106826782,-11.009793758392334,0.21428571428571427
31204,0,0,39563,-15.137684106826782,-11.009793758392334,0.21428571428571427
31205,0,0,39562,-15.137684106826782,-11.009793758392334,0.21428571428571427
31206,0,0,39561,-15.137684106826782,-11.009793758392334,0.21428571428571427
31207,0,0,39560,-15.137684106826782,-11.009793758392334,0.21428571428571427
31208,0,0,39559,-15.137684106826782,-11.009793758392334,0.21428571428571427
31209,0,0,39558,-15.137684106826782,-11.009793758392334,0.21428571428571427
31210,0,0,39557,-15.137684106826782,-11.009793758392334,0.21428571428571427
31211,0,0,39556,-15.137684106826782,-11.009793758392334,0.21428571428571427
31212,0,0,39555,-15.137684106826782,-11.009793758392334,0.21428571428571427
31213,0,0,39554,-15.137684106826782,-11.009793758392334,0.21428571428571427
31214,0,0,39553,-15.137684106826782,-11.009793758392334,0.21428571428571427
31215,0,0,39552,-15.137684106826782,-11.009793758392334,0.21428571428571427
31216,0,0,39551,-15.137684106826782,-11.009793758392334,0.21428571428571427
31217,0,0,39572,-15.137684106826782,-11.009793758392334,0.21428571428571427
31218,0,0,39573,-15.137684106826782,-11.009793758392334,0.21428571428571427
31219,0,0,39574,-15.137684106826782,-11.009793758392334,0.21428571428571427
31220,0,0,39586,-15.137684106826782,-11.009793758392334,0.21428571428571427
31221,0,0,39595,-15.137684106826782,-11.009793758392334,0.21428571428571427
31222,0,0,39594,-15.137684106826782,-11.009793758392334,0.21428571428571427
31223,0,0,39593,-15.137684106826782,-11.009793758392334,0.21428571428571427
31224,0,0,39592,-15.137684106826782,-11.009793758392334,0.21428571428571427
31225,0,0,39591,-15.137684106826782,-11.009793758392334,0.21428571428571427
31226,0,0,39590,-15.137684106826782,-11.009793758392334,0.21428571428571427
31227,0,0,39589,-15.137684106826782,-11.009793758392334,0.21428571428571427
31228,0,0,39588,-15.137684106826782,-11.009793758392334,0.21428571428571427
31229,0,0,39587,-15.137684106826782,-11.009793758392334,0.21428571428571427
31230,0,0,39585,-15.137684106826782,-11.009793758392334,0.21428571428571427
31231,0,0,39575,-15.137684106826782,-11.009793758392334,0.21428571428571427
31232,0,0,39584,-15.137684106826782,-11.009793758392334,0.21428571428571427
31233,0,0,39583,-15.137684106826782,-11.009793758392334,0.21428571428571427
31234,0,0,39582,-15.137684106826782,-11.009793758392334,0.21428571428571427
31235,0,0,39581,-15.137684106826782,-11.009793758392334,0.21428571428571427
31236,0,0,39580,-15.137684106826782,-11.009793758392334,0.21428571428571427
31237,0,0,39579,-15.137684106826782,-11.009793758392334,0.21428571428571427
31238,0,0,39578,-15.137684106826782,-11.009793758392334,0.21428571428571427
31239,0,0,39577,-15.137684106826782,-11.009793758392334,0.21428571428571427
31240,0,0,39576,-15.137684106826782,-11.009793758392334,0.21428571428571427
31241,0,0,43744,-15.137684106826782,-11.009793758392334,0.21428571428571427
31242,0,0,40622,-15.137684106826782,-11.009793758392334,0.21428571428571427
31243,0,0,43745,-15.137684106826782,-11.009793758392334,0.21428571428571427
31244,0,0,46870,-15.137684106826782,-11.009793758392334,0.21428571428571427
31245,0,0,47918,-15.137684106826782,-11.009793758392334,0.21428571428571427
31246,0,0,47917,-15.137684106826782,-11.009793758392334,0.21428571428571427
31247,0,0,47916,-15.137684106826782,-11.009793758392334,0.21428571428571427
31248,0,0,47915,-15.137684106826782,-11.009793758392334,0.21428571428571427
31249,0,0,47914,-15.137684106826782,-11.009793758392334,0.21428571428571427
31250,0,0,47913,-15.137684106826782,-11.009793758392334,0.21428571428571427
31251,0,0,47912,-15.137684106826782,-11.009793758392334,0.21428571428571427
31252,0,0,47911,-15.137684106826782,-11.009793758392334,0.21428571428571427
31253,0,0,47910,-15.137684106826782,-11.009793758392334,0.21428571428571427
31254,0,0,47909,-15.137684106826782,-11.009793758392334,0.21428571428571427
31255,0,0,47908,-15.137684106826782,-11.009793758392334,0.21428571428571427
31256,0,0,47907,-15.137684106826782,-11.009793758392334,0.21428571428571427
31257,0,0,47906,-15.137684106826782,-11.009793758392334,0.21428571428571427
31258,0,0,47905,-15.137684106826782,-11.009793758392334,0.21428571428571427
31259,0,0,47904,-15.137684106826782,-11.009793758392334,0.21428571428571427
31260,0,0,47903,-15.137684106826782,-11.009793758392334,0.21428571428571427
31261,0,0,47902,-15.137684106826782,-11.009793758392334,0.21428571428571427
31262,0,0,47901,-15.137684106826782,-11.009793758392334,0.21428571428571427
31263,0,0,47900,-15.137684106826782,-11.009793758392334,0.21428571428571427
31264,0,0,47899,-15.137684106826782,-11.009793758392334,0.21428571428571427
31265,0,0,47898,-15.137684106826782,-11.009793758392334,0.21428571428571427
31266,0,0,47919,-15.137684106826782,-11.009793758392334,0.21428571428571427
31267,0,0,47920,-15.137684106826782,-11.009793758392334,0.21428571428571427
31268,0,0,47921,-15.137684106826782,-11.009793758392334,0.21428571428571427
31269,0,0,47933,-15.137684106826782,-11.009793758392334,0.21428571428571427
31270,0,0,47942,-15.137684106826782,-11.009793758392334,0.21428571428571427
31271,0,0,47941,-15.137684106826782,-11.009793758392334,0.21428571428571427
31272,0,0,47940,-15.137684106826782,-11.009793758392334,0.21428571428571427
31273,0,0,47939,-15.137684106826782,-11.009793758392334,0.21428571428571427
31274,0,0,47938,-15.137684106826782,-11.009793758392334,0.21428571428571427
31275,0,0,47937,-15.137684106826782,-11.009793758392334,0.21428571428571427
31276,0,0,47936,-15.137684106826782,-11.009793758392334,0.21428571428571427
31277,0,0,47935,-15.137684106826782,-11.009793758392334,0.21428571428571427
31278,0,0,47934,-15.137684106826782,-11.009793758392334,0.21428571428571427
31279,0,0,47932,-15.137684106826782,-11.009793758392334,0.21428571428571427
31280,0,0,47922,-15.137684106826782,-11.009793758392334,0.21428571428571427
31281,0,0,47931,-15.137684106826782,-11.009793758392334,0.21428571428571427
31282,0,0,47930,-15.137684106826782,-11.009793758392334,0.21428571428571427
31283,0,0,47929,-15.137684106826782,-11.009793758392334,0.21428571428571427
31284,0,0,47928,-15.137684106826782,-11.009793758392334,0.21428571428571427
31285,0,0,47927,-15.137684106826782,-11.009793758392334,0.21428571428571427
31286,0,0,47926,-15.137684106826782,-11.009793758392334,0.21428571428571427
31287,0,0,47925,-15.137684106826782,-11.009793758392334,0.21428571428571427
31288,0,0,47924,-15.137684106826782,-11.009793758392334,0.21428571428571427
31289,0,0,47923,-15.137684106826782,-11.009793758392334,0.21428571428571427
31290,0,0,47897,-15.137684106826782,-11.009793758392334,0.21428571428571427
31291,0,0,47895,-15.137684106826782,-11.009793758392334,0.21428571428571427
31292,0,0,47848,-15.137684106826782,-11.009793758392334,0.21428571428571427
31293,0,0,47894,-15.137684106826782,-11.009793758392334,0.21428571428571427
31294,0,0,47869,-15.137684106826782,-11.009793758392334,0.21428571428571427
31295,0,0,47868,-15.137684106826782,-11.009793758392334,0.21428571428571427
31296,0,0,47867,-15.137684106826782,-11.009793758392334,0.21428571428571427
31297,0,0,47866,-15.137684106826782,-11.009793758392334,0.21428571428571427
31298,0,0,47865,-15.137684106826782,-11.009793758392334,0.21428571428571427
31299,0,0,47864,-15.137684106826782,-11.009793758392334,0.21428571428571427
31300,0,0,47863,-15.137684106826782,-11.009793758392334,0.21428571428571427
31301,0,0,47862,-15.137684106826782,-11.009793758392334,0.21428571428571427
31302,0,0,47861,-15.137684106826782,-11.009793758392334,0.21428571428571427
31303,0,0,47860,-15.137684106826782,-11.009793758392334,0.21428571428571427
31304,0,0,47859,-15.137684106826782,-11.009793758392334,0.21428571428571427
31305,0,0,47858,-15.137684106826782,-11.009793758392334,0.21428571428571427
31306,0,0,47857,-15.137684106826782,-11.009793758392334,0.21428571428571427
31307,0,0,47856,-15.137684106826782,-11.009793758392334,0.21428571428571427
31308,0,0,47855,-15.137684106826782,-11.009793758392334,0.21428571428571427
31309,0,0,47854,-15.137684106826782,-11.009793758392334,0.21428571428571427
31310,0,0,47853,-15.137684106826782,-11.009793758392334,0.21428571428571427
31311,0,0,47852,-15.137684106826782,-11.009793758392334,0.21428571428571427
31312,0,0,47851,-15.137684106826782,-11.009793758392334,0.21428571428571427
31313,0,0,47850,-15.137684106826782,-11.009793758392334,0.21428571428571427
31314,0,0,47849,-15.137684106826782,-11.009793758392334,0.21428571428571427
31315,0,0,47870,-15.137684106826782,-11.009793758392334,0.21428571428571427
31316,0,0,47871,-15.137684106826782,-11.009793758392334,0.21428571428571427
31317,0,0,47872,-15.137684106826782,-11.009793758392334,0.21428571428571427
31318,0,0,47884,-15.137684106826782,-11.009793758392334,0.21428571428571427
31319,0,0,47893,-15.137684106826782,-11.009793758392334,0.21428571428571427
31320,0,0,47892,-15.137684106826782,-11.009793758392334,0.21428571428571427
31321,0,0,47891,-15.137684106826782,-11.009793758392334,0.21428571428571427
31322,0,0,47890,-15.137684106826782,-11.009793758392334,0.21428571428571427
31323,0,0,47889,-15.137684106826782,-11.009793758392334,0.21428571428571427
31324,0,0,47888,-15.137684106826782,-11.009793758392334,0.21428571428571427
31325,0,0,47887,-15.137684106826782,-11.009793758392334,0.21428571428571427
31326,0,0,47886,-15.137684106826782,-11.009793758392334,0.21428571428571427
31327,0,0,47885,-15.137684106826782,-11.009793758392334,0.21428571428571427
31328,0,0,47883,-15.137684106826782,-11.009793758392334,0.21428571428571427
31329,0,0,47873,-15.137684106826782,-11.009793758392334,0.21428571428571427
31330,0,0,47882,-15.137684106826782,-11.009793758392334,0.21428571428571427
31331,0,0,47881,-15.137684106826782,-11.009793758392334,0.21428571428571427
31332,0,0,47880,-15.137684106826782,-11.009793758392334,0.21428571428571427
31333,0,0,47879,-15.137684106826782,-11.009793758392334,0.21428571428571427
31334,0,0,47878,-15.137684106826782,-11.009793758392334,0.21428571428571427
31335,0,0,47877,-15.137684106826782,-11.009793758392334,0.21428571428571427
31336,0,0,47876,-15.137684106826782,-11.009793758392334,0.21428571428571427
31337,0,0,47875,-15.137684106826782,-11.009793758392334,0.21428571428571427
31338,0,0,47874,-15.137684106826782,-11.009793758392334,0.21428571428571427
31339,0,0,47943,-15.137684106826782,-11.009793758392334,0.21428571428571427
31340,0,0,47944,-15.137684106826782,-11.009793758392334,0.21428571428571427
31341,0,0,47945,-15.137684106826782,-11.009793758392334,0.21428571428571427
31342,0,0,47946,-15.137684106826782,-11.009793758392334,0.21428571428571427
31343,0,0,48015,-15.137684106826782,-11.009793758392334,0.21428571428571427
31344,0,0,48014,-15.137684106826782,-11.009793758392334,0.21428571428571427
31345,0,0,48013,-15.137684106826782,-11.009793758392334,0.21428571428571427
31346,0,0,48012,-15.137684106826782,-11.009793758392334,0.21428571428571427
31347,0,0,48011,-15.137684106826782,-11.009793758392334,0.21428571428571427
31348,0,0,48010,-15.137684106826782,-11.009793758392334,0.21428571428571427
31349,0,0,48009,-15.137684106826782,-11.009793758392334,0.21428571428571427
31350,0,0,48008,-15.137684106826782,-11.009793758392334,0.21428571428571427
31351,0,0,48007,-15.137684106826782,-11.009793758392334,0.21428571428571427
31352,0,0,48005,-15.137684106826782,-11.009793758392334,0.21428571428571427
31353,0,0,47995,-15.137684106826782,-11.009793758392334,0.21428571428571427
31354,0,0,48004,-15.137684106826782,-11.009793758392334,0.21428571428571427
31355,0,0,48003,-15.137684106826782,-11.009793758392334,0.21428571428571427
31356,0,0,48002,-15.137684106826782,-11.009793758392334,0.21428571428571427
31357,0,0,48001,-15.137684106826782,-11.009793758392334,0.21428571428571427
31358,0,0,48000,-15.137684106826782,-11.009793758392334,0.21428571428571427
31359,0,0,47999,-15.137684106826782,-11.009793758392334,0.21428571428571427
31360,0,0,47998,-15.137684106826782,-11.009793758392334,0.21428571428571427
31361,0,0,47997,-15.137684106826782,-11.009793758392334,0.21428571428571427
31362,0,0,47996,-15.137684106826782,-11.009793758392334,0.21428571428571427
31363,0,0,48016,-15.137684106826782,-11.009793758392334,0.21428571428571427
31364,0,0,48006,-15.137684106826782,-11.009793758392334,0.21428571428571427
31365,0,0,48017,-15.137684106826782,-11.009793758392334,0.21428571428571427
31366,0,0,48030,-15.137684106826782,-11.009793758392334,0.21428571428571427
31367,0,0,48039,-15.137684106826782,-11.009793758392334,0.21428571428571427
31368,0,0,48038,-15.137684106826782,-11.009793758392334,0.21428571428571427
31369,0,0,48037,-15.137684106826782,-11.009793758392334,0.21428571428571427
31370,0,0,48036,-15.137684106826782,-11.009793758392334,0.21428571428571427
31371,0,0,48035,-15.137684106826782,-11.009793758392334,0.21428571428571427
31372,0,0,48034,-15.137684106826782,-11.009793758392334,0.21428571428571427
31373,0,0,48033,-15.137684106826782,-11.009793758392334,0.21428571428571427
31374,0,0,48032,-15.137684106826782,-11.009793758392334,0.21428571428571427
31375,0,0,48031,-15.137684106826782,-11.009793758392334,0.21428571428571427
31376,0,0,48029,-15.137684106826782,-11.009793758392334,0.21428571428571427
31377,0,0,48019,-15.137684106826782,-11.009793758392334,0.21428571428571427
31378,0,0,48028,-15.137684106826782,-11.009793758392334,0.21428571428571427
31379,0,0,48027,-15.137684106826782,-11.009793758392334,0.21428571428571427
31380,0,0,48026,-15.137684106826782,-11.009793758392334,0.21428571428571427
31381,0,0,48025,-15.137684106826782,-11.009793758392334,0.21428571428571427
31382,0,0,48024,-15.137684106826782,-11.009793758392334,0.21428571428571427
31383,0,0,48023,-15.137684106826782,-11.009793758392334,0.21428571428571427
31384,0,0,48022,-15.137684106826782,-11.009793758392334,0.21428571428571427
31385,0,0,48021,-15.137684106826782,-11.009793758392334,0.21428571428571427
31386,0,0,48020,-15.137684106826782,-11.009793758392334,0.21428571428571427
31387,0,0,48018,-15.137684106826782,-11.009793758392334,0.21428571428571427
31388,0,0,47994,-15.137684106826782,-11.009793758392334,0.21428571428571427
31389,0,0,47993,-15.137684106826782,-11.009793758392334,0.21428571428571427
31390,0,0,47992,-15.137684106826782,-11.009793758392334,0.21428571428571427
31391,0,0,47967,-15.137684106826782,-11.009793758392334,0.21428571428571427
31392,0,0,47966,-15.137684106826782,-11.009793758392334,0.21428571428571427
31393,0,0,47965,-15.137684106826782,-11.009793758392334,0.21428571428571427
31394,0,0,47964,-15.137684106826782,-11.009793758392334,0.21428571428571427
31395,0,0,47963,-15.137684106826782,-11.009793758392334,0.21428571428571427
31396,0,0,47962,-15.137684106826782,-11.009793758392334,0.21428571428571427
31397,0,0,47961,-15.137684106826782,-11.009793758392334,0.21428571428571427
31398,0,0,47960,-15.137684106826782,-11.009793758392334,0.21428571428571427
31399,0,0,47959,-15.137684106826782,-11.009793758392334,0.21428571428571427
31400,0,0,47958,-15.137684106826782,-11.009793758392334,0.21428571428571427
31401,0,0,47957,-15.137684106826782,-11.009793758392334,0.21428571428571427
31402,0,0,47956,-15.137684106826782,-11.009793758392334,0.21428571428571427
31403,0,0,47955,-15.137684106826782,-11.009793758392334,0.21428571428571427
31404,0,0,47954,-15.137684106826782,-11.009793758392334,0.21428571428571427
31405,0,0,47953,-15.137684106826782,-11.009793758392334,0.21428571428571427
31406,0,0,47952,-15.137684106826782,-11.009793758392334,0.21428571428571427
31407,0,0,47951,-15.137684106826782,-11.009793758392334,0.21428571428571427
31408,0,0,47950,-15.137684106826782,-11.009793758392334,0.21428571428571427
31409,0,0,47949,-15.137684106826782,-11.009793758392334,0.21428571428571427
31410,0,0,47948,-15.137684106826782,-11.009793758392334,0.21428571428571427
31411,0,0,47947,-15.137684106826782,-11.009793758392334,0.21428571428571427
31412,0,0,47968,-15.137684106826782,-11.009793758392334,0.21428571428571427
31413,0,0,47969,-15.137684106826782,-11.009793758392334,0.21428571428571427
31414,0,0,47970,-15.137684106826782,-11.009793758392334,0.21428571428571427
31415,0,0,47982,-15.137684106826782,-11.009793758392334,0.21428571428571427
31416,0,0,47991,-15.137684106826782,-11.009793758392334,0.21428571428571427
31417,0,0,47990,-15.137684106826782,-11.009793758392334,0.21428571428571427
31418,0,0,47989,-15.137684106826782,-11.009793758392334,0.21428571428571427
31419,0,0,47988,-15.137684106826782,-11.009793758392334,0.21428571428571427
31420,0,0,47987,-15.137684106826782,-11.009793758392334,0.21428571428571427
31421,0,0,47986,-15.137684106826782,-11.009793758392334,0.21428571428571427
31422,0,0,47985,-15.137684106826782,-11.009793758392334,0.21428571428571427
31423,0,0,47984,-15.137684106826782,-11.009793758392334,0.21428571428571427
31424,0,0,47983,-15.137684106826782,-11.009793758392334,0.21428571428571427
31425,0,0,47981,-15.137684106826782,-11.009793758392334,0.21428571428571427
31426,0,0,47971,-15.137684106826782,-11.009793758392334,0.21428571428571427
31427,0,0,47980,-15.137684106826782,-11.009793758392334,0.21428571428571427
31428,0,0,47979,-15.137684106826782,-11.009793758392334,0.21428571428571427
31429,0,0,47978,-15.137684106826782,-11.009793758392334,0.21428571428571427
31430,0,0,47977,-15.137684106826782,-11.009793758392334,0.21428571428571427
31431,0,0,47976,-15.137684106826782,-11.009793758392334,0.21428571428571427
31432,0,0,47975,-15.137684106826782,-11.009793758392334,0.21428571428571427
31433,0,0,47974,-15.137684106826782,-11.009793758392334,0.21428571428571427
31434,0,0,47973,-15.137684106826782,-11.009793758392334,0.21428571428571427
31435,0,0,47972,-15.137684106826782,-11.009793758392334,0.21428571428571427
31436,0,0,47896,-15.137684106826782,-11.009793758392334,0.21428571428571427
31437,0,0,47847,-15.137684106826782,-11.009793758392334,0.21428571428571427
31438,0,0,47846,-15.137684106826782,-11.009793758392334,0.21428571428571427
31439,0,0,47845,-15.137684106826782,-11.009793758392334,0.21428571428571427
31440,0,0,47722,-15.137684106826782,-11.009793758392334,0.21428571428571427
31441,0,0,47721,-15.137684106826782,-11.009793758392334,0.21428571428571427
31442,0,0,47720,-15.137684106826782,-11.009793758392334,0.21428571428571427
31443,0,0,47719,-15.137684106826782,-11.009793758392334,0.21428571428571427
31444,0,0,47718,-15.137684106826782,-11.009793758392334,0.21428571428571427
31445,0,0,47717,-15.137684106826782,-11.009793758392334,0.21428571428571427
31446,0,0,47716,-15.137684106826782,-11.009793758392334,0.21428571428571427
31447,0,0,47715,-15.137684106826782,-11.009793758392334,0.21428571428571427
31448,0,0,47714,-15.137684106826782,-11.009793758392334,0.21428571428571427
31449,0,0,47713,-15.137684106826782,-11.009793758392334,0.21428571428571427
31450,0,0,47712,-15.137684106826782,-11.009793758392334,0.21428571428571427
31451,0,0,47711,-15.137684106826782,-11.009793758392334,0.21428571428571427
31452,0,0,47710,-15.137684106826782,-11.009793758392334,0.21428571428571427
31453,0,0,47709,-15.137684106826782,-11.009793758392334,0.21428571428571427
31454,0,0,47708,-15.137684106826782,-11.009793758392334,0.21428571428571427
31455,0,0,47707,-15.137684106826782,-11.009793758392334,0.21428571428571427
31456,0,0,47706,-15.137684106826782,-11.009793758392334,0.21428571428571427
31457,0,0,47705,-15.137684106826782,-11.009793758392334,0.21428571428571427
31458,0,0,47704,-15.137684106826782,-11.009793758392334,0.21428571428571427
31459,0,0,47703,-15.137684106826782,-11.009793758392334,0.21428571428571427
31460,0,0,47702,-15.137684106826782,-11.009793758392334,0.21428571428571427
31461,0,0,47723,-15.137684106826782,-11.009793758392334,0.21428571428571427
31462,0,0,47724,-15.137684106826782,-11.009793758392334,0.21428571428571427
31463,0,0,47725,-15.137684106826782,-11.009793758392334,0.21428571428571427
31464,0,0,47737,-15.137684106826782,-11.009793758392334,0.21428571428571427
31465,0,0,47746,-15.137684106826782,-11.009793758392334,0.21428571428571427
31466,0,0,47745,-15.137684106826782,-11.009793758392334,0.21428571428571427
31467,0,0,47744,-15.137684106826782,-11.009793758392334,0.21428571428571427
31468,0,0,47743,-15.137684106826782,-11.009793758392334,0.21428571428571427
31469,0,0,47742,-15.137684106826782,-11.009793758392334,0.21428571428571427
31470,0,0,47741,-15.137684106826782,-11.009793758392334,0.21428571428571427
31471,0,0,47740,-15.137684106826782,-11.009793758392334,0.21428571428571427
31472,0,0,47739,-15.137684106826782,-11.009793758392334,0.21428571428571427
31473,0,0,47738,-15.137684106826782,-11.009793758392334,0.21428571428571427
31474,0,0,47736,-15.137684106826782,-11.009793758392334,0.21428571428571427
31475,0,0,47726,-15.137684106826782,-11.009793758392334,0.21428571428571427
31476,0,0,47735,-15.137684106826782,-11.009793758392334,0.21428571428571427
31477,0,0,47734,-15.137684106826782,-11.009793758392334,0.21428571428571427
31478,0,0,47733,-15.137684106826782,-11.009793758392334,0.21428571428571427
31479,0,0,47732,-15.137684106826782,-11.009793758392334,0.21428571428571427
31480,0,0,47731,-15.137684106826782,-11.009793758392334,0.21428571428571427
31481,0,0,47730,-15.137684106826782,-11.009793758392334,0.21428571428571427
31482,0,0,47729,-15.137684106826782,-11.009793758392334,0.21428571428571427
31483,0,0,47728,-15.137684106826782,-11.009793758392334,0.21428571428571427
31484,0,0,47727,-15.137684106826782,-11.009793758392334,0.21428571428571427
31485,0,0,47701,-15.137684106826782,-11.009793758392334,0.21428571428571427
31486,0,0,47699,-15.137684106826782,-11.009793758392334,0.21428571428571427
31487,0,0,47652,-15.137684106826782,-11.009793758392334,0.21428571428571427
31488,0,0,47698,-15.137684106826782,-11.009793758392334,0.21428571428571427
31489,0,0,47673,-15.137684106826782,-11.009793758392334,0.21428571428571427
31490,0,0,47672,-15.137684106826782,-11.009793758392334,0.21428571428571427
31491,0,0,47671,-15.137684106826782,-11.009793758392334,0.21428571428571427
31492,0,0,47670,-15.137684106826782,-11.009793758392334,0.21428571428571427
31493,0,0,47669,-15.137684106826782,-11.009793758392334,0.21428571428571427
31494,0,0,47668,-15.137684106826782,-11.009793758392334,0.21428571428571427
31495,0,0,47667,-15.137684106826782,-11.009793758392334,0.21428571428571427
31496,0,0,47666,-15.137684106826782,-11.009793758392334,0.21428571428571427
31497,0,0,47665,-15.137684106826782,-11.009793758392334,0.21428571428571427
31498,0,0,47664,-15.137684106826782,-11.009793758392334,0.21428571428571427
31499,0,0,47663,-15.137684106826782,-11.009793758392334,0.21428571428571427
31500,0,0,47662,-15.137684106826782,-11.009793758392334,0.21428571428571427
31501,0,0,47661,-15.137684106826782,-11.009793758392334,0.21428571428571427
31502,0,0,47660,-15.137684106826782,-11.009793758392334,0.21428571428571427
31503,0,0,47659,-15.137684106826782,-11.009793758392334,0.21428571428571427
31504,0,0,47658,-15.137684106826782,-11.009793758392334,0.21428571428571427
31505,0,0,47657,-15.137684106826782,-11.009793758392334,0.21428571428571427
31506,0,0,47656,-15.137684106826782,-11.009793758392334,0.21428571428571427
31507,0,0,47655,-15.137684106826782,-11.009793758392334,0.21428571428571427
31508,0,0,47654,-15.137684106826782,-11.009793758392334,0.21428571428571427
31509,0,0,47653,-15.137684106826782,-11.009793758392334,0.21428571428571427
31510,0,0,47674,-15.137684106826782,-11.009793758392334,0.21428571428571427
31511,0,0,47675,-15.137684106826782,-11.009793758392334,0.21428571428571427
31512,0,0,47676,-15.137684106826782,-11.009793758392334,0.21428571428571427
31513,0,0,47688,-15.137684106826782,-11.009793758392334,0.21428571428571427
31514,0,0,47697,-15.137684106826782,-11.009793758392334,0.21428571428571427
31515,0,0,47696,-15.137684106826782,-11.009793758392334,0.21428571428571427
31516,0,0,47695,-15.137684106826782,-11.009793758392334,0.21428571428571427
31517,0,0,47694,-15.137684106826782,-11.009793758392334,0.21428571428571427
31518,0,0,47693,-15.137684106826782,-11.009793758392334,0.21428571428571427
31519,0,0,47692,-15.137684106826782,-11.009793758392334,0.21428571428571427
31520,0,0,47691,-15.137684106826782,-11.009793758392334,0.21428571428571427
31521,0,0,47690,-15.137684106826782,-11.009793758392334,0.21428571428571427
31522,0,0,47689,-15.137684106826782,-11.009793758392334,0.21428571428571427
31523,0,0,47687,-15.137684106826782,-11.009793758392334,0.21428571428571427
31524,0,0,47677,-15.137684106826782,-11.009793758392334,0.21428571428571427
31525,0,0,47686,-15.137684106826782,-11.009793758392334,0.21428571428571427
31526,0,0,47685,-15.137684106826782,-11.009793758392334,0.21428571428571427
31527,0,0,47684,-15.137684106826782,-11.009793758392334,0.21428571428571427
31528,0,0,47683,-15.137684106826782,-11.009793758392334,0.21428571428571427
31529,0,0,47682,-15.137684106826782,-11.009793758392334,0.21428571428571427
31530,0,0,47681,-15.137684106826782,-11.009793758392334,0.21428571428571427
31531,0,0,47680,-15.137684106826782,-11.009793758392334,0.21428571428571427
31532,0,0,47679,-15.137684106826782,-11.009793758392334,0.21428571428571427
31533,0,0,47678,-15.137684106826782,-11.009793758392334,0.21428571428571427
31534,0,0,47747,-15.137684106826782,-11.009793758392334,0.21428571428571427
31535,0,0,47700,-15.137684106826782,-11.009793758392334,0.21428571428571427
31536,0,0,47748,-15.137684106826782,-11.009793758392334,0.21428571428571427
31537,0,0,47798,-15.137684106826782,-11.009793758392334,0.21428571428571427
31538,0,0,47820,-15.137684106826782,-11.009793758392334,0.21428571428571427
31539,0,0,47819,-15.137684106826782,-11.009793758392334,0.21428571428571427
31540,0,0,47818,-15.137684106826782,-11.009793758392334,0.21428571428571427
31541,0,0,47817,-15.137684106826782,-11.009793758392334,0.21428571428571427
31542,0,0,47816,-15.137684106826782,-11.009793758392334,0.21428571428571427
31543,0,0,47815,-15.137684106826782,-11.009793758392334,0.21428571428571427
31544,0,0,47814,-15.137684106826782,-11.009793758392334,0.21428571428571427
31545,0,0,47813,-15.137684106826782,-11.009793758392334,0.21428571428571427
31546,0,0,47812,-15.137684106826782,-11.009793758392334,0.21428571428571427
31547,0,0,47811,-15.137684106826782,-11.009793758392334,0.21428571428571427
31548,0,0,47810,-15.137684106826782,-11.009793758392334,0.21428571428571427
31549,0,0,47809,-15.137684106826782,-11.009793758392334,0.21428571428571427
31550,0,0,47808,-15.137684106826782,-11.009793758392334,0.21428571428571427
31551,0,0,47807,-15.137684106826782,-11.009793758392334,0.21428571428571427
31552,0,0,47806,-15.137684106826782,-11.009793758392334,0.21428571428571427
31553,0,0,47805,-15.137684106826782,-11.009793758392334,0.21428571428571427
31554,0,0,47804,-15.137684106826782,-11.009793758392334,0.21428571428571427
31555,0,0,47803,-15.137684106826782,-11.009793758392334,0.21428571428571427
31556,0,0,47802,-15.137684106826782,-11.009793758392334,0.21428571428571427
31557,0,0,47801,-15.137684106826782,-11.009793758392334,0.21428571428571427
31558,0,0,47800,-15.137684106826782,-11.009793758392334,0.21428571428571427
31559,0,0,47821,-15.137684106826782,-11.009793758392334,0.21428571428571427
31560,0,0,47822,-15.137684106826782,-11.009793758392334,0.21428571428571427
31561,0,0,47823,-15.137684106826782,-11.009793758392334,0.21428571428571427
31562,0,0,47835,-15.137684106826782,-11.009793758392334,0.21428571428571427
31563,0,0,47844,-15.137684106826782,-11.009793758392334,0.21428571428571427
31564,0,0,47843,-15.137684106826782,-11.009793758392334,0.21428571428571427
31565,0,0,47842,-15.137684106826782,-11.009793758392334,0.21428571428571427
31566,0,0,47841,-15.137684106826782,-11.009793758392334,0.21428571428571427
31567,0,0,47840,-15.137684106826782,-11.009793758392334,0.21428571428571427
31568,0,0,47839,-15.137684106826782,-11.009793758392334,0.21428571428571427
31569,0,0,47838,-15.137684106826782,-11.009793758392334,0.21428571428571427
31570,0,0,47837,-15.137684106826782,-11.009793758392334,0.21428571428571427
31571,0,0,47836,-15.137684106826782,-11.009793758392334,0.21428571428571427
31572,0,0,47834,-15.137684106826782,-11.009793758392334,0.21428571428571427
31573,0,0,47824,-15.137684106826782,-11.009793758392334,0.21428571428571427
31574,0,0,47833,-15.137684106826782,-11.009793758392334,0.21428571428571427
31575,0,0,47832,-15.137684106826782,-11.009793758392334,0.21428571428571427
31576,0,0,47831,-15.137684106826782,-11.009793758392334,0.21428571428571427
31577,0,0,47830,-15.137684106826782,-11.009793758392334,0.21428571428571427
31578,0,0,47829,-15.137684106826782,-11.009793758392334,0.21428571428571427
31579,0,0,47828,-15.137684106826782,-11.009793758392334,0.21428571428571427
31580,0,0,47827,-15.137684106826782,-11.009793758392334,0.21428571428571427
31581,0,0,47826,-15.137684106826782,-11.009793758392334,0.21428571428571427
31582,0,0,47825,-15.137684106826782,-11.009793758392334,0.21428571428571427
31583,0,0,47799,-15.137684106826782,-11.009793758392334,0.21428571428571427
31584,0,0,47797,-15.137684106826782,-11.009793758392334,0.21428571428571427
31585,0,0,47750,-15.137684106826782,-11.009793758392334,0.21428571428571427
31586,0,0,47796,-15.137684106826782,-11.009793758392334,0.21428571428571427
31587,0,0,47771,-15.137684106826782,-11.009793758392334,0.21428571428571427
31588,0,0,47770,-15.137684106826782,-11.009793758392334,0.21428571428571427
31589,0,0,47769,-15.137684106826782,-11.009793758392334,0.21428571428571427
31590,0,0,47768,-15.137684106826782,-11.009793758392334,0.21428571428571427
31591,0,0,47767,-15.137684106826782,-11.009793758392334,0.21428571428571427
31592,0,0,47766,-15.137684106826782,-11.009793758392334,0.21428571428571427
31593,0,0,47765,-15.137684106826782,-11.009793758392334,0.21428571428571427
31594,0,0,47764,-15.137684106826782,-11.009793758392334,0.21428571428571427
31595,0,0,47763,-15.137684106826782,-11.009793758392334,0.21428571428571427
31596,0,0,47762,-15.137684106826782,-11.009793758392334,0.21428571428571427
31597,0,0,47761,-15.137684106826782,-11.009793758392334,0.21428571428571427
31598,0,0,47760,-15.137684106826782,-11.009793758392334,0.21428571428571427
31599,0,0,47759,-15.137684106826782,-11.009793758392334,0.21428571428571427
31600,0,0,47758,-15.137684106826782,-11.009793758392334,0.21428571428571427
31601,0,0,47757,-15.137684106826782,-11.009793758392334,0.21428571428571427
31602,0,0,47756,-15.137684106826782,-11.009793758392334,0.21428571428571427
31603,0,0,47755,-15.137684106826782,-11.009793758392334,0.21428571428571427
31604,0,0,47754,-15.137684106826782,-11.009793758392334,0.21428571428571427
31605,0,0,47753,-15.137684106826782,-11.009793758392334,0.21428571428571427
31606,0,0,47752,-15.137684106826782,-11.009793758392334,0.21428571428571427
31607,0,0,47751,-15.137684106826782,-11.009793758392334,0.21428571428571427
31608,0,0,47772,-15.137684106826782,-11.009793758392334,0.21428571428571427
31609,0,0,47773,-15.137684106826782,-11.009793758392334,0.21428571428571427
31610,0,0,47774,-15.137684106826782,-11.009793758392334,0.21428571428571427
31611,0,0,47786,-15.137684106826782,-11.009793758392334,0.21428571428571427
31612,0,0,47795,-15.137684106826782,-11.009793758392334,0.21428571428571427
31613,0,0,47794,-15.137684106826782,-11.009793758392334,0.21428571428571427
31614,0,0,47793,-15.137684106826782,-11.009793758392334,0.21428571428571427
31615,0,0,47792,-15.137684106826782,-11.009793758392334,0.21428571428571427
31616,0,0,47791,-15.137684106826782,-11.009793758392334,0.21428571428571427
31617,0,0,47790,-15.137684106826782,-11.009793758392334,0.21428571428571427
31618,0,0,47789,-15.137684106826782,-11.009793758392334,0.21428571428571427
31619,0,0,47788,-15.137684106826782,-11.009793758392334,0.21428571428571427
31620,0,0,47787,-15.137684106826782,-11.009793758392334,0.21428571428571427
31621,0,0,47785,-15.137684106826782,-11.009793758392334,0.21428571428571427
31622,0,0,47775,-15.137684106826782,-11.009793758392334,0.21428571428571427
31623,0,0,47784,-15.137684106826782,-11.009793758392334,0.21428571428571427
31624,0,0,47783,-15.137684106826782,-11.009793758392334,0.21428571428571427
31625,0,0,47782,-15.137684106826782,-11.009793758392334,0.21428571428571427
31626,0,0,47781,-15.137684106826782,-11.009793758392334,0.21428571428571427
31627,0,0,47780,-15.137684106826782,-11.009793758392334,0.21428571428571427
31628,0,0,47779,-15.137684106826782,-11.009793758392334,0.21428571428571427
31629,0,0,47778,-15.137684106826782,-11.009793758392334,0.21428571428571427
31630,0,0,47777,-15.137684106826782,-11.009793758392334,0.21428571428571427
31631,0,0,47776,-15.137684106826782,-11.009793758392334,0.21428571428571427
31632,0,0,48040,-15.137684106826782,-11.009793758392334,0.21428571428571427
31633,0,0,48041,-15.137684106826782,-11.009793758392334,0.21428571428571427
31634,0,0,48042,-15.137684106826782,-11.009793758392334,0.21428571428571427
31635,0,0,48237,-15.137684106826782,-11.009793758392334,0.21428571428571427
31636,0,0,48308,-15.137684106826782,-11.009793758392334,0.21428571428571427
31637,0,0,48307,-15.137684106826782,-11.009793758392334,0.21428571428571427
31638,0,0,48306,-15.137684106826782,-11.009793758392334,0.21428571428571427
31639,0,0,48305,-15.137684106826782,-11.009793758392334,0.21428571428571427
31640,0,0,48304,-15.137684106826782,-11.009793758392334,0.21428571428571427
31641,0,0,48303,-15.137684106826782,-11.009793758392334,0.21428571428571427
31642,0,0,48302,-15.137684106826782,-11.009793758392334,0.21428571428571427
31643,0,0,48301,-15.137684106826782,-11.009793758392334,0.21428571428571427
31644,0,0,48300,-15.137684106826782,-11.009793758392334,0.21428571428571427
31645,0,0,48299,-15.137684106826782,-11.009793758392334,0.21428571428571427
31646,0,0,48298,-15.137684106826782,-11.009793758392334,0.21428571428571427
31647,0,0,48297,-15.137684106826782,-11.009793758392334,0.21428571428571427
31648,0,0,48296,-15.137684106826782,-11.009793758392334,0.21428571428571427
31649,0,0,48295,-15.137684106826782,-11.009793758392334,0.21428571428571427
31650,0,0,48294,-15.137684106826782,-11.009793758392334,0.21428571428571427
31651,0,0,48293,-15.137684106826782,-11.009793758392334,0.21428571428571427
31652,0,0,48292,-15.137684106826782,-11.009793758392334,0.21428571428571427
31653,0,0,48291,-15.137684106826782,-11.009793758392334,0.21428571428571427
31654,0,0,48290,-15.137684106826782,-11.009793758392334,0.21428571428571427
31655,0,0,48289,-15.137684106826782,-11.009793758392334,0.21428571428571427
31656,0,0,48288,-15.137684106826782,-11.009793758392334,0.21428571428571427
31657,0,0,48309,-15.137684106826782,-11.009793758392334,0.21428571428571427
31658,0,0,48310,-15.137684106826782,-11.009793758392334,0.21428571428571427
31659,0,0,48311,-15.137684106826782,-11.009793758392334,0.21428571428571427
31660,0,0,48323,-15.137684106826782,-11.009793758392334,0.21428571428571427
31661,0,0,48332,-15.137684106826782,-11.009793758392334,0.21428571428571427
31662,0,0,48331,-15.137684106826782,-11.009793758392334,0.21428571428571427
31663,0,0,48330,-15.137684106826782,-11.009793758392334,0.21428571428571427
31664,0,0,48329,-15.137684106826782,-11.009793758392334,0.21428571428571427
31665,0,0,48328,-15.137684106826782,-11.009793758392334,0.21428571428571427
31666,0,0,48327,-15.137684106826782,-11.009793758392334,0.21428571428571427
31667,1,0,48326,-15.137684106826782,-11.009793758392334,0.21428571428571427
31668,0,0,48325,-15.137684106826782,-11.009793758392334,0.21428571428571427
31669,0,0,48324,-15.137684106826782,-11.009793758392334,0.21428571428571427
31670,0,0,48322,-15.137684106826782,-11.009793758392334,0.21428571428571427
31671,0,0,48312,-15.137684106826782,-11.009793758392334,0.21428571428571427
31672,0,0,48321,-15.137684106826782,-11.009793758392334,0.21428571428571427
31673,0,0,48320,-15.137684106826782,-11.009793758392334,0.21428571428571427
31674,0,0,48319,-15.137684106826782,-11.009793758392334,0.21428571428571427
31675,0,0,48318,-15.137684106826782,-11.009793758392334,0.21428571428571427
31676,0,0,48317,-15.137684106826782,-11.009793758392334,0.21428571428571427
31677,0,0,48316,-15.137684106826782,-11.009793758392334,0.21428571428571427
31678,0,0,48315,-15.137684106826782,-11.009793758392334,0.21428571428571427
31679,0,0,48314,-15.137684106826782,-11.009793758392334,0.21428571428571427
31680,0,0,48313,-15.137684106826782,-11.009793758392334,0.21428571428571427
31681,0,0,48287,-15.137684106826782,-11.009793758392334,0.21428571428571427
31682,0,0,48285,-15.137684106826782,-11.009793758392334,0.21428571428571427
31683,0,0,48238,-15.137684106826782,-11.009793758392334,0.21428571428571427
31684,0,0,48284,-15.137684106826782,-11.009793758392334,0.21428571428571427
31685,0,0,48259,-15.137684106826782,-11.009793758392334,0.21428571428571427
31686,0,0,48258,-15.137684106826782,-11.009793758392334,0.21428571428571427
31687,0,0,48257,-15.137684106826782,-11.009793758392334,0.21428571428571427
31688,0,0,48256,-15.137684106826782,-11.009793758392334,0.21428571428571427
31689,0,0,48255,-15.137684106826782,-11.009793758392334,0.21428571428571427
31690,0,0,48254,-15.137684106826782,-11.009793758392334,0.21428571428571427
31691,0,0,48253,-15.137684106826782,-11.009793758392334,0.21428571428571427
31692,0,0,48252,-15.137684106826782,-11.009793758392334,0.21428571428571427
31693,0,0,48251,-15.137684106826782,-11.009793758392334,0.21428571428571427
31694,0,0,48250,-15.137684106826782,-11.009793758392334,0.21428571428571427
31695,0,0,48249,-15.137684106826782,-11.009793758392334,0.21428571428571427
31696,0,0,48248,-15.137684106826782,-11.009793758392334,0.21428571428571427
31697,0,0,48247,-15.137684106826782,-11.009793758392334,0.21428571428571427
31698,0,0,48246,-15.137684106826782,-11.009793758392334,0.21428571428571427
31699,0,0,48245,-15.137684106826782,-11.009793758392334,0.21428571428571427
31700,0,0,48244,-15.137684106826782,-11.009793758392334,0.21428571428571427
31701,0,0,48243,-15.137684106826782,-11.009793758392334,0.21428571428571427
31702,0,0,48242,-15.137684106826782,-11.009793758392334,0.21428571428571427
31703,0,0,48241,-15.137684106826782,-11.009793758392334,0.21428571428571427
31704,0,0,48240,-15.137684106826782,-11.009793758392334,0.21428571428571427
31705,0,0,48239,-15.137684106826782,-11.009793758392334,0.21428571428571427
31706,0,0,48260,-15.137684106826782,-11.009793758392334,0.21428571428571427
31707,0,0,48261,-15.137684106826782,-11.009793758392334,0.21428571428571427
31708,0,0,48262,-15.137684106826782,-11.009793758392334,0.21428571428571427
31709,0,0,48274,-15.137684106826782,-11.009793758392334,0.21428571428571427
31710,0,0,48283,-15.137684106826782,-11.009793758392334,0.21428571428571427
31711,0,0,48282,-15.137684106826782,-11.009793758392334,0.21428571428571427
31712,0,0,48281,-15.137684106826782,-11.009793758392334,0.21428571428571427
31713,0,0,48280,-15.137684106826782,-11.009793758392334,0.21428571428571427
31714,0,0,48279,-15.137684106826782,-11.009793758392334,0.21428571428571427
31715,0,0,48278,-15.137684106826782,-11.009793758392334,0.21428571428571427
31716,0,0,48277,-15.137684106826782,-11.009793758392334,0.21428571428571427
31717,0,0,48276,-15.137684106826782,-11.009793758392334,0.21428571428571427
31718,0,0,48275,-15.137684106826782,-11.009793758392334,0.21428571428571427
31719,0,0,48273,-15.137684106826782,-11.009793758392334,0.21428571428571427
31720,0,0,48263,-15.137684106826782,-11.009793758392334,0.21428571428571427
31721,0,0,48272,-15.137684106826782,-11.009793758392334,0.21428571428571427
31722,0,0,48271,-15.137684106826782,-11.009793758392334,0.21428571428571427
31723,0,0,48270,-15.137684106826782,-11.009793758392334,0.21428571428571427
31724,0,0,48269,-15.137684106826782,-11.009793758392334,0.21428571428571427
31725,0,0,48268,-15.137684106826782,-11.009793758392334,0.21428571428571427
31726,0,0,48267,-15.137684106826782,-11.009793758392334,0.21428571428571427
31727,0,0,48266,-15.137684106826782,-11.009793758392334,0.21428571428571427
31728,0,0,48265,-15.137684106826782,-11.009793758392334,0.21428571428571427
31729,1,0,48264,-15.137684106826782,-11.009793758392334,0.21428571428571427
31730,0,0,48333,-15.137684106826782,-11.009793758392334,0.21428571428571427
31731,0,0,48334,-15.137684106826782,-11.009793758392334,0.21428571428571427
31732,0,0,48335,-15.137684106826782,-11.009793758392334,0.21428571428571427
31733,0,0,48336,-15.137684106826782,-11.009793758392334,0.21428571428571427
31734,0,0,48405,-15.137684106826782,-11.009793758392334,0.21428571428571427
31735,0,0,48404,-15.137684106826782,-11.009793758392334,0.21428571428571427
31736,0,0,48403,-15.137684106826782,-11.009793758392334,0.21428571428571427
31737,0,0,48402,-15.137684106826782,-11.009793758392334,0.21428571428571427
31738,0,0,48401,-15.137684106826782,-11.009793758392334,0.21428571428571427
31739,0,0,48400,-15.137684106826782,-11.009793758392334,0.21428571428571427
31740,0,0,48399,-15.137684106826782,-11.009793758392334,0.21428571428571427
31741,0,0,48398,-15.137684106826782,-11.009793758392334,0.21428571428571427
31742,0,0,48397,-15.137684106826782,-11.009793758392334,0.21428571428571427
31743,0,0,48395,-15.137684106826782,-11.009793758392334,0.21428571428571427
31744,0,0,48385,-15.137684106826782,-11.009793758392334,0.21428571428571427
31745,0,0,48394,-15.137684106826782,-11.009793758392334,0.21428571428571427
31746,0,0,48393,-15.137684106826782,-11.009793758392334,0.21428571428571427
31747,0,0,48392,-15.137684106826782,-11.009793758392334,0.21428571428571427
31748,0,0,48391,-15.137684106826782,-11.009793758392334,0.21428571428571427
31749,0,0,48390,-15.137684106826782,-11.009793758392334,0.21428571428571427
31750,0,0,48389,-15.137684106826782,-11.009793758392334,0.21428571428571427
31751,0,0,48388,-15.137684106826782,-11.009793758392334,0.21428571428571427
31752,0,0,48387,-15.137684106826782,-11.009793758392334,0.21428571428571427
31753,0,0,48386,-15.137684106826782,-11.009793758392334,0.21428571428571427
31754,0,0,48406,-15.137684106826782,-11.009793758392334,0.21428571428571427
31755,0,0,48396,-15.137684106826782,-11.009793758392334,0.21428571428571427
31756,0,0,48407,-15.137684106826782,-11.009793758392334,0.21428571428571427
31757,0,0,48420,-15.137684106826782,-11.009793758392334,0.21428571428571427
31758,0,0,48429,-15.137684106826782,-11.009793758392334,0.21428571428571427
31759,0,0,48428,-15.137684106826782,-11.009793758392334,0.21428571428571427
31760,0,0,48427,-15.137684106826782,-11.009793758392334,0.21428571428571427
31761,0,0,48426,-15.137684106826782,-11.009793758392334,0.21428571428571427
31762,0,0,48425,-15.137684106826782,-11.009793758392334,0.21428571428571427
31763,0,0,48424,-15.137684106826782,-11.009793758392334,0.21428571428571427
31764,0,0,48423,-15.137684106826782,-11.009793758392334,0.21428571428571427
31765,0,0,48422,-15.137684106826782,-11.009793758392334,0.21428571428571427
31766,0,0,48421,-15.137684106826782,-11.009793758392334,0.21428571428571427
31767,0,0,48419,-15.137684106826782,-11.009793758392334,0.21428571428571427
31768,0,0,48409,-15.137684106826782,-11.009793758392334,0.21428571428571427
31769,0,0,48418,-15.137684106826782,-11.009793758392334,0.21428571428571427
31770,0,0,48417,-15.137684106826782,-11.009793758392334,0.21428571428571427
31771,0,0,48416,-15.137684106826782,-11.009793758392334,0.21428571428571427
31772,0,0,48415,-15.137684106826782,-11.009793758392334,0.21428571428571427
31773,0,0,48414,-15.137684106826782,-11.009793758392334,0.21428571428571427
31774,0,0,48413,-15.137684106826782,-11.009793758392334,0.21428571428571427
31775,0,0,48412,-15.137684106826782,-11.009793758392334,0.21428571428571427
31776,0,0,48411,-15.137684106826782,-11.009793758392334,0.21428571428571427
31777,0,0,48410,-15.137684106826782,-11.009793758392334,0.21428571428571427
31778,0,0,48408,-15.137684106826782,-11.009793758392334,0.21428571428571427
31779,0,0,48384,-15.137684106826782,-11.009793758392334,0.21428571428571427
31780,0,0,48383,-15.137684106826782,-11.009793758392334,0.21428571428571427
31781,0,0,48382,-15.137684106826782,-11.009793758392334,0.21428571428571427
31782,0,0,48357,-15.137684106826782,-11.009793758392334,0.21428571428571427
31783,0,0,48356,-15.137684106826782,-11.009793758392334,0.21428571428571427
31784,0,0,48355,-15.137684106826782,-11.009793758392334,0.21428571428571427
31785,0,0,48354,-15.137684106826782,-11.009793758392334,0.21428571428571427
31786,0,0,48353,-15.137684106826782,-11.009793758392334,0.21428571428571427
31787,0,0,48352,-15.137684106826782,-11.009793758392334,0.21428571428571427
31788,0,0,48351,-15.137684106826782,-11.009793758392334,0.21428571428571427
31789,0,0,48350,-15.137684106826782,-11.009793758392334,0.21428571428571427
31790,0,0,48349,-15.137684106826782,-11.009793758392334,0.21428571428571427
31791,0,0,48348,-15.137684106826782,-11.009793758392334,0.21428571428571427
31792,0,0,48347,-15.137684106826782,-11.009793758392334,0.21428571428571427
31793,0,0,48346,-15.137684106826782,-11.009793758392334,0.21428571428571427
31794,0,0,48345,-15.137684106826782,-11.009793758392334,0.21428571428571427
31795,0,0,48344,-15.137684106826782,-11.009793758392334,0.21428571428571427
31796,0,0,48343,-15.137684106826782,-11.009793758392334,0.21428571428571427
31797,0,0,48342,-15.137684106826782,-11.009793758392334,0.21428571428571427
31798,0,0,48341,-15.137684106826782,-11.009793758392334,0.21428571428571427
31799,0,0,48340,-15.137684106826782,-11.009793758392334,0.21428571428571427
31800,0,0,48339,-15.137684106826782,-11.009793758392334,0.21428571428571427
31801,0,0,48338,-15.137684106826782,-11.009793758392334,0.21428571428571427
31802,0,0,48337,-15.137684106826782,-11.009793758392334,0.21428571428571427
31803,0,0,48358,-15.137684106826782,-11.009793758392334,0.21428571428571427
31804,0,0,48359,-15.137684106826782,-11.009793758392334,0.21428571428571427
31805,0,0,48360,-15.137684106826782,-11.009793758392334,0.21428571428571427
31806,0,0,48372,-15.137684106826782,-11.009793758392334,0.21428571428571427
31807,0,0,48381,-15.137684106826782,-11.009793758392334,0.21428571428571427
31808,0,0,48380,-15.137684106826782,-11.009793758392334,0.21428571428571427
31809,0,0,48379,-15.137684106826782,-11.009793758392334,0.21428571428571427
31810,0,0,48378,-15.137684106826782,-11.009793758392334,0.21428571428571427
31811,0,0,48377,-15.137684106826782,-11.009793758392334,0.21428571428571427
31812,0,0,48376,-15.137684106826782,-11.009793758392334,0.21428571428571427
31813,0,0,48375,-15.137684106826782,-11.009793758392334,0.21428571428571427
31814,0,0,48374,-15.137684106826782,-11.009793758392334,0.21428571428571427
31815,0,0,48373,-15.137684106826782,-11.009793758392334,0.21428571428571427
31816,0,0,48371,-15.137684106826782,-11.009793758392334,0.21428571428571427
31817,0,0,48361,-15.137684106826782,-11.009793758392334,0.21428571428571427
31818,0,0,48370,-15.137684106826782,-11.009793758392334,0.21428571428571427
31819,0,0,48369,-15.137684106826782,-11.009793758392334,0.21428571428571427
31820,0,0,48368,-15.137684106826782,-11.009793758392334,0.21428571428571427
31821,0,0,48367,-15.137684106826782,-11.009793758392334,0.21428571428571427
31822,0,0,48366,-15.137684106826782,-11.009793758392334,0.21428571428571427
31823,0,0,48365,-15.137684106826782,-11.009793758392334,0.21428571428571427
31824,0,0,48364,-15.137684106826782,-11.009793758392334,0.21428571428571427
31825,0,0,48363,-15.137684106826782,-11.009793758392334,0.21428571428571427
31826,0,0,48362,-15.137684106826782,-11.009793758392334,0.21428571428571427
31827,0,0,48286,-15.137684106826782,-11.009793758392334,0.21428571428571427
31828,0,0,48236,-15.137684106826782,-11.009793758392334,0.21428571428571427
31829,0,0,48091,-15.137684106826782,-11.009793758392334,0.21428571428571427
31830,0,0,48235,-15.137684106826782,-11.009793758392334,0.21428571428571427
31831,0,0,48113,-15.137684106826782,-11.009793758392334,0.21428571428571427
31832,0,0,48112,-15.137684106826782,-11.009793758392334,0.21428571428571427
31833,0,0,48111,-15.137684106826782,-11.009793758392334,0.21428571428571427
31834,0,0,48110,-15.137684106826782,-11.009793758392334,0.21428571428571427
31835,0,0,48109,-15.137684106826782,-11.009793758392334,0.21428571428571427
31836,0,0,48108,-15.137684106826782,-11.009793758392334,0.21428571428571427
31837,0,0,48107,-15.137684106826782,-11.009793758392334,0.21428571428571427
31838,0,0,48106,-15.137684106826782,-11.009793758392334,0.21428571428571427
31839,0,0,48105,-15.137684106826782,-11.009793758392334,0.21428571428571427
31840,0,0,48104,-15.137684106826782,-11.009793758392334,0.21428571428571427
31841,0,0,48103,-15.137684106826782,-11.009793758392334,0.21428571428571427
31842,0,0,48102,-15.137684106826782,-11.009793758392334,0.21428571428571427
31843,0,0,48101,-15.137684106826782,-11.009793758392334,0.21428571428571427
31844,0,0,48100,-15.137684106826782,-11.009793758392334,0.21428571428571427
31845,0,0,48099,-15.137684106826782,-11.009793758392334,0.21428571428571427
31846,0,0,48098,-15.137684106826782,-11.009793758392334,0.21428571428571427
31847,0,0,48097,-15.137684106826782,-11.009793758392334,0.21428571428571427
31848,0,0,48096,-15.137684106826782,-11.009793758392334,0.21428571428571427
31849,0,0,48095,-15.137684106826782,-11.009793758392334,0.21428571428571427
31850,0,0,48094,-15.137684106826782,-11.009793758392334,0.21428571428571427
31851,0,0,48093,-15.137684106826782,-11.009793758392334,0.21428571428571427
31852,0,0,48114,-15.137684106826782,-11.009793758392334,0.21428571428571427
31853,0,0,48115,-15.137684106826782,-11.009793758392334,0.21428571428571427
31854,0,0,48116,-15.137684106826782,-11.009793758392334,0.21428571428571427
31855,0,0,48128,-15.137684106826782,-11.009793758392334,0.21428571428571427
31856,0,0,48137,-15.137684106826782,-11.009793758392334,0.21428571428571427
31857,0,0,48136,-15.137684106826782,-11.009793758392334,0.21428571428571427
31858,0,0,48135,-15.137684106826782,-11.009793758392334,0.21428571428571427
31859,0,0,48134,-15.137684106826782,-11.009793758392334,0.21428571428571427
31860,0,0,48133,-15.137684106826782,-11.009793758392334,0.21428571428571427
31861,0,0,48132,-15.137684106826782,-11.009793758392334,0.21428571428571427
31862,0,0,48131,-15.137684106826782,-11.009793758392334,0.21428571428571427
31863,0,0,48130,-15.137684106826782,-11.009793758392334,0.21428571428571427
31864,0,0,48129,-15.137684106826782,-11.009793758392334,0.21428571428571427
31865,0,0,48127,-15.137684106826782,-11.009793758392334,0.21428571428571427
31866,0,0,48117,-15.137684106826782,-11.009793758392334,0.21428571428571427
31867,0,0,48126,-15.137684106826782,-11.009793758392334,0.21428571428571427
31868,0,0,48125,-15.137684106826782,-11.009793758392334,0.21428571428571427
31869,0,0,48124,-15.137684106826782,-11.009793758392334,0.21428571428571427
31870,0,0,48123,-15.137684106826782,-11.009793758392334,0.21428571428571427
31871,0,0,48122,-15.137684106826782,-11.009793758392334,0.21428571428571427
31872,0,0,48121,-15.137684106826782,-11.009793758392334,0.21428571428571427
31873,0,0,48120,-15.137684106826782,-11.009793758392334,0.21428571428571427
31874,0,0,48119,-15.137684106826782,-11.009793758392334,0.21428571428571427
31875,0,0,48118,-15.137684106826782,-11.009793758392334,0.21428571428571427
31876,0,0,48092,-15.137684106826782,-11.009793758392334,0.21428571428571427
31877,0,0,48090,-15.137684106826782,-11.009793758392334,0.21428571428571427
31878,0,0,48043,-15.137684106826782,-11.009793758392334,0.21428571428571427
31879,0,0,48089,-15.137684106826782,-11.009793758392334,0.21428571428571427
31880,0,0,48064,-15.137684106826782,-11.009793758392334,0.21428571428571427
31881,0,0,48063,-15.137684106826782,-11.009793758392334,0.21428571428571427
31882,0,0,48062,-15.137684106826782,-11.009793758392334,0.21428571428571427
31883,0,0,48061,-15.137684106826782,-11.009793758392334,0.21428571428571427
31884,0,0,48060,-15.137684106826782,-11.009793758392334,0.21428571428571427
31885,0,0,48059,-15.137684106826782,-11.009793758392334,0.21428571428571427
31886,0,0,48058,-15.137684106826782,-11.009793758392334,0.21428571428571427
31887,0,0,48057,-15.137684106826782,-11.009793758392334,0.21428571428571427
31888,0,0,48056,-15.137684106826782,-11.009793758392334,0.21428571428571427
31889,0,0,48055,-15.137684106826782,-11.009793758392334,0.21428571428571427
31890,0,0,48054,-15.137684106826782,-11.009793758392334,0.21428571428571427
31891,0,0,48053,-15.137684106826782,-11.009793758392334,0.21428571428571427
31892,0,0,48052,-15.137684106826782,-11.009793758392334,0.21428571428571427
31893,0,0,48051,-15.137684106826782,-11.009793758392334,0.21428571428571427
31894,0,0,48050,-15.137684106826782,-11.009793758392334,0.21428571428571427
31895,0,0,48049,-15.137684106826782,-11.009793758392334,0.21428571428571427
31896,0,0,48048,-15.137684106826782,-11.009793758392334,0.21428571428571427
31897,0,0,48047,-15.137684106826782,-11.009793758392334,0.21428571428571427
31898,0,0,48046,-15.137684106826782,-11.009793758392334,0.21428571428571427
31899,0,0,48045,-15.137684106826782,-11.009793758392334,0.21428571428571427
31900,0,0,48044,-15.137684106826782,-11.009793758392334,0.21428571428571427
31901,0,0,48065,-15.137684106826782,-11.009793758392334,0.21428571428571427
31902,0,0,48066,-15.137684106826782,-11.009793758392334,0.21428571428571427
31903,0,0,48067,-15.137684106826782,-11.009793758392334,0.21428571428571427
31904,0,0,48079,-15.137684106826782,-11.009793758392334,0.21428571428571427
31905,0,0,48088,-15.137684106826782,-11.009793758392334,0.21428571428571427
31906,0,0,48087,-15.137684106826782,-11.009793758392334,0.21428571428571427
31907,0,0,48086,-15.137684106826782,-11.009793758392334,0.21428571428571427
31908,0,0,48085,-15.137684106826782,-11.009793758392334,0.21428571428571427
31909,0,0,48084,-15.137684106826782,-11.009793758392334,0.21428571428571427
31910,0,0,48083,-15.137684106826782,-11.009793758392334,0.21428571428571427
31911,0,0,48082,-15.137684106826782,-11.009793758392334,0.21428571428571427
31912,0,0,48081,-15.137684106826782,-11.009793758392334,0.21428571428571427
31913,0,0,48080,-15.137684106826782,-11.009793758392334,0.21428571428571427
31914,0,0,48078,-15.137684106826782,-11.009793758392334,0.21428571428571427
31915,0,0,48068,-15.137684106826782,-11.009793758392334,0.21428571428571427
31916,0,0,48077,-15.137684106826782,-11.009793758392334,0.21428571428571427
31917,0,0,48076,-15.137684106826782,-11.009793758392334,0.21428571428571427
31918,0,0,48075,-15.137684106826782,-11.009793758392334,0.21428571428571427
31919,0,0,48074,-15.137684106826782,-11.009793758392334,0.21428571428571427
31920,0,0,48073,-15.137684106826782,-11.009793758392334,0.21428571428571427
31921,0,0,48072,-15.137684106826782,-11.009793758392334,0.21428571428571427
31922,0,0,48071,-15.137684106826782,-11.009793758392334,0.21428571428571427
31923,0,0,48070,-15.137684106826782,-11.009793758392334,0.21428571428571427
31924,0,0,48069,-15.137684106826782,-11.009793758392334,0.21428571428571427
31925,0,0,48138,-15.137684106826782,-11.009793758392334,0.21428571428571427
31926,0,0,48139,-15.137684106826782,-11.009793758392334,0.21428571428571427
31927,0,0,48140,-15.137684106826782,-11.009793758392334,0.21428571428571427
31928,0,0,48141,-15.137684106826782,-11.009793758392334,0.21428571428571427
31929,0,0,48210,-15.137684106826782,-11.009793758392334,0.21428571428571427
31930,0,0,48209,-15.137684106826782,-11.009793758392334,0.21428571428571427
31931,0,0,48208,-15.137684106826782,-11.009793758392334,0.21428571428571427
31932,0,0,48207,-15.137684106826782,-11.009793758392334,0.21428571428571427
31933,0,0,48206,-15.137684106826782,-11.009793758392334,0.21428571428571427
31934,0,0,48205,-15.137684106826782,-11.009793758392334,0.21428571428571427
31935,0,0,48204,-15.137684106826782,-11.009793758392334,0.21428571428571427
31936,0,0,48203,-15.137684106826782,-11.009793758392334,0.21428571428571427
31937,0,0,48202,-15.137684106826782,-11.009793758392334,0.21428571428571427
31938,0,0,48200,-15.137684106826782,-11.009793758392334,0.21428571428571427
31939,0,0,48190,-15.137684106826782,-11.009793758392334,0.21428571428571427
31940,0,0,48199,-15.137684106826782,-11.009793758392334,0.21428571428571427
31941,0,0,48198,-15.137684106826782,-11.009793758392334,0.21428571428571427
31942,0,0,48197,-15.137684106826782,-11.009793758392334,0.21428571428571427
31943,0,0,48196,-15.137684106826782,-11.009793758392334,0.21428571428571427
31944,0,0,48195,-15.137684106826782,-11.009793758392334,0.21428571428571427
31945,0,0,48194,-15.137684106826782,-11.009793758392334,0.21428571428571427
31946,0,0,48193,-15.137684106826782,-11.009793758392334,0.21428571428571427
31947,0,0,48192,-15.137684106826782,-11.009793758392334,0.21428571428571427
31948,0,0,48191,-15.137684106826782,-11.009793758392334,0.21428571428571427
31949,0,0,48211,-15.137684106826782,-11.009793758392334,0.21428571428571427
31950,0,0,48201,-15.137684106826782,-11.009793758392334,0.21428571428571427
31951,0,0,48212,-15.137684106826782,-11.009793758392334,0.21428571428571427
31952,0,0,48225,-15.137684106826782,-11.009793758392334,0.21428571428571427
31953,0,0,48234,-15.137684106826782,-11.009793758392334,0.21428571428571427
31954,0,0,48233,-15.137684106826782,-11.009793758392334,0.21428571428571427
31955,0,0,48232,-15.137684106826782,-11.009793758392334,0.21428571428571427
31956,0,0,48231,-15.137684106826782,-11.009793758392334,0.21428571428571427
31957,0,0,48230,-15.137684106826782,-11.009793758392334,0.21428571428571427
31958,0,0,48229,-15.137684106826782,-11.009793758392334,0.21428571428571427
31959,0,0,48228,-15.137684106826782,-11.009793758392334,0.21428571428571427
31960,0,0,48227,-15.137684106826782,-11.009793758392334,0.21428571428571427
31961,0,0,48226,-15.137684106826782,-11.009793758392334,0.21428571428571427
31962,0,0,48224,-15.137684106826782,-11.009793758392334,0.21428571428571427
31963,0,0,48214,-15.137684106826782,-11.009793758392334,0.21428571428571427
31964,0,0,48223,-15.137684106826782,-11.009793758392334,0.21428571428571427
31965,0,0,48222,-15.137684106826782,-11.009793758392334,0.21428571428571427
31966,0,0,48221,-15.137684106826782,-11.009793758392334,0.21428571428571427
31967,0,0,48220,-15.137684106826782,-11.009793758392334,0.21428571428571427
31968,0,0,48219,-15.137684106826782,-11.009793758392334,0.21428571428571427
31969,0,0,48218,-15.137684106826782,-11.009793758392334,0.21428571428571427
31970,0,0,48217,-15.137684106826782,-11.009793758392334,0.21428571428571427
31971,0,0,48216,-15.137684106826782,-11.009793758392334,0.21428571428571427
31972,0,0,48215,-15.137684106826782,-11.009793758392334,0.21428571428571427
31973,0,0,48213,-15.137684106826782,-11.009793758392334,0.21428571428571427
31974,0,0,48189,-15.137684106826782,-11.009793758392334,0.21428571428571427
31975,0,0,48188,-15.137684106826782,-11.009793758392334,0.21428571428571427
31976,0,0,48187,-15.137684106826782,-11.009793758392334,0.21428571428571427
31977,0,0,48162,-15.137684106826782,-11.009793758392334,0.21428571428571427
31978,0,0,48161,-15.137684106826782,-11.009793758392334,0.21428571428571427
31979,0,0,48160,-15.137684106826782,-11.009793758392334,0.21428571428571427
31980,0,0,48159,-15.137684106826782,-11.009793758392334,0.21428571428571427
31981,0,0,48158,-15.137684106826782,-11.009793758392334,0.21428571428571427
31982,0,0,48157,-15.137684106826782,-11.009793758392334,0.21428571428571427
31983,0,0,48156,-15.137684106826782,-11.009793758392334,0.21428571428571427
31984,0,0,48155,-15.137684106826782,-11.009793758392334,0.21428571428571427
31985,0,0,48154,-15.137684106826782,-11.009793758392334,0.21428571428571427
31986,0,0,48153,-15.137684106826782,-11.009793758392334,0.21428571428571427
31987,0,0,48152,-15.137684106826782,-11.009793758392334,0.21428571428571427
31988,0,0,48151,-15.137684106826782,-11.009793758392334,0.21428571428571427
31989,0,0,48150,-15.137684106826782,-11.009793758392334,0.21428571428571427
31990,0,0,48149,-15.137684106826782,-11.009793758392334,0.21428571428571427
31991,0,0,48148,-15.137684106826782,-11.009793758392334,0.21428571428571427
31992,0,0,48147,-15.137684106826782,-11.009793758392334,0.21428571428571427
31993,0,0,48146,-15.137684106826782,-11.009793758392334,0.21428571428571427
31994,0,0,48145,-15.137684106826782,-11.009793758392334,0.21428571428571427
31995,0,0,48144,-15.137684106826782,-11.009793758392334,0.21428571428571427
31996,0,0,48143,-15.137684106826782,-11.009793758392334,0.21428571428571427
31997,0,0,48142,-15.137684106826782,-11.009793758392334,0.21428571428571427
31998,0,0,48163,-15.137684106826782,-11.009793758392334,0.21428571428571427
31999,0,0,48164,-15.137684106826782,-11.009793758392334,0.21428571428571427
32000,0,0,48165,-15.137684106826782,-11.009793758392334,0.21428571428571427
32001,0,0,48177,-15.137684106826782,-11.009793758392334,0.21428571428571427
32002,0,0,48186,-15.137684106826782,-11.009793758392334,0.21428571428571427
32003,0,0,48185,-15.137684106826782,-11.009793758392334,0.21428571428571427
32004,0,0,48184,-15.137684106826782,-11.009793758392334,0.21428571428571427
32005,0,0,48183,-15.137684106826782,-11.009793758392334,0.21428571428571427
32006,0,0,48182,-15.137684106826782,-11.009793758392334,0.21428571428571427
32007,0,0,48181,-15.137684106826782,-11.009793758392334,0.21428571428571427
32008,0,0,48180,-15.137684106826782,-11.009793758392334,0.21428571428571427
32009,0,0,48179,-15.137684106826782,-11.009793758392334,0.21428571428571427
32010,0,0,48178,-15.137684106826782,-11.009793758392334,0.21428571428571427
32011,0,0,48176,-15.137684106826782,-11.009793758392334,0.21428571428571427
32012,0,0,48166,-15.137684106826782,-11.009793758392334,0.21428571428571427
32013,0,0,48175,-15.137684106826782,-11.009793758392334,0.21428571428571427
32014,0,0,48174,-15.137684106826782,-11.009793758392334,0.21428571428571427
32015,0,0,48173,-15.137684106826782,-11.009793758392334,0.21428571428571427
32016,0,0,48172,-15.137684106826782,-11.009793758392334,0.21428571428571427
32017,0,0,48171,-15.137684106826782,-11.009793758392334,0.21428571428571427
32018,0,0,48170,-15.137684106826782,-11.009793758392334,0.21428571428571427
32019,0,0,48169,-15.137684106826782,-11.009793758392334,0.21428571428571427
32020,0,0,48168,-15.137684106826782,-11.009793758392334,0.21428571428571427
32021,0,0,48167,-15.137684106826782,-11.009793758392334,0.21428571428571427
32022,0,0,47749,-15.137684106826782,-11.009793758392334,0.21428571428571427
32023,0,0,47650,-15.137684106826782,-11.009793758392334,0.21428571428571427
32024,0,0,46968,-15.137684106826782,-11.009793758392334,0.21428571428571427
32025,0,0,47649,-15.137684106826782,-11.009793758392334,0.21428571428571427
32026,0,0,47137,-15.137684106826782,-11.009793758392334,0.21428571428571427
32027,0,0,47136,-15.137684106826782,-11.009793758392334,0.21428571428571427
32028,0,0,47135,-15.137684106826782,-11.009793758392334,0.21428571428571427
32029,0,0,47134,-15.137684106826782,-11.009793758392334,0.21428571428571427
32030,0,0,47133,-15.137684106826782,-11.009793758392334,0.21428571428571427
32031,0,0,47132,-15.137684106826782,-11.009793758392334,0.21428571428571427
32032,0,0,47131,-15.137684106826782,-11.009793758392334,0.21428571428571427
32033,0,0,47130,-15.137684106826782,-11.009793758392334,0.21428571428571427
32034,0,0,47129,-15.137684106826782,-11.009793758392334,0.21428571428571427
32035,0,0,47128,-15.137684106826782,-11.009793758392334,0.21428571428571427
32036,0,0,47127,-15.137684106826782,-11.009793758392334,0.21428571428571427
32037,0,0,47126,-15.137684106826782,-11.009793758392334,0.21428571428571427
32038,0,0,47125,-15.137684106826782,-11.009793758392334,0.21428571428571427
32039,0,0,47124,-15.137684106826782,-11.009793758392334,0.21428571428571427
32040,0,0,47123,-15.137684106826782,-11.009793758392334,0.21428571428571427
32041,0,0,47122,-15.137684106826782,-11.009793758392334,0.21428571428571427
32042,0,0,47121,-15.137684106826782,-11.009793758392334,0.21428571428571427
32043,0,0,47120,-15.137684106826782,-11.009793758392334,0.21428571428571427
32044,0,0,47119,-15.137684106826782,-11.009793758392334,0.21428571428571427
32045,0,0,47118,-15.137684106826782,-11.009793758392334,0.21428571428571427
32046,0,0,47117,-15.137684106826782,-11.009793758392334,0.21428571428571427
32047,0,0,47138,-15.137684106826782,-11.009793758392334,0.21428571428571427
32048,0,0,47139,-15.137684106826782,-11.009793758392334,0.21428571428571427
32049,0,0,47140,-15.137684106826782,-11.009793758392334,0.21428571428571427
32050,0,0,47152,-15.137684106826782,-11.009793758392334,0.21428571428571427
32051,0,0,47161,-15.137684106826782,-11.009793758392334,0.21428571428571427
32052,0,0,47160,-15.137684106826782,-11.009793758392334,0.21428571428571427
32053,0,0,47159,-15.137684106826782,-11.009793758392334,0.21428571428571427
32054,0,0,47158,-15.137684106826782,-11.009793758392334,0.21428571428571427
32055,0,0,47157,-15.137684106826782,-11.009793758392334,0.21428571428571427
32056,0,0,47156,-15.137684106826782,-11.009793758392334,0.21428571428571427
32057,0,0,47155,-15.137684106826782,-11.009793758392334,0.21428571428571427
32058,0,0,47154,-15.137684106826782,-11.009793758392334,0.21428571428571427
32059,0,0,47153,-15.137684106826782,-11.009793758392334,0.21428571428571427
32060,0,0,47151,-15.137684106826782,-11.009793758392334,0.21428571428571427
32061,0,0,47141,-15.137684106826782,-11.009793758392334,0.21428571428571427
32062,0,0,47150,-15.137684106826782,-11.009793758392334,0.21428571428571427
32063,0,0,47149,-15.137684106826782,-11.009793758392334,0.21428571428571427
32064,0,0,47148,-15.137684106826782,-11.009793758392334,0.21428571428571427
32065,0,0,47147,-15.137684106826782,-11.009793758392334,0.21428571428571427
32066,0,0,47146,-15.137684106826782,-11.009793758392334,0.21428571428571427
32067,0,0,47145,-15.137684106826782,-11.009793758392334,0.21428571428571427
32068,0,0,47144,-15.137684106826782,-11.009793758392334,0.21428571428571427
32069,0,0,47143,-15.137684106826782,-11.009793758392334,0.21428571428571427
32070,0,0,47142,-15.137684106826782,-11.009793758392334,0.21428571428571427
32071,0,0,47116,-15.137684106826782,-11.009793758392334,0.21428571428571427
32072,0,0,47114,-15.137684106826782,-11.009793758392334,0.21428571428571427
32073,0,0,47067,-15.137684106826782,-11.009793758392334,0.21428571428571427
32074,0,0,47113,-15.137684106826782,-11.009793758392334,0.21428571428571427
32075,0,0,47088,-15.137684106826782,-11.009793758392334,0.21428571428571427
32076,0,0,47087,-15.137684106826782,-11.009793758392334,0.21428571428571427
32077,0,0,47086,-15.137684106826782,-11.009793758392334,0.21428571428571427
32078,0,0,47085,-15.137684106826782,-11.009793758392334,0.21428571428571427
32079,0,0,47084,-15.137684106826782,-11.009793758392334,0.21428571428571427
32080,0,0,47083,-15.137684106826782,-11.009793758392334,0.21428571428571427
32081,0,0,47082,-15.137684106826782,-11.009793758392334,0.21428571428571427
32082,0,0,47081,-15.137684106826782,-11.009793758392334,0.21428571428571427
32083,0,0,47080,-15.137684106826782,-11.009793758392334,0.21428571428571427
32084,0,0,47079,-15.137684106826782,-11.009793758392334,0.21428571428571427
32085,0,0,47078,-15.137684106826782,-11.009793758392334,0.21428571428571427
32086,0,0,47077,-15.137684106826782,-11.009793758392334,0.21428571428571427
32087,0,0,47076,-15.137684106826782,-11.009793758392334,0.21428571428571427
32088,0,0,47075,-15.137684106826782,-11.009793758392334,0.21428571428571427
32089,0,0,47074,-15.137684106826782,-11.009793758392334,0.21428571428571427
32090,0,0,47073,-15.137684106826782,-11.009793758392334,0.21428571428571427
32091,0,0,47072,-15.137684106826782,-11.009793758392334,0.21428571428571427
32092,0,0,47071,-15.137684106826782,-11.009793758392334,0.21428571428571427
32093,0,0,47070,-15.137684106826782,-11.009793758392334,0.21428571428571427
32094,0,0,47069,-15.137684106826782,-11.009793758392334,0.21428571428571427
32095,0,0,47068,-15.137684106826782,-11.009793758392334,0.21428571428571427
32096,0,0,47089,-15.137684106826782,-11.009793758392334,0.21428571428571427
32097,0,0,47090,-15.137684106826782,-11.009793758392334,0.21428571428571427
32098,0,0,47091,-15.137684106826782,-11.009793758392334,0.21428571428571427
32099,0,0,47103,-15.137684106826782,-11.009793758392334,0.21428571428571427
32100,0,0,47112,-15.137684106826782,-11.009793758392334,0.21428571428571427
32101,0,0,47111,-15.137684106826782,-11.009793758392334,0.21428571428571427
32102,0,0,47110,-15.137684106826782,-11.009793758392334,0.21428571428571427
32103,0,0,47109,-15.137684106826782,-11.009793758392334,0.21428571428571427
32104,0,0,47108,-15.137684106826782,-11.009793758392334,0.21428571428571427
32105,0,0,47107,-15.137684106826782,-11.009793758392334,0.21428571428571427
32106,0,0,47106,-15.137684106826782,-11.009793758392334,0.21428571428571427
32107,0,0,47105,-15.137684106826782,-11.009793758392334,0.21428571428571427
32108,0,0,47104,-15.137684106826782,-11.009793758392334,0.21428571428571427
32109,0,0,47102,-15.137684106826782,-11.009793758392334,0.21428571428571427
32110,0,0,47092,-15.137684106826782,-11.009793758392334,0.21428571428571427
32111,0,0,47101,-15.137684106826782,-11.009793758392334,0.21428571428571427
32112,0,0,47100,-15.137684106826782,-11.009793758392334,0.21428571428571427
32113,0,0,47099,-15.137684106826782,-11.009793758392334,0.21428571428571427
32114,0,0,47098,-15.137684106826782,-11.009793758392334,0.21428571428571427
32115,0,0,47097,-15.137684106826782,-11.009793758392334,0.21428571428571427
32116,0,0,47096,-15.137684106826782,-11.009793758392334,0.21428571428571427
32117,0,0,47095,-15.137684106826782,-11.009793758392334,0.21428571428571427
32118,0,0,47094,-15.137684106826782,-11.009793758392334,0.21428571428571427
32119,0,0,47093,-15.137684106826782,-11.009793758392334,0.21428571428571427
32120,0,0,47162,-15.137684106826782,-11.009793758392334,0.21428571428571427
32121,0,0,47163,-15.137684106826782,-11.009793758392334,0.21428571428571427
32122,0,0,47164,-15.137684106826782,-11.009793758392334,0.21428571428571427
32123,0,0,47165,-15.137684106826782,-11.009793758392334,0.21428571428571427
32124,0,0,47234,-15.137684106826782,-11.009793758392334,0.21428571428571427
32125,0,0,47233,-15.137684106826782,-11.009793758392334,0.21428571428571427
32126,0,0,47232,-15.137684106826782,-11.009793758392334,0.21428571428571427
32127,0,0,47231,-15.137684106826782,-11.009793758392334,0.21428571428571427
32128,0,0,47230,-15.137684106826782,-11.009793758392334,0.21428571428571427
32129,0,0,47229,-15.137684106826782,-11.009793758392334,0.21428571428571427
32130,0,0,47228,-15.137684106826782,-11.009793758392334,0.21428571428571427
32131,0,0,47227,-15.137684106826782,-11.009793758392334,0.21428571428571427
32132,0,0,47226,-15.137684106826782,-11.009793758392334,0.21428571428571427
32133,0,0,47224,-15.137684106826782,-11.009793758392334,0.21428571428571427
32134,0,0,47214,-15.137684106826782,-11.009793758392334,0.21428571428571427
32135,0,0,47223,-15.137684106826782,-11.009793758392334,0.21428571428571427
32136,0,0,47222,-15.137684106826782,-11.009793758392334,0.21428571428571427
32137,0,0,47221,-15.137684106826782,-11.009793758392334,0.21428571428571427
32138,0,0,47220,-15.137684106826782,-11.009793758392334,0.21428571428571427
32139,0,0,47219,-15.137684106826782,-11.009793758392334,0.21428571428571427
32140,0,0,47218,-15.137684106826782,-11.009793758392334,0.21428571428571427
32141,0,0,47217,-15.137684106826782,-11.009793758392334,0.21428571428571427
32142,0,0,47216,-15.137684106826782,-11.009793758392334,0.21428571428571427
32143,0,0,47215,-15.137684106826782,-11.009793758392334,0.21428571428571427
32144,0,0,47235,-15.137684106826782,-11.009793758392334,0.21428571428571427
32145,0,0,47225,-15.137684106826782,-11.009793758392334,0.21428571428571427
32146,0,0,47236,-15.137684106826782,-11.009793758392334,0.21428571428571427
32147,0,0,47249,-15.137684106826782,-11.009793758392334,0.21428571428571427
32148,0,0,47258,-15.137684106826782,-11.009793758392334,0.21428571428571427
32149,0,0,47257,-15.137684106826782,-11.009793758392334,0.21428571428571427
32150,0,0,47256,-15.137684106826782,-11.009793758392334,0.21428571428571427
32151,0,0,47255,-15.137684106826782,-11.009793758392334,0.21428571428571427
32152,0,0,47254,-15.137684106826782,-11.009793758392334,0.21428571428571427
32153,0,0,47253,-15.137684106826782,-11.009793758392334,0.21428571428571427
32154,0,0,47252,-15.137684106826782,-11.009793758392334,0.21428571428571427
32155,0,0,47251,-15.137684106826782,-11.009793758392334,0.21428571428571427
32156,0,0,47250,-15.137684106826782,-11.009793758392334,0.21428571428571427
32157,0,0,47248,-15.137684106826782,-11.009793758392334,0.21428571428571427
32158,0,0,47238,-15.137684106826782,-11.009793758392334,0.21428571428571427
32159,0,0,47247,-15.137684106826782,-11.009793758392334,0.21428571428571427
32160,0,0,47246,-15.137684106826782,-11.009793758392334,0.21428571428571427
32161,0,0,47245,-15.137684106826782,-11.009793758392334,0.21428571428571427
32162,0,0,47244,-15.137684106826782,-11.009793758392334,0.21428571428571427
32163,0,0,47243,-15.137684106826782,-11.009793758392334,0.21428571428571427
32164,0,0,47242,-15.137684106826782,-11.009793758392334,0.21428571428571427
32165,0,0,47241,-15.137684106826782,-11.009793758392334,0.21428571428571427
32166,0,0,47240,-15.137684106826782,-11.009793758392334,0.21428571428571427
32167,0,0,47239,-15.137684106826782,-11.009793758392334,0.21428571428571427
32168,0,0,47237,-15.137684106826782,-11.009793758392334,0.21428571428571427
32169,0,0,47213,-15.137684106826782,-11.009793758392334,0.21428571428571427
32170,0,0,47212,-15.137684106826782,-11.009793758392334,0.21428571428571427
32171,0,0,47211,-15.137684106826782,-11.009793758392334,0.21428571428571427
32172,0,0,47186,-15.137684106826782,-11.009793758392334,0.21428571428571427
32173,0,0,47185,-15.137684106826782,-11.009793758392334,0.21428571428571427
32174,0,0,47184,-15.137684106826782,-11.009793758392334,0.21428571428571427
32175,0,0,47183,-15.137684106826782,-11.009793758392334,0.21428571428571427
32176,0,0,47182,-15.137684106826782,-11.009793758392334,0.21428571428571427
32177,0,0,47181,-15.137684106826782,-11.009793758392334,0.21428571428571427
32178,0,0,47180,-15.137684106826782,-11.009793758392334,0.21428571428571427
32179,0,0,47179,-15.137684106826782,-11.009793758392334,0.21428571428571427
32180,0,0,47178,-15.137684106826782,-11.009793758392334,0.21428571428571427
32181,0,0,47177,-15.137684106826782,-11.009793758392334,0.21428571428571427
32182,0,0,47176,-15.137684106826782,-11.009793758392334,0.21428571428571427
32183,0,0,47175,-15.137684106826782,-11.009793758392334,0.21428571428571427
32184,0,0,47174,-15.137684106826782,-11.009793758392334,0.21428571428571427
32185,0,0,47173,-15.137684106826782,-11.009793758392334,0.21428571428571427
32186,0,0,47172,-15.137684106826782,-11.009793758392334,0.21428571428571427
32187,0,0,47171,-15.137684106826782,-11.009793758392334,0.21428571428571427
32188,0,0,47170,-15.137684106826782,-11.009793758392334,0.21428571428571427
32189,0,0,47169,-15.137684106826782,-11.009793758392334,0.21428571428571427
32190,0,0,47168,-15.137684106826782,-11.009793758392334,0.21428571428571427
32191,0,0,47167,-15.137684106826782,-11.009793758392334,0.21428571428571427
32192,0,0,47166,-15.137684106826782,-11.009793758392334,0.21428571428571427
32193,0,0,47187,-15.137684106826782,-11.009793758392334,0.21428571428571427
32194,0,0,47188,-15.137684106826782,-11.009793758392334,0.21428571428571427
32195,0,0,47189,-15.137684106826782,-11.009793758392334,0.21428571428571427
32196,0,0,47201,-15.137684106826782,-11.009793758392334,0.21428571428571427
32197,0,0,47210,-15.137684106826782,-11.009793758392334,0.21428571428571427
32198,0,0,47209,-15.137684106826782,-11.009793758392334,0.21428571428571427
32199,0,0,47208,-15.137684106826782,-11.009793758392334,0.21428571428571427
32200,0,0,47207,-15.137684106826782,-11.009793758392334,0.21428571428571427
32201,0,0,47206,-15.137684106826782,-11.009793758392334,0.21428571428571427
32202,0,0,47205,-15.137684106826782,-11.009793758392334,0.21428571428571427
32203,0,0,47204,-15.137684106826782,-11.009793758392334,0.21428571428571427
32204,0,0,47203,-15.137684106826782,-11.009793758392334,0.21428571428571427
32205,0,0,47202,-15.137684106826782,-11.009793758392334,0.21428571428571427
32206,0,0,47200,-15.137684106826782,-11.009793758392334,0.21428571428571427
32207,0,0,47190,-15.137684106826782,-11.009793758392334,0.21428571428571427
32208,0,0,47199,-15.137684106826782,-11.009793758392334,0.21428571428571427
32209,0,0,47198,-15.137684106826782,-11.009793758392334,0.21428571428571427
32210,0,0,47197,-15.137684106826782,-11.009793758392334,0.21428571428571427
32211,0,0,47196,-15.137684106826782,-11.009793758392334,0.21428571428571427
32212,0,0,47195,-15.137684106826782,-11.009793758392334,0.21428571428571427
32213,0,0,47194,-15.137684106826782,-11.009793758392334,0.21428571428571427
32214,0,0,47193,-15.137684106826782,-11.009793758392334,0.21428571428571427
32215,0,0,47192,-15.137684106826782,-11.009793758392334,0.21428571428571427
32216,0,0,47191,-15.137684106826782,-11.009793758392334,0.21428571428571427
32217,0,0,47115,-15.137684106826782,-11.009793758392334,0.21428571428571427
32218,0,0,47066,-15.137684106826782,-11.009793758392334,0.21428571428571427
32219,0,0,47065,-15.137684106826782,-11.009793758392334,0.21428571428571427
32220,0,0,47064,-15.137684106826782,-11.009793758392334,0.21428571428571427
32221,0,0,46941,-15.137684106826782,-11.009793758392334,0.21428571428571427
32222,0,0,46940,-15.137684106826782,-11.009793758392334,0.21428571428571427
32223,0,0,46939,-15.137684106826782,-11.009793758392334,0.21428571428571427
32224,0,0,46938,-15.137684106826782,-11.009793758392334,0.21428571428571427
32225,0,0,46937,-15.137684106826782,-11.009793758392334,0.21428571428571427
32226,0,0,46936,-15.137684106826782,-11.009793758392334,0.21428571428571427
32227,0,0,46935,-15.137684106826782,-11.009793758392334,0.21428571428571427
32228,0,0,46934,-15.137684106826782,-11.009793758392334,0.21428571428571427
32229,0,0,46933,-15.137684106826782,-11.009793758392334,0.21428571428571427
32230,0,0,46932,-15.137684106826782,-11.009793758392334,0.21428571428571427
32231,0,0,46931,-15.137684106826782,-11.009793758392334,0.21428571428571427
32232,0,0,46930,-15.137684106826782,-11.009793758392334,0.21428571428571427
32233,0,0,46929,-15.137684106826782,-11.009793758392334,0.21428571428571427
32234,0,0,46928,-15.137684106826782,-11.009793758392334,0.21428571428571427
32235,0,0,46927,-15.137684106826782,-11.009793758392334,0.21428571428571427
32236,0,0,46926,-15.137684106826782,-11.009793758392334,0.21428571428571427
32237,0,0,46925,-15.137684106826782,-11.009793758392334,0.21428571428571427
32238,0,0,46924,-15.137684106826782,-11.009793758392334,0.21428571428571427
32239,0,0,46923,-15.137684106826782,-11.009793758392334,0.21428571428571427
32240,0,0,46922,-15.137684106826782,-11.009793758392334,0.21428571428571427
32241,0,0,46921,-15.137684106826782,-11.009793758392334,0.21428571428571427
32242,0,0,46942,-15.137684106826782,-11.009793758392334,0.21428571428571427
32243,0,0,46943,-15.137684106826782,-11.009793758392334,0.21428571428571427
32244,0,0,46944,-15.137684106826782,-11.009793758392334,0.21428571428571427
32245,0,0,46956,-15.137684106826782,-11.009793758392334,0.21428571428571427
32246,0,0,46965,-15.137684106826782,-11.009793758392334,0.21428571428571427
32247,0,0,46964,-15.137684106826782,-11.009793758392334,0.21428571428571427
32248,0,0,46963,-15.137684106826782,-11.009793758392334,0.21428571428571427
32249,0,0,46962,-15.137684106826782,-11.009793758392334,0.21428571428571427
32250,0,0,46961,-15.137684106826782,-11.009793758392334,0.21428571428571427
32251,0,0,46960,-15.137684106826782,-11.009793758392334,0.21428571428571427
32252,0,0,46959,-15.137684106826782,-11.009793758392334,0.21428571428571427
32253,0,0,46958,-15.137684106826782,-11.009793758392334,0.21428571428571427
32254,0,0,46957,-15.137684106826782,-11.009793758392334,0.21428571428571427
32255,0,0,46955,-15.137684106826782,-11.009793758392334,0.21428571428571427
32256,0,0,46945,-15.137684106826782,-11.009793758392334,0.21428571428571427
32257,0,0,46954,-15.137684106826782,-11.009793758392334,0.21428571428571427
32258,0,0,46953,-15.137684106826782,-11.009793758392334,0.21428571428571427
32259,0,0,46952,-15.137684106826782,-11.009793758392334,0.21428571428571427
32260,0,0,46951,-15.137684106826782,-11.009793758392334,0.21428571428571427
32261,0,0,46950,-15.137684106826782,-11.009793758392334,0.21428571428571427
32262,0,0,46949,-15.137684106826782,-11.009793758392334,0.21428571428571427
32263,0,0,46948,-15.137684106826782,-11.009793758392334,0.21428571428571427
32264,0,0,46947,-15.137684106826782,-11.009793758392334,0.21428571428571427
32265,0,0,46946,-15.137684106826782,-11.009793758392334,0.21428571428571427
32266,0,0,46920,-15.137684106826782,-11.009793758392334,0.21428571428571427
32267,0,0,46918,-15.137684106826782,-11.009793758392334,0.21428571428571427
32268,0,0,46871,-15.137684106826782,-11.009793758392334,0.21428571428571427
32269,0,0,46917,-15.137684106826782,-11.009793758392334,0.21428571428571427
32270,0,0,46892,-15.137684106826782,-11.009793758392334,0.21428571428571427
32271,0,0,46891,-15.137684106826782,-11.009793758392334,0.21428571428571427
32272,0,0,46890,-15.137684106826782,-11.009793758392334,0.21428571428571427
32273,0,0,46889,-15.137684106826782,-11.009793758392334,0.21428571428571427
32274,0,0,46888,-15.137684106826782,-11.009793758392334,0.21428571428571427
32275,0,0,46887,-15.137684106826782,-11.009793758392334,0.21428571428571427
32276,0,0,46886,-15.137684106826782,-11.009793758392334,0.21428571428571427
32277,0,0,46885,-15.137684106826782,-11.009793758392334,0.21428571428571427
32278,0,0,46884,-15.137684106826782,-11.009793758392334,0.21428571428571427
32279,0,0,46883,-15.137684106826782,-11.009793758392334,0.21428571428571427
32280,0,0,46882,-15.137684106826782,-11.009793758392334,0.21428571428571427
32281,0,0,46881,-15.137684106826782,-11.009793758392334,0.21428571428571427
32282,0,0,46880,-15.137684106826782,-11.009793758392334,0.21428571428571427
32283,0,0,46879,-15.137684106826782,-11.009793758392334,0.21428571428571427
32284,0,0,46878,-15.137684106826782,-11.009793758392334,0.21428571428571427
32285,0,0,46877,-15.137684106826782,-11.009793758392334,0.21428571428571427
32286,0,0,46876,-15.137684106826782,-11.009793758392334,0.21428571428571427
32287,0,0,46875,-15.137684106826782,-11.009793758392334,0.21428571428571427
32288,0,0,46874,-15.137684106826782,-11.009793758392334,0.21428571428571427
32289,0,0,46873,-15.137684106826782,-11.009793758392334,0.21428571428571427
32290,0,0,46872,-15.137684106826782,-11.009793758392334,0.21428571428571427
32291,0,0,46893,-15.137684106826782,-11.009793758392334,0.21428571428571427
32292,0,0,46894,-15.137684106826782,-11.009793758392334,0.21428571428571427
32293,0,0,46895,-15.137684106826782,-11.009793758392334,0.21428571428571427
32294,0,0,46907,-15.137684106826782,-11.009793758392334,0.21428571428571427
32295,0,0,46916,-15.137684106826782,-11.009793758392334,0.21428571428571427
32296,0,0,46915,-15.137684106826782,-11.009793758392334,0.21428571428571427
32297,0,0,46914,-15.137684106826782,-11.009793758392334,0.21428571428571427
32298,0,0,46913,-15.137684106826782,-11.009793758392334,0.21428571428571427
32299,0,0,46912,-15.137684106826782,-11.009793758392334,0.21428571428571427
32300,0,0,46911,-15.137684106826782,-11.009793758392334,0.21428571428571427
32301,0,0,46910,-15.137684106826782,-11.009793758392334,0.21428571428571427
32302,0,0,46909,-15.137684106826782,-11.009793758392334,0.21428571428571427
32303,0,0,46908,-15.137684106826782,-11.009793758392334,0.21428571428571427
32304,0,0,46906,-15.137684106826782,-11.009793758392334,0.21428571428571427
32305,0,0,46896,-15.137684106826782,-11.009793758392334,0.21428571428571427
32306,0,0,46905,-15.137684106826782,-11.009793758392334,0.21428571428571427
32307,0,0,46904,-15.137684106826782,-11.009793758392334,0.21428571428571427
32308,0,0,46903,-15.137684106826782,-11.009793758392334,0.21428571428571427
32309,0,0,46902,-15.137684106826782,-11.009793758392334,0.21428571428571427
32310,0,0,46901,-15.137684106826782,-11.009793758392334,0.21428571428571427
32311,0,0,46900,-15.137684106826782,-11.009793758392334,0.21428571428571427
32312,0,0,46899,-15.137684106826782,-11.009793758392334,0.21428571428571427
32313,0,0,46898,-15.137684106826782,-11.009793758392334,0.21428571428571427
32314,0,0,46897,-15.137684106826782,-11.009793758392334,0.21428571428571427
32315,0,0,46966,-15.137684106826782,-11.009793758392334,0.21428571428571427
32316,0,0,46919,-15.137684106826782,-11.009793758392334,0.21428571428571427
32317,0,0,46967,-15.137684106826782,-11.009793758392334,0.21428571428571427
32318,0,0,47017,-15.137684106826782,-11.009793758392334,0.21428571428571427
32319,0,0,47039,-15.137684106826782,-11.009793758392334,0.21428571428571427
32320,0,0,47038,-15.137684106826782,-11.009793758392334,0.21428571428571427
32321,0,0,47037,-15.137684106826782,-11.009793758392334,0.21428571428571427
32322,0,0,47036,-15.137684106826782,-11.009793758392334,0.21428571428571427
32323,0,0,47035,-15.137684106826782,-11.009793758392334,0.21428571428571427
32324,0,0,47034,-15.137684106826782,-11.009793758392334,0.21428571428571427
32325,0,0,47033,-15.137684106826782,-11.009793758392334,0.21428571428571427
32326,0,0,47032,-15.137684106826782,-11.009793758392334,0.21428571428571427
32327,0,0,47031,-15.137684106826782,-11.009793758392334,0.21428571428571427
32328,0,0,47030,-15.137684106826782,-11.009793758392334,0.21428571428571427
32329,0,0,47029,-15.137684106826782,-11.009793758392334,0.21428571428571427
32330,0,0,47028,-15.137684106826782,-11.009793758392334,0.21428571428571427
32331,0,0,47027,-15.137684106826782,-11.009793758392334,0.21428571428571427
32332,0,0,47026,-15.137684106826782,-11.009793758392334,0.21428571428571427
32333,0,0,47025,-15.137684106826782,-11.009793758392334,0.21428571428571427
32334,0,0,47024,-15.137684106826782,-11.009793758392334,0.21428571428571427
32335,0,0,47023,-15.137684106826782,-11.009793758392334,0.21428571428571427
32336,0,0,47022,-15.137684106826782,-11.009793758392334,0.21428571428571427
32337,0,0,47021,-15.137684106826782,-11.009793758392334,0.21428571428571427
32338,0,0,47020,-15.137684106826782,-11.009793758392334,0.21428571428571427
32339,0,0,47019,-15.137684106826782,-11.009793758392334,0.21428571428571427
32340,0,0,47040,-15.137684106826782,-11.009793758392334,0.21428571428571427
32341,0,0,47041,-15.137684106826782,-11.009793758392334,0.21428571428571427
32342,0,0,47042,-15.137684106826782,-11.009793758392334,0.21428571428571427
32343,0,0,47054,-15.137684106826782,-11.009793758392334,0.21428571428571427
32344,0,0,47063,-15.137684106826782,-11.009793758392334,0.21428571428571427
32345,0,0,47062,-15.137684106826782,-11.009793758392334,0.21428571428571427
32346,0,0,47061,-15.137684106826782,-11.009793758392334,0.21428571428571427
32347,0,0,47060,-15.137684106826782,-11.009793758392334,0.21428571428571427
32348,0,0,47059,-15.137684106826782,-11.009793758392334,0.21428571428571427
32349,0,0,47058,-15.137684106826782,-11.009793758392334,0.21428571428571427
32350,0,0,47057,-15.137684106826782,-11.009793758392334,0.21428571428571427
32351,0,0,47056,-15.137684106826782,-11.009793758392334,0.21428571428571427
32352,0,0,47055,-15.137684106826782,-11.009793758392334,0.21428571428571427
32353,0,0,47053,-15.137684106826782,-11.009793758392334,0.21428571428571427
32354,0,0,47043,-15.137684106826782,-11.009793758392334,0.21428571428571427
32355,0,0,47052,-15.137684106826782,-11.009793758392334,0.21428571428571427
32356,0,0,47051,-15.137684106826782,-11.009793758392334,0.21428571428571427
32357,0,0,47050,-15.137684106826782,-11.009793758392334,0.21428571428571427
32358,0,0,47049,-15.137684106826782,-11.009793758392334,0.21428571428571427
32359,0,0,47048,-15.137684106826782,-11.009793758392334,0.21428571428571427
32360,0,0,47047,-15.137684106826782,-11.009793758392334,0.21428571428571427
32361,0,0,47046,-15.137684106826782,-11.009793758392334,0.21428571428571427
32362,0,0,47045,-15.137684106826782,-11.009793758392334,0.21428571428571427
32363,0,0,47044,-15.137684106826782,-11.009793758392334,0.21428571428571427
32364,0,0,47018,-15.137684106826782,-11.009793758392334,0.21428571428571427
32365,0,0,47016,-15.137684106826782,-11.009793758392334,0.21428571428571427
32366,0,0,46969,-15.137684106826782,-11.009793758392334,0.21428571428571427
32367,0,0,47015,-15.137684106826782,-11.009793758392334,0.21428571428571427
32368,0,0,46990,-15.137684106826782,-11.009793758392334,0.21428571428571427
32369,0,0,46989,-15.137684106826782,-11.009793758392334,0.21428571428571427
32370,0,0,46988,-15.137684106826782,-11.009793758392334,0.21428571428571427
32371,0,0,46987,-15.137684106826782,-11.009793758392334,0.21428571428571427
32372,0,0,46986,-15.137684106826782,-11.009793758392334,0.21428571428571427
32373,0,0,46985,-15.137684106826782,-11.009793758392334,0.21428571428571427
32374,0,0,46984,-15.137684106826782,-11.009793758392334,0.21428571428571427
32375,0,0,46983,-15.137684106826782,-11.009793758392334,0.21428571428571427
32376,0,0,46982,-15.137684106826782,-11.009793758392334,0.21428571428571427
32377,0,0,46981,-15.137684106826782,-11.009793758392334,0.21428571428571427
32378,0,0,46980,-15.137684106826782,-11.009793758392334,0.21428571428571427
32379,0,0,46979,-15.137684106826782,-11.009793758392334,0.21428571428571427
32380,0,0,46978,-15.137684106826782,-11.009793758392334,0.21428571428571427
32381,0,0,46977,-15.137684106826782,-11.009793758392334,0.21428571428571427
32382,0,0,46976,-15.137684106826782,-11.009793758392334,0.21428571428571427
32383,0,0,46975,-15.137684106826782,-11.009793758392334,0.21428571428571427
32384,0,0,46974,-15.137684106826782,-11.009793758392334,0.21428571428571427
32385,0,0,46973,-15.137684106826782,-11.009793758392334,0.21428571428571427
32386,0,0,46972,-15.137684106826782,-11.009793758392334,0.21428571428571427
32387,0,0,46971,-15.137684106826782,-11.009793758392334,0.21428571428571427
32388,0,0,46970,-15.137684106826782,-11.009793758392334,0.21428571428571427
32389,0,0,46991,-15.137684106826782,-11.009793758392334,0.21428571428571427
32390,0,0,46992,-15.137684106826782,-11.009793758392334,0.21428571428571427
32391,0,0,46993,-15.137684106826782,-11.009793758392334,0.21428571428571427
32392,0,0,47005,-15.137684106826782,-11.009793758392334,0.21428571428571427
32393,0,0,47014,-15.137684106826782,-11.009793758392334,0.21428571428571427
32394,0,0,47013,-15.137684106826782,-11.009793758392334,0.21428571428571427
32395,0,0,47012,-15.137684106826782,-11.009793758392334,0.21428571428571427
32396,0,0,47011,-15.137684106826782,-11.009793758392334,0.21428571428571427
32397,0,0,47010,-15.137684106826782,-11.009793758392334,0.21428571428571427
32398,0,0,47009,-15.137684106826782,-11.009793758392334,0.21428571428571427
32399,0,0,47008,-15.137684106826782,-11.009793758392334,0.21428571428571427
32400,0,0,47007,-15.137684106826782,-11.009793758392334,0.21428571428571427
32401,0,0,47006,-15.137684106826782,-11.009793758392334,0.21428571428571427
32402,0,0,47004,-15.137684106826782,-11.009793758392334,0.21428571428571427
32403,0,0,46994,-15.137684106826782,-11.009793758392334,0.21428571428571427
32404,0,0,47003,-15.137684106826782,-11.009793758392334,0.21428571428571427
32405,0,0,47002,-15.137684106826782,-11.009793758392334,0.21428571428571427
32406,0,0,47001,-15.137684106826782,-11.009793758392334,0.21428571428571427
32407,0,0,47000,-15.137684106826782,-11.009793758392334,0.21428571428571427
32408,0,0,46999,-15.137684106826782,-11.009793758392334,0.21428571428571427
32409,0,0,46998,-15.137684106826782,-11.009793758392334,0.21428571428571427
32410,0,0,46997,-15.137684106826782,-11.009793758392334,0.21428571428571427
32411,0,0,46996,-15.137684106826782,-11.009793758392334,0.21428571428571427
32412,0,0,46995,-15.137684106826782,-11.009793758392334,0.21428571428571427
32413,0,0,47259,-15.137684106826782,-11.009793758392334,0.21428571428571427
32414,0,0,47260,-15.137684106826782,-11.009793758392334,0.21428571428571427
32415,0,0,47261,-15.137684106826782,-11.009793758392334,0.21428571428571427
32416,0,0,47456,-15.137684106826782,-11.009793758392334,0.21428571428571427
32417,0,0,47527,-15.137684106826782,-11.009793758392334,0.21428571428571427
32418,0,0,47526,-15.137684106826782,-11.009793758392334,0.21428571428571427
32419,0,0,47525,-15.137684106826782,-11.009793758392334,0.21428571428571427
32420,0,0,47524,-15.137684106826782,-11.009793758392334,0.21428571428571427
32421,0,0,47523,-15.137684106826782,-11.009793758392334,0.21428571428571427
32422,0,0,47522,-15.137684106826782,-11.009793758392334,0.21428571428571427
32423,0,0,47521,-15.137684106826782,-11.009793758392334,0.21428571428571427
32424,0,0,47520,-15.137684106826782,-11.009793758392334,0.21428571428571427
32425,0,0,47519,-15.137684106826782,-11.009793758392334,0.21428571428571427
32426,0,0,47518,-15.137684106826782,-11.009793758392334,0.21428571428571427
32427,0,0,47517,-15.137684106826782,-11.009793758392334,0.21428571428571427
32428,0,0,47516,-15.137684106826782,-11.009793758392334,0.21428571428571427
32429,0,0,47515,-15.137684106826782,-11.009793758392334,0.21428571428571427
32430,0,0,47514,-15.137684106826782,-11.009793758392334,0.21428571428571427
32431,1,0,47513,-15.137684106826782,-11.009793758392334,0.21428571428571427
32432,0,0,47512,-15.137684106826782,-11.009793758392334,0.21428571428571427
32433,0,0,47511,-15.137684106826782,-11.009793758392334,0.21428571428571427
32434,0,0,47510,-15.137684106826782,-11.009793758392334,0.21428571428571427
32435,0,0,47509,-15.137684106826782,-11.009793758392334,0.21428571428571427
32436,0,0,47508,-15.137684106826782,-11.009793758392334,0.21428571428571427
32437,0,0,47507,-15.137684106826782,-11.009793758392334,0.21428571428571427
32438,0,0,47528,-15.137684106826782,-11.009793758392334,0.21428571428571427
32439,0,0,47529,-15.137684106826782,-11.009793758392334,0.21428571428571427
32440,0,0,47530,-15.137684106826782,-11.009793758392334,0.21428571428571427
32441,0,0,47542,-15.137684106826782,-11.009793758392334,0.21428571428571427
32442,0,0,47551,-15.137684106826782,-11.009793758392334,0.21428571428571427
32443,0,0,47550,-15.137684106826782,-11.009793758392334,0.21428571428571427
32444,0,0,47549,-15.137684106826782,-11.009793758392334,0.21428571428571427
32445,0,0,47548,-15.137684106826782,-11.009793758392334,0.21428571428571427
32446,0,0,47547,-15.137684106826782,-11.009793758392334,0.21428571428571427
32447,0,0,47546,-15.137684106826782,-11.009793758392334,0.21428571428571427
32448,0,0,47545,-15.137684106826782,-11.009793758392334,0.21428571428571427
32449,0,0,47544,-15.137684106826782,-11.009793758392334,0.21428571428571427
32450,0,0,47543,-15.137684106826782,-11.009793758392334,0.21428571428571427
32451,0,0,47541,-15.137684106826782,-11.009793758392334,0.21428571428571427
32452,0,0,47531,-15.137684106826782,-11.009793758392334,0.21428571428571427
32453,0,0,47540,-15.137684106826782,-11.009793758392334,0.21428571428571427
32454,0,0,47539,-15.137684106826782,-11.009793758392334,0.21428571428571427
32455,0,0,47538,-15.137684106826782,-11.009793758392334,0.21428571428571427
32456,0,0,47537,-15.137684106826782,-11.009793758392334,0.21428571428571427
32457,0,0,47536,-15.137684106826782,-11.009793758392334,0.21428571428571427
32458,0,0,47535,-15.137684106826782,-11.009793758392334,0.21428571428571427
32459,0,0,47534,-15.137684106826782,-11.009793758392334,0.21428571428571427
32460,0,0,47533,-15.137684106826782,-11.009793758392334,0.21428571428571427
32461,0,0,47532,-15.137684106826782,-11.009793758392334,0.21428571428571427
32462,0,0,47506,-15.137684106826782,-11.009793758392334,0.21428571428571427
32463,0,0,47504,-15.137684106826782,-11.009793758392334,0.21428571428571427
32464,0,0,47457,-15.137684106826782,-11.009793758392334,0.21428571428571427
32465,0,0,47503,-15.137684106826782,-11.009793758392334,0.21428571428571427
32466,0,0,47478,-15.137684106826782,-11.009793758392334,0.21428571428571427
32467,0,0,47477,-15.137684106826782,-11.009793758392334,0.21428571428571427
32468,0,0,47476,-15.137684106826782,-11.009793758392334,0.21428571428571427
32469,0,0,47475,-15.137684106826782,-11.009793758392334,0.21428571428571427
32470,0,0,47474,-15.137684106826782,-11.009793758392334,0.21428571428571427
32471,0,0,47473,-15.137684106826782,-11.009793758392334,0.21428571428571427
32472,0,0,47472,-15.137684106826782,-11.009793758392334,0.21428571428571427
32473,0,0,47471,-15.137684106826782,-11.009793758392334,0.21428571428571427
32474,0,0,47470,-15.137684106826782,-11.009793758392334,0.21428571428571427
32475,0,0,47469,-15.137684106826782,-11.009793758392334,0.21428571428571427
32476,0,0,47468,-15.137684106826782,-11.009793758392334,0.21428571428571427
32477,0,0,47467,-15.137684106826782,-11.009793758392334,0.21428571428571427
32478,0,0,47466,-15.137684106826782,-11.009793758392334,0.21428571428571427
32479,0,0,47465,-15.137684106826782,-11.009793758392334,0.21428571428571427
32480,0,0,47464,-15.137684106826782,-11.009793758392334,0.21428571428571427
32481,0,0,47463,-15.137684106826782,-11.009793758392334,0.21428571428571427
32482,0,0,47462,-15.137684106826782,-11.009793758392334,0.21428571428571427
32483,0,0,47461,-15.137684106826782,-11.009793758392334,0.21428571428571427
32484,0,0,47460,-15.137684106826782,-11.009793758392334,0.21428571428571427
32485,0,0,47459,-15.137684106826782,-11.009793758392334,0.21428571428571427
32486,0,0,47458,-15.137684106826782,-11.009793758392334,0.21428571428571427
32487,0,0,47479,-15.137684106826782,-11.009793758392334,0.21428571428571427
32488,0,0,47480,-15.137684106826782,-11.009793758392334,0.21428571428571427
32489,0,0,47481,-15.137684106826782,-11.009793758392334,0.21428571428571427
32490,0,0,47493,-15.137684106826782,-11.009793758392334,0.21428571428571427
32491,0,0,47502,-15.137684106826782,-11.009793758392334,0.21428571428571427
32492,0,0,47501,-15.137684106826782,-11.009793758392334,0.21428571428571427
32493,0,0,47500,-15.137684106826782,-11.009793758392334,0.21428571428571427
32494,0,0,47499,-15.137684106826782,-11.009793758392334,0.21428571428571427
32495,0,0,47498,-15.137684106826782,-11.009793758392334,0.21428571428571427
32496,0,0,47497,-15.137684106826782,-11.009793758392334,0.21428571428571427
32497,0,0,47496,-15.137684106826782,-11.009793758392334,0.21428571428571427
32498,0,0,47495,-15.137684106826782,-11.009793758392334,0.21428571428571427
32499,0,0,47494,-15.137684106826782,-11.009793758392334,0.21428571428571427
32500,0,0,47492,-15.137684106826782,-11.009793758392334,0.21428571428571427
32501,0,0,47482,-15.137684106826782,-11.009793758392334,0.21428571428571427
32502,0,0,47491,-15.137684106826782,-11.009793758392334,0.21428571428571427
32503,0,0,47490,-15.137684106826782,-11.009793758392334,0.21428571428571427
32504,0,0,47489,-15.137684106826782,-11.009793758392334,0.21428571428571427
32505,0,0,47488,-15.137684106826782,-11.009793758392334,0.21428571428571427
32506,0,0,47487,-15.137684106826782,-11.009793758392334,0.21428571428571427
32507,0,0,47486,-15.137684106826782,-11.009793758392334,0.21428571428571427
32508,0,0,47485,-15.137684106826782,-11.009793758392334,0.21428571428571427
32509,0,0,47484,-15.137684106826782,-11.009793758392334,0.21428571428571427
32510,0,0,47483,-15.137684106826782,-11.009793758392334,0.21428571428571427
32511,0,0,47552,-15.137684106826782,-11.009793758392334,0.21428571428571427
32512,0,0,47553,-15.137684106826782,-11.009793758392334,0.21428571428571427
32513,0,0,47554,-15.137684106826782,-11.009793758392334,0.21428571428571427
32514,0,0,47555,-15.137684106826782,-11.009793758392334,0.21428571428571427
32515,0,0,47624,-15.137684106826782,-11.009793758392334,0.21428571428571427
32516,0,0,47623,-15.137684106826782,-11.009793758392334,0.21428571428571427
32517,0,0,47622,-15.137684106826782,-11.009793758392334,0.21428571428571427
32518,0,0,47621,-15.137684106826782,-11.009793758392334,0.21428571428571427
32519,0,0,47620,-15.137684106826782,-11.009793758392334,0.21428571428571427
32520,0,0,47619,-15.137684106826782,-11.009793758392334,0.21428571428571427
32521,0,0,47618,-15.137684106826782,-11.009793758392334,0.21428571428571427
32522,0,0,47617,-15.137684106826782,-11.009793758392334,0.21428571428571427
32523,0,0,47616,-15.137684106826782,-11.009793758392334,0.21428571428571427
32524,0,0,47614,-15.137684106826782,-11.009793758392334,0.21428571428571427
32525,0,0,47604,-15.137684106826782,-11.009793758392334,0.21428571428571427
32526,0,0,47613,-15.137684106826782,-11.009793758392334,0.21428571428571427
32527,0,0,47612,-15.137684106826782,-11.009793758392334,0.21428571428571427
32528,0,0,47611,-15.137684106826782,-11.009793758392334,0.21428571428571427
32529,0,0,47610,-15.137684106826782,-11.009793758392334,0.21428571428571427
32530,0,0,47609,-15.137684106826782,-11.009793758392334,0.21428571428571427
32531,0,0,47608,-15.137684106826782,-11.009793758392334,0.21428571428571427
32532,0,0,47607,-15.137684106826782,-11.009793758392334,0.21428571428571427
32533,0,0,47606,-15.137684106826782,-11.009793758392334,0.21428571428571427
32534,0,0,47605,-15.137684106826782,-11.009793758392334,0.21428571428571427
32535,0,0,47625,-15.137684106826782,-11.009793758392334,0.21428571428571427
32536,0,0,47615,-15.137684106826782,-11.009793758392334,0.21428571428571427
32537,0,0,47626,-15.137684106826782,-11.009793758392334,0.21428571428571427
32538,0,0,47639,-15.137684106826782,-11.009793758392334,0.21428571428571427
32539,0,0,47648,-15.137684106826782,-11.009793758392334,0.21428571428571427
32540,0,0,47647,-15.137684106826782,-11.009793758392334,0.21428571428571427
32541,0,0,47646,-15.137684106826782,-11.009793758392334,0.21428571428571427
32542,0,0,47645,-15.137684106826782,-11.009793758392334,0.21428571428571427
32543,0,0,47644,-15.137684106826782,-11.009793758392334,0.21428571428571427
32544,0,0,47643,-15.137684106826782,-11.009793758392334,0.21428571428571427
32545,0,0,47642,-15.137684106826782,-11.009793758392334,0.21428571428571427
32546,0,0,47641,-15.137684106826782,-11.009793758392334,0.21428571428571427
32547,0,0,47640,-15.137684106826782,-11.009793758392334,0.21428571428571427
32548,0,0,47638,-15.137684106826782,-11.009793758392334,0.21428571428571427
32549,0,0,47628,-15.137684106826782,-11.009793758392334,0.21428571428571427
32550,0,0,47637,-15.137684106826782,-11.009793758392334,0.21428571428571427
32551,0,0,47636,-15.137684106826782,-11.009793758392334,0.21428571428571427
32552,0,0,47635,-15.137684106826782,-11.009793758392334,0.21428571428571427
32553,0,0,47634,-15.137684106826782,-11.009793758392334,0.21428571428571427
32554,0,0,47633,-15.137684106826782,-11.009793758392334,0.21428571428571427
32555,0,0,47632,-15.137684106826782,-11.009793758392334,0.21428571428571427
32556,0,0,47631,-15.137684106826782,-11.009793758392334,0.21428571428571427
32557,0,0,47630,-15.137684106826782,-11.009793758392334,0.21428571428571427
32558,0,0,47629,-15.137684106826782,-11.009793758392334,0.21428571428571427
32559,0,0,47627,-15.137684106826782,-11.009793758392334,0.21428571428571427
32560,0,0,47603,-15.137684106826782,-11.009793758392334,0.21428571428571427
32561,0,0,47602,-15.137684106826782,-11.009793758392334,0.21428571428571427
32562,0,0,47601,-15.137684106826782,-11.009793758392334,0.21428571428571427
32563,0,0,47576,-15.137684106826782,-11.009793758392334,0.21428571428571427
32564,0,0,47575,-15.137684106826782,-11.009793758392334,0.21428571428571427
32565,0,0,47574,-15.137684106826782,-11.009793758392334,0.21428571428571427
32566,0,0,47573,-15.137684106826782,-11.009793758392334,0.21428571428571427
32567,0,0,47572,-15.137684106826782,-11.009793758392334,0.21428571428571427
32568,0,0,47571,-15.137684106826782,-11.009793758392334,0.21428571428571427
32569,0,0,47570,-15.137684106826782,-11.009793758392334,0.21428571428571427
32570,0,0,47569,-15.137684106826782,-11.009793758392334,0.21428571428571427
32571,0,0,47568,-15.137684106826782,-11.009793758392334,0.21428571428571427
32572,0,0,47567,-15.137684106826782,-11.009793758392334,0.21428571428571427
32573,0,0,47566,-15.137684106826782,-11.009793758392334,0.21428571428571427
32574,0,0,47565,-15.137684106826782,-11.009793758392334,0.21428571428571427
32575,0,0,47564,-15.137684106826782,-11.009793758392334,0.21428571428571427
32576,0,0,47563,-15.137684106826782,-11.009793758392334,0.21428571428571427
32577,0,0,47562,-15.137684106826782,-11.009793758392334,0.21428571428571427
32578,0,0,47561,-15.137684106826782,-11.009793758392334,0.21428571428571427
32579,0,0,47560,-15.137684106826782,-11.009793758392334,0.21428571428571427
32580,0,0,47559,-15.137684106826782,-11.009793758392334,0.21428571428571427
32581,0,0,47558,-15.137684106826782,-11.009793758392334,0.21428571428571427
32582,0,0,47557,-15.137684106826782,-11.009793758392334,0.21428571428571427
32583,0,0,47556,-15.137684106826782,-11.009793758392334,0.21428571428571427
32584,0,0,47577,-15.137684106826782,-11.009793758392334,0.21428571428571427
32585,0,0,47578,-15.137684106826782,-11.009793758392334,0.21428571428571427
32586,0,0,47579,-15.137684106826782,-11.009793758392334,0.21428571428571427
32587,0,0,47591,-15.137684106826782,-11.009793758392334,0.21428571428571427
32588,0,0,47600,-15.137684106826782,-11.009793758392334,0.21428571428571427
32589,0,0,47599,-15.137684106826782,-11.009793758392334,0.21428571428571427
32590,0,0,47598,-15.137684106826782,-11.009793758392334,0.21428571428571427
32591,0,0,47597,-15.137684106826782,-11.009793758392334,0.21428571428571427
32592,0,0,47596,-15.137684106826782,-11.009793758392334,0.21428571428571427
32593,0,0,47595,-15.137684106826782,-11.009793758392334,0.21428571428571427
32594,0,0,47594,-15.137684106826782,-11.009793758392334,0.21428571428571427
32595,0,0,47593,-15.137684106826782,-11.009793758392334,0.21428571428571427
32596,0,0,47592,-15.137684106826782,-11.009793758392334,0.21428571428571427
32597,0,0,47590,-15.137684106826782,-11.009793758392334,0.21428571428571427
32598,0,0,47580,-15.137684106826782,-11.009793758392334,0.21428571428571427
32599,0,0,47589,-15.137684106826782,-11.009793758392334,0.21428571428571427
32600,0,0,47588,-15.137684106826782,-11.009793758392334,0.21428571428571427
32601,0,0,47587,-15.137684106826782,-11.009793758392334,0.21428571428571427
32602,0,0,47586,-15.137684106826782,-11.009793758392334,0.21428571428571427
32603,0,0,47585,-15.137684106826782,-11.009793758392334,0.21428571428571427
32604,0,0,47584,-15.137684106826782,-11.009793758392334,0.21428571428571427
32605,0,0,47583,-15.137684106826782,-11.009793758392334,0.21428571428571427
32606,0,0,47582,-15.137684106826782,-11.009793758392334,0.21428571428571427
32607,0,0,47581,-15.137684106826782,-11.009793758392334,0.21428571428571427
32608,0,0,47505,-15.137684106826782,-11.009793758392334,0.21428571428571427
32609,0,0,47455,-15.137684106826782,-11.009793758392334,0.21428571428571427
32610,0,0,47310,-15.137684106826782,-11.009793758392334,0.21428571428571427
32611,0,0,47454,-15.137684106826782,-11.009793758392334,0.21428571428571427
32612,0,0,47332,-15.137684106826782,-11.009793758392334,0.21428571428571427
32613,0,0,47331,-15.137684106826782,-11.009793758392334,0.21428571428571427
32614,0,0,47330,-15.137684106826782,-11.009793758392334,0.21428571428571427
32615,0,0,47329,-15.137684106826782,-11.009793758392334,0.21428571428571427
32616,0,0,47328,-15.137684106826782,-11.009793758392334,0.21428571428571427
32617,0,0,47327,-15.137684106826782,-11.009793758392334,0.21428571428571427
32618,0,0,47326,-15.137684106826782,-11.009793758392334,0.21428571428571427
32619,0,0,47325,-15.137684106826782,-11.009793758392334,0.21428571428571427
32620,0,0,47324,-15.137684106826782,-11.009793758392334,0.21428571428571427
32621,0,0,47323,-15.137684106826782,-11.009793758392334,0.21428571428571427
32622,0,0,47322,-15.137684106826782,-11.009793758392334,0.21428571428571427
32623,0,0,47321,-15.137684106826782,-11.009793758392334,0.21428571428571427
32624,0,0,47320,-15.137684106826782,-11.009793758392334,0.21428571428571427
32625,0,0,47319,-15.137684106826782,-11.009793758392334,0.21428571428571427
32626,0,0,47318,-15.137684106826782,-11.009793758392334,0.21428571428571427
32627,0,0,47317,-15.137684106826782,-11.009793758392334,0.21428571428571427
32628,0,0,47316,-15.137684106826782,-11.009793758392334,0.21428571428571427
32629,0,0,47315,-15.137684106826782,-11.009793758392334,0.21428571428571427
32630,0,0,47314,-15.137684106826782,-11.009793758392334,0.21428571428571427
32631,0,0,47313,-15.137684106826782,-11.009793758392334,0.21428571428571427
32632,0,0,47312,-15.137684106826782,-11.009793758392334,0.21428571428571427
32633,0,0,47333,-15.137684106826782,-11.009793758392334,0.21428571428571427
32634,0,0,47334,-15.137684106826782,-11.009793758392334,0.21428571428571427
32635,0,0,47335,-15.137684106826782,-11.009793758392334,0.21428571428571427
32636,0,0,47347,-15.137684106826782,-11.009793758392334,0.21428571428571427
32637,0,0,47356,-15.137684106826782,-11.009793758392334,0.21428571428571427
32638,0,0,47355,-15.137684106826782,-11.009793758392334,0.21428571428571427
32639,0,0,47354,-15.137684106826782,-11.009793758392334,0.21428571428571427
32640,0,0,47353,-15.137684106826782,-11.009793758392334,0.21428571428571427
32641,0,0,47352,-15.137684106826782,-11.009793758392334,0.21428571428571427
32642,0,0,47351,-15.137684106826782,-11.009793758392334,0.21428571428571427
32643,0,0,47350,-15.137684106826782,-11.009793758392334,0.21428571428571427
32644,0,0,47349,-15.137684106826782,-11.009793758392334,0.21428571428571427
32645,0,0,47348,-15.137684106826782,-11.009793758392334,0.21428571428571427
32646,0,0,47346,-15.137684106826782,-11.009793758392334,0.21428571428571427
32647,0,0,47336,-15.137684106826782,-11.009793758392334,0.21428571428571427
32648,0,0,47345,-15.137684106826782,-11.009793758392334,0.21428571428571427
32649,0,0,47344,-15.137684106826782,-11.009793758392334,0.21428571428571427
32650,0,0,47343,-15.137684106826782,-11.009793758392334,0.21428571428571427
32651,0,0,47342,-15.137684106826782,-11.009793758392334,0.21428571428571427
32652,0,0,47341,-15.137684106826782,-11.009793758392334,0.21428571428571427
32653,0,0,47340,-15.137684106826782,-11.009793758392334,0.21428571428571427
32654,0,0,47339,-15.137684106826782,-11.009793758392334,0.21428571428571427
32655,0,0,47338,-15.137684106826782,-11.009793758392334,0.21428571428571427
32656,0,0,47337,-15.137684106826782,-11.009793758392334,0.21428571428571427
32657,0,0,47311,-15.137684106826782,-11.009793758392334,0.21428571428571427
32658,0,0,47309,-15.137684106826782,-11.009793758392334,0.21428571428571427
32659,0,0,47262,-15.137684106826782,-11.009793758392334,0.21428571428571427
32660,0,0,47308,-15.137684106826782,-11.009793758392334,0.21428571428571427
32661,0,0,47283,-15.137684106826782,-11.009793758392334,0.21428571428571427
32662,0,0,47282,-15.137684106826782,-11.009793758392334,0.21428571428571427
32663,0,0,47281,-15.137684106826782,-11.009793758392334,0.21428571428571427
32664,0,0,47280,-15.137684106826782,-11.009793758392334,0.21428571428571427
32665,0,0,47279,-15.137684106826782,-11.009793758392334,0.21428571428571427
32666,0,0,47278,-15.137684106826782,-11.009793758392334,0.21428571428571427
32667,0,0,47277,-15.137684106826782,-11.009793758392334,0.21428571428571427
32668,0,0,47276,-15.137684106826782,-11.009793758392334,0.21428571428571427
32669,0,0,47275,-15.137684106826782,-11.009793758392334,0.21428571428571427
32670,0,0,47274,-15.137684106826782,-11.009793758392334,0.21428571428571427
32671,0,0,47273,-15.137684106826782,-11.009793758392334,0.21428571428571427
32672,0,0,47272,-15.137684106826782,-11.009793758392334,0.21428571428571427
32673,0,0,47271,-15.137684106826782,-11.009793758392334,0.21428571428571427
32674,0,0,47270,-15.137684106826782,-11.009793758392334,0.21428571428571427
32675,0,0,47269,-15.137684106826782,-11.009793758392334,0.21428571428571427
32676,0,0,47268,-15.137684106826782,-11.009793758392334,0.21428571428571427
32677,0,0,47267,-15.137684106826782,-11.009793758392334,0.21428571428571427
32678,0,0,47266,-15.137684106826782,-11.009793758392334,0.21428571428571427
32679,0,0,47265,-15.137684106826782,-11.009793758392334,0.21428571428571427
32680,0,0,47264,-15.137684106826782,-11.009793758392334,0.21428571428571427
32681,0,0,47263,-15.137684106826782,-11.009793758392334,0.21428571428571427
32682,0,0,47284,-15.137684106826782,-11.009793758392334,0.21428571428571427
32683,0,0,47285,-15.137684106826782,-11.009793758392334,0.21428571428571427
32684,0,0,47286,-15.137684106826782,-11.009793758392334,0.21428571428571427
32685,0,0,47298,-15.137684106826782,-11.009793758392334,0.21428571428571427
32686,0,0,47307,-15.137684106826782,-11.009793758392334,0.21428571428571427
32687,0,0,47306,-15.137684106826782,-11.009793758392334,0.21428571428571427
32688,0,0,47305,-15.137684106826782,-11.009793758392334,0.21428571428571427
32689,0,0,47304,-15.137684106826782,-11.009793758392334,0.21428571428571427
32690,0,0,47303,-15.137684106826782,-11.009793758392334,0.21428571428571427
32691,0,0,47302,-15.137684106826782,-11.009793758392334,0.21428571428571427
32692,0,0,47301,-15.137684106826782,-11.009793758392334,0.21428571428571427
32693,0,0,47300,-15.137684106826782,-11.009793758392334,0.21428571428571427
32694,0,0,47299,-15.137684106826782,-11.009793758392334,0.21428571428571427
32695,0,0,47297,-15.137684106826782,-11.009793758392334,0.21428571428571427
32696,0,0,47287,-15.137684106826782,-11.009793758392334,0.21428571428571427
32697,0,0,47296,-15.137684106826782,-11.009793758392334,0.21428571428571427
32698,0,0,47295,-15.137684106826782,-11.009793758392334,0.21428571428571427
32699,0,0,47294,-15.137684106826782,-11.009793758392334,0.21428571428571427
32700,0,0,47293,-15.137684106826782,-11.009793758392334,0.21428571428571427
32701,0,0,47292,-15.137684106826782,-11.009793758392334,0.21428571428571427
32702,0,0,47291,-15.137684106826782,-11.009793758392334,0.21428571428571427
32703,0,0,47290,-15.137684106826782,-11.009793758392334,0.21428571428571427
32704,0,0,47289,-15.137684106826782,-11.009793758392334,0.21428571428571427
32705,0,0,47288,-15.137684106826782,-11.009793758392334,0.21428571428571427
32706,0,0,47357,-15.137684106826782,-11.009793758392334,0.21428571428571427
32707,0,0,47358,-15.137684106826782,-11.009793758392334,0.21428571428571427
32708,0,0,47359,-15.137684106826782,-11.009793758392334,0.21428571428571427
32709,0,0,47360,-15.137684106826782,-11.009793758392334,0.21428571428571427
32710,0,0,47429,-15.137684106826782,-11.009793758392334,0.21428571428571427
32711,0,0,47428,-15.137684106826782,-11.009793758392334,0.21428571428571427
32712,0,0,47427,-15.137684106826782,-11.009793758392334,0.21428571428571427
32713,0,0,47426,-15.137684106826782,-11.009793758392334,0.21428571428571427
32714,0,0,47425,-15.137684106826782,-11.009793758392334,0.21428571428571427
32715,0,0,47424,-15.137684106826782,-11.009793758392334,0.21428571428571427
32716,0,0,47423,-15.137684106826782,-11.009793758392334,0.21428571428571427
32717,0,0,47422,-15.137684106826782,-11.009793758392334,0.21428571428571427
32718,0,0,47421,-15.137684106826782,-11.009793758392334,0.21428571428571427
32719,0,0,47419,-15.137684106826782,-11.009793758392334,0.21428571428571427
32720,0,0,47409,-15.137684106826782,-11.009793758392334,0.21428571428571427
32721,0,0,47418,-15.137684106826782,-11.009793758392334,0.21428571428571427
32722,0,0,47417,-15.137684106826782,-11.009793758392334,0.21428571428571427
32723,0,0,47416,-15.137684106826782,-11.009793758392334,0.21428571428571427
32724,0,0,47415,-15.137684106826782,-11.009793758392334,0.21428571428571427
32725,0,0,47414,-15.137684106826782,-11.009793758392334,0.21428571428571427
32726,0,0,47413,-15.137684106826782,-11.009793758392334,0.21428571428571427
32727,0,0,47412,-15.137684106826782,-11.009793758392334,0.21428571428571427
32728,0,0,47411,-15.137684106826782,-11.009793758392334,0.21428571428571427
32729,0,0,47410,-15.137684106826782,-11.009793758392334,0.21428571428571427
32730,0,0,47430,-15.137684106826782,-11.009793758392334,0.21428571428571427
32731,0,0,47420,-15.137684106826782,-11.009793758392334,0.21428571428571427
32732,0,0,47431,-15.137684106826782,-11.009793758392334,0.21428571428571427
32733,0,0,47444,-15.137684106826782,-11.009793758392334,0.21428571428571427
32734,0,0,47453,-15.137684106826782,-11.009793758392334,0.21428571428571427
32735,0,0,47452,-15.137684106826782,-11.009793758392334,0.21428571428571427
32736,0,0,47451,-15.137684106826782,-11.009793758392334,0.21428571428571427
32737,0,0,47450,-15.137684106826782,-11.009793758392334,0.21428571428571427
32738,0,0,47449,-15.137684106826782,-11.009793758392334,0.21428571428571427
32739,0,0,47448,-15.137684106826782,-11.009793758392334,0.21428571428571427
32740,0,0,47447,-15.137684106826782,-11.009793758392334,0.21428571428571427
32741,0,0,47446,-15.137684106826782,-11.009793758392334,0.21428571428571427
32742,0,0,47445,-15.137684106826782,-11.009793758392334,0.21428571428571427
32743,0,0,47443,-15.137684106826782,-11.009793758392334,0.21428571428571427
32744,0,0,47433,-15.137684106826782,-11.009793758392334,0.21428571428571427
32745,0,0,47442,-15.137684106826782,-11.009793758392334,0.21428571428571427
32746,0,0,47441,-15.137684106826782,-11.009793758392334,0.21428571428571427
32747,0,0,47440,-15.137684106826782,-11.009793758392334,0.21428571428571427
32748,0,0,47439,-15.137684106826782,-11.009793758392334,0.21428571428571427
32749,0,0,47438,-15.137684106826782,-11.009793758392334,0.21428571428571427
32750,0,0,47437,-15.137684106826782,-11.009793758392334,0.21428571428571427
32751,0,0,47436,-15.137684106826782,-11.009793758392334,0.21428571428571427
32752,0,0,47435,-15.137684106826782,-11.009793758392334,0.21428571428571427
32753,0,0,47434,-15.137684106826782,-11.009793758392334,0.21428571428571427
32754,0,0,47432,-15.137684106826782,-11.009793758392334,0.21428571428571427
32755,0,0,47408,-15.137684106826782,-11.009793758392334,0.21428571428571427
32756,0,0,47407,-15.137684106826782,-11.009793758392334,0.21428571428571427
32757,0,0,47406,-15.137684106826782,-11.009793758392334,0.21428571428571427
32758,0,0,47381,-15.137684106826782,-11.009793758392334,0.21428571428571427
32759,0,0,47380,-15.137684106826782,-11.009793758392334,0.21428571428571427
32760,0,0,47379,-15.137684106826782,-11.009793758392334,0.21428571428571427
32761,0,0,47378,-15.137684106826782,-11.009793758392334,0.21428571428571427
32762,0,0,47377,-15.137684106826782,-11.009793758392334,0.21428571428571427
32763,0,0,47376,-15.137684106826782,-11.009793758392334,0.21428571428571427
32764,0,0,47375,-15.137684106826782,-11.009793758392334,0.21428571428571427
32765,0,0,47374,-15.137684106826782,-11.009793758392334,0.21428571428571427
32766,0,0,47373,-15.137684106826782,-11.009793758392334,0.21428571428571427
32767,0,0,47372,-15.137684106826782,-11.009793758392334,0.21428571428571427
32768,0,0,47371,-15.137684106826782,-11.009793758392334,0.21428571428571427
32769,0,0,47370,-15.137684106826782,-11.009793758392334,0.21428571428571427
32770,0,0,47369,-15.137684106826782,-11.009793758392334,0.21428571428571427
32771,0,0,47368,-15.137684106826782,-11.009793758392334,0.21428571428571427
32772,0,0,47367,-15.137684106826782,-11.009793758392334,0.21428571428571427
32773,0,0,47366,-15.137684106826782,-11.009793758392334,0.21428571428571427
32774,0,0,47365,-15.137684106826782,-11.009793758392334,0.21428571428571427
32775,0,0,47364,-15.137684106826782,-11.009793758392334,0.21428571428571427
32776,0,0,47363,-15.137684106826782,-11.009793758392334,0.21428571428571427
32777,0,0,47362,-15.137684106826782,-11.009793758392334,0.21428571428571427
32778,0,0,47361,-15.137684106826782,-11.009793758392334,0.21428571428571427
32779,0,0,47382,-15.137684106826782,-11.009793758392334,0.21428571428571427
32780,0,0,47383,-15.137684106826782,-11.009793758392334,0.21428571428571427
32781,0,0,47384,-15.137684106826782,-11.009793758392334,0.21428571428571427
32782,0,0,47396,-15.137684106826782,-11.009793758392334,0.21428571428571427
32783,0,0,47405,-15.137684106826782,-11.009793758392334,0.21428571428571427
32784,0,0,47404,-15.137684106826782,-11.009793758392334,0.21428571428571427
32785,0,0,47403,-15.137684106826782,-11.009793758392334,0.21428571428571427
32786,0,0,47402,-15.137684106826782,-11.009793758392334,0.21428571428571427
32787,0,0,47401,-15.137684106826782,-11.009793758392334,0.21428571428571427
32788,0,0,47400,-15.137684106826782,-11.009793758392334,0.21428571428571427
32789,0,0,47399,-15.137684106826782,-11.009793758392334,0.21428571428571427
32790,0,0,47398,-15.137684106826782,-11.009793758392334,0.21428571428571427
32791,0,0,47397,-15.137684106826782,-11.009793758392334,0.21428571428571427
32792,0,0,47395,-15.137684106826782,-11.009793758392334,0.21428571428571427
32793,0,0,47385,-15.137684106826782,-11.009793758392334,0.21428571428571427
32794,0,0,47394,-15.137684106826782,-11.009793758392334,0.21428571428571427
32795,0,0,47393,-15.137684106826782,-11.009793758392334,0.21428571428571427
32796,0,0,47392,-15.137684106826782,-11.009793758392334,0.21428571428571427
32797,0,0,47391,-15.137684106826782,-11.009793758392334,0.21428571428571427
32798,0,0,47390,-15.137684106826782,-11.009793758392334,0.21428571428571427
32799,0,0,47389,-15.137684106826782,-11.009793758392334,0.21428571428571427
32800,0,0,47388,-15.137684106826782,-11.009793758392334,0.21428571428571427
32801,0,0,47387,-15.137684106826782,-11.009793758392334,0.21428571428571427
32802,0,0,47386,-15.137684106826782,-11.009793758392334,0.21428571428571427
32803,0,0,48430,-15.137684106826782,-11.009793758392334,0.21428571428571427
32804,0,0,47651,-15.137684106826782,-11.009793758392334,0.21428571428571427
32805,0,0,48431,-15.137684106826782,-11.009793758392334,0.21428571428571427
32806,0,0,49213,-15.137684106826782,-11.009793758392334,0.21428571428571427
32807,0,0,49480,-15.137684106826782,-11.009793758392334,0.21428571428571427
32808,0,0,49479,-15.137684106826782,-11.009793758392334,0.21428571428571427
32809,0,0,49478,-15.137684106826782,-11.009793758392334,0.21428571428571427
32810,0,0,49477,-15.137684106826782,-11.009793758392334,0.21428571428571427
32811,0,0,49476,-15.137684106826782,-11.009793758392334,0.21428571428571427
32812,0,0,49475,-15.137684106826782,-11.009793758392334,0.21428571428571427
32813,0,0,49474,-15.137684106826782,-11.009793758392334,0.21428571428571427
32814,0,0,49473,-15.137684106826782,-11.009793758392334,0.21428571428571427
32815,0,0,49472,-15.137684106826782,-11.009793758392334,0.21428571428571427
32816,0,0,49471,-15.137684106826782,-11.009793758392334,0.21428571428571427
32817,0,0,49470,-15.137684106826782,-11.009793758392334,0.21428571428571427
32818,0,0,49469,-15.137684106826782,-11.009793758392334,0.21428571428571427
32819,0,0,49468,-15.137684106826782,-11.009793758392334,0.21428571428571427
32820,0,0,49467,-15.137684106826782,-11.009793758392334,0.21428571428571427
32821,0,0,49466,-15.137684106826782,-11.009793758392334,0.21428571428571427
32822,0,0,49465,-15.137684106826782,-11.009793758392334,0.21428571428571427
32823,0,0,49464,-15.137684106826782,-11.009793758392334,0.21428571428571427
32824,0,0,49463,-15.137684106826782,-11.009793758392334,0.21428571428571427
32825,0,0,49462,-15.137684106826782,-11.009793758392334,0.21428571428571427
32826,0,0,49461,-15.137684106826782,-11.009793758392334,0.21428571428571427
32827,0,0,49460,-15.137684106826782,-11.009793758392334,0.21428571428571427
32828,0,0,49481,-15.137684106826782,-11.009793758392334,0.21428571428571427
32829,0,0,49482,-15.137684106826782,-11.009793758392334,0.21428571428571427
32830,0,0,49483,-15.137684106826782,-11.009793758392334,0.21428571428571427
32831,0,0,49495,-15.137684106826782,-11.009793758392334,0.21428571428571427
32832,0,0,49504,-15.137684106826782,-11.009793758392334,0.21428571428571427
32833,0,0,49503,-15.137684106826782,-11.009793758392334,0.21428571428571427
32834,0,0,49502,-15.137684106826782,-11.009793758392334,0.21428571428571427
32835,0,0,49501,-15.137684106826782,-11.009793758392334,0.21428571428571427
32836,0,0,49500,-15.137684106826782,-11.009793758392334,0.21428571428571427
32837,0,0,49499,-15.137684106826782,-11.009793758392334,0.21428571428571427
32838,0,0,49498,-15.137684106826782,-11.009793758392334,0.21428571428571427
32839,0,0,49497,-15.137684106826782,-11.009793758392334,0.21428571428571427
32840,0,0,49496,-15.137684106826782,-11.009793758392334,0.21428571428571427
32841,0,0,49494,-15.137684106826782,-11.009793758392334,0.21428571428571427
32842,0,0,49484,-15.137684106826782,-11.009793758392334,0.21428571428571427
32843,0,0,49493,-15.137684106826782,-11.009793758392334,0.21428571428571427
32844,0,0,49492,-15.137684106826782,-11.009793758392334,0.21428571428571427
32845,0,0,49491,-15.137684106826782,-11.009793758392334,0.21428571428571427
32846,0,0,49490,-15.137684106826782,-11.009793758392334,0.21428571428571427
32847,0,0,49489,-15.137684106826782,-11.009793758392334,0.21428571428571427
32848,0,0,49488,-15.137684106826782,-11.009793758392334,0.21428571428571427
32849,0,0,49487,-15.137684106826782,-11.009793758392334,0.21428571428571427
32850,0,0,49486,-15.137684106826782,-11.009793758392334,0.21428571428571427
32851,0,0,49485,-15.137684106826782,-11.009793758392334,0.21428571428571427
32852,0,0,49459,-15.137684106826782,-11.009793758392334,0.21428571428571427
32853,0,0,49457,-15.137684106826782,-11.009793758392334,0.21428571428571427
32854,0,0,49410,-15.137684106826782,-11.009793758392334,0.21428571428571427
32855,0,0,49456,-15.137684106826782,-11.009793758392334,0.21428571428571427
32856,0,0,49431,-15.137684106826782,-11.009793758392334,0.21428571428571427
32857,0,0,49430,-15.137684106826782,-11.009793758392334,0.21428571428571427
32858,0,0,49429,-15.137684106826782,-11.009793758392334,0.21428571428571427
32859,0,0,49428,-15.137684106826782,-11.009793758392334,0.21428571428571427
32860,0,0,49427,-15.137684106826782,-11.009793758392334,0.21428571428571427
32861,0,0,49426,-15.137684106826782,-11.009793758392334,0.21428571428571427
32862,0,0,49425,-15.137684106826782,-11.009793758392334,0.21428571428571427
32863,0,0,49424,-15.137684106826782,-11.009793758392334,0.21428571428571427
32864,0,0,49423,-15.137684106826782,-11.009793758392334,0.21428571428571427
32865,0,0,49422,-15.137684106826782,-11.009793758392334,0.21428571428571427
32866,0,0,49421,-15.137684106826782,-11.009793758392334,0.21428571428571427
32867,0,0,49420,-15.137684106826782,-11.009793758392334,0.21428571428571427
32868,0,0,49419,-15.137684106826782,-11.009793758392334,0.21428571428571427
32869,0,0,49418,-15.137684106826782,-11.009793758392334,0.21428571428571427
32870,0,0,49417,-15.137684106826782,-11.009793758392334,0.21428571428571427
32871,0,0,49416,-15.137684106826782,-11.009793758392334,0.21428571428571427
32872,0,0,49415,-15.137684106826782,-11.009793758392334,0.21428571428571427
32873,0,0,49414,-15.137684106826782,-11.009793758392334,0.21428571428571427
32874,0,0,49413,-15.137684106826782,-11.009793758392334,0.21428571428571427
32875,0,0,49412,-15.137684106826782,-11.009793758392334,0.21428571428571427
32876,0,0,49411,-15.137684106826782,-11.009793758392334,0.21428571428571427
32877,0,0,49432,-15.137684106826782,-11.009793758392334,0.21428571428571427
32878,0,0,49433,-15.137684106826782,-11.009793758392334,0.21428571428571427
32879,0,0,49434,-15.137684106826782,-11.009793758392334,0.21428571428571427
32880,0,0,49446,-15.137684106826782,-11.009793758392334,0.21428571428571427
32881,0,0,49455,-15.137684106826782,-11.009793758392334,0.21428571428571427
32882,0,0,49454,-15.137684106826782,-11.009793758392334,0.21428571428571427
32883,0,0,49453,-15.137684106826782,-11.009793758392334,0.21428571428571427
32884,0,0,49452,-15.137684106826782,-11.009793758392334,0.21428571428571427
32885,0,0,49451,-15.137684106826782,-11.009793758392334,0.21428571428571427
32886,0,0,49450,-15.137684106826782,-11.009793758392334,0.21428571428571427
32887,0,0,49449,-15.137684106826782,-11.009793758392334,0.21428571428571427
32888,0,0,49448,-15.137684106826782,-11.009793758392334,0.21428571428571427
32889,0,0,49447,-15.137684106826782,-11.009793758392334,0.21428571428571427
32890,0,0,49445,-15.137684106826782,-11.009793758392334,0.21428571428571427
32891,0,0,49435,-15.137684106826782,-11.009793758392334,0.21428571428571427
32892,0,0,49444,-15.137684106826782,-11.009793758392334,0.21428571428571427
32893,0,0,49443,-15.137684106826782,-11.009793758392334,0.21428571428571427
32894,0,0,49442,-15.137684106826782,-11.009793758392334,0.21428571428571427
32895,0,0,49441,-15.137684106826782,-11.009793758392334,0.21428571428571427
32896,0,0,49440,-15.137684106826782,-11.009793758392334,0.21428571428571427
32897,0,0,49439,-15.137684106826782,-11.009793758392334,0.21428571428571427
32898,0,0,49438,-15.137684106826782,-11.009793758392334,0.21428571428571427
32899,0,0,49437,-15.137684106826782,-11.009793758392334,0.21428571428571427
32900,0,0,49436,-15.137684106826782,-11.009793758392334,0.21428571428571427
32901,0,0,49505,-15.137684106826782,-11.009793758392334,0.21428571428571427
32902,0,0,49506,-15.137684106826782,-11.009793758392334,0.21428571428571427
32903,0,0,49507,-15.137684106826782,-11.009793758392334,0.21428571428571427
32904,0,0,49508,-15.137684106826782,-11.009793758392334,0.21428571428571427
32905,0,0,49577,-15.137684106826782,-11.009793758392334,0.21428571428571427
32906,0,0,49576,-15.137684106826782,-11.009793758392334,0.21428571428571427
32907,0,0,49575,-15.137684106826782,-11.009793758392334,0.21428571428571427
32908,0,0,49574,-15.137684106826782,-11.009793758392334,0.21428571428571427
32909,0,0,49573,-15.137684106826782,-11.009793758392334,0.21428571428571427
32910,0,0,49572,-15.137684106826782,-11.009793758392334,0.21428571428571427
32911,0,0,49571,-15.137684106826782,-11.009793758392334,0.21428571428571427
32912,0,0,49570,-15.137684106826782,-11.009793758392334,0.21428571428571427
32913,0,0,49569,-15.137684106826782,-11.009793758392334,0.21428571428571427
32914,0,0,49567,-15.137684106826782,-11.009793758392334,0.21428571428571427
32915,0,0,49557,-15.137684106826782,-11.009793758392334,0.21428571428571427
32916,0,0,49566,-15.137684106826782,-11.009793758392334,0.21428571428571427
32917,0,0,49565,-15.137684106826782,-11.009793758392334,0.21428571428571427
32918,0,0,49564,-15.137684106826782,-11.009793758392334,0.21428571428571427
32919,0,0,49563,-15.137684106826782,-11.009793758392334,0.21428571428571427
32920,0,0,49562,-15.137684106826782,-11.009793758392334,0.21428571428571427
32921,0,0,49561,-15.137684106826782,-11.009793758392334,0.21428571428571427
32922,0,0,49560,-15.137684106826782,-11.009793758392334,0.21428571428571427
32923,0,0,49559,-15.137684106826782,-11.009793758392334,0.21428571428571427
32924,0,0,49558,-15.137684106826782,-11.009793758392334,0.21428571428571427
32925,0,0,49578,-15.137684106826782,-11.009793758392334,0.21428571428571427
32926,0,0,49568,-15.137684106826782,-11.009793758392334,0.21428571428571427
32927,0,0,49579,-15.137684106826782,-11.009793758392334,0.21428571428571427
32928,0,0,49592,-15.137684106826782,-11.009793758392334,0.21428571428571427
32929,0,0,49601,-15.137684106826782,-11.009793758392334,0.21428571428571427
32930,0,0,49600,-15.137684106826782,-11.009793758392334,0.21428571428571427
32931,0,0,49599,-15.137684106826782,-11.009793758392334,0.21428571428571427
32932,0,0,49598,-15.137684106826782,-11.009793758392334,0.21428571428571427
32933,0,0,49597,-15.137684106826782,-11.009793758392334,0.21428571428571427
32934,0,0,49596,-15.137684106826782,-11.009793758392334,0.21428571428571427
32935,0,0,49595,-15.137684106826782,-11.009793758392334,0.21428571428571427
32936,0,0,49594,-15.137684106826782,-11.009793758392334,0.21428571428571427
32937,0,0,49593,-15.137684106826782,-11.009793758392334,0.21428571428571427
32938,0,0,49591,-15.137684106826782,-11.009793758392334,0.21428571428571427
32939,0,0,49581,-15.137684106826782,-11.009793758392334,0.21428571428571427
32940,0,0,49590,-15.137684106826782,-11.009793758392334,0.21428571428571427
32941,0,0,49589,-15.137684106826782,-11.009793758392334,0.21428571428571427
32942,0,0,49588,-15.137684106826782,-11.009793758392334,0.21428571428571427
32943,0,0,49587,-15.137684106826782,-11.009793758392334,0.21428571428571427
32944,0,0,49586,-15.137684106826782,-11.009793758392334,0.21428571428571427
32945,0,0,49585,-15.137684106826782,-11.009793758392334,0.21428571428571427
32946,0,0,49584,-15.137684106826782,-11.009793758392334,0.21428571428571427
32947,0,0,49583,-15.137684106826782,-11.009793758392334,0.21428571428571427
32948,0,0,49582,-15.137684106826782,-11.009793758392334,0.21428571428571427
32949,0,0,49580,-15.137684106826782,-11.009793758392334,0.21428571428571427
32950,0,0,49556,-15.137684106826782,-11.009793758392334,0.21428571428571427
32951,0,0,49555,-15.137684106826782,-11.009793758392334,0.21428571428571427
32952,0,0,49554,-15.137684106826782,-11.009793758392334,0.21428571428571427
32953,0,0,49529,-15.137684106826782,-11.009793758392334,0.21428571428571427
32954,0,0,49528,-15.137684106826782,-11.009793758392334,0.21428571428571427
32955,0,0,49527,-15.137684106826782,-11.009793758392334,0.21428571428571427
32956,0,0,49526,-15.137684106826782,-11.009793758392334,0.21428571428571427
32957,0,0,49525,-15.137684106826782,-11.009793758392334,0.21428571428571427
32958,0,0,49524,-15.137684106826782,-11.009793758392334,0.21428571428571427
32959,0,0,49523,-15.137684106826782,-11.009793758392334,0.21428571428571427
32960,0,0,49522,-15.137684106826782,-11.009793758392334,0.21428571428571427
32961,0,0,49521,-15.137684106826782,-11.009793758392334,0.21428571428571427
32962,0,0,49520,-15.137684106826782,-11.009793758392334,0.21428571428571427
32963,0,0,49519,-15.137684106826782,-11.009793758392334,0.21428571428571427
32964,0,0,49518,-15.137684106826782,-11.009793758392334,0.21428571428571427
32965,0,0,49517,-15.137684106826782,-11.009793758392334,0.21428571428571427
32966,0,0,49516,-15.137684106826782,-11.009793758392334,0.21428571428571427
32967,0,0,49515,-15.137684106826782,-11.009793758392334,0.21428571428571427
32968,0,0,49514,-15.137684106826782,-11.009793758392334,0.21428571428571427
32969,0,0,49513,-15.137684106826782,-11.009793758392334,0.21428571428571427
32970,0,0,49512,-15.137684106826782,-11.009793758392334,0.21428571428571427
32971,0,0,49511,-15.137684106826782,-11.009793758392334,0.21428571428571427
32972,0,0,49510,-15.137684106826782,-11.009793758392334,0.21428571428571427
32973,0,0,49509,-15.137684106826782,-11.009793758392334,0.21428571428571427
32974,0,0,49530,-15.137684106826782,-11.009793758392334,0.21428571428571427
32975,0,0,49531,-15.137684106826782,-11.009793758392334,0.21428571428571427
32976,0,0,49532,-15.137684106826782,-11.009793758392334,0.21428571428571427
32977,0,0,49544,-15.137684106826782,-11.009793758392334,0.21428571428571427
32978,0,0,49553,-15.137684106826782,-11.009793758392334,0.21428571428571427
32979,0,0,49552,-15.137684106826782,-11.009793758392334,0.21428571428571427
32980,0,0,49551,-15.137684106826782,-11.009793758392334,0.21428571428571427
32981,0,0,49550,-15.137684106826782,-11.009793758392334,0.21428571428571427
32982,0,0,49549,-15.137684106826782,-11.009793758392334,0.21428571428571427
32983,0,0,49548,-15.137684106826782,-11.009793758392334,0.21428571428571427
32984,0,0,49547,-15.137684106826782,-11.009793758392334,0.21428571428571427
32985,0,0,49546,-15.137684106826782,-11.009793758392334,0.21428571428571427
32986,0,0,49545,-15.137684106826782,-11.009793758392334,0.21428571428571427
32987,0,0,49543,-15.137684106826782,-11.009793758392334,0.21428571428571427
32988,0,0,49533,-15.137684106826782,-11.009793758392334,0.21428571428571427
32989,0,0,49542,-15.137684106826782,-11.009793758392334,0.21428571428571427
32990,0,0,49541,-15.137684106826782,-11.009793758392334,0.21428571428571427
32991,0,0,49540,-15.137684106826782,-11.009793758392334,0.21428571428571427
32992,0,0,49539,-15.137684106826782,-11.009793758392334,0.21428571428571427
32993,0,0,49538,-15.137684106826782,-11.009793758392334,0.21428571428571427
32994,0,0,49537,-15.137684106826782,-11.009793758392334,0.21428571428571427
32995,0,0,49536,-15.137684106826782,-11.009793758392334,0.21428571428571427
32996,0,0,49535,-15.137684106826782,-11.009793758392334,0.21428571428571427
32997,0,0,49534,-15.137684106826782,-11.009793758392334,0.21428571428571427
32998,0,0,49458,-15.137684106826782,-11.009793758392334,0.21428571428571427
32999,0,0,49409,-15.137684106826782,-11.009793758392334,0.21428571428571427
33000,0,0,49408,-15.137684106826782,-11.009793758392334,0.21428571428571427
33001,0,0,49407,-15.137684106826782,-11.009793758392334,0.21428571428571427
33002,0,0,49284,-15.137684106826782,-11.009793758392334,0.21428571428571427
33003,0,0,49283,-15.137684106826782,-11.009793758392334,0.21428571428571427
33004,0,0,49282,-15.137684106826782,-11.009793758392334,0.21428571428571427
33005,0,0,49281,-15.137684106826782,-11.009793758392334,0.21428571428571427
33006,0,0,49280,-15.137684106826782,-11.009793758392334,0.21428571428571427
33007,0,0,49279,-15.137684106826782,-11.009793758392334,0.21428571428571427
33008,1,0,49278,-15.137684106826782,-11.009793758392334,0.21428571428571427
33009,0,0,49277,-15.137684106826782,-11.009793758392334,0.21428571428571427
33010,0,0,49276,-15.137684106826782,-11.009793758392334,0.21428571428571427
33011,0,0,49275,-15.137684106826782,-11.009793758392334,0.21428571428571427
33012,0,0,49274,-15.137684106826782,-11.009793758392334,0.21428571428571427
33013,0,0,49273,-15.137684106826782,-11.009793758392334,0.21428571428571427
33014,0,0,49272,-15.137684106826782,-11.009793758392334,0.21428571428571427
33015,0,0,49271,-15.137684106826782,-11.009793758392334,0.21428571428571427
33016,0,0,49270,-15.137684106826782,-11.009793758392334,0.21428571428571427
33017,0,0,49269,-15.137684106826782,-11.009793758392334,0.21428571428571427
33018,0,0,49268,-15.137684106826782,-11.009793758392334,0.21428571428571427
33019,0,0,49267,-15.137684106826782,-11.009793758392334,0.21428571428571427
33020,0,0,49266,-15.137684106826782,-11.009793758392334,0.21428571428571427
33021,0,0,49265,-15.137684106826782,-11.009793758392334,0.21428571428571427
33022,0,0,49264,-15.137684106826782,-11.009793758392334,0.21428571428571427
33023,0,0,49285,-15.137684106826782,-11.009793758392334,0.21428571428571427
33024,0,0,49286,-15.137684106826782,-11.009793758392334,0.21428571428571427
33025,0,0,49287,-15.137684106826782,-11.009793758392334,0.21428571428571427
33026,0,0,49299,-15.137684106826782,-11.009793758392334,0.21428571428571427
33027,0,0,49308,-15.137684106826782,-11.009793758392334,0.21428571428571427
33028,0,0,49307,-15.137684106826782,-11.009793758392334,0.21428571428571427
33029,0,0,49306,-15.137684106826782,-11.009793758392334,0.21428571428571427
33030,0,0,49305,-15.137684106826782,-11.009793758392334,0.21428571428571427
33031,0,0,49304,-15.137684106826782,-11.009793758392334,0.21428571428571427
33032,0,0,49303,-15.137684106826782,-11.009793758392334,0.21428571428571427
33033,0,0,49302,-15.137684106826782,-11.009793758392334,0.21428571428571427
33034,0,0,49301,-15.137684106826782,-11.009793758392334,0.21428571428571427
33035,0,0,49300,-15.137684106826782,-11.009793758392334,0.21428571428571427
33036,0,0,49298,-15.137684106826782,-11.009793758392334,0.21428571428571427
33037,0,0,49288,-15.137684106826782,-11.009793758392334,0.21428571428571427
33038,0,0,49297,-15.137684106826782,-11.009793758392334,0.21428571428571427
33039,0,0,49296,-15.137684106826782,-11.009793758392334,0.21428571428571427
33040,0,0,49295,-15.137684106826782,-11.009793758392334,0.21428571428571427
33041,0,0,49294,-15.137684106826782,-11.009793758392334,0.21428571428571427
33042,0,0,49293,-15.137684106826782,-11.009793758392334,0.21428571428571427
33043,0,0,49292,-15.137684106826782,-11.009793758392334,0.21428571428571427
33044,0,0,49291,-15.137684106826782,-11.009793758392334,0.21428571428571427
33045,0,0,49290,-15.137684106826782,-11.009793758392334,0.21428571428571427
33046,0,0,49289,-15.137684106826782,-11.009793758392334,0.21428571428571427
33047,0,0,49263,-15.137684106826782,-11.009793758392334,0.21428571428571427
33048,0,0,49261,-15.137684106826782,-11.009793758392334,0.21428571428571427
33049,0,0,49214,-15.137684106826782,-11.009793758392334,0.21428571428571427
33050,0,0,49260,-15.137684106826782,-11.009793758392334,0.21428571428571427
33051,0,0,49235,-15.137684106826782,-11.009793758392334,0.21428571428571427
33052,0,0,49234,-15.137684106826782,-11.009793758392334,0.21428571428571427
33053,0,0,49233,-15.137684106826782,-11.009793758392334,0.21428571428571427
33054,0,0,49232,-15.137684106826782,-11.009793758392334,0.21428571428571427
33055,0,0,49231,-15.137684106826782,-11.009793758392334,0.21428571428571427
33056,0,0,49230,-15.137684106826782,-11.009793758392334,0.21428571428571427
33057,0,0,49229,-15.137684106826782,-11.009793758392334,0.21428571428571427
33058,0,0,49228,-15.137684106826782,-11.009793758392334,0.21428571428571427
33059,0,0,49227,-15.137684106826782,-11.009793758392334,0.21428571428571427
33060,0,0,49226,-15.137684106826782,-11.009793758392334,0.21428571428571427
33061,0,0,49225,-15.137684106826782,-11.009793758392334,0.21428571428571427
33062,0,0,49224,-15.137684106826782,-11.009793758392334,0.21428571428571427
33063,0,0,49223,-15.137684106826782,-11.009793758392334,0.21428571428571427
33064,0,0,49222,-15.137684106826782,-11.009793758392334,0.21428571428571427
33065,0,0,49221,-15.137684106826782,-11.009793758392334,0.21428571428571427
33066,0,0,49220,-15.137684106826782,-11.009793758392334,0.21428571428571427
33067,0,0,49219,-15.137684106826782,-11.009793758392334,0.21428571428571427
33068,0,0,49218,-15.137684106826782,-11.009793758392334,0.21428571428571427
33069,0,0,49217,-15.137684106826782,-11.009793758392334,0.21428571428571427
33070,0,0,49216,-15.137684106826782,-11.009793758392334,0.21428571428571427
33071,0,0,49215,-15.137684106826782,-11.009793758392334,0.21428571428571427
33072,0,0,49236,-15.137684106826782,-11.009793758392334,0.21428571428571427
33073,0,0,49237,-15.137684106826782,-11.009793758392334,0.21428571428571427
33074,0,0,49238,-15.137684106826782,-11.009793758392334,0.21428571428571427
33075,0,0,49250,-15.137684106826782,-11.009793758392334,0.21428571428571427
33076,0,0,49259,-15.137684106826782,-11.009793758392334,0.21428571428571427
33077,0,0,49258,-15.137684106826782,-11.009793758392334,0.21428571428571427
33078,0,0,49257,-15.137684106826782,-11.009793758392334,0.21428571428571427
33079,0,0,49256,-15.137684106826782,-11.009793758392334,0.21428571428571427
33080,0,0,49255,-15.137684106826782,-11.009793758392334,0.21428571428571427
33081,0,0,49254,-15.137684106826782,-11.009793758392334,0.21428571428571427
33082,0,0,49253,-15.137684106826782,-11.009793758392334,0.21428571428571427
33083,0,0,49252,-15.137684106826782,-11.009793758392334,0.21428571428571427
33084,0,0,49251,-15.137684106826782,-11.009793758392334,0.21428571428571427
33085,0,0,49249,-15.137684106826782,-11.009793758392334,0.21428571428571427
33086,0,0,49239,-15.137684106826782,-11.009793758392334,0.21428571428571427
33087,0,0,49248,-15.137684106826782,-11.009793758392334,0.21428571428571427
33088,0,0,49247,-15.137684106826782,-11.009793758392334,0.21428571428571427
33089,0,0,49246,-15.137684106826782,-11.009793758392334,0.21428571428571427
33090,0,0,49245,-15.137684106826782,-11.009793758392334,0.21428571428571427
33091,0,0,49244,-15.137684106826782,-11.009793758392334,0.21428571428571427
33092,0,0,49243,-15.137684106826782,-11.009793758392334,0.21428571428571427
33093,0,0,49242,-15.137684106826782,-11.009793758392334,0.21428571428571427
33094,0,0,49241,-15.137684106826782,-11.009793758392334,0.21428571428571427
33095,0,0,49240,-15.137684106826782,-11.009793758392334,0.21428571428571427
33096,0,0,49309,-15.137684106826782,-11.009793758392334,0.21428571428571427
33097,0,0,49262,-15.137684106826782,-11.009793758392334,0.21428571428571427
33098,0,0,49310,-15.137684106826782,-11.009793758392334,0.21428571428571427
33099,0,0,49360,-15.137684106826782,-11.009793758392334,0.21428571428571427
33100,0,0,49382,-15.137684106826782,-11.009793758392334,0.21428571428571427
33101,0,0,49381,-15.137684106826782,-11.009793758392334,0.21428571428571427
33102,0,0,49380,-15.137684106826782,-11.009793758392334,0.21428571428571427
33103,0,0,49379,-15.137684106826782,-11.009793758392334,0.21428571428571427
33104,0,0,49378,-15.137684106826782,-11.009793758392334,0.21428571428571427
33105,0,0,49377,-15.137684106826782,-11.009793758392334,0.21428571428571427
33106,0,0,49376,-15.137684106826782,-11.009793758392334,0.21428571428571427
33107,0,0,49375,-15.137684106826782,-11.009793758392334,0.21428571428571427
33108,0,0,49374,-15.137684106826782,-11.009793758392334,0.21428571428571427
33109,0,0,49373,-15.137684106826782,-11.009793758392334,0.21428571428571427
33110,0,0,49372,-15.137684106826782,-11.009793758392334,0.21428571428571427
33111,0,0,49371,-15.137684106826782,-11.009793758392334,0.21428571428571427
33112,0,0,49370,-15.137684106826782,-11.009793758392334,0.21428571428571427
33113,0,0,49369,-15.137684106826782,-11.009793758392334,0.21428571428571427
33114,0,0,49368,-15.137684106826782,-11.009793758392334,0.21428571428571427
33115,0,0,49367,-15.137684106826782,-11.009793758392334,0.21428571428571427
33116,0,0,49366,-15.137684106826782,-11.009793758392334,0.21428571428571427
33117,0,0,49365,-15.137684106826782,-11.009793758392334,0.21428571428571427
33118,0,0,49364,-15.137684106826782,-11.009793758392334,0.21428571428571427
33119,0,0,49363,-15.137684106826782,-11.009793758392334,0.21428571428571427
33120,0,0,49362,-15.137684106826782,-11.009793758392334,0.21428571428571427
33121,0,0,49383,-15.137684106826782,-11.009793758392334,0.21428571428571427
33122,0,0,49384,-15.137684106826782,-11.009793758392334,0.21428571428571427
33123,0,0,49385,-15.137684106826782,-11.009793758392334,0.21428571428571427
33124,0,0,49397,-15.137684106826782,-11.009793758392334,0.21428571428571427
33125,0,0,49406,-15.137684106826782,-11.009793758392334,0.21428571428571427
33126,0,0,49405,-15.137684106826782,-11.009793758392334,0.21428571428571427
33127,0,0,49404,-15.137684106826782,-11.009793758392334,0.21428571428571427
33128,0,0,49403,-15.137684106826782,-11.009793758392334,0.21428571428571427
33129,0,0,49402,-15.137684106826782,-11.009793758392334,0.21428571428571427
33130,0,0,49401,-15.137684106826782,-11.009793758392334,0.21428571428571427
33131,0,0,49400,-15.137684106826782,-11.009793758392334,0.21428571428571427
33132,0,0,49399,-15.137684106826782,-11.009793758392334,0.21428571428571427
33133,0,0,49398,-15.137684106826782,-11.009793758392334,0.21428571428571427
33134,0,0,49396,-15.137684106826782,-11.009793758392334,0.21428571428571427
33135,0,0,49386,-15.137684106826782,-11.009793758392334,0.21428571428571427
33136,0,0,49395,-15.137684106826782,-11.009793758392334,0.21428571428571427
33137,0,0,49394,-15.137684106826782,-11.009793758392334,0.21428571428571427
33138,0,0,49393,-15.137684106826782,-11.009793758392334,0.21428571428571427
33139,0,0,49392,-15.137684106826782,-11.009793758392334,0.21428571428571427
33140,0,0,49391,-15.137684106826782,-11.009793758392334,0.21428571428571427
33141,0,0,49390,-15.137684106826782,-11.009793758392334,0.21428571428571427
33142,0,0,49389,-15.137684106826782,-11.009793758392334,0.21428571428571427
33143,0,0,49388,-15.137684106826782,-11.009793758392334,0.21428571428571427
33144,0,0,49387,-15.137684106826782,-11.009793758392334,0.21428571428571427
33145,0,0,49361,-15.137684106826782,-11.009793758392334,0.21428571428571427
33146,0,0,49359,-15.137684106826782,-11.009793758392334,0.21428571428571427
33147,0,0,49312,-15.137684106826782,-11.009793758392334,0.21428571428571427
33148,0,0,49358,-15.137684106826782,-11.009793758392334,0.21428571428571427
33149,0,0,49333,-15.137684106826782,-11.009793758392334,0.21428571428571427
33150,0,0,49332,-15.137684106826782,-11.009793758392334,0.21428571428571427
33151,0,0,49331,-15.137684106826782,-11.009793758392334,0.21428571428571427
33152,0,0,49330,-15.137684106826782,-11.009793758392334,0.21428571428571427
33153,0,0,49329,-15.137684106826782,-11.009793758392334,0.21428571428571427
33154,0,0,49328,-15.137684106826782,-11.009793758392334,0.21428571428571427
33155,0,0,49327,-15.137684106826782,-11.009793758392334,0.21428571428571427
33156,0,0,49326,-15.137684106826782,-11.009793758392334,0.21428571428571427
33157,0,0,49325,-15.137684106826782,-11.009793758392334,0.21428571428571427
33158,0,0,49324,-15.137684106826782,-11.009793758392334,0.21428571428571427
33159,0,0,49323,-15.137684106826782,-11.009793758392334,0.21428571428571427
33160,0,0,49322,-15.137684106826782,-11.009793758392334,0.21428571428571427
33161,0,0,49321,-15.137684106826782,-11.009793758392334,0.21428571428571427
33162,0,0,49320,-15.137684106826782,-11.009793758392334,0.21428571428571427
33163,0,0,49319,-15.137684106826782,-11.009793758392334,0.21428571428571427
33164,0,0,49318,-15.137684106826782,-11.009793758392334,0.21428571428571427
33165,0,0,49317,-15.137684106826782,-11.009793758392334,0.21428571428571427
33166,0,0,49316,-15.137684106826782,-11.009793758392334,0.21428571428571427
33167,0,0,49315,-15.137684106826782,-11.009793758392334,0.21428571428571427
33168,0,0,49314,-15.137684106826782,-11.009793758392334,0.21428571428571427
33169,0,0,49313,-15.137684106826782,-11.009793758392334,0.21428571428571427
33170,0,0,49334,-15.137684106826782,-11.009793758392334,0.21428571428571427
33171,0,0,49335,-15.137684106826782,-11.009793758392334,0.21428571428571427
33172,0,0,49336,-15.137684106826782,-11.009793758392334,0.21428571428571427
33173,0,0,49348,-15.137684106826782,-11.009793758392334,0.21428571428571427
33174,0,0,49357,-15.137684106826782,-11.009793758392334,0.21428571428571427
33175,0,0,49356,-15.137684106826782,-11.009793758392334,0.21428571428571427
33176,0,0,49355,-15.137684106826782,-11.009793758392334,0.21428571428571427
33177,0,0,49354,-15.137684106826782,-11.009793758392334,0.21428571428571427
33178,0,0,49353,-15.137684106826782,-11.009793758392334,0.21428571428571427
33179,0,0,49352,-15.137684106826782,-11.009793758392334,0.21428571428571427
33180,0,0,49351,-15.137684106826782,-11.009793758392334,0.21428571428571427
33181,0,0,49350,-15.137684106826782,-11.009793758392334,0.21428571428571427
33182,0,0,49349,-15.137684106826782,-11.009793758392334,0.21428571428571427
33183,0,0,49347,-15.137684106826782,-11.009793758392334,0.21428571428571427
33184,0,0,49337,-15.137684106826782,-11.009793758392334,0.21428571428571427
33185,0,0,49346,-15.137684106826782,-11.009793758392334,0.21428571428571427
33186,0,0,49345,-15.137684106826782,-11.009793758392334,0.21428571428571427
33187,0,0,49344,-15.137684106826782,-11.009793758392334,0.21428571428571427
33188,0,0,49343,-15.137684106826782,-11.009793758392334,0.21428571428571427
33189,0,0,49342,-15.137684106826782,-11.009793758392334,0.21428571428571427
33190,0,0,49341,-15.137684106826782,-11.009793758392334,0.21428571428571427
33191,0,0,49340,-15.137684106826782,-11.009793758392334,0.21428571428571427
33192,0,0,49339,-15.137684106826782,-11.009793758392334,0.21428571428571427
33193,0,0,49338,-15.137684106826782,-11.009793758392334,0.21428571428571427
33194,0,0,49602,-15.137684106826782,-11.009793758392334,0.21428571428571427
33195,0,0,49603,-15.137684106826782,-11.009793758392334,0.21428571428571427
33196,0,0,49604,-15.137684106826782,-11.009793758392334,0.21428571428571427
33197,0,0,49799,-15.137684106826782,-11.009793758392334,0.21428571428571427
33198,0,0,49870,-15.137684106826782,-11.009793758392334,0.21428571428571427
33199,0,0,49869,-15.137684106826782,-11.009793758392334,0.21428571428571427
33200,0,0,49868,-15.137684106826782,-11.009793758392334,0.21428571428571427
33201,0,0,49867,-15.137684106826782,-11.009793758392334,0.21428571428571427
33202,0,0,49866,-15.137684106826782,-11.009793758392334,0.21428571428571427
33203,0,0,49865,-15.137684106826782,-11.009793758392334,0.21428571428571427
33204,0,0,49864,-15.137684106826782,-11.009793758392334,0.21428571428571427
33205,0,0,49863,-15.137684106826782,-11.009793758392334,0.21428571428571427
33206,0,0,49862,-15.137684106826782,-11.009793758392334,0.21428571428571427
33207,0,0,49861,-15.137684106826782,-11.009793758392334,0.21428571428571427
33208,0,0,49860,-15.137684106826782,-11.009793758392334,0.21428571428571427
33209,0,0,49859,-15.137684106826782,-11.009793758392334,0.21428571428571427
33210,0,0,49858,-15.137684106826782,-11.009793758392334,0.21428571428571427
33211,0,0,49857,-15.137684106826782,-11.009793758392334,0.21428571428571427
33212,0,0,49856,-15.137684106826782,-11.009793758392334,0.21428571428571427
33213,0,0,49855,-15.137684106826782,-11.009793758392334,0.21428571428571427
33214,0,0,49854,-15.137684106826782,-11.009793758392334,0.21428571428571427
33215,0,0,49853,-15.137684106826782,-11.009793758392334,0.21428571428571427
33216,0,0,49852,-15.137684106826782,-11.009793758392334,0.21428571428571427
33217,0,0,49851,-15.137684106826782,-11.009793758392334,0.21428571428571427
33218,0,0,49850,-15.137684106826782,-11.009793758392334,0.21428571428571427
33219,0,0,49871,-15.137684106826782,-11.009793758392334,0.21428571428571427
33220,0,0,49872,-15.137684106826782,-11.009793758392334,0.21428571428571427
33221,0,0,49873,-15.137684106826782,-11.009793758392334,0.21428571428571427
33222,0,0,49885,-15.137684106826782,-11.009793758392334,0.21428571428571427
33223,0,0,49894,-15.137684106826782,-11.009793758392334,0.21428571428571427
33224,0,0,49893,-15.137684106826782,-11.009793758392334,0.21428571428571427
33225,0,0,49892,-15.137684106826782,-11.009793758392334,0.21428571428571427
33226,0,0,49891,-15.137684106826782,-11.009793758392334,0.21428571428571427
33227,0,0,49890,-15.137684106826782,-11.009793758392334,0.21428571428571427
33228,0,0,49889,-15.137684106826782,-11.009793758392334,0.21428571428571427
33229,0,0,49888,-15.137684106826782,-11.009793758392334,0.21428571428571427
33230,0,0,49887,-15.137684106826782,-11.009793758392334,0.21428571428571427
33231,0,0,49886,-15.137684106826782,-11.009793758392334,0.21428571428571427
33232,0,0,49884,-15.137684106826782,-11.009793758392334,0.21428571428571427
33233,0,0,49874,-15.137684106826782,-11.009793758392334,0.21428571428571427
33234,0,0,49883,-15.137684106826782,-11.009793758392334,0.21428571428571427
33235,0,0,49882,-15.137684106826782,-11.009793758392334,0.21428571428571427
33236,0,0,49881,-15.137684106826782,-11.009793758392334,0.21428571428571427
33237,0,0,49880,-15.137684106826782,-11.009793758392334,0.21428571428571427
33238,0,0,49879,-15.137684106826782,-11.009793758392334,0.21428571428571427
33239,0,0,49878,-15.137684106826782,-11.009793758392334,0.21428571428571427
33240,0,0,49877,-15.137684106826782,-11.009793758392334,0.21428571428571427
33241,0,0,49876,-15.137684106826782,-11.009793758392334,0.21428571428571427
33242,0,0,49875,-15.137684106826782,-11.009793758392334,0.21428571428571427
33243,0,0,49849,-15.137684106826782,-11.009793758392334,0.21428571428571427
33244,0,0,49847,-15.137684106826782,-11.009793758392334,0.21428571428571427
33245,0,0,49800,-15.137684106826782,-11.009793758392334,0.21428571428571427
33246,0,0,49846,-15.137684106826782,-11.009793758392334,0.21428571428571427
33247,0,0,49821,-15.137684106826782,-11.009793758392334,0.21428571428571427
33248,0,0,49820,-15.137684106826782,-11.009793758392334,0.21428571428571427
33249,0,0,49819,-15.137684106826782,-11.009793758392334,0.21428571428571427
33250,0,0,49818,-15.137684106826782,-11.009793758392334,0.21428571428571427
33251,0,0,49817,-15.137684106826782,-11.009793758392334,0.21428571428571427
33252,0,0,49816,-15.137684106826782,-11.009793758392334,0.21428571428571427
33253,0,0,49815,-15.137684106826782,-11.009793758392334,0.21428571428571427
33254,0,0,49814,-15.137684106826782,-11.009793758392334,0.21428571428571427
33255,0,0,49813,-15.137684106826782,-11.009793758392334,0.21428571428571427
33256,0,0,49812,-15.137684106826782,-11.009793758392334,0.21428571428571427
33257,0,0,49811,-15.137684106826782,-11.009793758392334,0.21428571428571427
33258,0,0,49810,-15.137684106826782,-11.009793758392334,0.21428571428571427
33259,0,0,49809,-15.137684106826782,-11.009793758392334,0.21428571428571427
33260,0,0,49808,-15.137684106826782,-11.009793758392334,0.21428571428571427
33261,0,0,49807,-15.137684106826782,-11.009793758392334,0.21428571428571427
33262,0,0,49806,-15.137684106826782,-11.009793758392334,0.21428571428571427
33263,0,0,49805,-15.137684106826782,-11.009793758392334,0.21428571428571427
33264,0,0,49804,-15.137684106826782,-11.009793758392334,0.21428571428571427
33265,0,0,49803,-15.137684106826782,-11.009793758392334,0.21428571428571427
33266,0,0,49802,-15.137684106826782,-11.009793758392334,0.21428571428571427
33267,0,0,49801,-15.137684106826782,-11.009793758392334,0.21428571428571427
33268,0,0,49822,-15.137684106826782,-11.009793758392334,0.21428571428571427
33269,0,0,49823,-15.137684106826782,-11.009793758392334,0.21428571428571427
33270,0,0,49824,-15.137684106826782,-11.009793758392334,0.21428571428571427
33271,0,0,49836,-15.137684106826782,-11.009793758392334,0.21428571428571427
33272,0,0,49845,-15.137684106826782,-11.009793758392334,0.21428571428571427
33273,0,0,49844,-15.137684106826782,-11.009793758392334,0.21428571428571427
33274,0,0,49843,-15.137684106826782,-11.009793758392334,0.21428571428571427
33275,0,0,49842,-15.137684106826782,-11.009793758392334,0.21428571428571427
33276,0,0,49841,-15.137684106826782,-11.009793758392334,0.21428571428571427
33277,0,0,49840,-15.137684106826782,-11.009793758392334,0.21428571428571427
33278,0,0,49839,-15.137684106826782,-11.009793758392334,0.21428571428571427
33279,0,0,49838,-15.137684106826782,-11.009793758392334,0.21428571428571427
33280,0,0,49837,-15.137684106826782,-11.009793758392334,0.21428571428571427
33281,0,0,49835,-15.137684106826782,-11.009793758392334,0.21428571428571427
33282,0,0,49825,-15.137684106826782,-11.009793758392334,0.21428571428571427
33283,0,0,49834,-15.137684106826782,-11.009793758392334,0.21428571428571427
33284,0,0,49833,-15.137684106826782,-11.009793758392334,0.21428571428571427
33285,0,0,49832,-15.137684106826782,-11.009793758392334,0.21428571428571427
33286,0,0,49831,-15.137684106826782,-11.009793758392334,0.21428571428571427
33287,0,0,49830,-15.137684106826782,-11.009793758392334,0.21428571428571427
33288,0,0,49829,-15.137684106826782,-11.009793758392334,0.21428571428571427
33289,0,0,49828,-15.137684106826782,-11.009793758392334,0.21428571428571427
33290,0,0,49827,-15.137684106826782,-11.009793758392334,0.21428571428571427
33291,0,0,49826,-15.137684106826782,-11.009793758392334,0.21428571428571427
33292,0,0,49895,-15.137684106826782,-11.009793758392334,0.21428571428571427
33293,0,0,49896,-15.137684106826782,-11.009793758392334,0.21428571428571427
33294,1,0,49897,-15.137684106826782,-11.009793758392334,0.21428571428571427
33295,0,0,49898,-15.137684106826782,-11.009793758392334,0.21428571428571427
33296,0,0,49967,-15.137684106826782,-11.009793758392334,0.21428571428571427
33297,0,0,49966,-15.137684106826782,-11.009793758392334,0.21428571428571427
33298,0,0,49965,-15.137684106826782,-11.009793758392334,0.21428571428571427
33299,0,0,49964,-15.137684106826782,-11.009793758392334,0.21428571428571427
33300,0,0,49963,-15.137684106826782,-11.009793758392334,0.21428571428571427
33301,0,0,49962,-15.137684106826782,-11.009793758392334,0.21428571428571427
33302,0,0,49961,-15.137684106826782,-11.009793758392334,0.21428571428571427
33303,0,0,49960,-15.137684106826782,-11.009793758392334,0.21428571428571427
33304,0,0,49959,-15.137684106826782,-11.009793758392334,0.21428571428571427
33305,0,0,49957,-15.137684106826782,-11.009793758392334,0.21428571428571427
33306,0,0,49947,-15.137684106826782,-11.009793758392334,0.21428571428571427
33307,0,0,49956,-15.137684106826782,-11.009793758392334,0.21428571428571427
33308,0,0,49955,-15.137684106826782,-11.009793758392334,0.21428571428571427
33309,0,0,49954,-15.137684106826782,-11.009793758392334,0.21428571428571427
33310,0,0,49953,-15.137684106826782,-11.009793758392334,0.21428571428571427
33311,0,0,49952,-15.137684106826782,-11.009793758392334,0.21428571428571427
33312,0,0,49951,-15.137684106826782,-11.009793758392334,0.21428571428571427
33313,0,0,49950,-15.137684106826782,-11.009793758392334,0.21428571428571427
33314,0,0,49949,-15.137684106826782,-11.009793758392334,0.21428571428571427
33315,0,0,49948,-15.137684106826782,-11.009793758392334,0.21428571428571427
33316,0,0,49968,-15.137684106826782,-11.009793758392334,0.21428571428571427
33317,0,0,49958,-15.137684106826782,-11.009793758392334,0.21428571428571427
33318,0,0,49969,-15.137684106826782,-11.009793758392334,0.21428571428571427
33319,0,0,49982,-15.137684106826782,-11.009793758392334,0.21428571428571427
33320,0,0,49991,-15.137684106826782,-11.009793758392334,0.21428571428571427
33321,0,0,49990,-15.137684106826782,-11.009793758392334,0.21428571428571427
33322,0,0,49989,-15.137684106826782,-11.009793758392334,0.21428571428571427
33323,0,0,49988,-15.137684106826782,-11.009793758392334,0.21428571428571427
33324,0,0,49987,-15.137684106826782,-11.009793758392334,0.21428571428571427
33325,0,0,49986,-15.137684106826782,-11.009793758392334,0.21428571428571427
33326,0,0,49985,-15.137684106826782,-11.009793758392334,0.21428571428571427
33327,0,0,49984,-15.137684106826782,-11.009793758392334,0.21428571428571427
33328,0,0,49983,-15.137684106826782,-11.009793758392334,0.21428571428571427
33329,0,0,49981,-15.137684106826782,-11.009793758392334,0.21428571428571427
33330,0,0,49971,-15.137684106826782,-11.009793758392334,0.21428571428571427
33331,0,0,49980,-15.137684106826782,-11.009793758392334,0.21428571428571427
33332,0,0,49979,-15.137684106826782,-11.009793758392334,0.21428571428571427
33333,0,0,49978,-15.137684106826782,-11.009793758392334,0.21428571428571427
33334,0,0,49977,-15.137684106826782,-11.009793758392334,0.21428571428571427
33335,0,0,49976,-15.137684106826782,-11.009793758392334,0.21428571428571427
33336,0,0,49975,-15.137684106826782,-11.009793758392334,0.21428571428571427
33337,0,0,49974,-15.137684106826782,-11.009793758392334,0.21428571428571427
33338,0,0,49973,-15.137684106826782,-11.009793758392334,0.21428571428571427
33339,0,0,49972,-15.137684106826782,-11.009793758392334,0.21428571428571427
33340,0,0,49970,-15.137684106826782,-11.009793758392334,0.21428571428571427
33341,0,0,49946,-15.137684106826782,-11.009793758392334,0.21428571428571427
33342,0,0,49945,-15.137684106826782,-11.009793758392334,0.21428571428571427
33343,0,0,49944,-15.137684106826782,-11.009793758392334,0.21428571428571427
33344,0,0,49919,-15.137684106826782,-11.009793758392334,0.21428571428571427
33345,0,0,49918,-15.137684106826782,-11.009793758392334,0.21428571428571427
33346,0,0,49917,-15.137684106826782,-11.009793758392334,0.21428571428571427
33347,0,0,49916,-15.137684106826782,-11.009793758392334,0.21428571428571427
33348,0,0,49915,-15.137684106826782,-11.009793758392334,0.21428571428571427
33349,0,0,49914,-15.137684106826782,-11.009793758392334,0.21428571428571427
33350,0,0,49913,-15.137684106826782,-11.009793758392334,0.21428571428571427
33351,0,0,49912,-15.137684106826782,-11.009793758392334,0.21428571428571427
33352,0,0,49911,-15.137684106826782,-11.009793758392334,0.21428571428571427
33353,0,0,49910,-15.137684106826782,-11.009793758392334,0.21428571428571427
33354,0,0,49909,-15.137684106826782,-11.009793758392334,0.21428571428571427
33355,0,0,49908,-15.137684106826782,-11.009793758392334,0.21428571428571427
33356,0,0,49907,-15.137684106826782,-11.009793758392334,0.21428571428571427
33357,0,0,49906,-15.137684106826782,-11.009793758392334,0.21428571428571427
33358,0,0,49905,-15.137684106826782,-11.009793758392334,0.21428571428571427
33359,0,0,49904,-15.137684106826782,-11.009793758392334,0.21428571428571427
33360,0,0,49903,-15.137684106826782,-11.009793758392334,0.21428571428571427
33361,0,0,49902,-15.137684106826782,-11.009793758392334,0.21428571428571427
33362,0,0,49901,-15.137684106826782,-11.009793758392334,0.21428571428571427
33363,0,0,49900,-15.137684106826782,-11.009793758392334,0.21428571428571427
33364,0,0,49899,-15.137684106826782,-11.009793758392334,0.21428571428571427
33365,0,0,49920,-15.137684106826782,-11.009793758392334,0.21428571428571427
33366,0,0,49921,-15.137684106826782,-11.009793758392334,0.21428571428571427
33367,0,0,49922,-15.137684106826782,-11.009793758392334,0.21428571428571427
33368,0,0,49934,-15.137684106826782,-11.009793758392334,0.21428571428571427
33369,0,0,49943,-15.137684106826782,-11.009793758392334,0.21428571428571427
33370,0,0,49942,-15.137684106826782,-11.009793758392334,0.21428571428571427
33371,0,0,49941,-15.137684106826782,-11.009793758392334,0.21428571428571427
33372,0,0,49940,-15.137684106826782,-11.009793758392334,0.21428571428571427
33373,0,0,49939,-15.137684106826782,-11.009793758392334,0.21428571428571427
33374,0,0,49938,-15.137684106826782,-11.009793758392334,0.21428571428571427
33375,0,0,49937,-15.137684106826782,-11.009793758392334,0.21428571428571427
33376,0,0,49936,-15.137684106826782,-11.009793758392334,0.21428571428571427
33377,0,0,49935,-15.137684106826782,-11.009793758392334,0.21428571428571427
33378,0,0,49933,-15.137684106826782,-11.009793758392334,0.21428571428571427
33379,0,0,49923,-15.137684106826782,-11.009793758392334,0.21428571428571427
33380,0,0,49932,-15.137684106826782,-11.009793758392334,0.21428571428571427
33381,0,0,49931,-15.137684106826782,-11.009793758392334,0.21428571428571427
33382,0,0,49930,-15.137684106826782,-11.009793758392334,0.21428571428571427
33383,0,0,49929,-15.137684106826782,-11.009793758392334,0.21428571428571427
33384,0,0,49928,-15.137684106826782,-11.009793758392334,0.21428571428571427
33385,0,0,49927,-15.137684106826782,-11.009793758392334,0.21428571428571427
33386,0,0,49926,-15.137684106826782,-11.009793758392334,0.21428571428571427
33387,0,0,49925,-15.137684106826782,-11.009793758392334,0.21428571428571427
33388,0,0,49924,-15.137684106826782,-11.009793758392334,0.21428571428571427
33389,0,0,49848,-15.137684106826782,-11.009793758392334,0.21428571428571427
33390,0,0,49798,-15.137684106826782,-11.009793758392334,0.21428571428571427
33391,0,0,49653,-15.137684106826782,-11.009793758392334,0.21428571428571427
33392,0,0,49797,-15.137684106826782,-11.009793758392334,0.21428571428571427
33393,0,0,49675,-15.137684106826782,-11.009793758392334,0.21428571428571427
33394,0,0,49674,-15.137684106826782,-11.009793758392334,0.21428571428571427
33395,0,0,49673,-15.137684106826782,-11.009793758392334,0.21428571428571427
33396,0,0,49672,-15.137684106826782,-11.009793758392334,0.21428571428571427
33397,0,0,49671,-15.137684106826782,-11.009793758392334,0.21428571428571427
33398,0,0,49670,-15.137684106826782,-11.009793758392334,0.21428571428571427
33399,0,0,49669,-15.137684106826782,-11.009793758392334,0.21428571428571427
33400,0,0,49668,-15.137684106826782,-11.009793758392334,0.21428571428571427
33401,0,0,49667,-15.137684106826782,-11.009793758392334,0.21428571428571427
33402,0,0,49666,-15.137684106826782,-11.009793758392334,0.21428571428571427
33403,0,0,49665,-15.137684106826782,-11.009793758392334,0.21428571428571427
33404,0,0,49664,-15.137684106826782,-11.009793758392334,0.21428571428571427
33405,0,0,49663,-15.137684106826782,-11.009793758392334,0.21428571428571427
33406,0,0,49662,-15.137684106826782,-11.009793758392334,0.21428571428571427
33407,0,0,49661,-15.137684106826782,-11.009793758392334,0.21428571428571427
33408,0,0,49660,-15.137684106826782,-11.009793758392334,0.21428571428571427
33409,0,0,49659,-15.137684106826782,-11.009793758392334,0.21428571428571427
33410,0,0,49658,-15.137684106826782,-11.009793758392334,0.21428571428571427
33411,0,0,49657,-15.137684106826782,-11.009793758392334,0.21428571428571427
33412,0,0,49656,-15.137684106826782,-11.009793758392334,0.21428571428571427
33413,0,0,49655,-15.137684106826782,-11.009793758392334,0.21428571428571427
33414,0,0,49676,-15.137684106826782,-11.009793758392334,0.21428571428571427
33415,0,0,49677,-15.137684106826782,-11.009793758392334,0.21428571428571427
33416,0,0,49678,-15.137684106826782,-11.009793758392334,0.21428571428571427
33417,0,0,49690,-15.137684106826782,-11.009793758392334,0.21428571428571427
33418,0,0,49699,-15.137684106826782,-11.009793758392334,0.21428571428571427
33419,0,0,49698,-15.137684106826782,-11.009793758392334,0.21428571428571427
33420,0,0,49697,-15.137684106826782,-11.009793758392334,0.21428571428571427
33421,0,0,49696,-15.137684106826782,-11.009793758392334,0.21428571428571427
33422,0,0,49695,-15.137684106826782,-11.009793758392334,0.21428571428571427
33423,0,0,49694,-15.137684106826782,-11.009793758392334,0.21428571428571427
33424,0,0,49693,-15.137684106826782,-11.009793758392334,0.21428571428571427
33425,0,0,49692,-15.137684106826782,-11.009793758392334,0.21428571428571427
33426,0,0,49691,-15.137684106826782,-11.009793758392334,0.21428571428571427
33427,0,0,49689,-15.137684106826782,-11.009793758392334,0.21428571428571427
33428,0,0,49679,-15.137684106826782,-11.009793758392334,0.21428571428571427
33429,0,0,49688,-15.137684106826782,-11.009793758392334,0.21428571428571427
33430,0,0,49687,-15.137684106826782,-11.009793758392334,0.21428571428571427
33431,0,0,49686,-15.137684106826782,-11.009793758392334,0.21428571428571427
33432,0,0,49685,-15.137684106826782,-11.009793758392334,0.21428571428571427
33433,0,0,49684,-15.137684106826782,-11.009793758392334,0.21428571428571427
33434,0,0,49683,-15.137684106826782,-11.009793758392334,0.21428571428571427
33435,0,0,49682,-15.137684106826782,-11.009793758392334,0.21428571428571427
33436,0,0,49681,-15.137684106826782,-11.009793758392334,0.21428571428571427
33437,0,0,49680,-15.137684106826782,-11.009793758392334,0.21428571428571427
33438,0,0,49654,-15.137684106826782,-11.009793758392334,0.21428571428571427
33439,0,0,49652,-15.137684106826782,-11.009793758392334,0.21428571428571427
33440,0,0,49605,-15.137684106826782,-11.009793758392334,0.21428571428571427
33441,0,0,49651,-15.137684106826782,-11.009793758392334,0.21428571428571427
33442,0,0,49626,-15.137684106826782,-11.009793758392334,0.21428571428571427
33443,0,0,49625,-15.137684106826782,-11.009793758392334,0.21428571428571427
33444,0,0,49624,-15.137684106826782,-11.009793758392334,0.21428571428571427
33445,0,0,49623,-15.137684106826782,-11.009793758392334,0.21428571428571427
33446,0,0,49622,-15.137684106826782,-11.009793758392334,0.21428571428571427
33447,0,0,49621,-15.137684106826782,-11.009793758392334,0.21428571428571427
33448,0,0,49620,-15.137684106826782,-11.009793758392334,0.21428571428571427
33449,0,0,49619,-15.137684106826782,-11.009793758392334,0.21428571428571427
33450,0,0,49618,-15.137684106826782,-11.009793758392334,0.21428571428571427
33451,0,0,49617,-15.137684106826782,-11.009793758392334,0.21428571428571427
33452,0,0,49616,-15.137684106826782,-11.009793758392334,0.21428571428571427
33453,0,0,49615,-15.137684106826782,-11.009793758392334,0.21428571428571427
33454,0,0,49614,-15.137684106826782,-11.009793758392334,0.21428571428571427
33455,0,0,49613,-15.137684106826782,-11.009793758392334,0.21428571428571427
33456,0,0,49612,-15.137684106826782,-11.009793758392334,0.21428571428571427
33457,0,0,49611,-15.137684106826782,-11.009793758392334,0.21428571428571427
33458,0,0,49610,-15.137684106826782,-11.009793758392334,0.21428571428571427
33459,0,0,49609,-15.137684106826782,-11.009793758392334,0.21428571428571427
33460,0,0,49608,-15.137684106826782,-11.009793758392334,0.21428571428571427
33461,0,0,49607,-15.137684106826782,-11.009793758392334,0.21428571428571427
33462,0,0,49606,-15.137684106826782,-11.009793758392334,0.21428571428571427
33463,0,0,49627,-15.137684106826782,-11.009793758392334,0.21428571428571427
33464,0,0,49628,-15.137684106826782,-11.009793758392334,0.21428571428571427
33465,0,0,49629,-15.137684106826782,-11.009793758392334,0.21428571428571427
33466,0,0,49641,-15.137684106826782,-11.009793758392334,0.21428571428571427
33467,0,0,49650,-15.137684106826782,-11.009793758392334,0.21428571428571427
33468,0,0,49649,-15.137684106826782,-11.009793758392334,0.21428571428571427
33469,0,0,49648,-15.137684106826782,-11.009793758392334,0.21428571428571427
33470,0,0,49647,-15.137684106826782,-11.009793758392334,0.21428571428571427
33471,0,0,49646,-15.137684106826782,-11.009793758392334,0.21428571428571427
33472,0,0,49645,-15.137684106826782,-11.009793758392334,0.21428571428571427
33473,0,0,49644,-15.137684106826782,-11.009793758392334,0.21428571428571427
33474,0,0,49643,-15.137684106826782,-11.009793758392334,0.21428571428571427
33475,0,0,49642,-15.137684106826782,-11.009793758392334,0.21428571428571427
33476,0,0,49640,-15.137684106826782,-11.009793758392334,0.21428571428571427
33477,0,0,49630,-15.137684106826782,-11.009793758392334,0.21428571428571427
33478,0,0,49639,-15.137684106826782,-11.009793758392334,0.21428571428571427
33479,0,0,49638,-15.137684106826782,-11.009793758392334,0.21428571428571427
33480,0,0,49637,-15.137684106826782,-11.009793758392334,0.21428571428571427
33481,0,0,49636,-15.137684106826782,-11.009793758392334,0.21428571428571427
33482,0,0,49635,-15.137684106826782,-11.009793758392334,0.21428571428571427
33483,0,0,49634,-15.137684106826782,-11.009793758392334,0.21428571428571427
33484,0,0,49633,-15.137684106826782,-11.009793758392334,0.21428571428571427
33485,0,0,49632,-15.137684106826782,-11.009793758392334,0.21428571428571427
33486,0,0,49631,-15.137684106826782,-11.009793758392334,0.21428571428571427
33487,0,0,49700,-15.137684106826782,-11.009793758392334,0.21428571428571427
33488,0,0,49701,-15.137684106826782,-11.009793758392334,0.21428571428571427
33489,0,0,49702,-15.137684106826782,-11.009793758392334,0.21428571428571427
33490,0,0,49703,-15.137684106826782,-11.009793758392334,0.21428571428571427
33491,0,0,49772,-15.137684106826782,-11.009793758392334,0.21428571428571427
33492,0,0,49771,-15.137684106826782,-11.009793758392334,0.21428571428571427
33493,0,0,49770,-15.137684106826782,-11.009793758392334,0.21428571428571427
33494,0,0,49769,-15.137684106826782,-11.009793758392334,0.21428571428571427
33495,0,0,49768,-15.137684106826782,-11.009793758392334,0.21428571428571427
33496,0,0,49767,-15.137684106826782,-11.009793758392334,0.21428571428571427
33497,0,0,49766,-15.137684106826782,-11.009793758392334,0.21428571428571427
33498,0,0,49765,-15.137684106826782,-11.009793758392334,0.21428571428571427
33499,0,0,49764,-15.137684106826782,-11.009793758392334,0.21428571428571427
33500,0,0,49762,-15.137684106826782,-11.009793758392334,0.21428571428571427
33501,0,0,49752,-15.137684106826782,-11.009793758392334,0.21428571428571427
33502,0,0,49761,-15.137684106826782,-11.009793758392334,0.21428571428571427
33503,0,0,49760,-15.137684106826782,-11.009793758392334,0.21428571428571427
33504,0,0,49759,-15.137684106826782,-11.009793758392334,0.21428571428571427
33505,0,0,49758,-15.137684106826782,-11.009793758392334,0.21428571428571427
33506,0,0,49757,-15.137684106826782,-11.009793758392334,0.21428571428571427
33507,0,0,49756,-15.137684106826782,-11.009793758392334,0.21428571428571427
33508,0,0,49755,-15.137684106826782,-11.009793758392334,0.21428571428571427
33509,0,0,49754,-15.137684106826782,-11.009793758392334,0.21428571428571427
33510,0,0,49753,-15.137684106826782,-11.009793758392334,0.21428571428571427
33511,0,0,49773,-15.137684106826782,-11.009793758392334,0.21428571428571427
33512,0,0,49763,-15.137684106826782,-11.009793758392334,0.21428571428571427
33513,0,0,49774,-15.137684106826782,-11.009793758392334,0.21428571428571427
33514,0,0,49787,-15.137684106826782,-11.009793758392334,0.21428571428571427
33515,0,0,49796,-15.137684106826782,-11.009793758392334,0.21428571428571427
33516,0,0,49795,-15.137684106826782,-11.009793758392334,0.21428571428571427
33517,0,0,49794,-15.137684106826782,-11.009793758392334,0.21428571428571427
33518,0,0,49793,-15.137684106826782,-11.009793758392334,0.21428571428571427
33519,0,0,49792,-15.137684106826782,-11.009793758392334,0.21428571428571427
33520,0,0,49791,-15.137684106826782,-11.009793758392334,0.21428571428571427
33521,0,0,49790,-15.137684106826782,-11.009793758392334,0.21428571428571427
33522,0,0,49789,-15.137684106826782,-11.009793758392334,0.21428571428571427
33523,0,0,49788,-15.137684106826782,-11.009793758392334,0.21428571428571427
33524,0,0,49786,-15.137684106826782,-11.009793758392334,0.21428571428571427
33525,0,0,49776,-15.137684106826782,-11.009793758392334,0.21428571428571427
33526,0,0,49785,-15.137684106826782,-11.009793758392334,0.21428571428571427
33527,0,0,49784,-15.137684106826782,-11.009793758392334,0.21428571428571427
33528,0,0,49783,-15.137684106826782,-11.009793758392334,0.21428571428571427
33529,0,0,49782,-15.137684106826782,-11.009793758392334,0.21428571428571427
33530,0,0,49781,-15.137684106826782,-11.009793758392334,0.21428571428571427
33531,0,0,49780,-15.137684106826782,-11.009793758392334,0.21428571428571427
33532,0,0,49779,-15.137684106826782,-11.009793758392334,0.21428571428571427
33533,0,0,49778,-15.137684106826782,-11.009793758392334,0.21428571428571427
33534,0,0,49777,-15.137684106826782,-11.009793758392334,0.21428571428571427
33535,0,0,49775,-15.137684106826782,-11.009793758392334,0.21428571428571427
33536,0,0,49751,-15.137684106826782,-11.009793758392334,0.21428571428571427
33537,0,0,49750,-15.137684106826782,-11.009793758392334,0.21428571428571427
33538,0,0,49749,-15.137684106826782,-11.009793758392334,0.21428571428571427
33539,0,0,49724,-15.137684106826782,-11.009793758392334,0.21428571428571427
33540,0,0,49723,-15.137684106826782,-11.009793758392334,0.21428571428571427
33541,0,0,49722,-15.137684106826782,-11.009793758392334,0.21428571428571427
33542,0,0,49721,-15.137684106826782,-11.009793758392334,0.21428571428571427
33543,0,0,49720,-15.137684106826782,-11.009793758392334,0.21428571428571427
33544,0,0,49719,-15.137684106826782,-11.009793758392334,0.21428571428571427
33545,0,0,49718,-15.137684106826782,-11.009793758392334,0.21428571428571427
33546,0,0,49717,-15.137684106826782,-11.009793758392334,0.21428571428571427
33547,0,0,49716,-15.137684106826782,-11.009793758392334,0.21428571428571427
33548,0,0,49715,-15.137684106826782,-11.009793758392334,0.21428571428571427
33549,0,0,49714,-15.137684106826782,-11.009793758392334,0.21428571428571427
33550,0,0,49713,-15.137684106826782,-11.009793758392334,0.21428571428571427
33551,0,0,49712,-15.137684106826782,-11.009793758392334,0.21428571428571427
33552,0,0,49711,-15.137684106826782,-11.009793758392334,0.21428571428571427
33553,0,0,49710,-15.137684106826782,-11.009793758392334,0.21428571428571427
33554,0,0,49709,-15.137684106826782,-11.009793758392334,0.21428571428571427
33555,0,0,49708,-15.137684106826782,-11.009793758392334,0.21428571428571427
33556,0,0,49707,-15.137684106826782,-11.009793758392334,0.21428571428571427
33557,0,0,49706,-15.137684106826782,-11.009793758392334,0.21428571428571427
33558,0,0,49705,-15.137684106826782,-11.009793758392334,0.21428571428571427
33559,0,0,49704,-15.137684106826782,-11.009793758392334,0.21428571428571427
33560,0,0,49725,-15.137684106826782,-11.009793758392334,0.21428571428571427
33561,0,0,49726,-15.137684106826782,-11.009793758392334,0.21428571428571427
33562,0,0,49727,-15.137684106826782,-11.009793758392334,0.21428571428571427
33563,0,0,49739,-15.137684106826782,-11.009793758392334,0.21428571428571427
33564,0,0,49748,-15.137684106826782,-11.009793758392334,0.21428571428571427
33565,0,0,49747,-15.137684106826782,-11.009793758392334,0.21428571428571427
33566,0,0,49746,-15.137684106826782,-11.009793758392334,0.21428571428571427
33567,0,0,49745,-15.137684106826782,-11.009793758392334,0.21428571428571427
33568,0,0,49744,-15.137684106826782,-11.009793758392334,0.21428571428571427
33569,0,0,49743,-15.137684106826782,-11.009793758392334,0.21428571428571427
33570,0,0,49742,-15.137684106826782,-11.009793758392334,0.21428571428571427
33571,0,0,49741,-15.137684106826782,-11.009793758392334,0.21428571428571427
33572,0,0,49740,-15.137684106826782,-11.009793758392334,0.21428571428571427
33573,0,0,49738,-15.137684106826782,-11.009793758392334,0.21428571428571427
33574,0,0,49728,-15.137684106826782,-11.009793758392334,0.21428571428571427
33575,0,0,49737,-15.137684106826782,-11.009793758392334,0.21428571428571427
33576,0,0,49736,-15.137684106826782,-11.009793758392334,0.21428571428571427
33577,0,0,49735,-15.137684106826782,-11.009793758392334,0.21428571428571427
33578,0,0,49734,-15.137684106826782,-11.009793758392334,0.21428571428571427
33579,0,0,49733,-15.137684106826782,-11.009793758392334,0.21428571428571427
33580,0,0,49732,-15.137684106826782,-11.009793758392334,0.21428571428571427
33581,0,0,49731,-15.137684106826782,-11.009793758392334,0.21428571428571427
33582,0,0,49730,-15.137684106826782,-11.009793758392334,0.21428571428571427
33583,0,0,49729,-15.137684106826782,-11.009793758392334,0.21428571428571427
33584,0,0,49311,-15.137684106826782,-11.009793758392334,0.21428571428571427
33585,0,0,49212,-15.137684106826782,-11.009793758392334,0.21428571428571427
33586,0,0,48530,-15.137684106826782,-11.009793758392334,0.21428571428571427
33587,0,0,49211,-15.137684106826782,-11.009793758392334,0.21428571428571427
33588,0,0,48699,-15.137684106826782,-11.009793758392334,0.21428571428571427
33589,0,0,48698,-15.137684106826782,-11.009793758392334,0.21428571428571427
33590,0,0,48697,-15.137684106826782,-11.009793758392334,0.21428571428571427
33591,0,0,48696,-15.137684106826782,-11.009793758392334,0.21428571428571427
33592,0,0,48695,-15.137684106826782,-11.009793758392334,0.21428571428571427
33593,0,0,48694,-15.137684106826782,-11.009793758392334,0.21428571428571427
33594,0,0,48693,-15.137684106826782,-11.009793758392334,0.21428571428571427
33595,0,0,48692,-15.137684106826782,-11.009793758392334,0.21428571428571427
33596,0,0,48691,-15.137684106826782,-11.009793758392334,0.21428571428571427
33597,0,0,48690,-15.137684106826782,-11.009793758392334,0.21428571428571427
33598,0,0,48689,-15.137684106826782,-11.009793758392334,0.21428571428571427
33599,0,0,48688,-15.137684106826782,-11.009793758392334,0.21428571428571427
33600,0,0,48687,-15.137684106826782,-11.009793758392334,0.21428571428571427
33601,0,0,48686,-15.137684106826782,-11.009793758392334,0.21428571428571427
33602,0,0,48685,-15.137684106826782,-11.009793758392334,0.21428571428571427
33603,0,0,48684,-15.137684106826782,-11.009793758392334,0.21428571428571427
33604,0,0,48683,-15.137684106826782,-11.009793758392334,0.21428571428571427
33605,0,0,48682,-15.137684106826782,-11.009793758392334,0.21428571428571427
33606,0,0,48681,-15.137684106826782,-11.009793758392334,0.21428571428571427
33607,0,0,48680,-15.137684106826782,-11.009793758392334,0.21428571428571427
33608,0,0,48679,-15.137684106826782,-11.009793758392334,0.21428571428571427
33609,0,0,48700,-15.137684106826782,-11.009793758392334,0.21428571428571427
33610,0,0,48701,-15.137684106826782,-11.009793758392334,0.21428571428571427
33611,0,0,48702,-15.137684106826782,-11.009793758392334,0.21428571428571427
33612,0,0,48714,-15.137684106826782,-11.009793758392334,0.21428571428571427
33613,0,0,48723,-15.137684106826782,-11.009793758392334,0.21428571428571427
33614,0,0,48722,-15.137684106826782,-11.009793758392334,0.21428571428571427
33615,0,0,48721,-15.137684106826782,-11.009793758392334,0.21428571428571427
33616,0,0,48720,-15.137684106826782,-11.009793758392334,0.21428571428571427
33617,0,0,48719,-15.137684106826782,-11.009793758392334,0.21428571428571427
33618,0,0,48718,-15.137684106826782,-11.009793758392334,0.21428571428571427
33619,0,0,48717,-15.137684106826782,-11.009793758392334,0.21428571428571427
33620,0,0,48716,-15.137684106826782,-11.009793758392334,0.21428571428571427
33621,0,0,48715,-15.137684106826782,-11.009793758392334,0.21428571428571427
33622,0,0,48713,-15.137684106826782,-11.009793758392334,0.21428571428571427
33623,0,0,48703,-15.137684106826782,-11.009793758392334,0.21428571428571427
33624,0,0,48712,-15.137684106826782,-11.009793758392334,0.21428571428571427
33625,0,0,48711,-15.137684106826782,-11.009793758392334,0.21428571428571427
33626,0,0,48710,-15.137684106826782,-11.009793758392334,0.21428571428571427
33627,0,0,48709,-15.137684106826782,-11.009793758392334,0.21428571428571427
33628,0,0,48708,-15.137684106826782,-11.009793758392334,0.21428571428571427
33629,0,0,48707,-15.137684106826782,-11.009793758392334,0.21428571428571427
33630,0,0,48706,-15.137684106826782,-11.009793758392334,0.21428571428571427
33631,0,0,48705,-15.137684106826782,-11.009793758392334,0.21428571428571427
33632,0,0,48704,-15.137684106826782,-11.009793758392334,0.21428571428571427
33633,0,0,48678,-15.137684106826782,-11.009793758392334,0.21428571428571427
33634,0,0,48676,-15.137684106826782,-11.009793758392334,0.21428571428571427
33635,0,0,48629,-15.137684106826782,-11.009793758392334,0.21428571428571427
33636,0,0,48675,-15.137684106826782,-11.009793758392334,0.21428571428571427
33637,0,0,48650,-15.137684106826782,-11.009793758392334,0.21428571428571427
33638,0,0,48649,-15.137684106826782,-11.009793758392334,0.21428571428571427
33639,0,0,48648,-15.137684106826782,-11.009793758392334,0.21428571428571427
33640,0,0,48647,-15.137684106826782,-11.009793758392334,0.21428571428571427
33641,0,0,48646,-15.137684106826782,-11.009793758392334,0.21428571428571427
33642,0,0,48645,-15.137684106826782,-11.009793758392334,0.21428571428571427
33643,0,0,48644,-15.137684106826782,-11.009793758392334,0.21428571428571427
33644,0,0,48643,-15.137684106826782,-11.009793758392334,0.21428571428571427
33645,0,0,48642,-15.137684106826782,-11.009793758392334,0.21428571428571427
33646,0,0,48641,-15.137684106826782,-11.009793758392334,0.21428571428571427
33647,0,0,48640,-15.137684106826782,-11.009793758392334,0.21428571428571427
33648,0,0,48639,-15.137684106826782,-11.009793758392334,0.21428571428571427
33649,0,0,48638,-15.137684106826782,-11.009793758392334,0.21428571428571427
33650,0,0,48637,-15.137684106826782,-11.009793758392334,0.21428571428571427
33651,0,0,48636,-15.137684106826782,-11.009793758392334,0.21428571428571427
33652,0,0,48635,-15.137684106826782,-11.009793758392334,0.21428571428571427
33653,0,0,48634,-15.137684106826782,-11.009793758392334,0.21428571428571427
33654,0,0,48633,-15.137684106826782,-11.009793758392334,0.21428571428571427
33655,0,0,48632,-15.137684106826782,-11.009793758392334,0.21428571428571427
33656,0,0,48631,-15.137684106826782,-11.009793758392334,0.21428571428571427
33657,0,0,48630,-15.137684106826782,-11.009793758392334,0.21428571428571427
33658,0,0,48651,-15.137684106826782,-11.009793758392334,0.21428571428571427
33659,0,0,48652,-15.137684106826782,-11.009793758392334,0.21428571428571427
33660,0,0,48653,-15.137684106826782,-11.009793758392334,0.21428571428571427
33661,0,0,48665,-15.137684106826782,-11.009793758392334,0.21428571428571427
33662,0,0,48674,-15.137684106826782,-11.009793758392334,0.21428571428571427
33663,0,0,48673,-15.137684106826782,-11.009793758392334,0.21428571428571427
33664,0,0,48672,-15.137684106826782,-11.009793758392334,0.21428571428571427
33665,0,0,48671,-15.137684106826782,-11.009793758392334,0.21428571428571427
33666,0,0,48670,-15.137684106826782,-11.009793758392334,0.21428571428571427
33667,0,0,48669,-15.137684106826782,-11.009793758392334,0.21428571428571427
33668,0,0,48668,-15.137684106826782,-11.009793758392334,0.21428571428571427
33669,0,0,48667,-15.137684106826782,-11.009793758392334,0.21428571428571427
33670,0,0,48666,-15.137684106826782,-11.009793758392334,0.21428571428571427
33671,0,0,48664,-15.137684106826782,-11.009793758392334,0.21428571428571427
33672,0,0,48654,-15.137684106826782,-11.009793758392334,0.21428571428571427
33673,0,0,48663,-15.137684106826782,-11.009793758392334,0.21428571428571427
33674,0,0,48662,-15.137684106826782,-11.009793758392334,0.21428571428571427
33675,0,0,48661,-15.137684106826782,-11.009793758392334,0.21428571428571427
33676,0,0,48660,-15.137684106826782,-11.009793758392334,0.21428571428571427
33677,0,0,48659,-15.137684106826782,-11.009793758392334,0.21428571428571427
33678,0,0,48658,-15.137684106826782,-11.009793758392334,0.21428571428571427
33679,0,0,48657,-15.137684106826782,-11.009793758392334,0.21428571428571427
33680,0,0,48656,-15.137684106826782,-11.009793758392334,0.21428571428571427
33681,0,0,48655,-15.137684106826782,-11.009793758392334,0.21428571428571427
33682,0,0,48724,-15.137684106826782,-11.009793758392334,0.21428571428571427
33683,0,0,48725,-15.137684106826782,-11.009793758392334,0.21428571428571427
33684,0,0,48726,-15.137684106826782,-11.009793758392334,0.21428571428571427
33685,0,0,48727,-15.137684106826782,-11.009793758392334,0.21428571428571427
33686,0,0,48796,-15.137684106826782,-11.009793758392334,0.21428571428571427
33687,0,0,48795,-15.137684106826782,-11.009793758392334,0.21428571428571427
33688,0,0,48794,-15.137684106826782,-11.009793758392334,0.21428571428571427
33689,0,0,48793,-15.137684106826782,-11.009793758392334,0.21428571428571427
33690,0,0,48792,-15.137684106826782,-11.009793758392334,0.21428571428571427
33691,0,0,48791,-15.137684106826782,-11.009793758392334,0.21428571428571427
33692,0,0,48790,-15.137684106826782,-11.009793758392334,0.21428571428571427
33693,0,0,48789,-15.137684106826782,-11.009793758392334,0.21428571428571427
33694,0,0,48788,-15.137684106826782,-11.009793758392334,0.21428571428571427
33695,0,0,48786,-15.137684106826782,-11.009793758392334,0.21428571428571427
33696,0,0,48776,-15.137684106826782,-11.009793758392334,0.21428571428571427
33697,0,0,48785,-15.137684106826782,-11.009793758392334,0.21428571428571427
33698,0,0,48784,-15.137684106826782,-11.009793758392334,0.21428571428571427
33699,0,0,48783,-15.137684106826782,-11.009793758392334,0.21428571428571427
33700,0,0,48782,-15.137684106826782,-11.009793758392334,0.21428571428571427
33701,0,0,48781,-15.137684106826782,-11.009793758392334,0.21428571428571427
33702,0,0,48780,-15.137684106826782,-11.009793758392334,0.21428571428571427
33703,0,0,48779,-15.137684106826782,-11.009793758392334,0.21428571428571427
33704,0,0,48778,-15.137684106826782,-11.009793758392334,0.21428571428571427
33705,0,0,48777,-15.137684106826782,-11.009793758392334,0.21428571428571427
33706,0,0,48797,-15.137684106826782,-11.009793758392334,0.21428571428571427
33707,0,0,48787,-15.137684106826782,-11.009793758392334,0.21428571428571427
33708,0,0,48798,-15.137684106826782,-11.009793758392334,0.21428571428571427
33709,0,0,48811,-15.137684106826782,-11.009793758392334,0.21428571428571427
33710,0,0,48820,-15.137684106826782,-11.009793758392334,0.21428571428571427
33711,0,0,48819,-15.137684106826782,-11.009793758392334,0.21428571428571427
33712,0,0,48818,-15.137684106826782,-11.009793758392334,0.21428571428571427
33713,0,0,48817,-15.137684106826782,-11.009793758392334,0.21428571428571427
33714,0,0,48816,-15.137684106826782,-11.009793758392334,0.21428571428571427
33715,0,0,48815,-15.137684106826782,-11.009793758392334,0.21428571428571427
33716,0,0,48814,-15.137684106826782,-11.009793758392334,0.21428571428571427
33717,0,0,48813,-15.137684106826782,-11.009793758392334,0.21428571428571427
33718,0,0,48812,-15.137684106826782,-11.009793758392334,0.21428571428571427
33719,0,0,48810,-15.137684106826782,-11.009793758392334,0.21428571428571427
33720,0,0,48800,-15.137684106826782,-11.009793758392334,0.21428571428571427
33721,0,0,48809,-15.137684106826782,-11.009793758392334,0.21428571428571427
33722,0,0,48808,-15.137684106826782,-11.009793758392334,0.21428571428571427
33723,0,0,48807,-15.137684106826782,-11.009793758392334,0.21428571428571427
33724,0,0,48806,-15.137684106826782,-11.009793758392334,0.21428571428571427
33725,0,0,48805,-15.137684106826782,-11.009793758392334,0.21428571428571427
33726,0,0,48804,-15.137684106826782,-11.009793758392334,0.21428571428571427
33727,0,0,48803,-15.137684106826782,-11.009793758392334,0.21428571428571427
33728,0,0,48802,-15.137684106826782,-11.009793758392334,0.21428571428571427
33729,0,0,48801,-15.137684106826782,-11.009793758392334,0.21428571428571427
33730,0,0,48799,-15.137684106826782,-11.009793758392334,0.21428571428571427
33731,0,0,48775,-15.137684106826782,-11.009793758392334,0.21428571428571427
33732,0,0,48774,-15.137684106826782,-11.009793758392334,0.21428571428571427
33733,0,0,48773,-15.137684106826782,-11.009793758392334,0.21428571428571427
33734,0,0,48748,-15.137684106826782,-11.009793758392334,0.21428571428571427
33735,0,0,48747,-15.137684106826782,-11.009793758392334,0.21428571428571427
33736,0,0,48746,-15.137684106826782,-11.009793758392334,0.21428571428571427
33737,0,0,48745,-15.137684106826782,-11.009793758392334,0.21428571428571427
33738,0,0,48744,-15.137684106826782,-11.009793758392334,0.21428571428571427
33739,0,0,48743,-15.137684106826782,-11.009793758392334,0.21428571428571427
33740,0,0,48742,-15.137684106826782,-11.009793758392334,0.21428571428571427
33741,0,0,48741,-15.137684106826782,-11.009793758392334,0.21428571428571427
33742,0,0,48740,-15.137684106826782,-11.009793758392334,0.21428571428571427
33743,0,0,48739,-15.137684106826782,-11.009793758392334,0.21428571428571427
33744,0,0,48738,-15.137684106826782,-11.009793758392334,0.21428571428571427
33745,0,0,48737,-15.137684106826782,-11.009793758392334,0.21428571428571427
33746,0,0,48736,-15.137684106826782,-11.009793758392334,0.21428571428571427
33747,0,0,48735,-15.137684106826782,-11.009793758392334,0.21428571428571427
33748,0,0,48734,-15.137684106826782,-11.009793758392334,0.21428571428571427
33749,0,0,48733,-15.137684106826782,-11.009793758392334,0.21428571428571427
33750,0,0,48732,-15.137684106826782,-11.009793758392334,0.21428571428571427
33751,0,0,48731,-15.137684106826782,-11.009793758392334,0.21428571428571427
33752,0,0,48730,-15.137684106826782,-11.009793758392334,0.21428571428571427
33753,0,0,48729,-15.137684106826782,-11.009793758392334,0.21428571428571427
33754,0,0,48728,-15.137684106826782,-11.009793758392334,0.21428571428571427
33755,0,0,48749,-15.137684106826782,-11.009793758392334,0.21428571428571427
33756,0,0,48750,-15.137684106826782,-11.009793758392334,0.21428571428571427
33757,0,0,48751,-15.137684106826782,-11.009793758392334,0.21428571428571427
33758,0,0,48763,-15.137684106826782,-11.009793758392334,0.21428571428571427
33759,0,0,48772,-15.137684106826782,-11.009793758392334,0.21428571428571427
33760,0,0,48771,-15.137684106826782,-11.009793758392334,0.21428571428571427
33761,0,0,48770,-15.137684106826782,-11.009793758392334,0.21428571428571427
33762,0,0,48769,-15.137684106826782,-11.009793758392334,0.21428571428571427
33763,0,0,48768,-15.137684106826782,-11.009793758392334,0.21428571428571427
33764,0,0,48767,-15.137684106826782,-11.009793758392334,0.21428571428571427
33765,0,0,48766,-15.137684106826782,-11.009793758392334,0.21428571428571427
33766,0,0,48765,-15.137684106826782,-11.009793758392334,0.21428571428571427
33767,0,0,48764,-15.137684106826782,-11.009793758392334,0.21428571428571427
33768,0,0,48762,-15.137684106826782,-11.009793758392334,0.21428571428571427
33769,0,0,48752,-15.137684106826782,-11.009793758392334,0.21428571428571427
33770,0,0,48761,-15.137684106826782,-11.009793758392334,0.21428571428571427
33771,0,0,48760,-15.137684106826782,-11.009793758392334,0.21428571428571427
33772,0,0,48759,-15.137684106826782,-11.009793758392334,0.21428571428571427
33773,0,0,48758,-15.137684106826782,-11.009793758392334,0.21428571428571427
33774,0,0,48757,-15.137684106826782,-11.009793758392334,0.21428571428571427
33775,0,0,48756,-15.137684106826782,-11.009793758392334,0.21428571428571427
33776,0,0,48755,-15.137684106826782,-11.009793758392334,0.21428571428571427
33777,0,0,48754,-15.137684106826782,-11.009793758392334,0.21428571428571427
33778,0,0,48753,-15.137684106826782,-11.009793758392334,0.21428571428571427
33779,0,0,48677,-15.137684106826782,-11.009793758392334,0.21428571428571427
33780,0,0,48628,-15.137684106826782,-11.009793758392334,0.21428571428571427
33781,0,0,48627,-15.137684106826782,-11.009793758392334,0.21428571428571427
33782,0,0,48626,-15.137684106826782,-11.009793758392334,0.21428571428571427
33783,0,0,48503,-15.137684106826782,-11.009793758392334,0.21428571428571427
33784,0,0,48502,-15.137684106826782,-11.009793758392334,0.21428571428571427
33785,0,0,48501,-15.137684106826782,-11.009793758392334,0.21428571428571427
33786,0,0,48500,-15.137684106826782,-11.009793758392334,0.21428571428571427
33787,0,0,48499,-15.137684106826782,-11.009793758392334,0.21428571428571427
33788,0,0,48498,-15.137684106826782,-11.009793758392334,0.21428571428571427
33789,0,0,48497,-15.137684106826782,-11.009793758392334,0.21428571428571427
33790,0,0,48496,-15.137684106826782,-11.009793758392334,0.21428571428571427
33791,0,0,48495,-15.137684106826782,-11.009793758392334,0.21428571428571427
33792,0,0,48494,-15.137684106826782,-11.009793758392334,0.21428571428571427
33793,0,0,48493,-15.137684106826782,-11.009793758392334,0.21428571428571427
33794,0,0,48492,-15.137684106826782,-11.009793758392334,0.21428571428571427
33795,0,0,48491,-15.137684106826782,-11.009793758392334,0.21428571428571427
33796,0,0,48490,-15.137684106826782,-11.009793758392334,0.21428571428571427
33797,0,0,48489,-15.137684106826782,-11.009793758392334,0.21428571428571427
33798,0,0,48488,-15.137684106826782,-11.009793758392334,0.21428571428571427
33799,0,0,48487,-15.137684106826782,-11.009793758392334,0.21428571428571427
33800,0,0,48486,-15.137684106826782,-11.009793758392334,0.21428571428571427
33801,0,0,48485,-15.137684106826782,-11.009793758392334,0.21428571428571427
33802,0,0,48484,-15.137684106826782,-11.009793758392334,0.21428571428571427
33803,0,0,48483,-15.137684106826782,-11.009793758392334,0.21428571428571427
33804,0,0,48504,-15.137684106826782,-11.009793758392334,0.21428571428571427
33805,0,0,48505,-15.137684106826782,-11.009793758392334,0.21428571428571427
33806,0,0,48506,-15.137684106826782,-11.009793758392334,0.21428571428571427
33807,0,0,48518,-15.137684106826782,-11.009793758392334,0.21428571428571427
33808,0,0,48527,-15.137684106826782,-11.009793758392334,0.21428571428571427
33809,0,0,48526,-15.137684106826782,-11.009793758392334,0.21428571428571427
33810,0,0,48525,-15.137684106826782,-11.009793758392334,0.21428571428571427
33811,0,0,48524,-15.137684106826782,-11.009793758392334,0.21428571428571427
33812,0,0,48523,-15.137684106826782,-11.009793758392334,0.21428571428571427
33813,0,0,48522,-15.137684106826782,-11.009793758392334,0.21428571428571427
33814,0,0,48521,-15.137684106826782,-11.009793758392334,0.21428571428571427
33815,0,0,48520,-15.137684106826782,-11.009793758392334,0.21428571428571427
33816,0,0,48519,-15.137684106826782,-11.009793758392334,0.21428571428571427
33817,0,0,48517,-15.137684106826782,-11.009793758392334,0.21428571428571427
33818,0,0,48507,-15.137684106826782,-11.009793758392334,0.21428571428571427
33819,0,0,48516,-15.137684106826782,-11.009793758392334,0.21428571428571427
33820,0,0,48515,-15.137684106826782,-11.009793758392334,0.21428571428571427
33821,0,0,48514,-15.137684106826782,-11.009793758392334,0.21428571428571427
33822,0,0,48513,-15.137684106826782,-11.009793758392334,0.21428571428571427
33823,0,0,48512,-15.137684106826782,-11.009793758392334,0.21428571428571427
33824,0,0,48511,-15.137684106826782,-11.009793758392334,0.21428571428571427
33825,0,0,48510,-15.137684106826782,-11.009793758392334,0.21428571428571427
33826,0,0,48509,-15.137684106826782,-11.009793758392334,0.21428571428571427
33827,0,0,48508,-15.137684106826782,-11.009793758392334,0.21428571428571427
33828,0,0,48482,-15.137684106826782,-11.009793758392334,0.21428571428571427
33829,0,0,48480,-15.137684106826782,-11.009793758392334,0.21428571428571427
33830,0,0,48433,-15.137684106826782,-11.009793758392334,0.21428571428571427
33831,0,0,48479,-15.137684106826782,-11.009793758392334,0.21428571428571427
33832,0,0,48454,-15.137684106826782,-11.009793758392334,0.21428571428571427
33833,0,0,48453,-15.137684106826782,-11.009793758392334,0.21428571428571427
33834,0,0,48452,-15.137684106826782,-11.009793758392334,0.21428571428571427
33835,0,0,48451,-15.137684106826782,-11.009793758392334,0.21428571428571427
33836,0,0,48450,-15.137684106826782,-11.009793758392334,0.21428571428571427
33837,0,0,48449,-15.137684106826782,-11.009793758392334,0.21428571428571427
33838,0,0,48448,-15.137684106826782,-11.009793758392334,0.21428571428571427
33839,0,0,48447,-15.137684106826782,-11.009793758392334,0.21428571428571427
33840,0,0,48446,-15.137684106826782,-11.009793758392334,0.21428571428571427
33841,0,0,48445,-15.137684106826782,-11.009793758392334,0.21428571428571427
33842,0,0,48444,-15.137684106826782,-11.009793758392334,0.21428571428571427
33843,0,0,48443,-15.137684106826782,-11.009793758392334,0.21428571428571427
33844,0,0,48442,-15.137684106826782,-11.009793758392334,0.21428571428571427
33845,0,0,48441,-15.137684106826782,-11.009793758392334,0.21428571428571427
33846,0,0,48440,-15.137684106826782,-11.009793758392334,0.21428571428571427
33847,0,0,48439,-15.137684106826782,-11.009793758392334,0.21428571428571427
33848,0,0,48438,-15.137684106826782,-11.009793758392334,0.21428571428571427
33849,0,0,48437,-15.137684106826782,-11.009793758392334,0.21428571428571427
33850,0,0,48436,-15.137684106826782,-11.009793758392334,0.21428571428571427
33851,0,0,48435,-15.137684106826782,-11.009793758392334,0.21428571428571427
33852,0,0,48434,-15.137684106826782,-11.009793758392334,0.21428571428571427
33853,0,0,48455,-15.137684106826782,-11.009793758392334,0.21428571428571427
33854,0,0,48456,-15.137684106826782,-11.009793758392334,0.21428571428571427
33855,0,0,48457,-15.137684106826782,-11.009793758392334,0.21428571428571427
33856,0,0,48469,-15.137684106826782,-11.009793758392334,0.21428571428571427
33857,0,0,48478,-15.137684106826782,-11.009793758392334,0.21428571428571427
33858,0,0,48477,-15.137684106826782,-11.009793758392334,0.21428571428571427
33859,0,0,48476,-15.137684106826782,-11.009793758392334,0.21428571428571427
33860,0,0,48475,-15.137684106826782,-11.009793758392334,0.21428571428571427
33861,0,0,48474,-15.137684106826782,-11.009793758392334,0.21428571428571427
33862,0,0,48473,-15.137684106826782,-11.009793758392334,0.21428571428571427
33863,0,0,48472,-15.137684106826782,-11.009793758392334,0.21428571428571427
33864,0,0,48471,-15.137684106826782,-11.009793758392334,0.21428571428571427
33865,0,0,48470,-15.137684106826782,-11.009793758392334,0.21428571428571427
33866,0,0,48468,-15.137684106826782,-11.009793758392334,0.21428571428571427
33867,0,0,48458,-15.137684106826782,-11.009793758392334,0.21428571428571427
33868,0,0,48467,-15.137684106826782,-11.009793758392334,0.21428571428571427
33869,0,0,48466,-15.137684106826782,-11.009793758392334,0.21428571428571427
33870,0,0,48465,-15.137684106826782,-11.009793758392334,0.21428571428571427
33871,0,0,48464,-15.137684106826782,-11.009793758392334,0.21428571428571427
33872,0,0,48463,-15.137684106826782,-11.009793758392334,0.21428571428571427
33873,0,0,48462,-15.137684106826782,-11.009793758392334,0.21428571428571427
33874,0,0,48461,-15.137684106826782,-11.009793758392334,0.21428571428571427
33875,0,0,48460,-15.137684106826782,-11.009793758392334,0.21428571428571427
33876,0,0,48459,-15.137684106826782,-11.009793758392334,0.21428571428571427
33877,0,0,48528,-15.137684106826782,-11.009793758392334,0.21428571428571427
33878,0,0,48481,-15.137684106826782,-11.009793758392334,0.21428571428571427
33879,0,0,48529,-15.137684106826782,-11.009793758392334,0.21428571428571427
33880,0,0,48579,-15.137684106826782,-11.009793758392334,0.21428571428571427
33881,0,0,48601,-15.137684106826782,-11.009793758392334,0.21428571428571427
33882,0,0,48600,-15.137684106826782,-11.009793758392334,0.21428571428571427
33883,0,0,48599,-15.137684106826782,-11.009793758392334,0.21428571428571427
33884,0,0,48598,-15.137684106826782,-11.009793758392334,0.21428571428571427
33885,0,0,48597,-15.137684106826782,-11.009793758392334,0.21428571428571427
33886,0,0,48596,-15.137684106826782,-11.009793758392334,0.21428571428571427
33887,0,0,48595,-15.137684106826782,-11.009793758392334,0.21428571428571427
33888,0,0,48594,-15.137684106826782,-11.009793758392334,0.21428571428571427
33889,0,0,48593,-15.137684106826782,-11.009793758392334,0.21428571428571427
33890,0,0,48592,-15.137684106826782,-11.009793758392334,0.21428571428571427
33891,0,0,48591,-15.137684106826782,-11.009793758392334,0.21428571428571427
33892,0,0,48590,-15.137684106826782,-11.009793758392334,0.21428571428571427
33893,0,0,48589,-15.137684106826782,-11.009793758392334,0.21428571428571427
33894,0,0,48588,-15.137684106826782,-11.009793758392334,0.21428571428571427
33895,0,0,48587,-15.137684106826782,-11.009793758392334,0.21428571428571427
33896,0,0,48586,-15.137684106826782,-11.009793758392334,0.21428571428571427
33897,0,0,48585,-15.137684106826782,-11.009793758392334,0.21428571428571427
33898,0,0,48584,-15.137684106826782,-11.009793758392334,0.21428571428571427
33899,0,0,48583,-15.137684106826782,-11.009793758392334,0.21428571428571427
33900,0,0,48582,-15.137684106826782,-11.009793758392334,0.21428571428571427
33901,0,0,48581,-15.137684106826782,-11.009793758392334,0.21428571428571427
33902,0,0,48602,-15.137684106826782,-11.009793758392334,0.21428571428571427
33903,0,0,48603,-15.137684106826782,-11.009793758392334,0.21428571428571427
33904,0,0,48604,-15.137684106826782,-11.009793758392334,0.21428571428571427
33905,0,0,48616,-15.137684106826782,-11.009793758392334,0.21428571428571427
33906,0,0,48625,-15.137684106826782,-11.009793758392334,0.21428571428571427
33907,0,0,48624,-15.137684106826782,-11.009793758392334,0.21428571428571427
33908,0,0,48623,-15.137684106826782,-11.009793758392334,0.21428571428571427
33909,0,0,48622,-15.137684106826782,-11.009793758392334,0.21428571428571427
33910,0,0,48621,-15.137684106826782,-11.009793758392334,0.21428571428571427
33911,0,0,48620,-15.137684106826782,-11.009793758392334,0.21428571428571427
33912,0,0,48619,-15.137684106826782,-11.009793758392334,0.21428571428571427
33913,0,0,48618,-15.137684106826782,-11.009793758392334,0.21428571428571427
33914,0,0,48617,-15.137684106826782,-11.009793758392334,0.21428571428571427
33915,0,0,48615,-15.137684106826782,-11.009793758392334,0.21428571428571427
33916,0,0,48605,-15.137684106826782,-11.009793758392334,0.21428571428571427
33917,0,0,48614,-15.137684106826782,-11.009793758392334,0.21428571428571427
33918,0,0,48613,-15.137684106826782,-11.009793758392334,0.21428571428571427
33919,0,0,48612,-15.137684106826782,-11.009793758392334,0.21428571428571427
33920,0,0,48611,-15.137684106826782,-11.009793758392334,0.21428571428571427
33921,0,0,48610,-15.137684106826782,-11.009793758392334,0.21428571428571427
33922,0,0,48609,-15.137684106826782,-11.009793758392334,0.21428571428571427
33923,0,0,48608,-15.137684106826782,-11.009793758392334,0.21428571428571427
33924,0,0,48607,-15.137684106826782,-11.009793758392334,0.21428571428571427
33925,0,0,48606,-15.137684106826782,-11.009793758392334,0.21428571428571427
33926,0,0,48580,-15.137684106826782,-11.009793758392334,0.21428571428571427
33927,0,0,48578,-15.137684106826782,-11.009793758392334,0.21428571428571427
33928,0,0,48531,-15.137684106826782,-11.009793758392334,0.21428571428571427
33929,0,0,48577,-15.137684106826782,-11.009793758392334,0.21428571428571427
33930,0,0,48552,-15.137684106826782,-11.009793758392334,0.21428571428571427
33931,0,0,48551,-15.137684106826782,-11.009793758392334,0.21428571428571427
33932,0,0,48550,-15.137684106826782,-11.009793758392334,0.21428571428571427
33933,0,0,48549,-15.137684106826782,-11.009793758392334,0.21428571428571427
33934,0,0,48548,-15.137684106826782,-11.009793758392334,0.21428571428571427
33935,0,0,48547,-15.137684106826782,-11.009793758392334,0.21428571428571427
33936,0,0,48546,-15.137684106826782,-11.009793758392334,0.21428571428571427
33937,0,0,48545,-15.137684106826782,-11.009793758392334,0.21428571428571427
33938,0,0,48544,-15.137684106826782,-11.009793758392334,0.21428571428571427
33939,0,0,48543,-15.137684106826782,-11.009793758392334,0.21428571428571427
33940,0,0,48542,-15.137684106826782,-11.009793758392334,0.21428571428571427
33941,0,0,48541,-15.137684106826782,-11.009793758392334,0.21428571428571427
33942,0,0,48540,-15.137684106826782,-11.009793758392334,0.21428571428571427
33943,0,0,48539,-15.137684106826782,-11.009793758392334,0.21428571428571427
33944,0,0,48538,-15.137684106826782,-11.009793758392334,0.21428571428571427
33945,0,0,48537,-15.137684106826782,-11.009793758392334,0.21428571428571427
33946,0,0,48536,-15.137684106826782,-11.009793758392334,0.21428571428571427
33947,0,0,48535,-15.137684106826782,-11.009793758392334,0.21428571428571427
33948,0,0,48534,-15.137684106826782,-11.009793758392334,0.21428571428571427
33949,0,0,48533,-15.137684106826782,-11.009793758392334,0.21428571428571427
33950,0,0,48532,-15.137684106826782,-11.009793758392334,0.21428571428571427
33951,0,0,48553,-15.137684106826782,-11.009793758392334,0.21428571428571427
33952,0,0,48554,-15.137684106826782,-11.009793758392334,0.21428571428571427
33953,0,0,48555,-15.137684106826782,-11.009793758392334,0.21428571428571427
33954,0,0,48567,-15.137684106826782,-11.009793758392334,0.21428571428571427
33955,0,0,48576,-15.137684106826782,-11.009793758392334,0.21428571428571427
33956,0,0,48575,-15.137684106826782,-11.009793758392334,0.21428571428571427
33957,0,0,48574,-15.137684106826782,-11.009793758392334,0.21428571428571427
33958,0,0,48573,-15.137684106826782,-11.009793758392334,0.21428571428571427
33959,0,0,48572,-15.137684106826782,-11.009793758392334,0.21428571428571427
33960,0,0,48571,-15.137684106826782,-11.009793758392334,0.21428571428571427
33961,0,0,48570,-15.137684106826782,-11.009793758392334,0.21428571428571427
33962,0,0,48569,-15.137684106826782,-11.009793758392334,0.21428571428571427
33963,0,0,48568,-15.137684106826782,-11.009793758392334,0.21428571428571427
33964,0,0,48566,-15.137684106826782,-11.009793758392334,0.21428571428571427
33965,0,0,48556,-15.137684106826782,-11.009793758392334,0.21428571428571427
33966,0,0,48565,-15.137684106826782,-11.009793758392334,0.21428571428571427
33967,0,0,48564,-15.137684106826782,-11.009793758392334,0.21428571428571427
33968,0,0,48563,-15.137684106826782,-11.009793758392334,0.21428571428571427
33969,0,0,48562,-15.137684106826782,-11.009793758392334,0.21428571428571427
33970,0,0,48561,-15.137684106826782,-11.009793758392334,0.21428571428571427
33971,0,0,48560,-15.137684106826782,-11.009793758392334,0.21428571428571427
33972,0,0,48559,-15.137684106826782,-11.009793758392334,0.21428571428571427
33973,0,0,48558,-15.137684106826782,-11.009793758392334,0.21428571428571427
33974,0,0,48557,-15.137684106826782,-11.009793758392334,0.21428571428571427
33975,0,0,48821,-15.137684106826782,-11.009793758392334,0.21428571428571427
33976,0,0,48822,-15.137684106826782,-11.009793758392334,0.21428571428571427
33977,0,0,48823,-15.137684106826782,-11.009793758392334,0.21428571428571427
33978,0,0,49018,-15.137684106826782,-11.009793758392334,0.21428571428571427
33979,0,0,49089,-15.137684106826782,-11.009793758392334,0.21428571428571427
33980,0,0,49088,-15.137684106826782,-11.009793758392334,0.21428571428571427
33981,0,0,49087,-15.137684106826782,-11.009793758392334,0.21428571428571427
33982,0,0,49086,-15.137684106826782,-11.009793758392334,0.21428571428571427
33983,0,0,49085,-15.137684106826782,-11.009793758392334,0.21428571428571427
33984,0,0,49084,-15.137684106826782,-11.009793758392334,0.21428571428571427
33985,0,0,49083,-15.137684106826782,-11.009793758392334,0.21428571428571427
33986,0,0,49082,-15.137684106826782,-11.009793758392334,0.21428571428571427
33987,0,0,49081,-15.137684106826782,-11.009793758392334,0.21428571428571427
33988,0,0,49080,-15.137684106826782,-11.009793758392334,0.21428571428571427
33989,0,0,49079,-15.137684106826782,-11.009793758392334,0.21428571428571427
33990,0,0,49078,-15.137684106826782,-11.009793758392334,0.21428571428571427
33991,0,0,49077,-15.137684106826782,-11.009793758392334,0.21428571428571427
33992,0,0,49076,-15.137684106826782,-11.009793758392334,0.21428571428571427
33993,0,0,49075,-15.137684106826782,-11.009793758392334,0.21428571428571427
33994,0,0,49074,-15.137684106826782,-11.009793758392334,0.21428571428571427
33995,0,0,49073,-15.137684106826782,-11.009793758392334,0.21428571428571427
33996,0,0,49072,-15.137684106826782,-11.009793758392334,0.21428571428571427
33997,0,0,49071,-15.137684106826782,-11.009793758392334,0.21428571428571427
33998,0,0,49070,-15.137684106826782,-11.009793758392334,0.21428571428571427
33999,0,0,49069,-15.137684106826782,-11.009793758392334,0.21428571428571427
34000,0,0,49090,-15.137684106826782,-11.009793758392334,0.21428571428571427
34001,0,0,49091,-15.137684106826782,-11.009793758392334,0.21428571428571427
34002,0,0,49092,-15.137684106826782,-11.009793758392334,0.21428571428571427
34003,0,0,49104,-15.137684106826782,-11.009793758392334,0.21428571428571427
34004,0,0,49113,-15.137684106826782,-11.009793758392334,0.21428571428571427
34005,0,0,49112,-15.137684106826782,-11.009793758392334,0.21428571428571427
34006,0,0,49111,-15.137684106826782,-11.009793758392334,0.21428571428571427
34007,0,0,49110,-15.137684106826782,-11.009793758392334,0.21428571428571427
34008,0,0,49109,-15.137684106826782,-11.009793758392334,0.21428571428571427
34009,0,0,49108,-15.137684106826782,-11.009793758392334,0.21428571428571427
34010,0,0,49107,-15.137684106826782,-11.009793758392334,0.21428571428571427
34011,0,0,49106,-15.137684106826782,-11.009793758392334,0.21428571428571427
34012,0,0,49105,-15.137684106826782,-11.009793758392334,0.21428571428571427
34013,0,0,49103,-15.137684106826782,-11.009793758392334,0.21428571428571427
34014,0,0,49093,-15.137684106826782,-11.009793758392334,0.21428571428571427
34015,0,0,49102,-15.137684106826782,-11.009793758392334,0.21428571428571427
34016,0,0,49101,-15.137684106826782,-11.009793758392334,0.21428571428571427
34017,0,0,49100,-15.137684106826782,-11.009793758392334,0.21428571428571427
34018,0,0,49099,-15.137684106826782,-11.009793758392334,0.21428571428571427
34019,0,0,49098,-15.137684106826782,-11.009793758392334,0.21428571428571427
34020,0,0,49097,-15.137684106826782,-11.009793758392334,0.21428571428571427
34021,0,0,49096,-15.137684106826782,-11.009793758392334,0.21428571428571427
34022,0,0,49095,-15.137684106826782,-11.009793758392334,0.21428571428571427
34023,0,0,49094,-15.137684106826782,-11.009793758392334,0.21428571428571427
34024,0,0,49068,-15.137684106826782,-11.009793758392334,0.21428571428571427
34025,0,0,49066,-15.137684106826782,-11.009793758392334,0.21428571428571427
34026,0,0,49019,-15.137684106826782,-11.009793758392334,0.21428571428571427
34027,0,0,49065,-15.137684106826782,-11.009793758392334,0.21428571428571427
34028,0,0,49040,-15.137684106826782,-11.009793758392334,0.21428571428571427
34029,0,0,49039,-15.137684106826782,-11.009793758392334,0.21428571428571427
34030,0,0,49038,-15.137684106826782,-11.009793758392334,0.21428571428571427
34031,0,0,49037,-15.137684106826782,-11.009793758392334,0.21428571428571427
34032,0,0,49036,-15.137684106826782,-11.009793758392334,0.21428571428571427
34033,0,0,49035,-15.137684106826782,-11.009793758392334,0.21428571428571427
34034,0,0,49034,-15.137684106826782,-11.009793758392334,0.21428571428571427
34035,0,0,49033,-15.137684106826782,-11.009793758392334,0.21428571428571427
34036,0,0,49032,-15.137684106826782,-11.009793758392334,0.21428571428571427
34037,0,0,49031,-15.137684106826782,-11.009793758392334,0.21428571428571427
34038,0,0,49030,-15.137684106826782,-11.009793758392334,0.21428571428571427
34039,0,0,49029,-15.137684106826782,-11.009793758392334,0.21428571428571427
34040,0,0,49028,-15.137684106826782,-11.009793758392334,0.21428571428571427
34041,0,0,49027,-15.137684106826782,-11.009793758392334,0.21428571428571427
34042,0,0,49026,-15.137684106826782,-11.009793758392334,0.21428571428571427
34043,0,0,49025,-15.137684106826782,-11.009793758392334,0.21428571428571427
34044,0,0,49024,-15.137684106826782,-11.009793758392334,0.21428571428571427
34045,0,0,49023,-15.137684106826782,-11.009793758392334,0.21428571428571427
34046,0,0,49022,-15.137684106826782,-11.009793758392334,0.21428571428571427
34047,0,0,49021,-15.137684106826782,-11.009793758392334,0.21428571428571427
34048,0,0,49020,-15.137684106826782,-11.009793758392334,0.21428571428571427
34049,0,0,49041,-15.137684106826782,-11.009793758392334,0.21428571428571427
34050,0,0,49042,-15.137684106826782,-11.009793758392334,0.21428571428571427
34051,0,0,49043,-15.137684106826782,-11.009793758392334,0.21428571428571427
34052,0,0,49055,-15.137684106826782,-11.009793758392334,0.21428571428571427
34053,0,0,49064,-15.137684106826782,-11.009793758392334,0.21428571428571427
34054,0,0,49063,-15.137684106826782,-11.009793758392334,0.21428571428571427
34055,0,0,49062,-15.137684106826782,-11.009793758392334,0.21428571428571427
34056,0,0,49061,-15.137684106826782,-11.009793758392334,0.21428571428571427
34057,0,0,49060,-15.137684106826782,-11.009793758392334,0.21428571428571427
34058,0,0,49059,-15.137684106826782,-11.009793758392334,0.21428571428571427
34059,0,0,49058,-15.137684106826782,-11.009793758392334,0.21428571428571427
34060,0,0,49057,-15.137684106826782,-11.009793758392334,0.21428571428571427
34061,0,0,49056,-15.137684106826782,-11.009793758392334,0.21428571428571427
34062,0,0,49054,-15.137684106826782,-11.009793758392334,0.21428571428571427
34063,0,0,49044,-15.137684106826782,-11.009793758392334,0.21428571428571427
34064,0,0,49053,-15.137684106826782,-11.009793758392334,0.21428571428571427
34065,0,0,49052,-15.137684106826782,-11.009793758392334,0.21428571428571427
34066,0,0,49051,-15.137684106826782,-11.009793758392334,0.21428571428571427
34067,0,0,49050,-15.137684106826782,-11.009793758392334,0.21428571428571427
34068,0,0,49049,-15.137684106826782,-11.009793758392334,0.21428571428571427
34069,0,0,49048,-15.137684106826782,-11.009793758392334,0.21428571428571427
34070,0,0,49047,-15.137684106826782,-11.009793758392334,0.21428571428571427
34071,0,0,49046,-15.137684106826782,-11.009793758392334,0.21428571428571427
34072,0,0,49045,-15.137684106826782,-11.009793758392334,0.21428571428571427
34073,0,0,49114,-15.137684106826782,-11.009793758392334,0.21428571428571427
34074,0,0,49115,-15.137684106826782,-11.009793758392334,0.21428571428571427
34075,0,0,49116,-15.137684106826782,-11.009793758392334,0.21428571428571427
34076,0,0,49117,-15.137684106826782,-11.009793758392334,0.21428571428571427
34077,0,0,49186,-15.137684106826782,-11.009793758392334,0.21428571428571427
34078,0,0,49185,-15.137684106826782,-11.009793758392334,0.21428571428571427
34079,0,0,49184,-15.137684106826782,-11.009793758392334,0.21428571428571427
34080,0,0,49183,-15.137684106826782,-11.009793758392334,0.21428571428571427
34081,0,0,49182,-15.137684106826782,-11.009793758392334,0.21428571428571427
34082,0,0,49181,-15.137684106826782,-11.009793758392334,0.21428571428571427
34083,0,0,49180,-15.137684106826782,-11.009793758392334,0.21428571428571427
34084,0,0,49179,-15.137684106826782,-11.009793758392334,0.21428571428571427
34085,0,0,49178,-15.137684106826782,-11.009793758392334,0.21428571428571427
34086,0,0,49176,-15.137684106826782,-11.009793758392334,0.21428571428571427
34087,0,0,49166,-15.137684106826782,-11.009793758392334,0.21428571428571427
34088,0,0,49175,-15.137684106826782,-11.009793758392334,0.21428571428571427
34089,0,0,49174,-15.137684106826782,-11.009793758392334,0.21428571428571427
34090,0,0,49173,-15.137684106826782,-11.009793758392334,0.21428571428571427
34091,0,0,49172,-15.137684106826782,-11.009793758392334,0.21428571428571427
34092,0,0,49171,-15.137684106826782,-11.009793758392334,0.21428571428571427
34093,0,0,49170,-15.137684106826782,-11.009793758392334,0.21428571428571427
34094,0,0,49169,-15.137684106826782,-11.009793758392334,0.21428571428571427
34095,0,0,49168,-15.137684106826782,-11.009793758392334,0.21428571428571427
34096,0,0,49167,-15.137684106826782,-11.009793758392334,0.21428571428571427
34097,0,0,49187,-15.137684106826782,-11.009793758392334,0.21428571428571427
34098,0,0,49177,-15.137684106826782,-11.009793758392334,0.21428571428571427
34099,0,0,49188,-15.137684106826782,-11.009793758392334,0.21428571428571427
34100,0,0,49201,-15.137684106826782,-11.009793758392334,0.21428571428571427
34101,0,0,49210,-15.137684106826782,-11.009793758392334,0.21428571428571427
34102,0,0,49209,-15.137684106826782,-11.009793758392334,0.21428571428571427
34103,0,0,49208,-15.137684106826782,-11.009793758392334,0.21428571428571427
34104,0,0,49207,-15.137684106826782,-11.009793758392334,0.21428571428571427
34105,0,0,49206,-15.137684106826782,-11.009793758392334,0.21428571428571427
34106,0,0,49205,-15.137684106826782,-11.009793758392334,0.21428571428571427
34107,0,0,49204,-15.137684106826782,-11.009793758392334,0.21428571428571427
34108,0,0,49203,-15.137684106826782,-11.009793758392334,0.21428571428571427
34109,0,0,49202,-15.137684106826782,-11.009793758392334,0.21428571428571427
34110,0,0,49200,-15.137684106826782,-11.009793758392334,0.21428571428571427
34111,0,0,49190,-15.137684106826782,-11.009793758392334,0.21428571428571427
34112,0,0,49199,-15.137684106826782,-11.009793758392334,0.21428571428571427
34113,0,0,49198,-15.137684106826782,-11.009793758392334,0.21428571428571427
34114,0,0,49197,-15.137684106826782,-11.009793758392334,0.21428571428571427
34115,0,0,49196,-15.137684106826782,-11.009793758392334,0.21428571428571427
34116,0,0,49195,-15.137684106826782,-11.009793758392334,0.21428571428571427
34117,0,0,49194,-15.137684106826782,-11.009793758392334,0.21428571428571427
34118,0,0,49193,-15.137684106826782,-11.009793758392334,0.21428571428571427
34119,0,0,49192,-15.137684106826782,-11.009793758392334,0.21428571428571427
34120,0,0,49191,-15.137684106826782,-11.009793758392334,0.21428571428571427
34121,0,0,49189,-15.137684106826782,-11.009793758392334,0.21428571428571427
34122,0,0,49165,-15.137684106826782,-11.009793758392334,0.21428571428571427
34123,0,0,49164,-15.137684106826782,-11.009793758392334,0.21428571428571427
34124,0,0,49163,-15.137684106826782,-11.009793758392334,0.21428571428571427
34125,0,0,49138,-15.137684106826782,-11.009793758392334,0.21428571428571427
34126,0,0,49137,-15.137684106826782,-11.009793758392334,0.21428571428571427
34127,0,0,49136,-15.137684106826782,-11.009793758392334,0.21428571428571427
34128,0,0,49135,-15.137684106826782,-11.009793758392334,0.21428571428571427
34129,0,0,49134,-15.137684106826782,-11.009793758392334,0.21428571428571427
34130,0,0,49133,-15.137684106826782,-11.009793758392334,0.21428571428571427
34131,0,0,49132,-15.137684106826782,-11.009793758392334,0.21428571428571427
34132,0,0,49131,-15.137684106826782,-11.009793758392334,0.21428571428571427
34133,0,0,49130,-15.137684106826782,-11.009793758392334,0.21428571428571427
34134,0,0,49129,-15.137684106826782,-11.009793758392334,0.21428571428571427
34135,0,0,49128,-15.137684106826782,-11.009793758392334,0.21428571428571427
34136,0,0,49127,-15.137684106826782,-11.009793758392334,0.21428571428571427
34137,0,0,49126,-15.137684106826782,-11.009793758392334,0.21428571428571427
34138,0,0,49125,-15.137684106826782,-11.009793758392334,0.21428571428571427
34139,0,0,49124,-15.137684106826782,-11.009793758392334,0.21428571428571427
34140,0,0,49123,-15.137684106826782,-11.009793758392334,0.21428571428571427
34141,0,0,49122,-15.137684106826782,-11.009793758392334,0.21428571428571427
34142,0,0,49121,-15.137684106826782,-11.009793758392334,0.21428571428571427
34143,0,0,49120,-15.137684106826782,-11.009793758392334,0.21428571428571427
34144,0,0,49119,-15.137684106826782,-11.009793758392334,0.21428571428571427
34145,0,0,49118,-15.137684106826782,-11.009793758392334,0.21428571428571427
34146,0,0,49139,-15.137684106826782,-11.009793758392334,0.21428571428571427
34147,0,0,49140,-15.137684106826782,-11.009793758392334,0.21428571428571427
34148,0,0,49141,-15.137684106826782,-11.009793758392334,0.21428571428571427
34149,0,0,49153,-15.137684106826782,-11.009793758392334,0.21428571428571427
34150,0,0,49162,-15.137684106826782,-11.009793758392334,0.21428571428571427
34151,0,0,49161,-15.137684106826782,-11.009793758392334,0.21428571428571427
34152,0,0,49160,-15.137684106826782,-11.009793758392334,0.21428571428571427
34153,0,0,49159,-15.137684106826782,-11.009793758392334,0.21428571428571427
34154,0,0,49158,-15.137684106826782,-11.009793758392334,0.21428571428571427
34155,0,0,49157,-15.137684106826782,-11.009793758392334,0.21428571428571427
34156,0,0,49156,-15.137684106826782,-11.009793758392334,0.21428571428571427
34157,0,0,49155,-15.137684106826782,-11.009793758392334,0.21428571428571427
34158,0,0,49154,-15.137684106826782,-11.009793758392334,0.21428571428571427
34159,0,0,49152,-15.137684106826782,-11.009793758392334,0.21428571428571427
34160,0,0,49142,-15.137684106826782,-11.009793758392334,0.21428571428571427
34161,0,0,49151,-15.137684106826782,-11.009793758392334,0.21428571428571427
34162,0,0,49150,-15.137684106826782,-11.009793758392334,0.21428571428571427
34163,0,0,49149,-15.137684106826782,-11.009793758392334,0.21428571428571427
34164,0,0,49148,-15.137684106826782,-11.009793758392334,0.21428571428571427
34165,0,0,49147,-15.137684106826782,-11.009793758392334,0.21428571428571427
34166,0,0,49146,-15.137684106826782,-11.009793758392334,0.21428571428571427
34167,0,0,49145,-15.137684106826782,-11.009793758392334,0.21428571428571427
34168,0,0,49144,-15.137684106826782,-11.009793758392334,0.21428571428571427
34169,0,0,49143,-15.137684106826782,-11.009793758392334,0.21428571428571427
34170,0,0,49067,-15.137684106826782,-11.009793758392334,0.21428571428571427
34171,0,0,49017,-15.137684106826782,-11.009793758392334,0.21428571428571427
34172,0,0,48872,-15.137684106826782,-11.009793758392334,0.21428571428571427
34173,0,0,49016,-15.137684106826782,-11.009793758392334,0.21428571428571427
34174,0,0,48894,-15.137684106826782,-11.009793758392334,0.21428571428571427
34175,0,0,48893,-15.137684106826782,-11.009793758392334,0.21428571428571427
34176,0,0,48892,-15.137684106826782,-11.009793758392334,0.21428571428571427
34177,0,0,48891,-15.137684106826782,-11.009793758392334,0.21428571428571427
34178,0,0,48890,-15.137684106826782,-11.009793758392334,0.21428571428571427
34179,0,0,48889,-15.137684106826782,-11.009793758392334,0.21428571428571427
34180,0,0,48888,-15.137684106826782,-11.009793758392334,0.21428571428571427
34181,0,0,48887,-15.137684106826782,-11.009793758392334,0.21428571428571427
34182,0,0,48886,-15.137684106826782,-11.009793758392334,0.21428571428571427
34183,0,0,48885,-15.137684106826782,-11.009793758392334,0.21428571428571427
34184,0,0,48884,-15.137684106826782,-11.009793758392334,0.21428571428571427
34185,0,0,48883,-15.137684106826782,-11.009793758392334,0.21428571428571427
34186,0,0,48882,-15.137684106826782,-11.009793758392334,0.21428571428571427
34187,0,0,48881,-15.137684106826782,-11.009793758392334,0.21428571428571427
34188,0,0,48880,-15.137684106826782,-11.009793758392334,0.21428571428571427
34189,0,0,48879,-15.137684106826782,-11.009793758392334,0.21428571428571427
34190,0,0,48878,-15.137684106826782,-11.009793758392334,0.21428571428571427
34191,0,0,48877,-15.137684106826782,-11.009793758392334,0.21428571428571427
34192,0,0,48876,-15.137684106826782,-11.009793758392334,0.21428571428571427
34193,0,0,48875,-15.137684106826782,-11.009793758392334,0.21428571428571427
34194,0,0,48874,-15.137684106826782,-11.009793758392334,0.21428571428571427
34195,0,0,48895,-15.137684106826782,-11.009793758392334,0.21428571428571427
34196,0,0,48896,-15.137684106826782,-11.009793758392334,0.21428571428571427
34197,0,0,48897,-15.137684106826782,-11.009793758392334,0.21428571428571427
34198,0,0,48909,-15.137684106826782,-11.009793758392334,0.21428571428571427
34199,0,0,48918,-15.137684106826782,-11.009793758392334,0.21428571428571427
34200,0,0,48917,-15.137684106826782,-11.009793758392334,0.21428571428571427
34201,0,0,48916,-15.137684106826782,-11.009793758392334,0.21428571428571427
34202,0,0,48915,-15.137684106826782,-11.009793758392334,0.21428571428571427
34203,0,0,48914,-15.137684106826782,-11.009793758392334,0.21428571428571427
34204,0,0,48913,-15.137684106826782,-11.009793758392334,0.21428571428571427
34205,0,0,48912,-15.137684106826782,-11.009793758392334,0.21428571428571427
34206,0,0,48911,-15.137684106826782,-11.009793758392334,0.21428571428571427
34207,0,0,48910,-15.137684106826782,-11.009793758392334,0.21428571428571427
34208,0,0,48908,-15.137684106826782,-11.009793758392334,0.21428571428571427
34209,0,0,48898,-15.137684106826782,-11.009793758392334,0.21428571428571427
34210,0,0,48907,-15.137684106826782,-11.009793758392334,0.21428571428571427
34211,0,0,48906,-15.137684106826782,-11.009793758392334,0.21428571428571427
34212,0,0,48905,-15.137684106826782,-11.009793758392334,0.21428571428571427
34213,0,0,48904,-15.137684106826782,-11.009793758392334,0.21428571428571427
34214,0,0,48903,-15.137684106826782,-11.009793758392334,0.21428571428571427
34215,0,0,48902,-15.137684106826782,-11.009793758392334,0.21428571428571427
34216,0,0,48901,-15.137684106826782,-11.009793758392334,0.21428571428571427
34217,0,0,48900,-15.137684106826782,-11.009793758392334,0.21428571428571427
34218,0,0,48899,-15.137684106826782,-11.009793758392334,0.21428571428571427
34219,0,0,48873,-15.137684106826782,-11.009793758392334,0.21428571428571427
34220,0,0,48871,-15.137684106826782,-11.009793758392334,0.21428571428571427
34221,0,0,48824,-15.137684106826782,-11.009793758392334,0.21428571428571427
34222,0,0,48870,-15.137684106826782,-11.009793758392334,0.21428571428571427
34223,0,0,48845,-15.137684106826782,-11.009793758392334,0.21428571428571427
34224,0,0,48844,-15.137684106826782,-11.009793758392334,0.21428571428571427
34225,0,0,48843,-15.137684106826782,-11.009793758392334,0.21428571428571427
34226,0,0,48842,-15.137684106826782,-11.009793758392334,0.21428571428571427
34227,0,0,48841,-15.137684106826782,-11.009793758392334,0.21428571428571427
34228,0,0,48840,-15.137684106826782,-11.009793758392334,0.21428571428571427
34229,0,0,48839,-15.137684106826782,-11.009793758392334,0.21428571428571427
34230,0,0,48838,-15.137684106826782,-11.009793758392334,0.21428571428571427
34231,0,0,48837,-15.137684106826782,-11.009793758392334,0.21428571428571427
34232,0,0,48836,-15.137684106826782,-11.009793758392334,0.21428571428571427
34233,0,0,48835,-15.137684106826782,-11.009793758392334,0.21428571428571427
34234,0,0,48834,-15.137684106826782,-11.009793758392334,0.21428571428571427
34235,0,0,48833,-15.137684106826782,-11.009793758392334,0.21428571428571427
34236,0,0,48832,-15.137684106826782,-11.009793758392334,0.21428571428571427
34237,0,0,48831,-15.137684106826782,-11.009793758392334,0.21428571428571427
34238,0,0,48830,-15.137684106826782,-11.009793758392334,0.21428571428571427
34239,0,0,48829,-15.137684106826782,-11.009793758392334,0.21428571428571427
34240,0,0,48828,-15.137684106826782,-11.009793758392334,0.21428571428571427
34241,0,0,48827,-15.137684106826782,-11.009793758392334,0.21428571428571427
34242,0,0,48826,-15.137684106826782,-11.009793758392334,0.21428571428571427
34243,0,0,48825,-15.137684106826782,-11.009793758392334,0.21428571428571427
34244,0,0,48846,-15.137684106826782,-11.009793758392334,0.21428571428571427
34245,0,0,48847,-15.137684106826782,-11.009793758392334,0.21428571428571427
34246,0,0,48848,-15.137684106826782,-11.009793758392334,0.21428571428571427
34247,0,0,48860,-15.137684106826782,-11.009793758392334,0.21428571428571427
34248,0,0,48869,-15.137684106826782,-11.009793758392334,0.21428571428571427
34249,0,0,48868,-15.137684106826782,-11.009793758392334,0.21428571428571427
34250,0,0,48867,-15.137684106826782,-11.009793758392334,0.21428571428571427
34251,0,0,48866,-15.137684106826782,-11.009793758392334,0.21428571428571427
34252,0,0,48865,-15.137684106826782,-11.009793758392334,0.21428571428571427
34253,0,0,48864,-15.137684106826782,-11.009793758392334,0.21428571428571427
34254,0,0,48863,-15.137684106826782,-11.009793758392334,0.21428571428571427
34255,0,0,48862,-15.137684106826782,-11.009793758392334,0.21428571428571427
34256,0,0,48861,-15.137684106826782,-11.009793758392334,0.21428571428571427
34257,0,0,48859,-15.137684106826782,-11.009793758392334,0.21428571428571427
34258,0,0,48849,-15.137684106826782,-11.009793758392334,0.21428571428571427
34259,0,0,48858,-15.137684106826782,-11.009793758392334,0.21428571428571427
34260,0,0,48857,-15.137684106826782,-11.009793758392334,0.21428571428571427
34261,0,0,48856,-15.137684106826782,-11.009793758392334,0.21428571428571427
34262,0,0,48855,-15.137684106826782,-11.009793758392334,0.21428571428571427
34263,0,0,48854,-15.137684106826782,-11.009793758392334,0.21428571428571427
34264,0,0,48853,-15.137684106826782,-11.009793758392334,0.21428571428571427
34265,0,0,48852,-15.137684106826782,-11.009793758392334,0.21428571428571427
34266,0,0,48851,-15.137684106826782,-11.009793758392334,0.21428571428571427
34267,0,0,48850,-15.137684106826782,-11.009793758392334,0.21428571428571427
34268,0,0,48919,-15.137684106826782,-11.009793758392334,0.21428571428571427
34269,0,0,48920,-15.137684106826782,-11.009793758392334,0.21428571428571427
34270,0,0,48921,-15.137684106826782,-11.009793758392334,0.21428571428571427
34271,0,0,48922,-15.137684106826782,-11.009793758392334,0.21428571428571427
34272,0,0,48991,-15.137684106826782,-11.009793758392334,0.21428571428571427
34273,0,0,48990,-15.137684106826782,-11.009793758392334,0.21428571428571427
34274,0,0,48989,-15.137684106826782,-11.009793758392334,0.21428571428571427
34275,0,0,48988,-15.137684106826782,-11.009793758392334,0.21428571428571427
34276,0,0,48987,-15.137684106826782,-11.009793758392334,0.21428571428571427
34277,0,0,48986,-15.137684106826782,-11.009793758392334,0.21428571428571427
34278,0,0,48985,-15.137684106826782,-11.009793758392334,0.21428571428571427
34279,0,0,48984,-15.137684106826782,-11.009793758392334,0.21428571428571427
34280,0,0,48983,-15.137684106826782,-11.009793758392334,0.21428571428571427
34281,0,0,48981,-15.137684106826782,-11.009793758392334,0.21428571428571427
34282,0,0,48971,-15.137684106826782,-11.009793758392334,0.21428571428571427
34283,0,0,48980,-15.137684106826782,-11.009793758392334,0.21428571428571427
34284,0,0,48979,-15.137684106826782,-11.009793758392334,0.21428571428571427
34285,0,0,48978,-15.137684106826782,-11.009793758392334,0.21428571428571427
34286,0,0,48977,-15.137684106826782,-11.009793758392334,0.21428571428571427
34287,0,0,48976,-15.137684106826782,-11.009793758392334,0.21428571428571427
34288,0,0,48975,-15.137684106826782,-11.009793758392334,0.21428571428571427
34289,0,0,48974,-15.137684106826782,-11.009793758392334,0.21428571428571427
34290,0,0,48973,-15.137684106826782,-11.009793758392334,0.21428571428571427
34291,0,0,48972,-15.137684106826782,-11.009793758392334,0.21428571428571427
34292,0,0,48992,-15.137684106826782,-11.009793758392334,0.21428571428571427
34293,0,0,48982,-15.137684106826782,-11.009793758392334,0.21428571428571427
34294,0,0,48993,-15.137684106826782,-11.009793758392334,0.21428571428571427
34295,0,0,49006,-15.137684106826782,-11.009793758392334,0.21428571428571427
34296,0,0,49015,-15.137684106826782,-11.009793758392334,0.21428571428571427
34297,0,0,49014,-15.137684106826782,-11.009793758392334,0.21428571428571427
34298,0,0,49013,-15.137684106826782,-11.009793758392334,0.21428571428571427
34299,0,0,49012,-15.137684106826782,-11.009793758392334,0.21428571428571427
34300,0,0,49011,-15.137684106826782,-11.009793758392334,0.21428571428571427
34301,0,0,49010,-15.137684106826782,-11.009793758392334,0.21428571428571427
34302,0,0,49009,-15.137684106826782,-11.009793758392334,0.21428571428571427
34303,0,0,49008,-15.137684106826782,-11.009793758392334,0.21428571428571427
34304,0,0,49007,-15.137684106826782,-11.009793758392334,0.21428571428571427
34305,0,0,49005,-15.137684106826782,-11.009793758392334,0.21428571428571427
34306,0,0,48995,-15.137684106826782,-11.009793758392334,0.21428571428571427
34307,0,0,49004,-15.137684106826782,-11.009793758392334,0.21428571428571427
34308,0,0,49003,-15.137684106826782,-11.009793758392334,0.21428571428571427
34309,0,0,49002,-15.137684106826782,-11.009793758392334,0.21428571428571427
34310,0,0,49001,-15.137684106826782,-11.009793758392334,0.21428571428571427
34311,0,0,49000,-15.137684106826782,-11.009793758392334,0.21428571428571427
34312,0,0,48999,-15.137684106826782,-11.009793758392334,0.21428571428571427
34313,0,0,48998,-15.137684106826782,-11.009793758392334,0.21428571428571427
34314,0,0,48997,-15.137684106826782,-11.009793758392334,0.21428571428571427
34315,0,0,48996,-15.137684106826782,-11.009793758392334,0.21428571428571427
34316,0,0,48994,-15.137684106826782,-11.009793758392334,0.21428571428571427
34317,0,0,48970,-15.137684106826782,-11.009793758392334,0.21428571428571427
34318,0,0,48969,-15.137684106826782,-11.009793758392334,0.21428571428571427
34319,0,0,48968,-15.137684106826782,-11.009793758392334,0.21428571428571427
34320,0,0,48943,-15.137684106826782,-11.009793758392334,0.21428571428571427
34321,0,0,48942,-15.137684106826782,-11.009793758392334,0.21428571428571427
34322,0,0,48941,-15.137684106826782,-11.009793758392334,0.21428571428571427
34323,0,0,48940,-15.137684106826782,-11.009793758392334,0.21428571428571427
34324,0,0,48939,-15.137684106826782,-11.009793758392334,0.21428571428571427
34325,0,0,48938,-15.137684106826782,-11.009793758392334,0.21428571428571427
34326,0,0,48937,-15.137684106826782,-11.009793758392334,0.21428571428571427
34327,0,0,48936,-15.137684106826782,-11.009793758392334,0.21428571428571427
34328,0,0,48935,-15.137684106826782,-11.009793758392334,0.21428571428571427
34329,0,0,48934,-15.137684106826782,-11.009793758392334,0.21428571428571427
34330,0,0,48933,-15.137684106826782,-11.009793758392334,0.21428571428571427
34331,0,0,48932,-15.137684106826782,-11.009793758392334,0.21428571428571427
34332,0,0,48931,-15.137684106826782,-11.009793758392334,0.21428571428571427
34333,0,0,48930,-15.137684106826782,-11.009793758392334,0.21428571428571427
34334,0,0,48929,-15.137684106826782,-11.009793758392334,0.21428571428571427
34335,0,0,48928,-15.137684106826782,-11.009793758392334,0.21428571428571427
34336,0,0,48927,-15.137684106826782,-11.009793758392334,0.21428571428571427
34337,0,0,48926,-15.137684106826782,-11.009793758392334,0.21428571428571427
34338,0,0,48925,-15.137684106826782,-11.009793758392334,0.21428571428571427
34339,0,0,48924,-15.137684106826782,-11.009793758392334,0.21428571428571427
34340,0,0,48923,-15.137684106826782,-11.009793758392334,0.21428571428571427
34341,0,0,48944,-15.137684106826782,-11.009793758392334,0.21428571428571427
34342,0,0,48945,-15.137684106826782,-11.009793758392334,0.21428571428571427
34343,0,0,48946,-15.137684106826782,-11.009793758392334,0.21428571428571427
34344,0,0,48958,-15.137684106826782,-11.009793758392334,0.21428571428571427
34345,0,0,48967,-15.137684106826782,-11.009793758392334,0.21428571428571427
34346,0,0,48966,-15.137684106826782,-11.009793758392334,0.21428571428571427
34347,0,0,48965,-15.137684106826782,-11.009793758392334,0.21428571428571427
34348,0,0,48964,-15.137684106826782,-11.009793758392334,0.21428571428571427
34349,0,0,48963,-15.137684106826782,-11.009793758392334,0.21428571428571427
34350,0,0,48962,-15.137684106826782,-11.009793758392334,0.21428571428571427
34351,0,0,48961,-15.137684106826782,-11.009793758392334,0.21428571428571427
34352,0,0,48960,-15.137684106826782,-11.009793758392334,0.21428571428571427
34353,0,0,48959,-15.137684106826782,-11.009793758392334,0.21428571428571427
34354,0,0,48957,-15.137684106826782,-11.009793758392334,0.21428571428571427
34355,0,0,48947,-15.137684106826782,-11.009793758392334,0.21428571428571427
34356,0,0,48956,-15.137684106826782,-11.009793758392334,0.21428571428571427
34357,0,0,48955,-15.137684106826782,-11.009793758392334,0.21428571428571427
34358,0,0,48954,-15.137684106826782,-11.009793758392334,0.21428571428571427
34359,1,0,48953,-15.137684106826782,-11.009793758392334,0.21428571428571427
34360,0,0,48952,-15.137684106826782,-11.009793758392334,0.21428571428571427
34361,0,0,48951,-15.137684106826782,-11.009793758392334,0.21428571428571427
34362,0,0,48950,-15.137684106826782,-11.009793758392334,0.21428571428571427
34363,0,0,48949,-15.137684106826782,-11.009793758392334,0.21428571428571427
34364,0,0,48948,-15.137684106826782,-11.009793758392334,0.21428571428571427
34365,0,0,48432,-15.137684106826782,-11.009793758392334,0.21428571428571427
34366,0,0,46869,-15.137684106826782,-11.009793758392334,0.21428571428571427
34367,0,0,45308,-15.137684106826782,-11.009793758392334,0.21428571428571427
34368,0,0,46868,-15.137684106826782,-11.009793758392334,0.21428571428571427
34369,0,0,44794,-15.137684106826782,-11.009793758392334,0.21428571428571427
34370,0,0,44793,-15.137684106826782,-11.009793758392334,0.21428571428571427
34371,0,0,44792,-15.137684106826782,-11.009793758392334,0.21428571428571427
34372,0,0,44791,-15.137684106826782,-11.009793758392334,0.21428571428571427
34373,0,0,44790,-15.137684106826782,-11.009793758392334,0.21428571428571427
34374,0,0,44789,-15.137684106826782,-11.009793758392334,0.21428571428571427
34375,0,0,44788,-15.137684106826782,-11.009793758392334,0.21428571428571427
34376,0,0,44787,-15.137684106826782,-11.009793758392334,0.21428571428571427
34377,0,0,44786,-15.137684106826782,-11.009793758392334,0.21428571428571427
34378,0,0,44785,-15.137684106826782,-11.009793758392334,0.21428571428571427
34379,0,0,44784,-15.137684106826782,-11.009793758392334,0.21428571428571427
34380,0,0,44783,-15.137684106826782,-11.009793758392334,0.21428571428571427
34381,0,0,44782,-15.137684106826782,-11.009793758392334,0.21428571428571427
34382,0,0,44781,-15.137684106826782,-11.009793758392334,0.21428571428571427
34383,0,0,44780,-15.137684106826782,-11.009793758392334,0.21428571428571427
34384,0,0,44779,-15.137684106826782,-11.009793758392334,0.21428571428571427
34385,0,0,44778,-15.137684106826782,-11.009793758392334,0.21428571428571427
34386,0,0,44777,-15.137684106826782,-11.009793758392334,0.21428571428571427
34387,0,0,44776,-15.137684106826782,-11.009793758392334,0.21428571428571427
34388,0,0,44775,-15.137684106826782,-11.009793758392334,0.21428571428571427
34389,0,0,44774,-15.137684106826782,-11.009793758392334,0.21428571428571427
34390,0,0,44795,-15.137684106826782,-11.009793758392334,0.21428571428571427
34391,0,0,44796,-15.137684106826782,-11.009793758392334,0.21428571428571427
34392,0,0,44797,-15.137684106826782,-11.009793758392334,0.21428571428571427
34393,0,0,44809,-15.137684106826782,-11.009793758392334,0.21428571428571427
34394,0,0,44818,-15.137684106826782,-11.009793758392334,0.21428571428571427
34395,0,0,44817,-15.137684106826782,-11.009793758392334,0.21428571428571427
34396,0,0,44816,-15.137684106826782,-11.009793758392334,0.21428571428571427
34397,0,0,44815,-15.137684106826782,-11.009793758392334,0.21428571428571427
34398,0,0,44814,-15.137684106826782,-11.009793758392334,0.21428571428571427
34399,0,0,44813,-15.137684106826782,-11.009793758392334,0.21428571428571427
34400,0,0,44812,-15.137684106826782,-11.009793758392334,0.21428571428571427
34401,0,0,44811,-15.137684106826782,-11.009793758392334,0.21428571428571427
34402,0,0,44810,-15.137684106826782,-11.009793758392334,0.21428571428571427
34403,0,0,44808,-15.137684106826782,-11.009793758392334,0.21428571428571427
34404,0,0,44798,-15.137684106826782,-11.009793758392334,0.21428571428571427
34405,0,0,44807,-15.137684106826782,-11.009793758392334,0.21428571428571427
34406,0,0,44806,-15.137684106826782,-11.009793758392334,0.21428571428571427
34407,0,0,44805,-15.137684106826782,-11.009793758392334,0.21428571428571427
34408,0,0,44804,-15.137684106826782,-11.009793758392334,0.21428571428571427
34409,0,0,44803,-15.137684106826782,-11.009793758392334,0.21428571428571427
34410,0,0,44802,-15.137684106826782,-11.009793758392334,0.21428571428571427
34411,0,0,44801,-15.137684106826782,-11.009793758392334,0.21428571428571427
34412,0,0,44800,-15.137684106826782,-11.009793758392334,0.21428571428571427
34413,0,0,44799,-15.137684106826782,-11.009793758392334,0.21428571428571427
34414,0,0,44773,-15.137684106826782,-11.009793758392334,0.21428571428571427
34415,0,0,44771,-15.137684106826782,-11.009793758392334,0.21428571428571427
34416,0,0,44724,-15.137684106826782,-11.009793758392334,0.21428571428571427
34417,0,0,44770,-15.137684106826782,-11.009793758392334,0.21428571428571427
34418,0,0,44745,-15.137684106826782,-11.009793758392334,0.21428571428571427
34419,0,0,44744,-15.137684106826782,-11.009793758392334,0.21428571428571427
34420,0,0,44743,-15.137684106826782,-11.009793758392334,0.21428571428571427
34421,0,0,44742,-15.137684106826782,-11.009793758392334,0.21428571428571427
34422,0,0,44741,-15.137684106826782,-11.009793758392334,0.21428571428571427
34423,0,0,44740,-15.137684106826782,-11.009793758392334,0.21428571428571427
34424,0,0,44739,-15.137684106826782,-11.009793758392334,0.21428571428571427
34425,0,0,44738,-15.137684106826782,-11.009793758392334,0.21428571428571427
34426,0,0,44737,-15.137684106826782,-11.009793758392334,0.21428571428571427
34427,0,0,44736,-15.137684106826782,-11.009793758392334,0.21428571428571427
34428,0,0,44735,-15.137684106826782,-11.009793758392334,0.21428571428571427
34429,0,0,44734,-15.137684106826782,-11.009793758392334,0.21428571428571427
34430,0,0,44733,-15.137684106826782,-11.009793758392334,0.21428571428571427
34431,0,0,44732,-15.137684106826782,-11.009793758392334,0.21428571428571427
34432,0,0,44731,-15.137684106826782,-11.009793758392334,0.21428571428571427
34433,0,0,44730,-15.137684106826782,-11.009793758392334,0.21428571428571427
34434,0,0,44729,-15.137684106826782,-11.009793758392334,0.21428571428571427
34435,0,0,44728,-15.137684106826782,-11.009793758392334,0.21428571428571427
34436,0,0,44727,-15.137684106826782,-11.009793758392334,0.21428571428571427
34437,0,0,44726,-15.137684106826782,-11.009793758392334,0.21428571428571427
34438,0,0,44725,-15.137684106826782,-11.009793758392334,0.21428571428571427
34439,0,0,44746,-15.137684106826782,-11.009793758392334,0.21428571428571427
34440,0,0,44747,-15.137684106826782,-11.009793758392334,0.21428571428571427
34441,0,0,44748,-15.137684106826782,-11.009793758392334,0.21428571428571427
34442,0,0,44760,-15.137684106826782,-11.009793758392334,0.21428571428571427
34443,0,0,44769,-15.137684106826782,-11.009793758392334,0.21428571428571427
34444,0,0,44768,-15.137684106826782,-11.009793758392334,0.21428571428571427
34445,0,0,44767,-15.137684106826782,-11.009793758392334,0.21428571428571427
34446,0,0,44766,-15.137684106826782,-11.009793758392334,0.21428571428571427
34447,0,0,44765,-15.137684106826782,-11.009793758392334,0.21428571428571427
34448,0,0,44764,-15.137684106826782,-11.009793758392334,0.21428571428571427
34449,0,0,44763,-15.137684106826782,-11.009793758392334,0.21428571428571427
34450,0,0,44762,-15.137684106826782,-11.009793758392334,0.21428571428571427
34451,0,0,44761,-15.137684106826782,-11.009793758392334,0.21428571428571427
34452,0,0,44759,-15.137684106826782,-11.009793758392334,0.21428571428571427
34453,0,0,44749,-15.137684106826782,-11.009793758392334,0.21428571428571427
34454,0,0,44758,-15.137684106826782,-11.009793758392334,0.21428571428571427
34455,0,0,44757,-15.137684106826782,-11.009793758392334,0.21428571428571427
34456,0,0,44756,-15.137684106826782,-11.009793758392334,0.21428571428571427
34457,0,0,44755,-15.137684106826782,-11.009793758392334,0.21428571428571427
34458,0,0,44754,-15.137684106826782,-11.009793758392334,0.21428571428571427
34459,0,0,44753,-15.137684106826782,-11.009793758392334,0.21428571428571427
34460,0,0,44752,-15.137684106826782,-11.009793758392334,0.21428571428571427
34461,0,0,44751,-15.137684106826782,-11.009793758392334,0.21428571428571427
34462,0,0,44750,-15.137684106826782,-11.009793758392334,0.21428571428571427
34463,0,0,44819,-15.137684106826782,-11.009793758392334,0.21428571428571427
34464,0,0,44820,-15.137684106826782,-11.009793758392334,0.21428571428571427
34465,0,0,44821,-15.137684106826782,-11.009793758392334,0.21428571428571427
34466,0,0,44822,-15.137684106826782,-11.009793758392334,0.21428571428571427
34467,0,0,44891,-15.137684106826782,-11.009793758392334,0.21428571428571427
34468,0,0,44890,-15.137684106826782,-11.009793758392334,0.21428571428571427
34469,0,0,44889,-15.137684106826782,-11.009793758392334,0.21428571428571427
34470,0,0,44888,-15.137684106826782,-11.009793758392334,0.21428571428571427
34471,0,0,44887,-15.137684106826782,-11.009793758392334,0.21428571428571427
34472,0,0,44886,-15.137684106826782,-11.009793758392334,0.21428571428571427
34473,0,0,44885,-15.137684106826782,-11.009793758392334,0.21428571428571427
34474,0,0,44884,-15.137684106826782,-11.009793758392334,0.21428571428571427
34475,0,0,44883,-15.137684106826782,-11.009793758392334,0.21428571428571427
34476,0,0,44881,-15.137684106826782,-11.009793758392334,0.21428571428571427
34477,0,0,44871,-15.137684106826782,-11.009793758392334,0.21428571428571427
34478,0,0,44880,-15.137684106826782,-11.009793758392334,0.21428571428571427
34479,0,0,44879,-15.137684106826782,-11.009793758392334,0.21428571428571427
34480,0,0,44878,-15.137684106826782,-11.009793758392334,0.21428571428571427
34481,0,0,44877,-15.137684106826782,-11.009793758392334,0.21428571428571427
34482,0,0,44876,-15.137684106826782,-11.009793758392334,0.21428571428571427
34483,0,0,44875,-15.137684106826782,-11.009793758392334,0.21428571428571427
34484,0,0,44874,-15.137684106826782,-11.009793758392334,0.21428571428571427
34485,0,0,44873,-15.137684106826782,-11.009793758392334,0.21428571428571427
34486,0,0,44872,-15.137684106826782,-11.009793758392334,0.21428571428571427
34487,0,0,44892,-15.137684106826782,-11.009793758392334,0.21428571428571427
34488,0,0,44882,-15.137684106826782,-11.009793758392334,0.21428571428571427
34489,0,0,44893,-15.137684106826782,-11.009793758392334,0.21428571428571427
34490,0,0,44906,-15.137684106826782,-11.009793758392334,0.21428571428571427
34491,0,0,44915,-15.137684106826782,-11.009793758392334,0.21428571428571427
34492,0,0,44914,-15.137684106826782,-11.009793758392334,0.21428571428571427
34493,0,0,44913,-15.137684106826782,-11.009793758392334,0.21428571428571427
34494,0,0,44912,-15.137684106826782,-11.009793758392334,0.21428571428571427
34495,0,0,44911,-15.137684106826782,-11.009793758392334,0.21428571428571427
34496,0,0,44910,-15.137684106826782,-11.009793758392334,0.21428571428571427
34497,0,0,44909,-15.137684106826782,-11.009793758392334,0.21428571428571427
34498,0,0,44908,-15.137684106826782,-11.009793758392334,0.21428571428571427
34499,0,0,44907,-15.137684106826782,-11.009793758392334,0.21428571428571427
34500,0,0,44905,-15.137684106826782,-11.009793758392334,0.21428571428571427
34501,0,0,44895,-15.137684106826782,-11.009793758392334,0.21428571428571427
34502,0,0,44904,-15.137684106826782,-11.009793758392334,0.21428571428571427
34503,0,0,44903,-15.137684106826782,-11.009793758392334,0.21428571428571427
34504,0,0,44902,-15.137684106826782,-11.009793758392334,0.21428571428571427
34505,0,0,44901,-15.137684106826782,-11.009793758392334,0.21428571428571427
34506,0,0,44900,-15.137684106826782,-11.009793758392334,0.21428571428571427
34507,0,0,44899,-15.137684106826782,-11.009793758392334,0.21428571428571427
34508,0,0,44898,-15.137684106826782,-11.009793758392334,0.21428571428571427
34509,0,0,44897,-15.137684106826782,-11.009793758392334,0.21428571428571427
34510,0,0,44896,-15.137684106826782,-11.009793758392334,0.21428571428571427
34511,0,0,44894,-15.137684106826782,-11.009793758392334,0.21428571428571427
34512,0,0,44870,-15.137684106826782,-11.009793758392334,0.21428571428571427
34513,0,0,44869,-15.137684106826782,-11.009793758392334,0.21428571428571427
34514,0,0,44868,-15.137684106826782,-11.009793758392334,0.21428571428571427
34515,0,0,44843,-15.137684106826782,-11.009793758392334,0.21428571428571427
34516,0,0,44842,-15.137684106826782,-11.009793758392334,0.21428571428571427
34517,0,0,44841,-15.137684106826782,-11.009793758392334,0.21428571428571427
34518,0,0,44840,-15.137684106826782,-11.009793758392334,0.21428571428571427
34519,0,0,44839,-15.137684106826782,-11.009793758392334,0.21428571428571427
34520,0,0,44838,-15.137684106826782,-11.009793758392334,0.21428571428571427
34521,0,0,44837,-15.137684106826782,-11.009793758392334,0.21428571428571427
34522,0,0,44836,-15.137684106826782,-11.009793758392334,0.21428571428571427
34523,0,0,44835,-15.137684106826782,-11.009793758392334,0.21428571428571427
34524,0,0,44834,-15.137684106826782,-11.009793758392334,0.21428571428571427
34525,0,0,44833,-15.137684106826782,-11.009793758392334,0.21428571428571427
34526,0,0,44832,-15.137684106826782,-11.009793758392334,0.21428571428571427
34527,0,0,44831,-15.137684106826782,-11.009793758392334,0.21428571428571427
34528,0,0,44830,-15.137684106826782,-11.009793758392334,0.21428571428571427
34529,0,0,44829,-15.137684106826782,-11.009793758392334,0.21428571428571427
34530,0,0,44828,-15.137684106826782,-11.009793758392334,0.21428571428571427
34531,0,0,44827,-15.137684106826782,-11.009793758392334,0.21428571428571427
34532,0,0,44826,-15.137684106826782,-11.009793758392334,0.21428571428571427
34533,0,0,44825,-15.137684106826782,-11.009793758392334,0.21428571428571427
34534,0,0,44824,-15.137684106826782,-11.009793758392334,0.21428571428571427
34535,0,0,44823,-15.137684106826782,-11.009793758392334,0.21428571428571427
34536,0,0,44844,-15.137684106826782,-11.009793758392334,0.21428571428571427
34537,0,0,44845,-15.137684106826782,-11.009793758392334,0.21428571428571427
34538,0,0,44846,-15.137684106826782,-11.009793758392334,0.21428571428571427
34539,0,0,44858,-15.137684106826782,-11.009793758392334,0.21428571428571427
34540,0,0,44867,-15.137684106826782,-11.009793758392334,0.21428571428571427
34541,0,0,44866,-15.137684106826782,-11.009793758392334,0.21428571428571427
34542,0,0,44865,-15.137684106826782,-11.009793758392334,0.21428571428571427
34543,0,0,44864,-15.137684106826782,-11.009793758392334,0.21428571428571427
34544,0,0,44863,-15.137684106826782,-11.009793758392334,0.21428571428571427
34545,0,0,44862,-15.137684106826782,-11.009793758392334,0.21428571428571427
34546,0,0,44861,-15.137684106826782,-11.009793758392334,0.21428571428571427
34547,0,0,44860,-15.137684106826782,-11.009793758392334,0.21428571428571427
34548,0,0,44859,-15.137684106826782,-11.009793758392334,0.21428571428571427
34549,0,0,44857,-15.137684106826782,-11.009793758392334,0.21428571428571427
34550,0,0,44847,-15.137684106826782,-11.009793758392334,0.21428571428571427
34551,0,0,44856,-15.137684106826782,-11.009793758392334,0.21428571428571427
34552,0,0,44855,-15.137684106826782,-11.009793758392334,0.21428571428571427
34553,0,0,44854,-15.137684106826782,-11.009793758392334,0.21428571428571427
34554,0,0,44853,-15.137684106826782,-11.009793758392334,0.21428571428571427
34555,0,0,44852,-15.137684106826782,-11.009793758392334,0.21428571428571427
34556,0,0,44851,-15.137684106826782,-11.009793758392334,0.21428571428571427
34557,0,0,44850,-15.137684106826782,-11.009793758392334,0.21428571428571427
34558,0,0,44849,-15.137684106826782,-11.009793758392334,0.21428571428571427
34559,0,0,44848,-15.137684106826782,-11.009793758392334,0.21428571428571427
34560,0,0,44772,-15.137684106826782,-11.009793758392334,0.21428571428571427
34561,0,0,44723,-15.137684106826782,-11.009793758392334,0.21428571428571427
34562,0,0,44722,-15.137684106826782,-11.009793758392334,0.21428571428571427
34563,0,0,44721,-15.137684106826782,-11.009793758392334,0.21428571428571427
34564,0,0,44598,-15.137684106826782,-11.009793758392334,0.21428571428571427
34565,0,0,44597,-15.137684106826782,-11.009793758392334,0.21428571428571427
34566,0,0,44596,-15.137684106826782,-11.009793758392334,0.21428571428571427
34567,0,0,44595,-15.137684106826782,-11.009793758392334,0.21428571428571427
34568,0,0,44594,-15.137684106826782,-11.009793758392334,0.21428571428571427
34569,0,0,44593,-15.137684106826782,-11.009793758392334,0.21428571428571427
34570,0,0,44592,-15.137684106826782,-11.009793758392334,0.21428571428571427
34571,0,0,44591,-15.137684106826782,-11.009793758392334,0.21428571428571427
34572,0,0,44590,-15.137684106826782,-11.009793758392334,0.21428571428571427
34573,0,0,44589,-15.137684106826782,-11.009793758392334,0.21428571428571427
34574,0,0,44588,-15.137684106826782,-11.009793758392334,0.21428571428571427
34575,0,0,44587,-15.137684106826782,-11.009793758392334,0.21428571428571427
34576,0,0,44586,-15.137684106826782,-11.009793758392334,0.21428571428571427
34577,0,0,44585,-15.137684106826782,-11.009793758392334,0.21428571428571427
34578,0,0,44584,-15.137684106826782,-11.009793758392334,0.21428571428571427
34579,0,0,44583,-15.137684106826782,-11.009793758392334,0.21428571428571427
34580,0,0,44582,-15.137684106826782,-11.009793758392334,0.21428571428571427
34581,0,0,44581,-15.137684106826782,-11.009793758392334,0.21428571428571427
34582,0,0,44580,-15.137684106826782,-11.009793758392334,0.21428571428571427
34583,0,0,44579,-15.137684106826782,-11.009793758392334,0.21428571428571427
34584,0,0,44578,-15.137684106826782,-11.009793758392334,0.21428571428571427
34585,0,0,44599,-15.137684106826782,-11.009793758392334,0.21428571428571427
34586,0,0,44600,-15.137684106826782,-11.009793758392334,0.21428571428571427
34587,0,0,44601,-15.137684106826782,-11.009793758392334,0.21428571428571427
34588,0,0,44613,-15.137684106826782,-11.009793758392334,0.21428571428571427
34589,0,0,44622,-15.137684106826782,-11.009793758392334,0.21428571428571427
34590,0,0,44621,-15.137684106826782,-11.009793758392334,0.21428571428571427
34591,0,0,44620,-15.137684106826782,-11.009793758392334,0.21428571428571427
34592,0,0,44619,-15.137684106826782,-11.009793758392334,0.21428571428571427
34593,0,0,44618,-15.137684106826782,-11.009793758392334,0.21428571428571427
34594,0,0,44617,-15.137684106826782,-11.009793758392334,0.21428571428571427
34595,0,0,44616,-15.137684106826782,-11.009793758392334,0.21428571428571427
34596,0,0,44615,-15.137684106826782,-11.009793758392334,0.21428571428571427
34597,0,0,44614,-15.137684106826782,-11.009793758392334,0.21428571428571427
34598,0,0,44612,-15.137684106826782,-11.009793758392334,0.21428571428571427
34599,0,0,44602,-15.137684106826782,-11.009793758392334,0.21428571428571427
34600,0,0,44611,-15.137684106826782,-11.009793758392334,0.21428571428571427
34601,0,0,44610,-15.137684106826782,-11.009793758392334,0.21428571428571427
34602,0,0,44609,-15.137684106826782,-11.009793758392334,0.21428571428571427
34603,0,0,44608,-15.137684106826782,-11.009793758392334,0.21428571428571427
34604,0,0,44607,-15.137684106826782,-11.009793758392334,0.21428571428571427
34605,0,0,44606,-15.137684106826782,-11.009793758392334,0.21428571428571427
34606,0,0,44605,-15.137684106826782,-11.009793758392334,0.21428571428571427
34607,0,0,44604,-15.137684106826782,-11.009793758392334,0.21428571428571427
34608,0,0,44603,-15.137684106826782,-11.009793758392334,0.21428571428571427
34609,0,0,44577,-15.137684106826782,-11.009793758392334,0.21428571428571427
34610,0,0,44575,-15.137684106826782,-11.009793758392334,0.21428571428571427
34611,0,0,44528,-15.137684106826782,-11.009793758392334,0.21428571428571427
34612,0,0,44574,-15.137684106826782,-11.009793758392334,0.21428571428571427
34613,0,0,44549,-15.137684106826782,-11.009793758392334,0.21428571428571427
34614,0,0,44548,-15.137684106826782,-11.009793758392334,0.21428571428571427
34615,0,0,44547,-15.137684106826782,-11.009793758392334,0.21428571428571427
34616,0,0,44546,-15.137684106826782,-11.009793758392334,0.21428571428571427
34617,0,0,44545,-15.137684106826782,-11.009793758392334,0.21428571428571427
34618,0,0,44544,-15.137684106826782,-11.009793758392334,0.21428571428571427
34619,0,0,44543,-15.137684106826782,-11.009793758392334,0.21428571428571427
34620,0,0,44542,-15.137684106826782,-11.009793758392334,0.21428571428571427
34621,0,0,44541,-15.137684106826782,-11.009793758392334,0.21428571428571427
34622,0,0,44540,-15.137684106826782,-11.009793758392334,0.21428571428571427
34623,0,0,44539,-15.137684106826782,-11.009793758392334,0.21428571428571427
34624,0,0,44538,-15.137684106826782,-11.009793758392334,0.21428571428571427
34625,0,0,44537,-15.137684106826782,-11.009793758392334,0.21428571428571427
34626,0,0,44536,-15.137684106826782,-11.009793758392334,0.21428571428571427
34627,0,0,44535,-15.137684106826782,-11.009793758392334,0.21428571428571427
34628,0,0,44534,-15.137684106826782,-11.009793758392334,0.21428571428571427
34629,0,0,44533,-15.137684106826782,-11.009793758392334,0.21428571428571427
34630,0,0,44532,-15.137684106826782,-11.009793758392334,0.21428571428571427
34631,0,0,44531,-15.137684106826782,-11.009793758392334,0.21428571428571427
34632,0,0,44530,-15.137684106826782,-11.009793758392334,0.21428571428571427
34633,0,0,44529,-15.137684106826782,-11.009793758392334,0.21428571428571427
34634,0,0,44550,-15.137684106826782,-11.009793758392334,0.21428571428571427
34635,0,0,44551,-15.137684106826782,-11.009793758392334,0.21428571428571427
34636,0,0,44552,-15.137684106826782,-11.009793758392334,0.21428571428571427
34637,0,0,44564,-15.137684106826782,-11.009793758392334,0.21428571428571427
34638,0,0,44573,-15.137684106826782,-11.009793758392334,0.21428571428571427
34639,0,0,44572,-15.137684106826782,-11.009793758392334,0.21428571428571427
34640,0,0,44571,-15.137684106826782,-11.009793758392334,0.21428571428571427
34641,0,0,44570,-15.137684106826782,-11.009793758392334,0.21428571428571427
34642,0,0,44569,-15.137684106826782,-11.009793758392334,0.21428571428571427
34643,0,0,44568,-15.137684106826782,-11.009793758392334,0.21428571428571427
34644,0,0,44567,-15.137684106826782,-11.009793758392334,0.21428571428571427
34645,0,0,44566,-15.137684106826782,-11.009793758392334,0.21428571428571427
34646,0,0,44565,-15.137684106826782,-11.009793758392334,0.21428571428571427
34647,0,0,44563,-15.137684106826782,-11.009793758392334,0.21428571428571427
34648,0,0,44553,-15.137684106826782,-11.009793758392334,0.21428571428571427
34649,0,0,44562,-15.137684106826782,-11.009793758392334,0.21428571428571427
34650,0,0,44561,-15.137684106826782,-11.009793758392334,0.21428571428571427
34651,0,0,44560,-15.137684106826782,-11.009793758392334,0.21428571428571427
34652,0,0,44559,-15.137684106826782,-11.009793758392334,0.21428571428571427
34653,0,0,44558,-15.137684106826782,-11.009793758392334,0.21428571428571427
34654,0,0,44557,-15.137684106826782,-11.009793758392334,0.21428571428571427
34655,0,0,44556,-15.137684106826782,-11.009793758392334,0.21428571428571427
34656,0,0,44555,-15.137684106826782,-11.009793758392334,0.21428571428571427
34657,0,0,44554,-15.137684106826782,-11.009793758392334,0.21428571428571427
34658,0,0,44623,-15.137684106826782,-11.009793758392334,0.21428571428571427
34659,0,0,44576,-15.137684106826782,-11.009793758392334,0.21428571428571427
34660,0,0,44624,-15.137684106826782,-11.009793758392334,0.21428571428571427
34661,0,0,44674,-15.137684106826782,-11.009793758392334,0.21428571428571427
34662,0,0,44696,-15.137684106826782,-11.009793758392334,0.21428571428571427
34663,0,0,44695,-15.137684106826782,-11.009793758392334,0.21428571428571427
34664,0,0,44694,-15.137684106826782,-11.009793758392334,0.21428571428571427
34665,0,0,44693,-15.137684106826782,-11.009793758392334,0.21428571428571427
34666,0,0,44692,-15.137684106826782,-11.009793758392334,0.21428571428571427
34667,0,0,44691,-15.137684106826782,-11.009793758392334,0.21428571428571427
34668,0,0,44690,-15.137684106826782,-11.009793758392334,0.21428571428571427
34669,0,0,44689,-15.137684106826782,-11.009793758392334,0.21428571428571427
34670,0,0,44688,-15.137684106826782,-11.009793758392334,0.21428571428571427
34671,0,0,44687,-15.137684106826782,-11.009793758392334,0.21428571428571427
34672,0,0,44686,-15.137684106826782,-11.009793758392334,0.21428571428571427
34673,0,0,44685,-15.137684106826782,-11.009793758392334,0.21428571428571427
34674,0,0,44684,-15.137684106826782,-11.009793758392334,0.21428571428571427
34675,0,0,44683,-15.137684106826782,-11.009793758392334,0.21428571428571427
34676,0,0,44682,-15.137684106826782,-11.009793758392334,0.21428571428571427
34677,0,0,44681,-15.137684106826782,-11.009793758392334,0.21428571428571427
34678,0,0,44680,-15.137684106826782,-11.009793758392334,0.21428571428571427
34679,0,0,44679,-15.137684106826782,-11.009793758392334,0.21428571428571427
34680,0,0,44678,-15.137684106826782,-11.009793758392334,0.21428571428571427
34681,0,0,44677,-15.137684106826782,-11.009793758392334,0.21428571428571427
34682,0,0,44676,-15.137684106826782,-11.009793758392334,0.21428571428571427
34683,0,0,44697,-15.137684106826782,-11.009793758392334,0.21428571428571427
34684,0,0,44698,-15.137684106826782,-11.009793758392334,0.21428571428571427
34685,0,0,44699,-15.137684106826782,-11.009793758392334,0.21428571428571427
34686,0,0,44711,-15.137684106826782,-11.009793758392334,0.21428571428571427
34687,0,0,44720,-15.137684106826782,-11.009793758392334,0.21428571428571427
34688,0,0,44719,-15.137684106826782,-11.009793758392334,0.21428571428571427
34689,0,0,44718,-15.137684106826782,-11.009793758392334,0.21428571428571427
34690,0,0,44717,-15.137684106826782,-11.009793758392334,0.21428571428571427
34691,0,0,44716,-15.137684106826782,-11.009793758392334,0.21428571428571427
34692,0,0,44715,-15.137684106826782,-11.009793758392334,0.21428571428571427
34693,0,0,44714,-15.137684106826782,-11.009793758392334,0.21428571428571427
34694,0,0,44713,-15.137684106826782,-11.009793758392334,0.21428571428571427
34695,0,0,44712,-15.137684106826782,-11.009793758392334,0.21428571428571427
34696,0,0,44710,-15.137684106826782,-11.009793758392334,0.21428571428571427
34697,0,0,44700,-15.137684106826782,-11.009793758392334,0.21428571428571427
34698,0,0,44709,-15.137684106826782,-11.009793758392334,0.21428571428571427
34699,0,0,44708,-15.137684106826782,-11.009793758392334,0.21428571428571427
34700,0,0,44707,-15.137684106826782,-11.009793758392334,0.21428571428571427
34701,0,0,44706,-15.137684106826782,-11.009793758392334,0.21428571428571427
34702,0,0,44705,-15.137684106826782,-11.009793758392334,0.21428571428571427
34703,0,0,44704,-15.137684106826782,-11.009793758392334,0.21428571428571427
34704,0,0,44703,-15.137684106826782,-11.009793758392334,0.21428571428571427
34705,0,0,44702,-15.137684106826782,-11.009793758392334,0.21428571428571427
34706,0,0,44701,-15.137684106826782,-11.009793758392334,0.21428571428571427
34707,0,0,44675,-15.137684106826782,-11.009793758392334,0.21428571428571427
34708,0,0,44673,-15.137684106826782,-11.009793758392334,0.21428571428571427
34709,0,0,44626,-15.137684106826782,-11.009793758392334,0.21428571428571427
34710,0,0,44672,-15.137684106826782,-11.009793758392334,0.21428571428571427
34711,0,0,44647,-15.137684106826782,-11.009793758392334,0.21428571428571427
34712,0,0,44646,-15.137684106826782,-11.009793758392334,0.21428571428571427
34713,0,0,44645,-15.137684106826782,-11.009793758392334,0.21428571428571427
34714,0,0,44644,-15.137684106826782,-11.009793758392334,0.21428571428571427
34715,0,0,44643,-15.137684106826782,-11.009793758392334,0.21428571428571427
34716,0,0,44642,-15.137684106826782,-11.009793758392334,0.21428571428571427
34717,0,0,44641,-15.137684106826782,-11.009793758392334,0.21428571428571427
34718,0,0,44640,-15.137684106826782,-11.009793758392334,0.21428571428571427
34719,0,0,44639,-15.137684106826782,-11.009793758392334,0.21428571428571427
34720,0,0,44638,-15.137684106826782,-11.009793758392334,0.21428571428571427
34721,0,0,44637,-15.137684106826782,-11.009793758392334,0.21428571428571427
34722,0,0,44636,-15.137684106826782,-11.009793758392334,0.21428571428571427
34723,0,0,44635,-15.137684106826782,-11.009793758392334,0.21428571428571427
34724,0,0,44634,-15.137684106826782,-11.009793758392334,0.21428571428571427
34725,0,0,44633,-15.137684106826782,-11.009793758392334,0.21428571428571427
34726,0,0,44632,-15.137684106826782,-11.009793758392334,0.21428571428571427
34727,0,0,44631,-15.137684106826782,-11.009793758392334,0.21428571428571427
34728,0,0,44630,-15.137684106826782,-11.009793758392334,0.21428571428571427
34729,0,0,44629,-15.137684106826782,-11.009793758392334,0.21428571428571427
34730,0,0,44628,-15.137684106826782,-11.009793758392334,0.21428571428571427
34731,0,0,44627,-15.137684106826782,-11.009793758392334,0.21428571428571427
34732,0,0,44648,-15.137684106826782,-11.009793758392334,0.21428571428571427
34733,0,0,44649,-15.137684106826782,-11.009793758392334,0.21428571428571427
34734,0,0,44650,-15.137684106826782,-11.009793758392334,0.21428571428571427
34735,0,0,44662,-15.137684106826782,-11.009793758392334,0.21428571428571427
34736,0,0,44671,-15.137684106826782,-11.009793758392334,0.21428571428571427
34737,0,0,44670,-15.137684106826782,-11.009793758392334,0.21428571428571427
34738,0,0,44669,-15.137684106826782,-11.009793758392334,0.21428571428571427
34739,0,0,44668,-15.137684106826782,-11.009793758392334,0.21428571428571427
34740,0,0,44667,-15.137684106826782,-11.009793758392334,0.21428571428571427
34741,0,0,44666,-15.137684106826782,-11.009793758392334,0.21428571428571427
34742,0,0,44665,-15.137684106826782,-11.009793758392334,0.21428571428571427
34743,0,0,44664,-15.137684106826782,-11.009793758392334,0.21428571428571427
34744,0,0,44663,-15.137684106826782,-11.009793758392334,0.21428571428571427
34745,0,0,44661,-15.137684106826782,-11.009793758392334,0.21428571428571427
34746,0,0,44651,-15.137684106826782,-11.009793758392334,0.21428571428571427
34747,0,0,44660,-15.137684106826782,-11.009793758392334,0.21428571428571427
34748,0,0,44659,-15.137684106826782,-11.009793758392334,0.21428571428571427
34749,0,0,44658,-15.137684106826782,-11.009793758392334,0.21428571428571427
34750,0,0,44657,-15.137684106826782,-11.009793758392334,0.21428571428571427
34751,0,0,44656,-15.137684106826782,-11.009793758392334,0.21428571428571427
34752,0,0,44655,-15.137684106826782,-11.009793758392334,0.21428571428571427
34753,0,0,44654,-15.137684106826782,-11.009793758392334,0.21428571428571427
34754,0,0,44653,-15.137684106826782,-11.009793758392334,0.21428571428571427
34755,0,0,44652,-15.137684106826782,-11.009793758392334,0.21428571428571427
34756,0,0,44916,-15.137684106826782,-11.009793758392334,0.21428571428571427
34757,0,0,44917,-15.137684106826782,-11.009793758392334,0.21428571428571427
34758,0,0,44918,-15.137684106826782,-11.009793758392334,0.21428571428571427
34759,0,0,45113,-15.137684106826782,-11.009793758392334,0.21428571428571427
34760,0,0,45184,-15.137684106826782,-11.009793758392334,0.21428571428571427
34761,0,0,45183,-15.137684106826782,-11.009793758392334,0.21428571428571427
34762,0,0,45182,-15.137684106826782,-11.009793758392334,0.21428571428571427
34763,0,0,45181,-15.137684106826782,-11.009793758392334,0.21428571428571427
34764,0,0,45180,-15.137684106826782,-11.009793758392334,0.21428571428571427
34765,0,0,45179,-15.137684106826782,-11.009793758392334,0.21428571428571427
34766,0,0,45178,-15.137684106826782,-11.009793758392334,0.21428571428571427
34767,0,0,45177,-15.137684106826782,-11.009793758392334,0.21428571428571427
34768,0,0,45176,-15.137684106826782,-11.009793758392334,0.21428571428571427
34769,0,0,45175,-15.137684106826782,-11.009793758392334,0.21428571428571427
34770,0,0,45174,-15.137684106826782,-11.009793758392334,0.21428571428571427
34771,0,0,45173,-15.137684106826782,-11.009793758392334,0.21428571428571427
34772,0,0,45172,-15.137684106826782,-11.009793758392334,0.21428571428571427
34773,0,0,45171,-15.137684106826782,-11.009793758392334,0.21428571428571427
34774,0,0,45170,-15.137684106826782,-11.009793758392334,0.21428571428571427
34775,0,0,45169,-15.137684106826782,-11.009793758392334,0.21428571428571427
34776,0,0,45168,-15.137684106826782,-11.009793758392334,0.21428571428571427
34777,0,0,45167,-15.137684106826782,-11.009793758392334,0.21428571428571427
34778,0,0,45166,-15.137684106826782,-11.009793758392334,0.21428571428571427
34779,0,0,45165,-15.137684106826782,-11.009793758392334,0.21428571428571427
34780,0,0,45164,-15.137684106826782,-11.009793758392334,0.21428571428571427
34781,0,0,45185,-15.137684106826782,-11.009793758392334,0.21428571428571427
34782,0,0,45186,-15.137684106826782,-11.009793758392334,0.21428571428571427
34783,0,0,45187,-15.137684106826782,-11.009793758392334,0.21428571428571427
34784,0,0,45199,-15.137684106826782,-11.009793758392334,0.21428571428571427
34785,0,0,45208,-15.137684106826782,-11.009793758392334,0.21428571428571427
34786,0,0,45207,-15.137684106826782,-11.009793758392334,0.21428571428571427
34787,0,0,45206,-15.137684106826782,-11.009793758392334,0.21428571428571427
34788,0,0,45205,-15.137684106826782,-11.009793758392334,0.21428571428571427
34789,0,0,45204,-15.137684106826782,-11.009793758392334,0.21428571428571427
34790,0,0,45203,-15.137684106826782,-11.009793758392334,0.21428571428571427
34791,0,0,45202,-15.137684106826782,-11.009793758392334,0.21428571428571427
34792,0,0,45201,-15.137684106826782,-11.009793758392334,0.21428571428571427
34793,0,0,45200,-15.137684106826782,-11.009793758392334,0.21428571428571427
34794,0,0,45198,-15.137684106826782,-11.009793758392334,0.21428571428571427
34795,0,0,45188,-15.137684106826782,-11.009793758392334,0.21428571428571427
34796,0,0,45197,-15.137684106826782,-11.009793758392334,0.21428571428571427
34797,0,0,45196,-15.137684106826782,-11.009793758392334,0.21428571428571427
34798,0,0,45195,-15.137684106826782,-11.009793758392334,0.21428571428571427
34799,0,0,45194,-15.137684106826782,-11.009793758392334,0.21428571428571427
34800,0,0,45193,-15.137684106826782,-11.009793758392334,0.21428571428571427
34801,0,0,45192,-15.137684106826782,-11.009793758392334,0.21428571428571427
34802,0,0,45191,-15.137684106826782,-11.009793758392334,0.21428571428571427
34803,0,0,45190,-15.137684106826782,-11.009793758392334,0.21428571428571427
34804,0,0,45189,-15.137684106826782,-11.009793758392334,0.21428571428571427
34805,0,0,45163,-15.137684106826782,-11.009793758392334,0.21428571428571427
34806,0,0,45161,-15.137684106826782,-11.009793758392334,0.21428571428571427
34807,0,0,45114,-15.137684106826782,-11.009793758392334,0.21428571428571427
34808,0,0,45160,-15.137684106826782,-11.009793758392334,0.21428571428571427
34809,0,0,45135,-15.137684106826782,-11.009793758392334,0.21428571428571427
34810,0,0,45134,-15.137684106826782,-11.009793758392334,0.21428571428571427
34811,0,0,45133,-15.137684106826782,-11.009793758392334,0.21428571428571427
34812,0,0,45132,-15.137684106826782,-11.009793758392334,0.21428571428571427
34813,0,0,45131,-15.137684106826782,-11.009793758392334,0.21428571428571427
34814,0,0,45130,-15.137684106826782,-11.009793758392334,0.21428571428571427
34815,0,0,45129,-15.137684106826782,-11.009793758392334,0.21428571428571427
34816,0,0,45128,-15.137684106826782,-11.009793758392334,0.21428571428571427
34817,0,0,45127,-15.137684106826782,-11.009793758392334,0.21428571428571427
34818,0,0,45126,-15.137684106826782,-11.009793758392334,0.21428571428571427
34819,0,0,45125,-15.137684106826782,-11.009793758392334,0.21428571428571427
34820,0,0,45124,-15.137684106826782,-11.009793758392334,0.21428571428571427
34821,0,0,45123,-15.137684106826782,-11.009793758392334,0.21428571428571427
34822,0,0,45122,-15.137684106826782,-11.009793758392334,0.21428571428571427
34823,0,0,45121,-15.137684106826782,-11.009793758392334,0.21428571428571427
34824,0,0,45120,-15.137684106826782,-11.009793758392334,0.21428571428571427
34825,0,0,45119,-15.137684106826782,-11.009793758392334,0.21428571428571427
34826,0,0,45118,-15.137684106826782,-11.009793758392334,0.21428571428571427
34827,0,0,45117,-15.137684106826782,-11.009793758392334,0.21428571428571427
34828,0,0,45116,-15.137684106826782,-11.009793758392334,0.21428571428571427
34829,1,0,45115,-15.137684106826782,-11.009793758392334,0.21428571428571427
34830,0,0,45136,-15.137684106826782,-11.009793758392334,0.21428571428571427
34831,0,0,45137,-15.137684106826782,-11.009793758392334,0.21428571428571427
34832,0,0,45138,-15.137684106826782,-11.009793758392334,0.21428571428571427
34833,0,0,45150,-15.137684106826782,-11.009793758392334,0.21428571428571427
34834,0,0,45159,-15.137684106826782,-11.009793758392334,0.21428571428571427
34835,0,0,45158,-15.137684106826782,-11.009793758392334,0.21428571428571427
34836,1,0,45157,-15.137684106826782,-11.009793758392334,0.21428571428571427
34837,0,0,45156,-15.137684106826782,-11.009793758392334,0.21428571428571427
34838,0,0,45155,-15.137684106826782,-11.009793758392334,0.21428571428571427
34839,0,0,45154,-15.137684106826782,-11.009793758392334,0.21428571428571427
34840,0,0,45153,-15.137684106826782,-11.009793758392334,0.21428571428571427
34841,0,0,45152,-15.137684106826782,-11.009793758392334,0.21428571428571427
34842,0,0,45151,-15.137684106826782,-11.009793758392334,0.21428571428571427
34843,0,0,45149,-15.137684106826782,-11.009793758392334,0.21428571428571427
34844,0,0,45139,-15.137684106826782,-11.009793758392334,0.21428571428571427
34845,0,0,45148,-15.137684106826782,-11.009793758392334,0.21428571428571427
34846,0,0,45147,-15.137684106826782,-11.009793758392334,0.21428571428571427
34847,0,0,45146,-15.137684106826782,-11.009793758392334,0.21428571428571427
34848,0,0,45145,-15.137684106826782,-11.009793758392334,0.21428571428571427
34849,0,0,45144,-15.137684106826782,-11.009793758392334,0.21428571428571427
34850,0,0,45143,-15.137684106826782,-11.009793758392334,0.21428571428571427
34851,0,0,45142,-15.137684106826782,-11.009793758392334,0.21428571428571427
34852,0,0,45141,-15.137684106826782,-11.009793758392334,0.21428571428571427
34853,0,0,45140,-15.137684106826782,-11.009793758392334,0.21428571428571427
34854,0,0,45209,-15.137684106826782,-11.009793758392334,0.21428571428571427
34855,0,0,45210,-15.137684106826782,-11.009793758392334,0.21428571428571427
34856,0,0,45211,-15.137684106826782,-11.009793758392334,0.21428571428571427
34857,0,0,45212,-15.137684106826782,-11.009793758392334,0.21428571428571427
34858,0,0,45281,-15.137684106826782,-11.009793758392334,0.21428571428571427
34859,0,0,45280,-15.137684106826782,-11.009793758392334,0.21428571428571427
34860,0,0,45279,-15.137684106826782,-11.009793758392334,0.21428571428571427
34861,0,0,45278,-15.137684106826782,-11.009793758392334,0.21428571428571427
34862,0,0,45277,-15.137684106826782,-11.009793758392334,0.21428571428571427
34863,0,0,45276,-15.137684106826782,-11.009793758392334,0.21428571428571427
34864,0,0,45275,-15.137684106826782,-11.009793758392334,0.21428571428571427
34865,0,0,45274,-15.137684106826782,-11.009793758392334,0.21428571428571427
34866,0,0,45273,-15.137684106826782,-11.009793758392334,0.21428571428571427
34867,0,0,45271,-15.137684106826782,-11.009793758392334,0.21428571428571427
34868,0,0,45261,-15.137684106826782,-11.009793758392334,0.21428571428571427
34869,0,0,45270,-15.137684106826782,-11.009793758392334,0.21428571428571427
34870,0,0,45269,-15.137684106826782,-11.009793758392334,0.21428571428571427
34871,0,0,45268,-15.137684106826782,-11.009793758392334,0.21428571428571427
34872,0,0,45267,-15.137684106826782,-11.009793758392334,0.21428571428571427
34873,0,0,45266,-15.137684106826782,-11.009793758392334,0.21428571428571427
34874,0,0,45265,-15.137684106826782,-11.009793758392334,0.21428571428571427
34875,0,0,45264,-15.137684106826782,-11.009793758392334,0.21428571428571427
34876,0,0,45263,-15.137684106826782,-11.009793758392334,0.21428571428571427
34877,0,0,45262,-15.137684106826782,-11.009793758392334,0.21428571428571427
34878,0,0,45282,-15.137684106826782,-11.009793758392334,0.21428571428571427
34879,0,0,45272,-15.137684106826782,-11.009793758392334,0.21428571428571427
34880,0,0,45283,-15.137684106826782,-11.009793758392334,0.21428571428571427
34881,0,0,45296,-15.137684106826782,-11.009793758392334,0.21428571428571427
34882,0,0,45305,-15.137684106826782,-11.009793758392334,0.21428571428571427
34883,0,0,45304,-15.137684106826782,-11.009793758392334,0.21428571428571427
34884,0,0,45303,-15.137684106826782,-11.009793758392334,0.21428571428571427
34885,0,0,45302,-15.137684106826782,-11.009793758392334,0.21428571428571427
34886,0,0,45301,-15.137684106826782,-11.009793758392334,0.21428571428571427
34887,0,0,45300,-15.137684106826782,-11.009793758392334,0.21428571428571427
34888,0,0,45299,-15.137684106826782,-11.009793758392334,0.21428571428571427
34889,0,0,45298,-15.137684106826782,-11.009793758392334,0.21428571428571427
34890,0,0,45297,-15.137684106826782,-11.009793758392334,0.21428571428571427
34891,0,0,45295,-15.137684106826782,-11.009793758392334,0.21428571428571427
34892,0,0,45285,-15.137684106826782,-11.009793758392334,0.21428571428571427
34893,0,0,45294,-15.137684106826782,-11.009793758392334,0.21428571428571427
34894,0,0,45293,-15.137684106826782,-11.009793758392334,0.21428571428571427
34895,0,0,45292,-15.137684106826782,-11.009793758392334,0.21428571428571427
34896,0,0,45291,-15.137684106826782,-11.009793758392334,0.21428571428571427
34897,0,0,45290,-15.137684106826782,-11.009793758392334,0.21428571428571427
34898,0,0,45289,-15.137684106826782,-11.009793758392334,0.21428571428571427
34899,0,0,45288,-15.137684106826782,-11.009793758392334,0.21428571428571427
34900,0,0,45287,-15.137684106826782,-11.009793758392334,0.21428571428571427
34901,0,0,45286,-15.137684106826782,-11.009793758392334,0.21428571428571427
34902,0,0,45284,-15.137684106826782,-11.009793758392334,0.21428571428571427
34903,0,0,45260,-15.137684106826782,-11.009793758392334,0.21428571428571427
34904,0,0,45259,-15.137684106826782,-11.009793758392334,0.21428571428571427
34905,0,0,45258,-15.137684106826782,-11.009793758392334,0.21428571428571427
34906,0,0,45233,-15.137684106826782,-11.009793758392334,0.21428571428571427
34907,0,0,45232,-15.137684106826782,-11.009793758392334,0.21428571428571427
34908,0,0,45231,-15.137684106826782,-11.009793758392334,0.21428571428571427
34909,0,0,45230,-15.137684106826782,-11.009793758392334,0.21428571428571427
34910,0,0,45229,-15.137684106826782,-11.009793758392334,0.21428571428571427
34911,0,0,45228,-15.137684106826782,-11.009793758392334,0.21428571428571427
34912,0,0,45227,-15.137684106826782,-11.009793758392334,0.21428571428571427
34913,0,0,45226,-15.137684106826782,-11.009793758392334,0.21428571428571427
34914,0,0,45225,-15.137684106826782,-11.009793758392334,0.21428571428571427
34915,0,0,45224,-15.137684106826782,-11.009793758392334,0.21428571428571427
34916,0,0,45223,-15.137684106826782,-11.009793758392334,0.21428571428571427
34917,0,0,45222,-15.137684106826782,-11.009793758392334,0.21428571428571427
34918,0,0,45221,-15.137684106826782,-11.009793758392334,0.21428571428571427
34919,0,0,45220,-15.137684106826782,-11.009793758392334,0.21428571428571427
34920,0,0,45219,-15.137684106826782,-11.009793758392334,0.21428571428571427
34921,0,0,45218,-15.137684106826782,-11.009793758392334,0.21428571428571427
34922,0,0,45217,-15.137684106826782,-11.009793758392334,0.21428571428571427
34923,0,0,45216,-15.137684106826782,-11.009793758392334,0.21428571428571427
34924,0,0,45215,-15.137684106826782,-11.009793758392334,0.21428571428571427
34925,0,0,45214,-15.137684106826782,-11.009793758392334,0.21428571428571427
34926,0,0,45213,-15.137684106826782,-11.009793758392334,0.21428571428571427
34927,0,0,45234,-15.137684106826782,-11.009793758392334,0.21428571428571427
34928,0,0,45235,-15.137684106826782,-11.009793758392334,0.21428571428571427
34929,0,0,45236,-15.137684106826782,-11.009793758392334,0.21428571428571427
34930,0,0,45248,-15.137684106826782,-11.009793758392334,0.21428571428571427
34931,0,0,45257,-15.137684106826782,-11.009793758392334,0.21428571428571427
34932,0,0,45256,-15.137684106826782,-11.009793758392334,0.21428571428571427
34933,0,0,45255,-15.137684106826782,-11.009793758392334,0.21428571428571427
34934,0,0,45254,-15.137684106826782,-11.009793758392334,0.21428571428571427
34935,0,0,45253,-15.137684106826782,-11.009793758392334,0.21428571428571427
34936,0,0,45252,-15.137684106826782,-11.009793758392334,0.21428571428571427
34937,0,0,45251,-15.137684106826782,-11.009793758392334,0.21428571428571427
34938,0,0,45250,-15.137684106826782,-11.009793758392334,0.21428571428571427
34939,0,0,45249,-15.137684106826782,-11.009793758392334,0.21428571428571427
34940,0,0,45247,-15.137684106826782,-11.009793758392334,0.21428571428571427
34941,0,0,45237,-15.137684106826782,-11.009793758392334,0.21428571428571427
34942,0,0,45246,-15.137684106826782,-11.009793758392334,0.21428571428571427
34943,0,0,45245,-15.137684106826782,-11.009793758392334,0.21428571428571427
34944,0,0,45244,-15.137684106826782,-11.009793758392334,0.21428571428571427
34945,0,0,45243,-15.137684106826782,-11.009793758392334,0.21428571428571427
34946,0,0,45242,-15.137684106826782,-11.009793758392334,0.21428571428571427
34947,0,0,45241,-15.137684106826782,-11.009793758392334,0.21428571428571427
34948,0,0,45240,-15.137684106826782,-11.009793758392334,0.21428571428571427
34949,0,0,45239,-15.137684106826782,-11.009793758392334,0.21428571428571427
34950,1,0,45238,-15.137684106826782,-11.009793758392334,0.21428571428571427
34951,0,0,45162,-15.137684106826782,-11.009793758392334,0.21428571428571427
34952,0,0,45112,-15.137684106826782,-11.009793758392334,0.21428571428571427
34953,0,0,44967,-15.137684106826782,-11.009793758392334,0.21428571428571427
34954,0,0,45111,-15.137684106826782,-11.009793758392334,0.21428571428571427
34955,0,0,44989,-15.137684106826782,-11.009793758392334,0.21428571428571427
34956,0,0,44988,-15.137684106826782,-11.009793758392334,0.21428571428571427
34957,0,0,44987,-15.137684106826782,-11.009793758392334,0.21428571428571427
34958,0,0,44986,-15.137684106826782,-11.009793758392334,0.21428571428571427
34959,0,0,44985,-15.137684106826782,-11.009793758392334,0.21428571428571427
34960,0,0,44984,-15.137684106826782,-11.009793758392334,0.21428571428571427
34961,0,0,44983,-15.137684106826782,-11.009793758392334,0.21428571428571427
34962,0,0,44982,-15.137684106826782,-11.009793758392334,0.21428571428571427
34963,0,0,44981,-15.137684106826782,-11.009793758392334,0.21428571428571427
34964,0,0,44980,-15.137684106826782,-11.009793758392334,0.21428571428571427
34965,0,0,44979,-15.137684106826782,-11.009793758392334,0.21428571428571427
34966,0,0,44978,-15.137684106826782,-11.009793758392334,0.21428571428571427
34967,0,0,44977,-15.137684106826782,-11.009793758392334,0.21428571428571427
34968,0,0,44976,-15.137684106826782,-11.009793758392334,0.21428571428571427
34969,0,0,44975,-15.137684106826782,-11.009793758392334,0.21428571428571427
34970,0,0,44974,-15.137684106826782,-11.009793758392334,0.21428571428571427
34971,0,0,44973,-15.137684106826782,-11.009793758392334,0.21428571428571427
34972,0,0,44972,-15.137684106826782,-11.009793758392334,0.21428571428571427
34973,0,0,44971,-15.137684106826782,-11.009793758392334,0.21428571428571427
34974,0,0,44970,-15.137684106826782,-11.009793758392334,0.21428571428571427
34975,0,0,44969,-15.137684106826782,-11.009793758392334,0.21428571428571427
34976,0,0,44990,-15.137684106826782,-11.009793758392334,0.21428571428571427
34977,0,0,44991,-15.137684106826782,-11.009793758392334,0.21428571428571427
34978,0,0,44992,-15.137684106826782,-11.009793758392334,0.21428571428571427
34979,0,0,45004,-15.137684106826782,-11.009793758392334,0.21428571428571427
34980,0,0,45013,-15.137684106826782,-11.009793758392334,0.21428571428571427
34981,0,0,45012,-15.137684106826782,-11.009793758392334,0.21428571428571427
34982,0,0,45011,-15.137684106826782,-11.009793758392334,0.21428571428571427
34983,0,0,45010,-15.137684106826782,-11.009793758392334,0.21428571428571427
34984,0,0,45009,-15.137684106826782,-11.009793758392334,0.21428571428571427
34985,0,0,45008,-15.137684106826782,-11.009793758392334,0.21428571428571427
34986,0,0,45007,-15.137684106826782,-11.009793758392334,0.21428571428571427
34987,0,0,45006,-15.137684106826782,-11.009793758392334,0.21428571428571427
34988,0,0,45005,-15.137684106826782,-11.009793758392334,0.21428571428571427
34989,0,0,45003,-15.137684106826782,-11.009793758392334,0.21428571428571427
34990,0,0,44993,-15.137684106826782,-11.009793758392334,0.21428571428571427
34991,0,0,45002,-15.137684106826782,-11.009793758392334,0.21428571428571427
34992,0,0,45001,-15.137684106826782,-11.009793758392334,0.21428571428571427
34993,0,0,45000,-15.137684106826782,-11.009793758392334,0.21428571428571427
34994,0,0,44999,-15.137684106826782,-11.009793758392334,0.21428571428571427
34995,0,0,44998,-15.137684106826782,-11.009793758392334,0.21428571428571427
34996,0,0,44997,-15.137684106826782,-11.009793758392334,0.21428571428571427
34997,0,0,44996,-15.137684106826782,-11.009793758392334,0.21428571428571427
34998,0,0,44995,-15.137684106826782,-11.009793758392334,0.21428571428571427
34999,0,0,44994,-15.137684106826782,-11.009793758392334,0.21428571428571427
35000,0,0,44968,-15.137684106826782,-11.009793758392334,0.21428571428571427
35001,0,0,44966,-15.137684106826782,-11.009793758392334,0.21428571428571427
35002,0,0,44919,-15.137684106826782,-11.009793758392334,0.21428571428571427
35003,0,0,44965,-15.137684106826782,-11.009793758392334,0.21428571428571427
35004,0,0,44940,-15.137684106826782,-11.009793758392334,0.21428571428571427
35005,0,0,44939,-15.137684106826782,-11.009793758392334,0.21428571428571427
35006,0,0,44938,-15.137684106826782,-11.009793758392334,0.21428571428571427
35007,0,0,44937,-15.137684106826782,-11.009793758392334,0.21428571428571427
35008,0,0,44936,-15.137684106826782,-11.009793758392334,0.21428571428571427
35009,0,0,44935,-15.137684106826782,-11.009793758392334,0.21428571428571427
35010,0,0,44934,-15.137684106826782,-11.009793758392334,0.21428571428571427
35011,0,0,44933,-15.137684106826782,-11.009793758392334,0.21428571428571427
35012,0,0,44932,-15.137684106826782,-11.009793758392334,0.21428571428571427
35013,0,0,44931,-15.137684106826782,-11.009793758392334,0.21428571428571427
35014,0,0,44930,-15.137684106826782,-11.009793758392334,0.21428571428571427
35015,0,0,44929,-15.137684106826782,-11.009793758392334,0.21428571428571427
35016,0,0,44928,-15.137684106826782,-11.009793758392334,0.21428571428571427
35017,0,0,44927,-15.137684106826782,-11.009793758392334,0.21428571428571427
35018,0,0,44926,-15.137684106826782,-11.009793758392334,0.21428571428571427
35019,0,0,44925,-15.137684106826782,-11.009793758392334,0.21428571428571427
35020,0,0,44924,-15.137684106826782,-11.009793758392334,0.21428571428571427
35021,0,0,44923,-15.137684106826782,-11.009793758392334,0.21428571428571427
35022,0,0,44922,-15.137684106826782,-11.009793758392334,0.21428571428571427
35023,0,0,44921,-15.137684106826782,-11.009793758392334,0.21428571428571427
35024,0,0,44920,-15.137684106826782,-11.009793758392334,0.21428571428571427
35025,0,0,44941,-15.137684106826782,-11.009793758392334,0.21428571428571427
35026,0,0,44942,-15.137684106826782,-11.009793758392334,0.21428571428571427
35027,0,0,44943,-15.137684106826782,-11.009793758392334,0.21428571428571427
35028,0,0,44955,-15.137684106826782,-11.009793758392334,0.21428571428571427
35029,0,0,44964,-15.137684106826782,-11.009793758392334,0.21428571428571427
35030,0,0,44963,-15.137684106826782,-11.009793758392334,0.21428571428571427
35031,0,0,44962,-15.137684106826782,-11.009793758392334,0.21428571428571427
35032,0,0,44961,-15.137684106826782,-11.009793758392334,0.21428571428571427
35033,0,0,44960,-15.137684106826782,-11.009793758392334,0.21428571428571427
35034,0,0,44959,-15.137684106826782,-11.009793758392334,0.21428571428571427
35035,0,0,44958,-15.137684106826782,-11.009793758392334,0.21428571428571427
35036,0,0,44957,-15.137684106826782,-11.009793758392334,0.21428571428571427
35037,0,0,44956,-15.137684106826782,-11.009793758392334,0.21428571428571427
35038,0,0,44954,-15.137684106826782,-11.009793758392334,0.21428571428571427
35039,0,0,44944,-15.137684106826782,-11.009793758392334,0.21428571428571427
35040,0,0,44953,-15.137684106826782,-11.009793758392334,0.21428571428571427
35041,0,0,44952,-15.137684106826782,-11.009793758392334,0.21428571428571427
35042,0,0,44951,-15.137684106826782,-11.009793758392334,0.21428571428571427
35043,0,0,44950,-15.137684106826782,-11.009793758392334,0.21428571428571427
35044,0,0,44949,-15.137684106826782,-11.009793758392334,0.21428571428571427
35045,0,0,44948,-15.137684106826782,-11.009793758392334,0.21428571428571427
35046,0,0,44947,-15.137684106826782,-11.009793758392334,0.21428571428571427
35047,0,0,44946,-15.137684106826782,-11.009793758392334,0.21428571428571427
35048,0,0,44945,-15.137684106826782,-11.009793758392334,0.21428571428571427
35049,0,0,45014,-15.137684106826782,-11.009793758392334,0.21428571428571427
35050,0,0,45015,-15.137684106826782,-11.009793758392334,0.21428571428571427
35051,0,0,45016,-15.137684106826782,-11.009793758392334,0.21428571428571427
35052,0,0,45017,-15.137684106826782,-11.009793758392334,0.21428571428571427
35053,0,0,45086,-15.137684106826782,-11.009793758392334,0.21428571428571427
35054,0,0,45085,-15.137684106826782,-11.009793758392334,0.21428571428571427
35055,0,0,45084,-15.137684106826782,-11.009793758392334,0.21428571428571427
35056,0,0,45083,-15.137684106826782,-11.009793758392334,0.21428571428571427
35057,0,0,45082,-15.137684106826782,-11.009793758392334,0.21428571428571427
35058,0,0,45081,-15.137684106826782,-11.009793758392334,0.21428571428571427
35059,0,0,45080,-15.137684106826782,-11.009793758392334,0.21428571428571427
35060,0,0,45079,-15.137684106826782,-11.009793758392334,0.21428571428571427
35061,0,0,45078,-15.137684106826782,-11.009793758392334,0.21428571428571427
35062,0,0,45076,-15.137684106826782,-11.009793758392334,0.21428571428571427
35063,0,0,45066,-15.137684106826782,-11.009793758392334,0.21428571428571427
35064,0,0,45075,-15.137684106826782,-11.009793758392334,0.21428571428571427
35065,0,0,45074,-15.137684106826782,-11.009793758392334,0.21428571428571427
35066,0,0,45073,-15.137684106826782,-11.009793758392334,0.21428571428571427
35067,0,0,45072,-15.137684106826782,-11.009793758392334,0.21428571428571427
35068,0,0,45071,-15.137684106826782,-11.009793758392334,0.21428571428571427
35069,0,0,45070,-15.137684106826782,-11.009793758392334,0.21428571428571427
35070,0,0,45069,-15.137684106826782,-11.009793758392334,0.21428571428571427
35071,0,0,45068,-15.137684106826782,-11.009793758392334,0.21428571428571427
35072,0,0,45067,-15.137684106826782,-11.009793758392334,0.21428571428571427
35073,0,0,45087,-15.137684106826782,-11.009793758392334,0.21428571428571427
35074,0,0,45077,-15.137684106826782,-11.009793758392334,0.21428571428571427
35075,0,0,45088,-15.137684106826782,-11.009793758392334,0.21428571428571427
35076,0,0,45101,-15.137684106826782,-11.009793758392334,0.21428571428571427
35077,0,0,45110,-15.137684106826782,-11.009793758392334,0.21428571428571427
35078,0,0,45109,-15.137684106826782,-11.009793758392334,0.21428571428571427
35079,0,0,45108,-15.137684106826782,-11.009793758392334,0.21428571428571427
35080,0,0,45107,-15.137684106826782,-11.009793758392334,0.21428571428571427
35081,0,0,45106,-15.137684106826782,-11.009793758392334,0.21428571428571427
35082,0,0,45105,-15.137684106826782,-11.009793758392334,0.21428571428571427
35083,0,0,45104,-15.137684106826782,-11.009793758392334,0.21428571428571427
35084,0,0,45103,-15.137684106826782,-11.009793758392334,0.21428571428571427
35085,0,0,45102,-15.137684106826782,-11.009793758392334,0.21428571428571427
35086,0,0,45100,-15.137684106826782,-11.009793758392334,0.21428571428571427
35087,0,0,45090,-15.137684106826782,-11.009793758392334,0.21428571428571427
35088,0,0,45099,-15.137684106826782,-11.009793758392334,0.21428571428571427
35089,0,0,45098,-15.137684106826782,-11.009793758392334,0.21428571428571427
35090,0,0,45097,-15.137684106826782,-11.009793758392334,0.21428571428571427
35091,0,0,45096,-15.137684106826782,-11.009793758392334,0.21428571428571427
35092,0,0,45095,-15.137684106826782,-11.009793758392334,0.21428571428571427
35093,0,0,45094,-15.137684106826782,-11.009793758392334,0.21428571428571427
35094,0,0,45093,-15.137684106826782,-11.009793758392334,0.21428571428571427
35095,0,0,45092,-15.137684106826782,-11.009793758392334,0.21428571428571427
35096,0,0,45091,-15.137684106826782,-11.009793758392334,0.21428571428571427
35097,0,0,45089,-15.137684106826782,-11.009793758392334,0.21428571428571427
35098,0,0,45065,-15.137684106826782,-11.009793758392334,0.21428571428571427
35099,0,0,45064,-15.137684106826782,-11.009793758392334,0.21428571428571427
35100,0,0,45063,-15.137684106826782,-11.009793758392334,0.21428571428571427
35101,0,0,45038,-15.137684106826782,-11.009793758392334,0.21428571428571427
35102,0,0,45037,-15.137684106826782,-11.009793758392334,0.21428571428571427
35103,0,0,45036,-15.137684106826782,-11.009793758392334,0.21428571428571427
35104,0,0,45035,-15.137684106826782,-11.009793758392334,0.21428571428571427
35105,0,0,45034,-15.137684106826782,-11.009793758392334,0.21428571428571427
35106,0,0,45033,-15.137684106826782,-11.009793758392334,0.21428571428571427
35107,0,0,45032,-15.137684106826782,-11.009793758392334,0.21428571428571427
35108,0,0,45031,-15.137684106826782,-11.009793758392334,0.21428571428571427
35109,0,0,45030,-15.137684106826782,-11.009793758392334,0.21428571428571427
35110,0,0,45029,-15.137684106826782,-11.009793758392334,0.21428571428571427
35111,0,0,45028,-15.137684106826782,-11.009793758392334,0.21428571428571427
35112,0,0,45027,-15.137684106826782,-11.009793758392334,0.21428571428571427
35113,0,0,45026,-15.137684106826782,-11.009793758392334,0.21428571428571427
35114,0,0,45025,-15.137684106826782,-11.009793758392334,0.21428571428571427
35115,0,0,45024,-15.137684106826782,-11.009793758392334,0.21428571428571427
35116,0,0,45023,-15.137684106826782,-11.009793758392334,0.21428571428571427
35117,0,0,45022,-15.137684106826782,-11.009793758392334,0.21428571428571427
35118,0,0,45021,-15.137684106826782,-11.009793758392334,0.21428571428571427
35119,0,0,45020,-15.137684106826782,-11.009793758392334,0.21428571428571427
35120,0,0,45019,-15.137684106826782,-11.009793758392334,0.21428571428571427
35121,0,0,45018,-15.137684106826782,-11.009793758392334,0.21428571428571427
35122,0,0,45039,-15.137684106826782,-11.009793758392334,0.21428571428571427
35123,0,0,45040,-15.137684106826782,-11.009793758392334,0.21428571428571427
35124,0,0,45041,-15.137684106826782,-11.009793758392334,0.21428571428571427
35125,0,0,45053,-15.137684106826782,-11.009793758392334,0.21428571428571427
35126,0,0,45062,-15.137684106826782,-11.009793758392334,0.21428571428571427
35127,0,0,45061,-15.137684106826782,-11.009793758392334,0.21428571428571427
35128,0,0,45060,-15.137684106826782,-11.009793758392334,0.21428571428571427
35129,0,0,45059,-15.137684106826782,-11.009793758392334,0.21428571428571427
35130,0,0,45058,-15.137684106826782,-11.009793758392334,0.21428571428571427
35131,0,0,45057,-15.137684106826782,-11.009793758392334,0.21428571428571427
35132,0,0,45056,-15.137684106826782,-11.009793758392334,0.21428571428571427
35133,0,0,45055,-15.137684106826782,-11.009793758392334,0.21428571428571427
35134,0,0,45054,-15.137684106826782,-11.009793758392334,0.21428571428571427
35135,0,0,45052,-15.137684106826782,-11.009793758392334,0.21428571428571427
35136,0,0,45042,-15.137684106826782,-11.009793758392334,0.21428571428571427
35137,0,0,45051,-15.137684106826782,-11.009793758392334,0.21428571428571427
35138,0,0,45050,-15.137684106826782,-11.009793758392334,0.21428571428571427
35139,0,0,45049,-15.137684106826782,-11.009793758392334,0.21428571428571427
35140,0,0,45048,-15.137684106826782,-11.009793758392334,0.21428571428571427
35141,0,0,45047,-15.137684106826782,-11.009793758392334,0.21428571428571427
35142,0,0,45046,-15.137684106826782,-11.009793758392334,0.21428571428571427
35143,0,0,45045,-15.137684106826782,-11.009793758392334,0.21428571428571427
35144,0,0,45044,-15.137684106826782,-11.009793758392334,0.21428571428571427
35145,0,0,45043,-15.137684106826782,-11.009793758392334,0.21428571428571427
35146,0,0,44625,-15.137684106826782,-11.009793758392334,0.21428571428571427
35147,0,0,44526,-15.137684106826782,-11.009793758392334,0.21428571428571427
35148,0,0,43844,-15.137684106826782,-11.009793758392334,0.21428571428571427
35149,0,0,44525,-15.137684106826782,-11.009793758392334,0.21428571428571427
35150,0,0,44013,-15.137684106826782,-11.009793758392334,0.21428571428571427
35151,0,0,44012,-15.137684106826782,-11.009793758392334,0.21428571428571427
35152,0,0,44011,-15.137684106826782,-11.009793758392334,0.21428571428571427
35153,0,0,44010,-15.137684106826782,-11.009793758392334,0.21428571428571427
35154,0,0,44009,-15.137684106826782,-11.009793758392334,0.21428571428571427
35155,0,0,44008,-15.137684106826782,-11.009793758392334,0.21428571428571427
35156,0,0,44007,-15.137684106826782,-11.009793758392334,0.21428571428571427
35157,0,0,44006,-15.137684106826782,-11.009793758392334,0.21428571428571427
35158,0,0,44005,-15.137684106826782,-11.009793758392334,0.21428571428571427
35159,0,0,44004,-15.137684106826782,-11.009793758392334,0.21428571428571427
35160,0,0,44003,-15.137684106826782,-11.009793758392334,0.21428571428571427
35161,0,0,44002,-15.137684106826782,-11.009793758392334,0.21428571428571427
35162,0,0,44001,-15.137684106826782,-11.009793758392334,0.21428571428571427
35163,0,0,44000,-15.137684106826782,-11.009793758392334,0.21428571428571427
35164,0,0,43999,-15.137684106826782,-11.009793758392334,0.21428571428571427
35165,0,0,43998,-15.137684106826782,-11.009793758392334,0.21428571428571427
35166,0,0,43997,-15.137684106826782,-11.009793758392334,0.21428571428571427
35167,0,0,43996,-15.137684106826782,-11.009793758392334,0.21428571428571427
35168,0,0,43995,-15.137684106826782,-11.009793758392334,0.21428571428571427
35169,0,0,43994,-15.137684106826782,-11.009793758392334,0.21428571428571427
35170,0,0,43993,-15.137684106826782,-11.009793758392334,0.21428571428571427
35171,0,0,44014,-15.137684106826782,-11.009793758392334,0.21428571428571427
35172,0,0,44015,-15.137684106826782,-11.009793758392334,0.21428571428571427
35173,0,0,44016,-15.137684106826782,-11.009793758392334,0.21428571428571427
35174,0,0,44028,-15.137684106826782,-11.009793758392334,0.21428571428571427
35175,0,0,44037,-15.137684106826782,-11.009793758392334,0.21428571428571427
35176,0,0,44036,-15.137684106826782,-11.009793758392334,0.21428571428571427
35177,0,0,44035,-15.137684106826782,-11.009793758392334,0.21428571428571427
35178,0,0,44034,-15.137684106826782,-11.009793758392334,0.21428571428571427
35179,0,0,44033,-15.137684106826782,-11.009793758392334,0.21428571428571427
35180,0,0,44032,-15.137684106826782,-11.009793758392334,0.21428571428571427
35181,0,0,44031,-15.137684106826782,-11.009793758392334,0.21428571428571427
35182,0,0,44030,-15.137684106826782,-11.009793758392334,0.21428571428571427
35183,0,0,44029,-15.137684106826782,-11.009793758392334,0.21428571428571427
35184,0,0,44027,-15.137684106826782,-11.009793758392334,0.21428571428571427
35185,0,0,44017,-15.137684106826782,-11.009793758392334,0.21428571428571427
35186,0,0,44026,-15.137684106826782,-11.009793758392334,0.21428571428571427
35187,0,0,44025,-15.137684106826782,-11.009793758392334,0.21428571428571427
35188,0,0,44024,-15.137684106826782,-11.009793758392334,0.21428571428571427
35189,0,0,44023,-15.137684106826782,-11.009793758392334,0.21428571428571427
35190,0,0,44022,-15.137684106826782,-11.009793758392334,0.21428571428571427
35191,0,0,44021,-15.137684106826782,-11.009793758392334,0.21428571428571427
35192,0,0,44020,-15.137684106826782,-11.009793758392334,0.21428571428571427
35193,0,0,44019,-15.137684106826782,-11.009793758392334,0.21428571428571427
35194,0,0,44018,-15.137684106826782,-11.009793758392334,0.21428571428571427
35195,0,0,43992,-15.137684106826782,-11.009793758392334,0.21428571428571427
35196,0,0,43990,-15.137684106826782,-11.009793758392334,0.21428571428571427
35197,0,0,43943,-15.137684106826782,-11.009793758392334,0.21428571428571427
35198,0,0,43989,-15.137684106826782,-11.009793758392334,0.21428571428571427
35199,0,0,43964,-15.137684106826782,-11.009793758392334,0.21428571428571427
35200,0,0,43963,-15.137684106826782,-11.009793758392334,0.21428571428571427
35201,0,0,43962,-15.137684106826782,-11.009793758392334,0.21428571428571427
35202,0,0,43961,-15.137684106826782,-11.009793758392334,0.21428571428571427
35203,0,0,43960,-15.137684106826782,-11.009793758392334,0.21428571428571427
35204,0,0,43959,-15.137684106826782,-11.009793758392334,0.21428571428571427
35205,0,0,43958,-15.137684106826782,-11.009793758392334,0.21428571428571427
35206,0,0,43957,-15.137684106826782,-11.009793758392334,0.21428571428571427
35207,0,0,43956,-15.137684106826782,-11.009793758392334,0.21428571428571427
35208,0,0,43955,-15.137684106826782,-11.009793758392334,0.21428571428571427
35209,0,0,43954,-15.137684106826782,-11.009793758392334,0.21428571428571427
35210,0,0,43953,-15.137684106826782,-11.009793758392334,0.21428571428571427
35211,0,0,43952,-15.137684106826782,-11.009793758392334,0.21428571428571427
35212,0,0,43951,-15.137684106826782,-11.009793758392334,0.21428571428571427
35213,0,0,43950,-15.137684106826782,-11.009793758392334,0.21428571428571427
35214,0,0,43949,-15.137684106826782,-11.009793758392334,0.21428571428571427
35215,0,0,43948,-15.137684106826782,-11.009793758392334,0.21428571428571427
35216,0,0,43947,-15.137684106826782,-11.009793758392334,0.21428571428571427
35217,0,0,43946,-15.137684106826782,-11.009793758392334,0.21428571428571427
35218,0,0,43945,-15.137684106826782,-11.009793758392334,0.21428571428571427
35219,0,0,43944,-15.137684106826782,-11.009793758392334,0.21428571428571427
35220,0,0,43965,-15.137684106826782,-11.009793758392334,0.21428571428571427
35221,0,0,43966,-15.137684106826782,-11.009793758392334,0.21428571428571427
35222,0,0,43967,-15.137684106826782,-11.009793758392334,0.21428571428571427
35223,0,0,43979,-15.137684106826782,-11.009793758392334,0.21428571428571427
35224,0,0,43988,-15.137684106826782,-11.009793758392334,0.21428571428571427
35225,0,0,43987,-15.137684106826782,-11.009793758392334,0.21428571428571427
35226,0,0,43986,-15.137684106826782,-11.009793758392334,0.21428571428571427
35227,0,0,43985,-15.137684106826782,-11.009793758392334,0.21428571428571427
35228,0,0,43984,-15.137684106826782,-11.009793758392334,0.21428571428571427
35229,0,0,43983,-15.137684106826782,-11.009793758392334,0.21428571428571427
35230,0,0,43982,-15.137684106826782,-11.009793758392334,0.21428571428571427
35231,0,0,43981,-15.137684106826782,-11.009793758392334,0.21428571428571427
35232,0,0,43980,-15.137684106826782,-11.009793758392334,0.21428571428571427
35233,0,0,43978,-15.137684106826782,-11.009793758392334,0.21428571428571427
35234,0,0,43968,-15.137684106826782,-11.009793758392334,0.21428571428571427
35235,0,0,43977,-15.137684106826782,-11.009793758392334,0.21428571428571427
35236,0,0,43976,-15.137684106826782,-11.009793758392334,0.21428571428571427
35237,0,0,43975,-15.137684106826782,-11.009793758392334,0.21428571428571427
35238,0,0,43974,-15.137684106826782,-11.009793758392334,0.21428571428571427
35239,0,0,43973,-15.137684106826782,-11.009793758392334,0.21428571428571427
35240,0,0,43972,-15.137684106826782,-11.009793758392334,0.21428571428571427
35241,0,0,43971,-15.137684106826782,-11.009793758392334,0.21428571428571427
35242,0,0,43970,-15.137684106826782,-11.009793758392334,0.21428571428571427
35243,0,0,43969,-15.137684106826782,-11.009793758392334,0.21428571428571427
35244,0,0,44038,-15.137684106826782,-11.009793758392334,0.21428571428571427
35245,0,0,44039,-15.137684106826782,-11.009793758392334,0.21428571428571427
35246,0,0,44040,-15.137684106826782,-11.009793758392334,0.21428571428571427
35247,0,0,44041,-15.137684106826782,-11.009793758392334,0.21428571428571427
35248,0,0,44110,-15.137684106826782,-11.009793758392334,0.21428571428571427
35249,0,0,44109,-15.137684106826782,-11.009793758392334,0.21428571428571427
35250,0,0,44108,-15.137684106826782,-11.009793758392334,0.21428571428571427
35251,0,0,44107,-15.137684106826782,-11.009793758392334,0.21428571428571427
35252,0,0,44106,-15.137684106826782,-11.009793758392334,0.21428571428571427
35253,0,0,44105,-15.137684106826782,-11.009793758392334,0.21428571428571427
35254,0,0,44104,-15.137684106826782,-11.009793758392334,0.21428571428571427
35255,0,0,44103,-15.137684106826782,-11.009793758392334,0.21428571428571427
35256,0,0,44102,-15.137684106826782,-11.009793758392334,0.21428571428571427
35257,0,0,44100,-15.137684106826782,-11.009793758392334,0.21428571428571427
35258,0,0,44090,-15.137684106826782,-11.009793758392334,0.21428571428571427
35259,0,0,44099,-15.137684106826782,-11.009793758392334,0.21428571428571427
35260,0,0,44098,-15.137684106826782,-11.009793758392334,0.21428571428571427
35261,0,0,44097,-15.137684106826782,-11.009793758392334,0.21428571428571427
35262,0,0,44096,-15.137684106826782,-11.009793758392334,0.21428571428571427
35263,0,0,44095,-15.137684106826782,-11.009793758392334,0.21428571428571427
35264,0,0,44094,-15.137684106826782,-11.009793758392334,0.21428571428571427
35265,0,0,44093,-15.137684106826782,-11.009793758392334,0.21428571428571427
35266,0,0,44092,-15.137684106826782,-11.009793758392334,0.21428571428571427
35267,0,0,44091,-15.137684106826782,-11.009793758392334,0.21428571428571427
35268,0,0,44111,-15.137684106826782,-11.009793758392334,0.21428571428571427
35269,0,0,44101,-15.137684106826782,-11.009793758392334,0.21428571428571427
35270,0,0,44112,-15.137684106826782,-11.009793758392334,0.21428571428571427
35271,0,0,44125,-15.137684106826782,-11.009793758392334,0.21428571428571427
35272,0,0,44134,-15.137684106826782,-11.009793758392334,0.21428571428571427
35273,0,0,44133,-15.137684106826782,-11.009793758392334,0.21428571428571427
35274,0,0,44132,-15.137684106826782,-11.009793758392334,0.21428571428571427
35275,0,0,44131,-15.137684106826782,-11.009793758392334,0.21428571428571427
35276,0,0,44130,-15.137684106826782,-11.009793758392334,0.21428571428571427
35277,0,0,44129,-15.137684106826782,-11.009793758392334,0.21428571428571427
35278,0,0,44128,-15.137684106826782,-11.009793758392334,0.21428571428571427
35279,0,0,44127,-15.137684106826782,-11.009793758392334,0.21428571428571427
35280,0,0,44126,-15.137684106826782,-11.009793758392334,0.21428571428571427
35281,0,0,44124,-15.137684106826782,-11.009793758392334,0.21428571428571427
35282,0,0,44114,-15.137684106826782,-11.009793758392334,0.21428571428571427
35283,0,0,44123,-15.137684106826782,-11.009793758392334,0.21428571428571427
35284,0,0,44122,-15.137684106826782,-11.009793758392334,0.21428571428571427
35285,0,0,44121,-15.137684106826782,-11.009793758392334,0.21428571428571427
35286,0,0,44120,-15.137684106826782,-11.009793758392334,0.21428571428571427
35287,0,0,44119,-15.137684106826782,-11.009793758392334,0.21428571428571427
35288,0,0,44118,-15.137684106826782,-11.009793758392334,0.21428571428571427
35289,0,0,44117,-15.137684106826782,-11.009793758392334,0.21428571428571427
35290,0,0,44116,-15.137684106826782,-11.009793758392334,0.21428571428571427
35291,0,0,44115,-15.137684106826782,-11.009793758392334,0.21428571428571427
35292,0,0,44113,-15.137684106826782,-11.009793758392334,0.21428571428571427
35293,0,0,44089,-15.137684106826782,-11.009793758392334,0.21428571428571427
35294,0,0,44088,-15.137684106826782,-11.009793758392334,0.21428571428571427
35295,0,0,44087,-15.137684106826782,-11.009793758392334,0.21428571428571427
35296,0,0,44062,-15.137684106826782,-11.009793758392334,0.21428571428571427
35297,0,0,44061,-15.137684106826782,-11.009793758392334,0.21428571428571427
35298,0,0,44060,-15.137684106826782,-11.009793758392334,0.21428571428571427
35299,0,0,44059,-15.137684106826782,-11.009793758392334,0.21428571428571427
35300,0,0,44058,-15.137684106826782,-11.009793758392334,0.21428571428571427
35301,0,0,44057,-15.137684106826782,-11.009793758392334,0.21428571428571427
35302,0,0,44056,-15.137684106826782,-11.009793758392334,0.21428571428571427
35303,0,0,44055,-15.137684106826782,-11.009793758392334,0.21428571428571427
35304,0,0,44054,-15.137684106826782,-11.009793758392334,0.21428571428571427
35305,0,0,44053,-15.137684106826782,-11.009793758392334,0.21428571428571427
35306,0,0,44052,-15.137684106826782,-11.009793758392334,0.21428571428571427
35307,0,0,44051,-15.137684106826782,-11.009793758392334,0.21428571428571427
35308,0,0,44050,-15.137684106826782,-11.009793758392334,0.21428571428571427
35309,0,0,44049,-15.137684106826782,-11.009793758392334,0.21428571428571427
35310,0,0,44048,-15.137684106826782,-11.009793758392334,0.21428571428571427
35311,0,0,44047,-15.137684106826782,-11.009793758392334,0.21428571428571427
35312,0,0,44046,-15.137684106826782,-11.009793758392334,0.21428571428571427
35313,0,0,44045,-15.137684106826782,-11.009793758392334,0.21428571428571427
35314,0,0,44044,-15.137684106826782,-11.009793758392334,0.21428571428571427
35315,0,0,44043,-15.137684106826782,-11.009793758392334,0.21428571428571427
35316,0,0,44042,-15.137684106826782,-11.009793758392334,0.21428571428571427
35317,0,0,44063,-15.137684106826782,-11.009793758392334,0.21428571428571427
35318,0,0,44064,-15.137684106826782,-11.009793758392334,0.21428571428571427
35319,0,0,44065,-15.137684106826782,-11.009793758392334,0.21428571428571427
35320,0,0,44077,-15.137684106826782,-11.009793758392334,0.21428571428571427
35321,0,0,44086,-15.137684106826782,-11.009793758392334,0.21428571428571427
35322,0,0,44085,-15.137684106826782,-11.009793758392334,0.21428571428571427
35323,0,0,44084,-15.137684106826782,-11.009793758392334,0.21428571428571427
35324,0,0,44083,-15.137684106826782,-11.009793758392334,0.21428571428571427
35325,0,0,44082,-15.137684106826782,-11.009793758392334,0.21428571428571427
35326,0,0,44081,-15.137684106826782,-11.009793758392334,0.21428571428571427
35327,0,0,44080,-15.137684106826782,-11.009793758392334,0.21428571428571427
35328,0,0,44079,-15.137684106826782,-11.009793758392334,0.21428571428571427
35329,0,0,44078,-15.137684106826782,-11.009793758392334,0.21428571428571427
35330,0,0,44076,-15.137684106826782,-11.009793758392334,0.21428571428571427
35331,0,0,44066,-15.137684106826782,-11.009793758392334,0.21428571428571427
35332,0,0,44075,-15.137684106826782,-11.009793758392334,0.21428571428571427
35333,0,0,44074,-15.137684106826782,-11.009793758392334,0.21428571428571427
35334,0,0,44073,-15.137684106826782,-11.009793758392334,0.21428571428571427
35335,0,0,44072,-15.137684106826782,-11.009793758392334,0.21428571428571427
35336,0,0,44071,-15.137684106826782,-11.009793758392334,0.21428571428571427
35337,0,0,44070,-15.137684106826782,-11.009793758392334,0.21428571428571427
35338,0,0,44069,-15.137684106826782,-11.009793758392334,0.21428571428571427
35339,0,0,44068,-15.137684106826782,-11.009793758392334,0.21428571428571427
35340,0,0,44067,-15.137684106826782,-11.009793758392334,0.21428571428571427
35341,0,0,43991,-15.137684106826782,-11.009793758392334,0.21428571428571427
35342,0,0,43942,-15.137684106826782,-11.009793758392334,0.21428571428571427
35343,0,0,43941,-15.137684106826782,-11.009793758392334,0.21428571428571427
35344,0,0,43940,-15.137684106826782,-11.009793758392334,0.21428571428571427
35345,0,0,43817,-15.137684106826782,-11.009793758392334,0.21428571428571427
35346,0,0,43816,-15.137684106826782,-11.009793758392334,0.21428571428571427
35347,0,0,43815,-15.137684106826782,-11.009793758392334,0.21428571428571427
35348,0,0,43814,-15.137684106826782,-11.009793758392334,0.21428571428571427
35349,0,0,43813,-15.137684106826782,-11.009793758392334,0.21428571428571427
35350,0,0,43812,-15.137684106826782,-11.009793758392334,0.21428571428571427
35351,0,0,43811,-15.137684106826782,-11.009793758392334,0.21428571428571427
35352,0,0,43810,-15.137684106826782,-11.009793758392334,0.21428571428571427
35353,0,0,43809,-15.137684106826782,-11.009793758392334,0.21428571428571427
35354,0,0,43808,-15.137684106826782,-11.009793758392334,0.21428571428571427
35355,0,0,43807,-15.137684106826782,-11.009793758392334,0.21428571428571427
35356,0,0,43806,-15.137684106826782,-11.009793758392334,0.21428571428571427
35357,0,0,43805,-15.137684106826782,-11.009793758392334,0.21428571428571427
35358,0,0,43804,-15.137684106826782,-11.009793758392334,0.21428571428571427
35359,0,0,43803,-15.137684106826782,-11.009793758392334,0.21428571428571427
35360,0,0,43802,-15.137684106826782,-11.009793758392334,0.21428571428571427
35361,0,0,43801,-15.137684106826782,-11.009793758392334,0.21428571428571427
35362,0,0,43800,-15.137684106826782,-11.009793758392334,0.21428571428571427
35363,0,0,43799,-15.137684106826782,-11.009793758392334,0.21428571428571427
35364,0,0,43798,-15.137684106826782,-11.009793758392334,0.21428571428571427
35365,0,0,43797,-15.137684106826782,-11.009793758392334,0.21428571428571427
35366,0,0,43818,-15.137684106826782,-11.009793758392334,0.21428571428571427
35367,0,0,43819,-15.137684106826782,-11.009793758392334,0.21428571428571427
35368,0,0,43820,-15.137684106826782,-11.009793758392334,0.21428571428571427
35369,0,0,43832,-15.137684106826782,-11.009793758392334,0.21428571428571427
35370,0,0,43841,-15.137684106826782,-11.009793758392334,0.21428571428571427
35371,0,0,43840,-15.137684106826782,-11.009793758392334,0.21428571428571427
35372,0,0,43839,-15.137684106826782,-11.009793758392334,0.21428571428571427
35373,0,0,43838,-15.137684106826782,-11.009793758392334,0.21428571428571427
35374,0,0,43837,-15.137684106826782,-11.009793758392334,0.21428571428571427
35375,0,0,43836,-15.137684106826782,-11.009793758392334,0.21428571428571427
35376,0,0,43835,-15.137684106826782,-11.009793758392334,0.21428571428571427
35377,0,0,43834,-15.137684106826782,-11.009793758392334,0.21428571428571427
35378,0,0,43833,-15.137684106826782,-11.009793758392334,0.21428571428571427
35379,0,0,43831,-15.137684106826782,-11.009793758392334,0.21428571428571427
35380,0,0,43821,-15.137684106826782,-11.009793758392334,0.21428571428571427
35381,0,0,43830,-15.137684106826782,-11.009793758392334,0.21428571428571427
35382,0,0,43829,-15.137684106826782,-11.009793758392334,0.21428571428571427
35383,0,0,43828,-15.137684106826782,-11.009793758392334,0.21428571428571427
35384,0,0,43827,-15.137684106826782,-11.009793758392334,0.21428571428571427
35385,0,0,43826,-15.137684106826782,-11.009793758392334,0.21428571428571427
35386,1,0,43825,-15.137684106826782,-11.009793758392334,0.21428571428571427
35387,0,0,43824,-15.137684106826782,-11.009793758392334,0.21428571428571427
35388,0,0,43823,-15.137684106826782,-11.009793758392334,0.21428571428571427
35389,0,0,43822,-15.137684106826782,-11.009793758392334,0.21428571428571427
35390,0,0,43796,-15.137684106826782,-11.009793758392334,0.21428571428571427
35391,0,0,43794,-15.137684106826782,-11.009793758392334,0.21428571428571427
35392,0,0,43747,-15.137684106826782,-11.009793758392334,0.21428571428571427
35393,0,0,43793,-15.137684106826782,-11.009793758392334,0.21428571428571427
35394,0,0,43768,-15.137684106826782,-11.009793758392334,0.21428571428571427
35395,0,0,43767,-15.137684106826782,-11.009793758392334,0.21428571428571427
35396,0,0,43766,-15.137684106826782,-11.009793758392334,0.21428571428571427
35397,0,0,43765,-15.137684106826782,-11.009793758392334,0.21428571428571427
35398,0,0,43764,-15.137684106826782,-11.009793758392334,0.21428571428571427
35399,0,0,43763,-15.137684106826782,-11.009793758392334,0.21428571428571427
35400,0,0,43762,-15.137684106826782,-11.009793758392334,0.21428571428571427
35401,0,0,43761,-15.137684106826782,-11.009793758392334,0.21428571428571427
35402,0,0,43760,-15.137684106826782,-11.009793758392334,0.21428571428571427
35403,0,0,43759,-15.137684106826782,-11.009793758392334,0.21428571428571427
35404,0,0,43758,-15.137684106826782,-11.009793758392334,0.21428571428571427
35405,0,0,43757,-15.137684106826782,-11.009793758392334,0.21428571428571427
35406,0,0,43756,-15.137684106826782,-11.009793758392334,0.21428571428571427
35407,0,0,43755,-15.137684106826782,-11.009793758392334,0.21428571428571427
35408,0,0,43754,-15.137684106826782,-11.009793758392334,0.21428571428571427
35409,0,0,43753,-15.137684106826782,-11.009793758392334,0.21428571428571427
35410,0,0,43752,-15.137684106826782,-11.009793758392334,0.21428571428571427
35411,0,0,43751,-15.137684106826782,-11.009793758392334,0.21428571428571427
35412,0,0,43750,-15.137684106826782,-11.009793758392334,0.21428571428571427
35413,0,0,43749,-15.137684106826782,-11.009793758392334,0.21428571428571427
35414,0,0,43748,-15.137684106826782,-11.009793758392334,0.21428571428571427
35415,0,0,43769,-15.137684106826782,-11.009793758392334,0.21428571428571427
35416,0,0,43770,-15.137684106826782,-11.009793758392334,0.21428571428571427
35417,0,0,43771,-15.137684106826782,-11.009793758392334,0.21428571428571427
35418,0,0,43783,-15.137684106826782,-11.009793758392334,0.21428571428571427
35419,0,0,43792,-15.137684106826782,-11.009793758392334,0.21428571428571427
35420,0,0,43791,-15.137684106826782,-11.009793758392334,0.21428571428571427
35421,0,0,43790,-15.137684106826782,-11.009793758392334,0.21428571428571427
35422,0,0,43789,-15.137684106826782,-11.009793758392334,0.21428571428571427
35423,0,0,43788,-15.137684106826782,-11.009793758392334,0.21428571428571427
35424,0,0,43787,-15.137684106826782,-11.009793758392334,0.21428571428571427
35425,0,0,43786,-15.137684106826782,-11.009793758392334,0.21428571428571427
35426,0,0,43785,-15.137684106826782,-11.009793758392334,0.21428571428571427
35427,0,0,43784,-15.137684106826782,-11.009793758392334,0.21428571428571427
35428,0,0,43782,-15.137684106826782,-11.009793758392334,0.21428571428571427
35429,0,0,43772,-15.137684106826782,-11.009793758392334,0.21428571428571427
35430,0,0,43781,-15.137684106826782,-11.009793758392334,0.21428571428571427
35431,0,0,43780,-15.137684106826782,-11.009793758392334,0.21428571428571427
35432,0,0,43779,-15.137684106826782,-11.009793758392334,0.21428571428571427
35433,0,0,43778,-15.137684106826782,-11.009793758392334,0.21428571428571427
35434,0,0,43777,-15.137684106826782,-11.009793758392334,0.21428571428571427
35435,0,0,43776,-15.137684106826782,-11.009793758392334,0.21428571428571427
35436,0,0,43775,-15.137684106826782,-11.009793758392334,0.21428571428571427
35437,0,0,43774,-15.137684106826782,-11.009793758392334,0.21428571428571427
35438,0,0,43773,-15.137684106826782,-11.009793758392334,0.21428571428571427
35439,0,0,43842,-15.137684106826782,-11.009793758392334,0.21428571428571427
35440,0,0,43795,-15.137684106826782,-11.009793758392334,0.21428571428571427
35441,0,0,43843,-15.137684106826782,-11.009793758392334,0.21428571428571427
35442,0,0,43893,-15.137684106826782,-11.009793758392334,0.21428571428571427
35443,0,0,43915,-15.137684106826782,-11.009793758392334,0.21428571428571427
35444,0,0,43914,-15.137684106826782,-11.009793758392334,0.21428571428571427
35445,0,0,43913,-15.137684106826782,-11.009793758392334,0.21428571428571427
35446,0,0,43912,-15.137684106826782,-11.009793758392334,0.21428571428571427
35447,0,0,43911,-15.137684106826782,-11.009793758392334,0.21428571428571427
35448,0,0,43910,-15.137684106826782,-11.009793758392334,0.21428571428571427
35449,0,0,43909,-15.137684106826782,-11.009793758392334,0.21428571428571427
35450,0,0,43908,-15.137684106826782,-11.009793758392334,0.21428571428571427
35451,0,0,43907,-15.137684106826782,-11.009793758392334,0.21428571428571427
35452,0,0,43906,-15.137684106826782,-11.009793758392334,0.21428571428571427
35453,0,0,43905,-15.137684106826782,-11.009793758392334,0.21428571428571427
35454,0,0,43904,-15.137684106826782,-11.009793758392334,0.21428571428571427
35455,0,0,43903,-15.137684106826782,-11.009793758392334,0.21428571428571427
35456,0,0,43902,-15.137684106826782,-11.009793758392334,0.21428571428571427
35457,0,0,43901,-15.137684106826782,-11.009793758392334,0.21428571428571427
35458,0,0,43900,-15.137684106826782,-11.009793758392334,0.21428571428571427
35459,0,0,43899,-15.137684106826782,-11.009793758392334,0.21428571428571427
35460,0,0,43898,-15.137684106826782,-11.009793758392334,0.21428571428571427
35461,0,0,43897,-15.137684106826782,-11.009793758392334,0.21428571428571427
35462,0,0,43896,-15.137684106826782,-11.009793758392334,0.21428571428571427
35463,0,0,43895,-15.137684106826782,-11.009793758392334,0.21428571428571427
35464,0,0,43916,-15.137684106826782,-11.009793758392334,0.21428571428571427
35465,0,0,43917,-15.137684106826782,-11.009793758392334,0.21428571428571427
35466,0,0,43918,-15.137684106826782,-11.009793758392334,0.21428571428571427
35467,0,0,43930,-15.137684106826782,-11.009793758392334,0.21428571428571427
35468,0,0,43939,-15.137684106826782,-11.009793758392334,0.21428571428571427
35469,0,0,43938,-15.137684106826782,-11.009793758392334,0.21428571428571427
35470,0,0,43937,-15.137684106826782,-11.009793758392334,0.21428571428571427
35471,0,0,43936,-15.137684106826782,-11.009793758392334,0.21428571428571427
35472,0,0,43935,-15.137684106826782,-11.009793758392334,0.21428571428571427
35473,0,0,43934,-15.137684106826782,-11.009793758392334,0.21428571428571427
35474,0,0,43933,-15.137684106826782,-11.009793758392334,0.21428571428571427
35475,0,0,43932,-15.137684106826782,-11.009793758392334,0.21428571428571427
35476,0,0,43931,-15.137684106826782,-11.009793758392334,0.21428571428571427
35477,0,0,43929,-15.137684106826782,-11.009793758392334,0.21428571428571427
35478,0,0,43919,-15.137684106826782,-11.009793758392334,0.21428571428571427
35479,0,0,43928,-15.137684106826782,-11.009793758392334,0.21428571428571427
35480,0,0,43927,-15.137684106826782,-11.009793758392334,0.21428571428571427
35481,0,0,43926,-15.137684106826782,-11.009793758392334,0.21428571428571427
35482,0,0,43925,-15.137684106826782,-11.009793758392334,0.21428571428571427
35483,0,0,43924,-15.137684106826782,-11.009793758392334,0.21428571428571427
35484,0,0,43923,-15.137684106826782,-11.009793758392334,0.21428571428571427
35485,0,0,43922,-15.137684106826782,-11.009793758392334,0.21428571428571427
35486,0,0,43921,-15.137684106826782,-11.009793758392334,0.21428571428571427
35487,0,0,43920,-15.137684106826782,-11.009793758392334,0.21428571428571427
35488,0,0,43894,-15.137684106826782,-11.009793758392334,0.21428571428571427
35489,0,0,43892,-15.137684106826782,-11.009793758392334,0.21428571428571427
35490,0,0,43845,-15.137684106826782,-11.009793758392334,0.21428571428571427
35491,0,0,43891,-15.137684106826782,-11.009793758392334,0.21428571428571427
35492,0,0,43866,-15.137684106826782,-11.009793758392334,0.21428571428571427
35493,0,0,43865,-15.137684106826782,-11.009793758392334,0.21428571428571427
35494,0,0,43864,-15.137684106826782,-11.009793758392334,0.21428571428571427
35495,0,0,43863,-15.137684106826782,-11.009793758392334,0.21428571428571427
35496,0,0,43862,-15.137684106826782,-11.009793758392334,0.21428571428571427
35497,0,0,43861,-15.137684106826782,-11.009793758392334,0.21428571428571427
35498,0,0,43860,-15.137684106826782,-11.009793758392334,0.21428571428571427
35499,0,0,43859,-15.137684106826782,-11.009793758392334,0.21428571428571427
35500,0,0,43858,-15.137684106826782,-11.009793758392334,0.21428571428571427
35501,0,0,43857,-15.137684106826782,-11.009793758392334,0.21428571428571427
35502,0,0,43856,-15.137684106826782,-11.009793758392334,0.21428571428571427
35503,0,0,43855,-15.137684106826782,-11.009793758392334,0.21428571428571427
35504,0,0,43854,-15.137684106826782,-11.009793758392334,0.21428571428571427
35505,0,0,43853,-15.137684106826782,-11.009793758392334,0.21428571428571427
35506,0,0,43852,-15.137684106826782,-11.009793758392334,0.21428571428571427
35507,0,0,43851,-15.137684106826782,-11.009793758392334,0.21428571428571427
35508,0,0,43850,-15.137684106826782,-11.009793758392334,0.21428571428571427
35509,0,0,43849,-15.137684106826782,-11.009793758392334,0.21428571428571427
35510,0,0,43848,-15.137684106826782,-11.009793758392334,0.21428571428571427
35511,0,0,43847,-15.137684106826782,-11.009793758392334,0.21428571428571427
35512,0,0,43846,-15.137684106826782,-11.009793758392334,0.21428571428571427
35513,0,0,43867,-15.137684106826782,-11.009793758392334,0.21428571428571427
35514,0,0,43868,-15.137684106826782,-11.009793758392334,0.21428571428571427
35515,0,0,43869,-15.137684106826782,-11.009793758392334,0.21428571428571427
35516,0,0,43881,-15.137684106826782,-11.009793758392334,0.21428571428571427
35517,0,0,43890,-15.137684106826782,-11.009793758392334,0.21428571428571427
35518,0,0,43889,-15.137684106826782,-11.009793758392334,0.21428571428571427
35519,0,0,43888,-15.137684106826782,-11.009793758392334,0.21428571428571427
35520,0,0,43887,-15.137684106826782,-11.009793758392334,0.21428571428571427
35521,0,0,43886,-15.137684106826782,-11.009793758392334,0.21428571428571427
35522,0,0,43885,-15.137684106826782,-11.009793758392334,0.21428571428571427
35523,0,0,43884,-15.137684106826782,-11.009793758392334,0.21428571428571427
35524,0,0,43883,-15.137684106826782,-11.009793758392334,0.21428571428571427
35525,0,0,43882,-15.137684106826782,-11.009793758392334,0.21428571428571427
35526,0,0,43880,-15.137684106826782,-11.009793758392334,0.21428571428571427
35527,0,0,43870,-15.137684106826782,-11.009793758392334,0.21428571428571427
35528,0,0,43879,-15.137684106826782,-11.009793758392334,0.21428571428571427
35529,0,0,43878,-15.137684106826782,-11.009793758392334,0.21428571428571427
35530,0,0,43877,-15.137684106826782,-11.009793758392334,0.21428571428571427
35531,0,0,43876,-15.137684106826782,-11.009793758392334,0.21428571428571427
35532,0,0,43875,-15.137684106826782,-11.009793758392334,0.21428571428571427
35533,0,0,43874,-15.137684106826782,-11.009793758392334,0.21428571428571427
35534,0,0,43873,-15.137684106826782,-11.009793758392334,0.21428571428571427
35535,0,0,43872,-15.137684106826782,-11.009793758392334,0.21428571428571427
35536,0,0,43871,-15.137684106826782,-11.009793758392334,0.21428571428571427
35537,0,0,44135,-15.137684106826782,-11.009793758392334,0.21428571428571427
35538,0,0,44136,-15.137684106826782,-11.009793758392334,0.21428571428571427
35539,0,0,44137,-15.137684106826782,-11.009793758392334,0.21428571428571427
35540,0,0,44332,-15.137684106826782,-11.009793758392334,0.21428571428571427
35541,0,0,44403,-15.137684106826782,-11.009793758392334,0.21428571428571427
35542,0,0,44402,-15.137684106826782,-11.009793758392334,0.21428571428571427
35543,0,0,44401,-15.137684106826782,-11.009793758392334,0.21428571428571427
35544,0,0,44400,-15.137684106826782,-11.009793758392334,0.21428571428571427
35545,0,0,44399,-15.137684106826782,-11.009793758392334,0.21428571428571427
35546,0,0,44398,-15.137684106826782,-11.009793758392334,0.21428571428571427
35547,0,0,44397,-15.137684106826782,-11.009793758392334,0.21428571428571427
35548,0,0,44396,-15.137684106826782,-11.009793758392334,0.21428571428571427
35549,0,0,44395,-15.137684106826782,-11.009793758392334,0.21428571428571427
35550,0,0,44394,-15.137684106826782,-11.009793758392334,0.21428571428571427
35551,0,0,44393,-15.137684106826782,-11.009793758392334,0.21428571428571427
35552,0,0,44392,-15.137684106826782,-11.009793758392334,0.21428571428571427
35553,0,0,44391,-15.137684106826782,-11.009793758392334,0.21428571428571427
35554,0,0,44390,-15.137684106826782,-11.009793758392334,0.21428571428571427
35555,0,0,44389,-15.137684106826782,-11.009793758392334,0.21428571428571427
35556,0,0,44388,-15.137684106826782,-11.009793758392334,0.21428571428571427
35557,0,0,44387,-15.137684106826782,-11.009793758392334,0.21428571428571427
35558,0,0,44386,-15.137684106826782,-11.009793758392334,0.21428571428571427
35559,0,0,44385,-15.137684106826782,-11.009793758392334,0.21428571428571427
35560,0,0,44384,-15.137684106826782,-11.009793758392334,0.21428571428571427
35561,0,0,44383,-15.137684106826782,-11.009793758392334,0.21428571428571427
35562,0,0,44404,-15.137684106826782,-11.009793758392334,0.21428571428571427
35563,0,0,44405,-15.137684106826782,-11.009793758392334,0.21428571428571427
35564,0,0,44406,-15.137684106826782,-11.009793758392334,0.21428571428571427
35565,0,0,44418,-15.137684106826782,-11.009793758392334,0.21428571428571427
35566,0,0,44427,-15.137684106826782,-11.009793758392334,0.21428571428571427
35567,0,0,44426,-15.137684106826782,-11.009793758392334,0.21428571428571427
35568,0,0,44425,-15.137684106826782,-11.009793758392334,0.21428571428571427
35569,0,0,44424,-15.137684106826782,-11.009793758392334,0.21428571428571427
35570,0,0,44423,-15.137684106826782,-11.009793758392334,0.21428571428571427
35571,0,0,44422,-15.137684106826782,-11.009793758392334,0.21428571428571427
35572,0,0,44421,-15.137684106826782,-11.009793758392334,0.21428571428571427
35573,0,0,44420,-15.137684106826782,-11.009793758392334,0.21428571428571427
35574,0,0,44419,-15.137684106826782,-11.009793758392334,0.21428571428571427
35575,0,0,44417,-15.137684106826782,-11.009793758392334,0.21428571428571427
35576,0,0,44407,-15.137684106826782,-11.009793758392334,0.21428571428571427
35577,0,0,44416,-15.137684106826782,-11.009793758392334,0.21428571428571427
35578,0,0,44415,-15.137684106826782,-11.009793758392334,0.21428571428571427
35579,0,0,44414,-15.137684106826782,-11.009793758392334,0.21428571428571427
35580,0,0,44413,-15.137684106826782,-11.009793758392334,0.21428571428571427
35581,0,0,44412,-15.137684106826782,-11.009793758392334,0.21428571428571427
35582,0,0,44411,-15.137684106826782,-11.009793758392334,0.21428571428571427
35583,0,0,44410,-15.137684106826782,-11.009793758392334,0.21428571428571427
35584,0,0,44409,-15.137684106826782,-11.009793758392334,0.21428571428571427
35585,0,0,44408,-15.137684106826782,-11.009793758392334,0.21428571428571427
35586,0,0,44382,-15.137684106826782,-11.009793758392334,0.21428571428571427
35587,0,0,44380,-15.137684106826782,-11.009793758392334,0.21428571428571427
35588,0,0,44333,-15.137684106826782,-11.009793758392334,0.21428571428571427
35589,0,0,44379,-15.137684106826782,-11.009793758392334,0.21428571428571427
35590,0,0,44354,-15.137684106826782,-11.009793758392334,0.21428571428571427
35591,0,0,44353,-15.137684106826782,-11.009793758392334,0.21428571428571427
35592,0,0,44352,-15.137684106826782,-11.009793758392334,0.21428571428571427
35593,0,0,44351,-15.137684106826782,-11.009793758392334,0.21428571428571427
35594,0,0,44350,-15.137684106826782,-11.009793758392334,0.21428571428571427
35595,0,0,44349,-15.137684106826782,-11.009793758392334,0.21428571428571427
35596,0,0,44348,-15.137684106826782,-11.009793758392334,0.21428571428571427
35597,0,0,44347,-15.137684106826782,-11.009793758392334,0.21428571428571427
35598,0,0,44346,-15.137684106826782,-11.009793758392334,0.21428571428571427
35599,0,0,44345,-15.137684106826782,-11.009793758392334,0.21428571428571427
35600,0,0,44344,-15.137684106826782,-11.009793758392334,0.21428571428571427
35601,0,0,44343,-15.137684106826782,-11.009793758392334,0.21428571428571427
35602,0,0,44342,-15.137684106826782,-11.009793758392334,0.21428571428571427
35603,0,0,44341,-15.137684106826782,-11.009793758392334,0.21428571428571427
35604,0,0,44340,-15.137684106826782,-11.009793758392334,0.21428571428571427
35605,0,0,44339,-15.137684106826782,-11.009793758392334,0.21428571428571427
35606,0,0,44338,-15.137684106826782,-11.009793758392334,0.21428571428571427
35607,0,0,44337,-15.137684106826782,-11.009793758392334,0.21428571428571427
35608,0,0,44336,-15.137684106826782,-11.009793758392334,0.21428571428571427
35609,0,0,44335,-15.137684106826782,-11.009793758392334,0.21428571428571427
35610,0,0,44334,-15.137684106826782,-11.009793758392334,0.21428571428571427
35611,0,0,44355,-15.137684106826782,-11.009793758392334,0.21428571428571427
35612,0,0,44356,-15.137684106826782,-11.009793758392334,0.21428571428571427
35613,0,0,44357,-15.137684106826782,-11.009793758392334,0.21428571428571427
35614,0,0,44369,-15.137684106826782,-11.009793758392334,0.21428571428571427
35615,0,0,44378,-15.137684106826782,-11.009793758392334,0.21428571428571427
35616,0,0,44377,-15.137684106826782,-11.009793758392334,0.21428571428571427
35617,0,0,44376,-15.137684106826782,-11.009793758392334,0.21428571428571427
35618,0,0,44375,-15.137684106826782,-11.009793758392334,0.21428571428571427
35619,0,0,44374,-15.137684106826782,-11.009793758392334,0.21428571428571427
35620,0,0,44373,-15.137684106826782,-11.009793758392334,0.21428571428571427
35621,0,0,44372,-15.137684106826782,-11.009793758392334,0.21428571428571427
35622,0,0,44371,-15.137684106826782,-11.009793758392334,0.21428571428571427
35623,0,0,44370,-15.137684106826782,-11.009793758392334,0.21428571428571427
35624,0,0,44368,-15.137684106826782,-11.009793758392334,0.21428571428571427
35625,0,0,44358,-15.137684106826782,-11.009793758392334,0.21428571428571427
35626,0,0,44367,-15.137684106826782,-11.009793758392334,0.21428571428571427
35627,0,0,44366,-15.137684106826782,-11.009793758392334,0.21428571428571427
35628,0,0,44365,-15.137684106826782,-11.009793758392334,0.21428571428571427
35629,0,0,44364,-15.137684106826782,-11.009793758392334,0.21428571428571427
35630,0,0,44363,-15.137684106826782,-11.009793758392334,0.21428571428571427
35631,0,0,44362,-15.137684106826782,-11.009793758392334,0.21428571428571427
35632,0,0,44361,-15.137684106826782,-11.009793758392334,0.21428571428571427
35633,0,0,44360,-15.137684106826782,-11.009793758392334,0.21428571428571427
35634,0,0,44359,-15.137684106826782,-11.009793758392334,0.21428571428571427
35635,0,0,44428,-15.137684106826782,-11.009793758392334,0.21428571428571427
35636,0,0,44429,-15.137684106826782,-11.009793758392334,0.21428571428571427
35637,0,0,44430,-15.137684106826782,-11.009793758392334,0.21428571428571427
35638,0,0,44431,-15.137684106826782,-11.009793758392334,0.21428571428571427
35639,0,0,44500,-15.137684106826782,-11.009793758392334,0.21428571428571427
35640,0,0,44499,-15.137684106826782,-11.009793758392334,0.21428571428571427
35641,0,0,44498,-15.137684106826782,-11.009793758392334,0.21428571428571427
35642,0,0,44497,-15.137684106826782,-11.009793758392334,0.21428571428571427
35643,0,0,44496,-15.137684106826782,-11.009793758392334,0.21428571428571427
35644,0,0,44495,-15.137684106826782,-11.009793758392334,0.21428571428571427
35645,0,0,44494,-15.137684106826782,-11.009793758392334,0.21428571428571427
35646,0,0,44493,-15.137684106826782,-11.009793758392334,0.21428571428571427
35647,0,0,44492,-15.137684106826782,-11.009793758392334,0.21428571428571427
35648,0,0,44490,-15.137684106826782,-11.009793758392334,0.21428571428571427
35649,0,0,44480,-15.137684106826782,-11.009793758392334,0.21428571428571427
35650,0,0,44489,-15.137684106826782,-11.009793758392334,0.21428571428571427
35651,0,0,44488,-15.137684106826782,-11.009793758392334,0.21428571428571427
35652,0,0,44487,-15.137684106826782,-11.009793758392334,0.21428571428571427
35653,0,0,44486,-15.137684106826782,-11.009793758392334,0.21428571428571427
35654,0,0,44485,-15.137684106826782,-11.009793758392334,0.21428571428571427
35655,0,0,44484,-15.137684106826782,-11.009793758392334,0.21428571428571427
35656,0,0,44483,-15.137684106826782,-11.009793758392334,0.21428571428571427
35657,0,0,44482,-15.137684106826782,-11.009793758392334,0.21428571428571427
35658,0,0,44481,-15.137684106826782,-11.009793758392334,0.21428571428571427
35659,0,0,44501,-15.137684106826782,-11.009793758392334,0.21428571428571427
35660,0,0,44491,-15.137684106826782,-11.009793758392334,0.21428571428571427
35661,0,0,44502,-15.137684106826782,-11.009793758392334,0.21428571428571427
35662,0,0,44515,-15.137684106826782,-11.009793758392334,0.21428571428571427
35663,0,0,44524,-15.137684106826782,-11.009793758392334,0.21428571428571427
35664,0,0,44523,-15.137684106826782,-11.009793758392334,0.21428571428571427
35665,0,0,44522,-15.137684106826782,-11.009793758392334,0.21428571428571427
35666,0,0,44521,-15.137684106826782,-11.009793758392334,0.21428571428571427
35667,0,0,44520,-15.137684106826782,-11.009793758392334,0.21428571428571427
35668,0,0,44519,-15.137684106826782,-11.009793758392334,0.21428571428571427
35669,0,0,44518,-15.137684106826782,-11.009793758392334,0.21428571428571427
35670,0,0,44517,-15.137684106826782,-11.009793758392334,0.21428571428571427
35671,0,0,44516,-15.137684106826782,-11.009793758392334,0.21428571428571427
35672,0,0,44514,-15.137684106826782,-11.009793758392334,0.21428571428571427
35673,0,0,44504,-15.137684106826782,-11.009793758392334,0.21428571428571427
35674,0,0,44513,-15.137684106826782,-11.009793758392334,0.21428571428571427
35675,0,0,44512,-15.137684106826782,-11.009793758392334,0.21428571428571427
35676,0,0,44511,-15.137684106826782,-11.009793758392334,0.21428571428571427
35677,0,0,44510,-15.137684106826782,-11.009793758392334,0.21428571428571427
35678,0,0,44509,-15.137684106826782,-11.009793758392334,0.21428571428571427
35679,0,0,44508,-15.137684106826782,-11.009793758392334,0.21428571428571427
35680,0,0,44507,-15.137684106826782,-11.009793758392334,0.21428571428571427
35681,0,0,44506,-15.137684106826782,-11.009793758392334,0.21428571428571427
35682,0,0,44505,-15.137684106826782,-11.009793758392334,0.21428571428571427
35683,0,0,44503,-15.137684106826782,-11.009793758392334,0.21428571428571427
35684,0,0,44479,-15.137684106826782,-11.009793758392334,0.21428571428571427
35685,0,0,44478,-15.137684106826782,-11.009793758392334,0.21428571428571427
35686,0,0,44477,-15.137684106826782,-11.009793758392334,0.21428571428571427
35687,0,0,44452,-15.137684106826782,-11.009793758392334,0.21428571428571427
35688,0,0,44451,-15.137684106826782,-11.009793758392334,0.21428571428571427
35689,0,0,44450,-15.137684106826782,-11.009793758392334,0.21428571428571427
35690,0,0,44449,-15.137684106826782,-11.009793758392334,0.21428571428571427
35691,0,0,44448,-15.137684106826782,-11.009793758392334,0.21428571428571427
35692,0,0,44447,-15.137684106826782,-11.009793758392334,0.21428571428571427
35693,0,0,44446,-15.137684106826782,-11.009793758392334,0.21428571428571427
35694,0,0,44445,-15.137684106826782,-11.009793758392334,0.21428571428571427
35695,0,0,44444,-15.137684106826782,-11.009793758392334,0.21428571428571427
35696,0,0,44443,-15.137684106826782,-11.009793758392334,0.21428571428571427
35697,0,0,44442,-15.137684106826782,-11.009793758392334,0.21428571428571427
35698,0,0,44441,-15.137684106826782,-11.009793758392334,0.21428571428571427
35699,0,0,44440,-15.137684106826782,-11.009793758392334,0.21428571428571427
35700,0,0,44439,-15.137684106826782,-11.009793758392334,0.21428571428571427
35701,0,0,44438,-15.137684106826782,-11.009793758392334,0.21428571428571427
35702,0,0,44437,-15.137684106826782,-11.009793758392334,0.21428571428571427
35703,0,0,44436,-15.137684106826782,-11.009793758392334,0.21428571428571427
35704,0,0,44435,-15.137684106826782,-11.009793758392334,0.21428571428571427
35705,0,0,44434,-15.137684106826782,-11.009793758392334,0.21428571428571427
35706,0,0,44433,-15.137684106826782,-11.009793758392334,0.21428571428571427
35707,0,0,44432,-15.137684106826782,-11.009793758392334,0.21428571428571427
35708,0,0,44453,-15.137684106826782,-11.009793758392334,0.21428571428571427
35709,0,0,44454,-15.137684106826782,-11.009793758392334,0.21428571428571427
35710,0,0,44455,-15.137684106826782,-11.009793758392334,0.21428571428571427
35711,0,0,44467,-15.137684106826782,-11.009793758392334,0.21428571428571427
35712,0,0,44476,-15.137684106826782,-11.009793758392334,0.21428571428571427
35713,0,0,44475,-15.137684106826782,-11.009793758392334,0.21428571428571427
35714,0,0,44474,-15.137684106826782,-11.009793758392334,0.21428571428571427
35715,0,0,44473,-15.137684106826782,-11.009793758392334,0.21428571428571427
35716,0,0,44472,-15.137684106826782,-11.009793758392334,0.21428571428571427
35717,0,0,44471,-15.137684106826782,-11.009793758392334,0.21428571428571427
35718,0,0,44470,-15.137684106826782,-11.009793758392334,0.21428571428571427
35719,0,0,44469,-15.137684106826782,-11.009793758392334,0.21428571428571427
35720,0,0,44468,-15.137684106826782,-11.009793758392334,0.21428571428571427
35721,0,0,44466,-15.137684106826782,-11.009793758392334,0.21428571428571427
35722,0,0,44456,-15.137684106826782,-11.009793758392334,0.21428571428571427
35723,0,0,44465,-15.137684106826782,-11.009793758392334,0.21428571428571427
35724,0,0,44464,-15.137684106826782,-11.009793758392334,0.21428571428571427
35725,0,0,44463,-15.137684106826782,-11.009793758392334,0.21428571428571427
35726,0,0,44462,-15.137684106826782,-11.009793758392334,0.21428571428571427
35727,0,0,44461,-15.137684106826782,-11.009793758392334,0.21428571428571427
35728,0,0,44460,-15.137684106826782,-11.009793758392334,0.21428571428571427
35729,0,0,44459,-15.137684106826782,-11.009793758392334,0.21428571428571427
35730,0,0,44458,-15.137684106826782,-11.009793758392334,0.21428571428571427
35731,0,0,44457,-15.137684106826782,-11.009793758392334,0.21428571428571427
35732,0,0,44381,-15.137684106826782,-11.009793758392334,0.21428571428571427
35733,0,0,44331,-15.137684106826782,-11.009793758392334,0.21428571428571427
35734,0,0,44186,-15.137684106826782,-11.009793758392334,0.21428571428571427
35735,0,0,44330,-15.137684106826782,-11.009793758392334,0.21428571428571427
35736,0,0,44208,-15.137684106826782,-11.009793758392334,0.21428571428571427
35737,0,0,44207,-15.137684106826782,-11.009793758392334,0.21428571428571427
35738,0,0,44206,-15.137684106826782,-11.009793758392334,0.21428571428571427
35739,0,0,44205,-15.137684106826782,-11.009793758392334,0.21428571428571427
35740,0,0,44204,-15.137684106826782,-11.009793758392334,0.21428571428571427
35741,0,0,44203,-15.137684106826782,-11.009793758392334,0.21428571428571427
35742,0,0,44202,-15.137684106826782,-11.009793758392334,0.21428571428571427
35743,0,0,44201,-15.137684106826782,-11.009793758392334,0.21428571428571427
35744,0,0,44200,-15.137684106826782,-11.009793758392334,0.21428571428571427
35745,0,0,44199,-15.137684106826782,-11.009793758392334,0.21428571428571427
35746,0,0,44198,-15.137684106826782,-11.009793758392334,0.21428571428571427
35747,0,0,44197,-15.137684106826782,-11.009793758392334,0.21428571428571427
35748,0,0,44196,-15.137684106826782,-11.009793758392334,0.21428571428571427
35749,0,0,44195,-15.137684106826782,-11.009793758392334,0.21428571428571427
35750,0,0,44194,-15.137684106826782,-11.009793758392334,0.21428571428571427
35751,0,0,44193,-15.137684106826782,-11.009793758392334,0.21428571428571427
35752,0,0,44192,-15.137684106826782,-11.009793758392334,0.21428571428571427
35753,0,0,44191,-15.137684106826782,-11.009793758392334,0.21428571428571427
35754,0,0,44190,-15.137684106826782,-11.009793758392334,0.21428571428571427
35755,0,0,44189,-15.137684106826782,-11.009793758392334,0.21428571428571427
35756,0,0,44188,-15.137684106826782,-11.009793758392334,0.21428571428571427
35757,0,0,44209,-15.137684106826782,-11.009793758392334,0.21428571428571427
35758,0,0,44210,-15.137684106826782,-11.009793758392334,0.21428571428571427
35759,0,0,44211,-15.137684106826782,-11.009793758392334,0.21428571428571427
35760,0,0,44223,-15.137684106826782,-11.009793758392334,0.21428571428571427
35761,0,0,44232,-15.137684106826782,-11.009793758392334,0.21428571428571427
35762,0,0,44231,-15.137684106826782,-11.009793758392334,0.21428571428571427
35763,0,0,44230,-15.137684106826782,-11.009793758392334,0.21428571428571427
35764,0,0,44229,-15.137684106826782,-11.009793758392334,0.21428571428571427
35765,0,0,44228,-15.137684106826782,-11.009793758392334,0.21428571428571427
35766,0,0,44227,-15.137684106826782,-11.009793758392334,0.21428571428571427
35767,0,0,44226,-15.137684106826782,-11.009793758392334,0.21428571428571427
35768,0,0,44225,-15.137684106826782,-11.009793758392334,0.21428571428571427
35769,0,0,44224,-15.137684106826782,-11.009793758392334,0.21428571428571427
35770,0,0,44222,-15.137684106826782,-11.009793758392334,0.21428571428571427
35771,0,0,44212,-15.137684106826782,-11.009793758392334,0.21428571428571427
35772,0,0,44221,-15.137684106826782,-11.009793758392334,0.21428571428571427
35773,0,0,44220,-15.137684106826782,-11.009793758392334,0.21428571428571427
35774,0,0,44219,-15.137684106826782,-11.009793758392334,0.21428571428571427
35775,0,0,44218,-15.137684106826782,-11.009793758392334,0.21428571428571427
35776,0,0,44217,-15.137684106826782,-11.009793758392334,0.21428571428571427
35777,0,0,44216,-15.137684106826782,-11.009793758392334,0.21428571428571427
35778,0,0,44215,-15.137684106826782,-11.009793758392334,0.21428571428571427
35779,0,0,44214,-15.137684106826782,-11.009793758392334,0.21428571428571427
35780,0,0,44213,-15.137684106826782,-11.009793758392334,0.21428571428571427
35781,0,0,44187,-15.137684106826782,-11.009793758392334,0.21428571428571427
35782,0,0,44185,-15.137684106826782,-11.009793758392334,0.21428571428571427
35783,0,0,44138,-15.137684106826782,-11.009793758392334,0.21428571428571427
35784,0,0,44184,-15.137684106826782,-11.009793758392334,0.21428571428571427
35785,0,0,44159,-15.137684106826782,-11.009793758392334,0.21428571428571427
35786,0,0,44158,-15.137684106826782,-11.009793758392334,0.21428571428571427
35787,0,0,44157,-15.137684106826782,-11.009793758392334,0.21428571428571427
35788,0,0,44156,-15.137684106826782,-11.009793758392334,0.21428571428571427
35789,0,0,44155,-15.137684106826782,-11.009793758392334,0.21428571428571427
35790,0,0,44154,-15.137684106826782,-11.009793758392334,0.21428571428571427
35791,0,0,44153,-15.137684106826782,-11.009793758392334,0.21428571428571427
35792,0,0,44152,-15.137684106826782,-11.009793758392334,0.21428571428571427
35793,0,0,44151,-15.137684106826782,-11.009793758392334,0.21428571428571427
35794,0,0,44150,-15.137684106826782,-11.009793758392334,0.21428571428571427
35795,0,0,44149,-15.137684106826782,-11.009793758392334,0.21428571428571427
35796,0,0,44148,-15.137684106826782,-11.009793758392334,0.21428571428571427
35797,0,0,44147,-15.137684106826782,-11.009793758392334,0.21428571428571427
35798,0,0,44146,-15.137684106826782,-11.009793758392334,0.21428571428571427
35799,0,0,44145,-15.137684106826782,-11.009793758392334,0.21428571428571427
35800,0,0,44144,-15.137684106826782,-11.009793758392334,0.21428571428571427
35801,0,0,44143,-15.137684106826782,-11.009793758392334,0.21428571428571427
35802,0,0,44142,-15.137684106826782,-11.009793758392334,0.21428571428571427
35803,0,0,44141,-15.137684106826782,-11.009793758392334,0.21428571428571427
35804,0,0,44140,-15.137684106826782,-11.009793758392334,0.21428571428571427
35805,0,0,44139,-15.137684106826782,-11.009793758392334,0.21428571428571427
35806,0,0,44160,-15.137684106826782,-11.009793758392334,0.21428571428571427
35807,0,0,44161,-15.137684106826782,-11.009793758392334,0.21428571428571427
35808,0,0,44162,-15.137684106826782,-11.009793758392334,0.21428571428571427
35809,0,0,44174,-15.137684106826782,-11.009793758392334,0.21428571428571427
35810,0,0,44183,-15.137684106826782,-11.009793758392334,0.21428571428571427
35811,0,0,44182,-15.137684106826782,-11.009793758392334,0.21428571428571427
35812,0,0,44181,-15.137684106826782,-11.009793758392334,0.21428571428571427
35813,0,0,44180,-15.137684106826782,-11.009793758392334,0.21428571428571427
35814,0,0,44179,-15.137684106826782,-11.009793758392334,0.21428571428571427
35815,0,0,44178,-15.137684106826782,-11.009793758392334,0.21428571428571427
35816,0,0,44177,-15.137684106826782,-11.009793758392334,0.21428571428571427
35817,0,0,44176,-15.137684106826782,-11.009793758392334,0.21428571428571427
35818,0,0,44175,-15.137684106826782,-11.009793758392334,0.21428571428571427
35819,0,0,44173,-15.137684106826782,-11.009793758392334,0.21428571428571427
35820,0,0,44163,-15.137684106826782,-11.009793758392334,0.21428571428571427
35821,0,0,44172,-15.137684106826782,-11.009793758392334,0.21428571428571427
35822,0,0,44171,-15.137684106826782,-11.009793758392334,0.21428571428571427
35823,0,0,44170,-15.137684106826782,-11.009793758392334,0.21428571428571427
35824,0,0,44169,-15.137684106826782,-11.009793758392334,0.21428571428571427
35825,0,0,44168,-15.137684106826782,-11.009793758392334,0.21428571428571427
35826,0,0,44167,-15.137684106826782,-11.009793758392334,0.21428571428571427
35827,0,0,44166,-15.137684106826782,-11.009793758392334,0.21428571428571427
35828,0,0,44165,-15.137684106826782,-11.009793758392334,0.21428571428571427
35829,0,0,44164,-15.137684106826782,-11.009793758392334,0.21428571428571427
35830,0,0,44233,-15.137684106826782,-11.009793758392334,0.21428571428571427
35831,0,0,44234,-15.137684106826782,-11.009793758392334,0.21428571428571427
35832,0,0,44235,-15.137684106826782,-11.009793758392334,0.21428571428571427
35833,0,0,44236,-15.137684106826782,-11.009793758392334,0.21428571428571427
35834,0,0,44305,-15.137684106826782,-11.009793758392334,0.21428571428571427
35835,0,0,44304,-15.137684106826782,-11.009793758392334,0.21428571428571427
35836,0,0,44303,-15.137684106826782,-11.009793758392334,0.21428571428571427
35837,0,0,44302,-15.137684106826782,-11.009793758392334,0.21428571428571427
35838,0,0,44301,-15.137684106826782,-11.009793758392334,0.21428571428571427
35839,0,0,44300,-15.137684106826782,-11.009793758392334,0.21428571428571427
35840,0,0,44299,-15.137684106826782,-11.009793758392334,0.21428571428571427
35841,0,0,44298,-15.137684106826782,-11.009793758392334,0.21428571428571427
35842,0,0,44297,-15.137684106826782,-11.009793758392334,0.21428571428571427
35843,0,0,44295,-15.137684106826782,-11.009793758392334,0.21428571428571427
35844,0,0,44285,-15.137684106826782,-11.009793758392334,0.21428571428571427
35845,0,0,44294,-15.137684106826782,-11.009793758392334,0.21428571428571427
35846,0,0,44293,-15.137684106826782,-11.009793758392334,0.21428571428571427
35847,0,0,44292,-15.137684106826782,-11.009793758392334,0.21428571428571427
35848,0,0,44291,-15.137684106826782,-11.009793758392334,0.21428571428571427
35849,0,0,44290,-15.137684106826782,-11.009793758392334,0.21428571428571427
35850,0,0,44289,-15.137684106826782,-11.009793758392334,0.21428571428571427
35851,0,0,44288,-15.137684106826782,-11.009793758392334,0.21428571428571427
35852,0,0,44287,-15.137684106826782,-11.009793758392334,0.21428571428571427
35853,0,0,44286,-15.137684106826782,-11.009793758392334,0.21428571428571427
35854,0,0,44306,-15.137684106826782,-11.009793758392334,0.21428571428571427
35855,0,0,44296,-15.137684106826782,-11.009793758392334,0.21428571428571427
35856,0,0,44307,-15.137684106826782,-11.009793758392334,0.21428571428571427
35857,0,0,44320,-15.137684106826782,-11.009793758392334,0.21428571428571427
35858,0,0,44329,-15.137684106826782,-11.009793758392334,0.21428571428571427
35859,0,0,44328,-15.137684106826782,-11.009793758392334,0.21428571428571427
35860,0,0,44327,-15.137684106826782,-11.009793758392334,0.21428571428571427
35861,0,0,44326,-15.137684106826782,-11.009793758392334,0.21428571428571427
35862,0,0,44325,-15.137684106826782,-11.009793758392334,0.21428571428571427
35863,0,0,44324,-15.137684106826782,-11.009793758392334,0.21428571428571427
35864,0,0,44323,-15.137684106826782,-11.009793758392334,0.21428571428571427
35865,0,0,44322,-15.137684106826782,-11.009793758392334,0.21428571428571427
35866,0,0,44321,-15.137684106826782,-11.009793758392334,0.21428571428571427
35867,0,0,44319,-15.137684106826782,-11.009793758392334,0.21428571428571427
35868,0,0,44309,-15.137684106826782,-11.009793758392334,0.21428571428571427
35869,0,0,44318,-15.137684106826782,-11.009793758392334,0.21428571428571427
35870,0,0,44317,-15.137684106826782,-11.009793758392334,0.21428571428571427
35871,0,0,44316,-15.137684106826782,-11.009793758392334,0.21428571428571427
35872,0,0,44315,-15.137684106826782,-11.009793758392334,0.21428571428571427
35873,0,0,44314,-15.137684106826782,-11.009793758392334,0.21428571428571427
35874,0,0,44313,-15.137684106826782,-11.009793758392334,0.21428571428571427
35875,0,0,44312,-15.137684106826782,-11.009793758392334,0.21428571428571427
35876,0,0,44311,-15.137684106826782,-11.009793758392334,0.21428571428571427
35877,0,0,44310,-15.137684106826782,-11.009793758392334,0.21428571428571427
35878,0,0,44308,-15.137684106826782,-11.009793758392334,0.21428571428571427
35879,0,0,44284,-15.137684106826782,-11.009793758392334,0.21428571428571427
35880,0,0,44283,-15.137684106826782,-11.009793758392334,0.21428571428571427
35881,0,0,44282,-15.137684106826782,-11.009793758392334,0.21428571428571427
35882,0,0,44257,-15.137684106826782,-11.009793758392334,0.21428571428571427
35883,0,0,44256,-15.137684106826782,-11.009793758392334,0.21428571428571427
35884,0,0,44255,-15.137684106826782,-11.009793758392334,0.21428571428571427
35885,0,0,44254,-15.137684106826782,-11.009793758392334,0.21428571428571427
35886,0,0,44253,-15.137684106826782,-11.009793758392334,0.21428571428571427
35887,0,0,44252,-15.137684106826782,-11.009793758392334,0.21428571428571427
35888,0,0,44251,-15.137684106826782,-11.009793758392334,0.21428571428571427
35889,0,0,44250,-15.137684106826782,-11.009793758392334,0.21428571428571427
35890,0,0,44249,-15.137684106826782,-11.009793758392334,0.21428571428571427
35891,0,0,44248,-15.137684106826782,-11.009793758392334,0.21428571428571427
35892,0,0,44247,-15.137684106826782,-11.009793758392334,0.21428571428571427
35893,0,0,44246,-15.137684106826782,-11.009793758392334,0.21428571428571427
35894,0,0,44245,-15.137684106826782,-11.009793758392334,0.21428571428571427
35895,0,0,44244,-15.137684106826782,-11.009793758392334,0.21428571428571427
35896,0,0,44243,-15.137684106826782,-11.009793758392334,0.21428571428571427
35897,0,0,44242,-15.137684106826782,-11.009793758392334,0.21428571428571427
35898,0,0,44241,-15.137684106826782,-11.009793758392334,0.21428571428571427
35899,0,0,44240,-15.137684106826782,-11.009793758392334,0.21428571428571427
35900,0,0,44239,-15.137684106826782,-11.009793758392334,0.21428571428571427
35901,0,0,44238,-15.137684106826782,-11.009793758392334,0.21428571428571427
35902,0,0,44237,-15.137684106826782,-11.009793758392334,0.21428571428571427
35903,0,0,44258,-15.137684106826782,-11.009793758392334,0.21428571428571427
35904,0,0,44259,-15.137684106826782,-11.009793758392334,0.21428571428571427
35905,0,0,44260,-15.137684106826782,-11.009793758392334,0.21428571428571427
35906,0,0,44272,-15.137684106826782,-11.009793758392334,0.21428571428571427
35907,0,0,44281,-15.137684106826782,-11.009793758392334,0.21428571428571427
35908,0,0,44280,-15.137684106826782,-11.009793758392334,0.21428571428571427
35909,0,0,44279,-15.137684106826782,-11.009793758392334,0.21428571428571427
35910,0,0,44278,-15.137684106826782,-11.009793758392334,0.21428571428571427
35911,0,0,44277,-15.137684106826782,-11.009793758392334,0.21428571428571427
35912,0,0,44276,-15.137684106826782,-11.009793758392334,0.21428571428571427
35913,0,0,44275,-15.137684106826782,-11.009793758392334,0.21428571428571427
35914,0,0,44274,-15.137684106826782,-11.009793758392334,0.21428571428571427
35915,0,0,44273,-15.137684106826782,-11.009793758392334,0.21428571428571427
35916,0,0,44271,-15.137684106826782,-11.009793758392334,0.21428571428571427
35917,0,0,44261,-15.137684106826782,-11.009793758392334,0.21428571428571427
35918,0,0,44270,-15.137684106826782,-11.009793758392334,0.21428571428571427
35919,0,0,44269,-15.137684106826782,-11.009793758392334,0.21428571428571427
35920,0,0,44268,-15.137684106826782,-11.009793758392334,0.21428571428571427
35921,0,0,44267,-15.137684106826782,-11.009793758392334,0.21428571428571427
35922,0,0,44266,-15.137684106826782,-11.009793758392334,0.21428571428571427
35923,0,0,44265,-15.137684106826782,-11.009793758392334,0.21428571428571427
35924,0,0,44264,-15.137684106826782,-11.009793758392334,0.21428571428571427
35925,0,0,44263,-15.137684106826782,-11.009793758392334,0.21428571428571427
35926,0,0,44262,-15.137684106826782,-11.009793758392334,0.21428571428571427
35927,0,0,45306,-15.137684106826782,-11.009793758392334,0.21428571428571427
35928,0,0,44527,-15.137684106826782,-11.009793758392334,0.21428571428571427
35929,0,0,45307,-15.137684106826782,-11.009793758392334,0.21428571428571427
35930,0,0,46089,-15.137684106826782,-11.009793758392334,0.21428571428571427
35931,0,0,46356,-15.137684106826782,-11.009793758392334,0.21428571428571427
35932,0,0,46355,-15.137684106826782,-11.009793758392334,0.21428571428571427
35933,0,0,46354,-15.137684106826782,-11.009793758392334,0.21428571428571427
35934,0,0,46353,-15.137684106826782,-11.009793758392334,0.21428571428571427
35935,0,0,46352,-15.137684106826782,-11.009793758392334,0.21428571428571427
35936,0,0,46351,-15.137684106826782,-11.009793758392334,0.21428571428571427
35937,0,0,46350,-15.137684106826782,-11.009793758392334,0.21428571428571427
35938,0,0,46349,-15.137684106826782,-11.009793758392334,0.21428571428571427
35939,0,0,46348,-15.137684106826782,-11.009793758392334,0.21428571428571427
35940,0,0,46347,-15.137684106826782,-11.009793758392334,0.21428571428571427
35941,0,0,46346,-15.137684106826782,-11.009793758392334,0.21428571428571427
35942,0,0,46345,-15.137684106826782,-11.009793758392334,0.21428571428571427
35943,0,0,46344,-15.137684106826782,-11.009793758392334,0.21428571428571427
35944,0,0,46343,-15.137684106826782,-11.009793758392334,0.21428571428571427
35945,0,0,46342,-15.137684106826782,-11.009793758392334,0.21428571428571427
35946,0,0,46341,-15.137684106826782,-11.009793758392334,0.21428571428571427
35947,0,0,46340,-15.137684106826782,-11.009793758392334,0.21428571428571427
35948,0,0,46339,-15.137684106826782,-11.009793758392334,0.21428571428571427
35949,0,0,46338,-15.137684106826782,-11.009793758392334,0.21428571428571427
35950,0,0,46337,-15.137684106826782,-11.009793758392334,0.21428571428571427
35951,0,0,46336,-15.137684106826782,-11.009793758392334,0.21428571428571427
35952,0,0,46357,-15.137684106826782,-11.009793758392334,0.21428571428571427
35953,0,0,46358,-15.137684106826782,-11.009793758392334,0.21428571428571427
35954,0,0,46359,-15.137684106826782,-11.009793758392334,0.21428571428571427
35955,0,0,46371,-15.137684106826782,-11.009793758392334,0.21428571428571427
35956,0,0,46380,-15.137684106826782,-11.009793758392334,0.21428571428571427
35957,0,0,46379,-15.137684106826782,-11.009793758392334,0.21428571428571427
35958,0,0,46378,-15.137684106826782,-11.009793758392334,0.21428571428571427
35959,0,0,46377,-15.137684106826782,-11.009793758392334,0.21428571428571427
35960,0,0,46376,-15.137684106826782,-11.009793758392334,0.21428571428571427
35961,0,0,46375,-15.137684106826782,-11.009793758392334,0.21428571428571427
35962,0,0,46374,-15.137684106826782,-11.009793758392334,0.21428571428571427
35963,0,0,46373,-15.137684106826782,-11.009793758392334,0.21428571428571427
35964,0,0,46372,-15.137684106826782,-11.009793758392334,0.21428571428571427
35965,0,0,46370,-15.137684106826782,-11.009793758392334,0.21428571428571427
35966,0,0,46360,-15.137684106826782,-11.009793758392334,0.21428571428571427
35967,0,0,46369,-15.137684106826782,-11.009793758392334,0.21428571428571427
35968,0,0,46368,-15.137684106826782,-11.009793758392334,0.21428571428571427
35969,0,0,46367,-15.137684106826782,-11.009793758392334,0.21428571428571427
35970,0,0,46366,-15.137684106826782,-11.009793758392334,0.21428571428571427
35971,0,0,46365,-15.137684106826782,-11.009793758392334,0.21428571428571427
35972,0,0,46364,-15.137684106826782,-11.009793758392334,0.21428571428571427
35973,0,0,46363,-15.137684106826782,-11.009793758392334,0.21428571428571427
35974,0,0,46362,-15.137684106826782,-11.009793758392334,0.21428571428571427
35975,0,0,46361,-15.137684106826782,-11.009793758392334,0.21428571428571427
35976,0,0,46335,-15.137684106826782,-11.009793758392334,0.21428571428571427
35977,0,0,46333,-15.137684106826782,-11.009793758392334,0.21428571428571427
35978,0,0,46286,-15.137684106826782,-11.009793758392334,0.21428571428571427
35979,0,0,46332,-15.137684106826782,-11.009793758392334,0.21428571428571427
35980,0,0,46307,-15.137684106826782,-11.009793758392334,0.21428571428571427
35981,0,0,46306,-15.137684106826782,-11.009793758392334,0.21428571428571427
35982,0,0,46305,-15.137684106826782,-11.009793758392334,0.21428571428571427
35983,0,0,46304,-15.137684106826782,-11.009793758392334,0.21428571428571427
35984,0,0,46303,-15.137684106826782,-11.009793758392334,0.21428571428571427
35985,0,0,46302,-15.137684106826782,-11.009793758392334,0.21428571428571427
35986,0,0,46301,-15.137684106826782,-11.009793758392334,0.21428571428571427
35987,0,0,46300,-15.137684106826782,-11.009793758392334,0.21428571428571427
35988,0,0,46299,-15.137684106826782,-11.009793758392334,0.21428571428571427
35989,0,0,46298,-15.137684106826782,-11.009793758392334,0.21428571428571427
35990,0,0,46297,-15.137684106826782,-11.009793758392334,0.21428571428571427
35991,0,0,46296,-15.137684106826782,-11.009793758392334,0.21428571428571427
35992,0,0,46295,-15.137684106826782,-11.009793758392334,0.21428571428571427
35993,0,0,46294,-15.137684106826782,-11.009793758392334,0.21428571428571427
35994,0,0,46293,-15.137684106826782,-11.009793758392334,0.21428571428571427
35995,0,0,46292,-15.137684106826782,-11.009793758392334,0.21428571428571427
35996,0,0,46291,-15.137684106826782,-11.009793758392334,0.21428571428571427
35997,0,0,46290,-15.137684106826782,-11.009793758392334,0.21428571428571427
35998,0,0,46289,-15.137684106826782,-11.009793758392334,0.21428571428571427
35999,0,0,46288,-15.137684106826782,-11.009793758392334,0.21428571428571427
36000,0,0,46287,-15.137684106826782,-11.009793758392334,0.21428571428571427
36001,0,0,46308,-15.137684106826782,-11.009793758392334,0.21428571428571427
36002,0,0,46309,-15.137684106826782,-11.009793758392334,0.21428571428571427
36003,0,0,46310,-15.137684106826782,-11.009793758392334,0.21428571428571427
36004,0,0,46322,-15.137684106826782,-11.009793758392334,0.21428571428571427
36005,0,0,46331,-15.137684106826782,-11.009793758392334,0.21428571428571427
36006,0,0,46330,-15.137684106826782,-11.009793758392334,0.21428571428571427
36007,0,0,46329,-15.137684106826782,-11.009793758392334,0.21428571428571427
36008,0,0,46328,-15.137684106826782,-11.009793758392334,0.21428571428571427
36009,0,0,46327,-15.137684106826782,-11.009793758392334,0.21428571428571427
36010,0,0,46326,-15.137684106826782,-11.009793758392334,0.21428571428571427
36011,0,0,46325,-15.137684106826782,-11.009793758392334,0.21428571428571427
36012,0,0,46324,-15.137684106826782,-11.009793758392334,0.21428571428571427
36013,0,0,46323,-15.137684106826782,-11.009793758392334,0.21428571428571427
36014,0,0,46321,-15.137684106826782,-11.009793758392334,0.21428571428571427
36015,0,0,46311,-15.137684106826782,-11.009793758392334,0.21428571428571427
36016,0,0,46320,-15.137684106826782,-11.009793758392334,0.21428571428571427
36017,0,0,46319,-15.137684106826782,-11.009793758392334,0.21428571428571427
36018,0,0,46318,-15.137684106826782,-11.009793758392334,0.21428571428571427
36019,0,0,46317,-15.137684106826782,-11.009793758392334,0.21428571428571427
36020,0,0,46316,-15.137684106826782,-11.009793758392334,0.21428571428571427
36021,0,0,46315,-15.137684106826782,-11.009793758392334,0.21428571428571427
36022,0,0,46314,-15.137684106826782,-11.009793758392334,0.21428571428571427
36023,0,0,46313,-15.137684106826782,-11.009793758392334,0.21428571428571427
36024,0,0,46312,-15.137684106826782,-11.009793758392334,0.21428571428571427
36025,0,0,46381,-15.137684106826782,-11.009793758392334,0.21428571428571427
36026,0,0,46382,-15.137684106826782,-11.009793758392334,0.21428571428571427
36027,0,0,46383,-15.137684106826782,-11.009793758392334,0.21428571428571427
36028,0,0,46384,-15.137684106826782,-11.009793758392334,0.21428571428571427
36029,0,0,46453,-15.137684106826782,-11.009793758392334,0.21428571428571427
36030,0,0,46452,-15.137684106826782,-11.009793758392334,0.21428571428571427
36031,0,0,46451,-15.137684106826782,-11.009793758392334,0.21428571428571427
36032,0,0,46450,-15.137684106826782,-11.009793758392334,0.21428571428571427
36033,0,0,46449,-15.137684106826782,-11.009793758392334,0.21428571428571427
36034,0,0,46448,-15.137684106826782,-11.009793758392334,0.21428571428571427
36035,0,0,46447,-15.137684106826782,-11.009793758392334,0.21428571428571427
36036,0,0,46446,-15.137684106826782,-11.009793758392334,0.21428571428571427
36037,0,0,46445,-15.137684106826782,-11.009793758392334,0.21428571428571427
36038,0,0,46443,-15.137684106826782,-11.009793758392334,0.21428571428571427
36039,0,0,46433,-15.137684106826782,-11.009793758392334,0.21428571428571427
36040,0,0,46442,-15.137684106826782,-11.009793758392334,0.21428571428571427
36041,0,0,46441,-15.137684106826782,-11.009793758392334,0.21428571428571427
36042,0,0,46440,-15.137684106826782,-11.009793758392334,0.21428571428571427
36043,0,0,46439,-15.137684106826782,-11.009793758392334,0.21428571428571427
36044,0,0,46438,-15.137684106826782,-11.009793758392334,0.21428571428571427
36045,0,0,46437,-15.137684106826782,-11.009793758392334,0.21428571428571427
36046,0,0,46436,-15.137684106826782,-11.009793758392334,0.21428571428571427
36047,0,0,46435,-15.137684106826782,-11.009793758392334,0.21428571428571427
36048,0,0,46434,-15.137684106826782,-11.009793758392334,0.21428571428571427
36049,0,0,46454,-15.137684106826782,-11.009793758392334,0.21428571428571427
36050,0,0,46444,-15.137684106826782,-11.009793758392334,0.21428571428571427
36051,0,0,46455,-15.137684106826782,-11.009793758392334,0.21428571428571427
36052,0,0,46468,-15.137684106826782,-11.009793758392334,0.21428571428571427
36053,0,0,46477,-15.137684106826782,-11.009793758392334,0.21428571428571427
36054,0,0,46476,-15.137684106826782,-11.009793758392334,0.21428571428571427
36055,0,0,46475,-15.137684106826782,-11.009793758392334,0.21428571428571427
36056,0,0,46474,-15.137684106826782,-11.009793758392334,0.21428571428571427
36057,0,0,46473,-15.137684106826782,-11.009793758392334,0.21428571428571427
36058,0,0,46472,-15.137684106826782,-11.009793758392334,0.21428571428571427
36059,0,0,46471,-15.137684106826782,-11.009793758392334,0.21428571428571427
36060,0,0,46470,-15.137684106826782,-11.009793758392334,0.21428571428571427
36061,0,0,46469,-15.137684106826782,-11.009793758392334,0.21428571428571427
36062,0,0,46467,-15.137684106826782,-11.009793758392334,0.21428571428571427
36063,0,0,46457,-15.137684106826782,-11.009793758392334,0.21428571428571427
36064,0,0,46466,-15.137684106826782,-11.009793758392334,0.21428571428571427
36065,0,0,46465,-15.137684106826782,-11.009793758392334,0.21428571428571427
36066,0,0,46464,-15.137684106826782,-11.009793758392334,0.21428571428571427
36067,0,0,46463,-15.137684106826782,-11.009793758392334,0.21428571428571427
36068,0,0,46462,-15.137684106826782,-11.009793758392334,0.21428571428571427
36069,0,0,46461,-15.137684106826782,-11.009793758392334,0.21428571428571427
36070,0,0,46460,-15.137684106826782,-11.009793758392334,0.21428571428571427
36071,0,0,46459,-15.137684106826782,-11.009793758392334,0.21428571428571427
36072,0,0,46458,-15.137684106826782,-11.009793758392334,0.21428571428571427
36073,0,0,46456,-15.137684106826782,-11.009793758392334,0.21428571428571427
36074,0,0,46432,-15.137684106826782,-11.009793758392334,0.21428571428571427
36075,0,0,46431,-15.137684106826782,-11.009793758392334,0.21428571428571427
36076,0,0,46430,-15.137684106826782,-11.009793758392334,0.21428571428571427
36077,0,0,46405,-15.137684106826782,-11.009793758392334,0.21428571428571427
36078,0,0,46404,-15.137684106826782,-11.009793758392334,0.21428571428571427
36079,0,0,46403,-15.137684106826782,-11.009793758392334,0.21428571428571427
36080,0,0,46402,-15.137684106826782,-11.009793758392334,0.21428571428571427
36081,0,0,46401,-15.137684106826782,-11.009793758392334,0.21428571428571427
36082,0,0,46400,-15.137684106826782,-11.009793758392334,0.21428571428571427
36083,0,0,46399,-15.137684106826782,-11.009793758392334,0.21428571428571427
36084,0,0,46398,-15.137684106826782,-11.009793758392334,0.21428571428571427
36085,0,0,46397,-15.137684106826782,-11.009793758392334,0.21428571428571427
36086,0,0,46396,-15.137684106826782,-11.009793758392334,0.21428571428571427
36087,0,0,46395,-15.137684106826782,-11.009793758392334,0.21428571428571427
36088,0,0,46394,-15.137684106826782,-11.009793758392334,0.21428571428571427
36089,0,0,46393,-15.137684106826782,-11.009793758392334,0.21428571428571427
36090,0,0,46392,-15.137684106826782,-11.009793758392334,0.21428571428571427
36091,0,0,46391,-15.137684106826782,-11.009793758392334,0.21428571428571427
36092,0,0,46390,-15.137684106826782,-11.009793758392334,0.21428571428571427
36093,0,0,46389,-15.137684106826782,-11.009793758392334,0.21428571428571427
36094,0,0,46388,-15.137684106826782,-11.009793758392334,0.21428571428571427
36095,0,0,46387,-15.137684106826782,-11.009793758392334,0.21428571428571427
36096,0,0,46386,-15.137684106826782,-11.009793758392334,0.21428571428571427
36097,0,0,46385,-15.137684106826782,-11.009793758392334,0.21428571428571427
36098,0,0,46406,-15.137684106826782,-11.009793758392334,0.21428571428571427
36099,0,0,46407,-15.137684106826782,-11.009793758392334,0.21428571428571427
36100,0,0,46408,-15.137684106826782,-11.009793758392334,0.21428571428571427
36101,0,0,46420,-15.137684106826782,-11.009793758392334,0.21428571428571427
36102,0,0,46429,-15.137684106826782,-11.009793758392334,0.21428571428571427
36103,0,0,46428,-15.137684106826782,-11.009793758392334,0.21428571428571427
36104,0,0,46427,-15.137684106826782,-11.009793758392334,0.21428571428571427
36105,0,0,46426,-15.137684106826782,-11.009793758392334,0.21428571428571427
36106,0,0,46425,-15.137684106826782,-11.009793758392334,0.21428571428571427
36107,0,0,46424,-15.137684106826782,-11.009793758392334,0.21428571428571427
36108,0,0,46423,-15.137684106826782,-11.009793758392334,0.21428571428571427
36109,0,0,46422,-15.137684106826782,-11.009793758392334,0.21428571428571427
36110,0,0,46421,-15.137684106826782,-11.009793758392334,0.21428571428571427
36111,0,0,46419,-15.137684106826782,-11.009793758392334,0.21428571428571427
36112,0,0,46409,-15.137684106826782,-11.009793758392334,0.21428571428571427
36113,0,0,46418,-15.137684106826782,-11.009793758392334,0.21428571428571427
36114,0,0,46417,-15.137684106826782,-11.009793758392334,0.21428571428571427
36115,0,0,46416,-15.137684106826782,-11.009793758392334,0.21428571428571427
36116,0,0,46415,-15.137684106826782,-11.009793758392334,0.21428571428571427
36117,0,0,46414,-15.137684106826782,-11.009793758392334,0.21428571428571427
36118,0,0,46413,-15.137684106826782,-11.009793758392334,0.21428571428571427
36119,0,0,46412,-15.137684106826782,-11.009793758392334,0.21428571428571427
36120,0,0,46411,-15.137684106826782,-11.009793758392334,0.21428571428571427
36121,0,0,46410,-15.137684106826782,-11.009793758392334,0.21428571428571427
36122,0,0,46334,-15.137684106826782,-11.009793758392334,0.21428571428571427
36123,0,0,46285,-15.137684106826782,-11.009793758392334,0.21428571428571427
36124,0,0,46284,-15.137684106826782,-11.009793758392334,0.21428571428571427
36125,0,0,46283,-15.137684106826782,-11.009793758392334,0.21428571428571427
36126,0,0,46160,-15.137684106826782,-11.009793758392334,0.21428571428571427
36127,0,0,46159,-15.137684106826782,-11.009793758392334,0.21428571428571427
36128,0,0,46158,-15.137684106826782,-11.009793758392334,0.21428571428571427
36129,0,0,46157,-15.137684106826782,-11.009793758392334,0.21428571428571427
36130,0,0,46156,-15.137684106826782,-11.009793758392334,0.21428571428571427
36131,0,0,46155,-15.137684106826782,-11.009793758392334,0.21428571428571427
36132,0,0,46154,-15.137684106826782,-11.009793758392334,0.21428571428571427
36133,0,0,46153,-15.137684106826782,-11.009793758392334,0.21428571428571427
36134,0,0,46152,-15.137684106826782,-11.009793758392334,0.21428571428571427
36135,0,0,46151,-15.137684106826782,-11.009793758392334,0.21428571428571427
36136,0,0,46150,-15.137684106826782,-11.009793758392334,0.21428571428571427
36137,0,0,46149,-15.137684106826782,-11.009793758392334,0.21428571428571427
36138,0,0,46148,-15.137684106826782,-11.009793758392334,0.21428571428571427
36139,0,0,46147,-15.137684106826782,-11.009793758392334,0.21428571428571427
36140,0,0,46146,-15.137684106826782,-11.009793758392334,0.21428571428571427
36141,0,0,46145,-15.137684106826782,-11.009793758392334,0.21428571428571427
36142,0,0,46144,-15.137684106826782,-11.009793758392334,0.21428571428571427
36143,0,0,46143,-15.137684106826782,-11.009793758392334,0.21428571428571427
36144,0,0,46142,-15.137684106826782,-11.009793758392334,0.21428571428571427
36145,0,0,46141,-15.137684106826782,-11.009793758392334,0.21428571428571427
36146,0,0,46140,-15.137684106826782,-11.009793758392334,0.21428571428571427
36147,0,0,46161,-15.137684106826782,-11.009793758392334,0.21428571428571427
36148,0,0,46162,-15.137684106826782,-11.009793758392334,0.21428571428571427
36149,0,0,46163,-15.137684106826782,-11.009793758392334,0.21428571428571427
36150,0,0,46175,-15.137684106826782,-11.009793758392334,0.21428571428571427
36151,0,0,46184,-15.137684106826782,-11.009793758392334,0.21428571428571427
36152,0,0,46183,-15.137684106826782,-11.009793758392334,0.21428571428571427
36153,0,0,46182,-15.137684106826782,-11.009793758392334,0.21428571428571427
36154,0,0,46181,-15.137684106826782,-11.009793758392334,0.21428571428571427
36155,0,0,46180,-15.137684106826782,-11.009793758392334,0.21428571428571427
36156,0,0,46179,-15.137684106826782,-11.009793758392334,0.21428571428571427
36157,0,0,46178,-15.137684106826782,-11.009793758392334,0.21428571428571427
36158,0,0,46177,-15.137684106826782,-11.009793758392334,0.21428571428571427
36159,0,0,46176,-15.137684106826782,-11.009793758392334,0.21428571428571427
36160,0,0,46174,-15.137684106826782,-11.009793758392334,0.21428571428571427
36161,0,0,46164,-15.137684106826782,-11.009793758392334,0.21428571428571427
36162,0,0,46173,-15.137684106826782,-11.009793758392334,0.21428571428571427
36163,0,0,46172,-15.137684106826782,-11.009793758392334,0.21428571428571427
36164,0,0,46171,-15.137684106826782,-11.009793758392334,0.21428571428571427
36165,0,0,46170,-15.137684106826782,-11.009793758392334,0.21428571428571427
36166,0,0,46169,-15.137684106826782,-11.009793758392334,0.21428571428571427
36167,0,0,46168,-15.137684106826782,-11.009793758392334,0.21428571428571427
36168,0,0,46167,-15.137684106826782,-11.009793758392334,0.21428571428571427
36169,0,0,46166,-15.137684106826782,-11.009793758392334,0.21428571428571427
36170,0,0,46165,-15.137684106826782,-11.009793758392334,0.21428571428571427
36171,0,0,46139,-15.137684106826782,-11.009793758392334,0.21428571428571427
36172,0,0,46137,-15.137684106826782,-11.009793758392334,0.21428571428571427
36173,0,0,46090,-15.137684106826782,-11.009793758392334,0.21428571428571427
36174,0,0,46136,-15.137684106826782,-11.009793758392334,0.21428571428571427
36175,0,0,46111,-15.137684106826782,-11.009793758392334,0.21428571428571427
36176,0,0,46110,-15.137684106826782,-11.009793758392334,0.21428571428571427
36177,0,0,46109,-15.137684106826782,-11.009793758392334,0.21428571428571427
36178,0,0,46108,-15.137684106826782,-11.009793758392334,0.21428571428571427
36179,0,0,46107,-15.137684106826782,-11.009793758392334,0.21428571428571427
36180,0,0,46106,-15.137684106826782,-11.009793758392334,0.21428571428571427
36181,0,0,46105,-15.137684106826782,-11.009793758392334,0.21428571428571427
36182,0,0,46104,-15.137684106826782,-11.009793758392334,0.21428571428571427
36183,0,0,46103,-15.137684106826782,-11.009793758392334,0.21428571428571427
36184,0,0,46102,-15.137684106826782,-11.009793758392334,0.21428571428571427
36185,0,0,46101,-15.137684106826782,-11.009793758392334,0.21428571428571427
36186,0,0,46100,-15.137684106826782,-11.009793758392334,0.21428571428571427
36187,0,0,46099,-15.137684106826782,-11.009793758392334,0.21428571428571427
36188,0,0,46098,-15.137684106826782,-11.009793758392334,0.21428571428571427
36189,0,0,46097,-15.137684106826782,-11.009793758392334,0.21428571428571427
36190,0,0,46096,-15.137684106826782,-11.009793758392334,0.21428571428571427
36191,0,0,46095,-15.137684106826782,-11.009793758392334,0.21428571428571427
36192,0,0,46094,-15.137684106826782,-11.009793758392334,0.21428571428571427
36193,0,0,46093,-15.137684106826782,-11.009793758392334,0.21428571428571427
36194,0,0,46092,-15.137684106826782,-11.009793758392334,0.21428571428571427
36195,0,0,46091,-15.137684106826782,-11.009793758392334,0.21428571428571427
36196,0,0,46112,-15.137684106826782,-11.009793758392334,0.21428571428571427
36197,0,0,46113,-15.137684106826782,-11.009793758392334,0.21428571428571427
36198,0,0,46114,-15.137684106826782,-11.009793758392334,0.21428571428571427
36199,0,0,46126,-15.137684106826782,-11.009793758392334,0.21428571428571427
36200,0,0,46135,-15.137684106826782,-11.009793758392334,0.21428571428571427
36201,0,0,46134,-15.137684106826782,-11.009793758392334,0.21428571428571427
36202,0,0,46133,-15.137684106826782,-11.009793758392334,0.21428571428571427
36203,0,0,46132,-15.137684106826782,-11.009793758392334,0.21428571428571427
36204,0,0,46131,-15.137684106826782,-11.009793758392334,0.21428571428571427
36205,0,0,46130,-15.137684106826782,-11.009793758392334,0.21428571428571427
36206,0,0,46129,-15.137684106826782,-11.009793758392334,0.21428571428571427
36207,0,0,46128,-15.137684106826782,-11.009793758392334,0.21428571428571427
36208,0,0,46127,-15.137684106826782,-11.009793758392334,0.21428571428571427
36209,0,0,46125,-15.137684106826782,-11.009793758392334,0.21428571428571427
36210,0,0,46115,-15.137684106826782,-11.009793758392334,0.21428571428571427
36211,0,0,46124,-15.137684106826782,-11.009793758392334,0.21428571428571427
36212,0,0,46123,-15.137684106826782,-11.009793758392334,0.21428571428571427
36213,0,0,46122,-15.137684106826782,-11.009793758392334,0.21428571428571427
36214,0,0,46121,-15.137684106826782,-11.009793758392334,0.21428571428571427
36215,0,0,46120,-15.137684106826782,-11.009793758392334,0.21428571428571427
36216,0,0,46119,-15.137684106826782,-11.009793758392334,0.21428571428571427
36217,0,0,46118,-15.137684106826782,-11.009793758392334,0.21428571428571427
36218,0,0,46117,-15.137684106826782,-11.009793758392334,0.21428571428571427
36219,0,0,46116,-15.137684106826782,-11.009793758392334,0.21428571428571427
36220,0,0,46185,-15.137684106826782,-11.009793758392334,0.21428571428571427
36221,0,0,46138,-15.137684106826782,-11.009793758392334,0.21428571428571427
36222,0,0,46186,-15.137684106826782,-11.009793758392334,0.21428571428571427
36223,0,0,46236,-15.137684106826782,-11.009793758392334,0.21428571428571427
36224,0,0,46258,-15.137684106826782,-11.009793758392334,0.21428571428571427
36225,0,0,46257,-15.137684106826782,-11.009793758392334,0.21428571428571427
36226,0,0,46256,-15.137684106826782,-11.009793758392334,0.21428571428571427
36227,0,0,46255,-15.137684106826782,-11.009793758392334,0.21428571428571427
36228,0,0,46254,-15.137684106826782,-11.009793758392334,0.21428571428571427
36229,0,0,46253,-15.137684106826782,-11.009793758392334,0.21428571428571427
36230,0,0,46252,-15.137684106826782,-11.009793758392334,0.21428571428571427
36231,0,0,46251,-15.137684106826782,-11.009793758392334,0.21428571428571427
36232,0,0,46250,-15.137684106826782,-11.009793758392334,0.21428571428571427
36233,0,0,46249,-15.137684106826782,-11.009793758392334,0.21428571428571427
36234,0,0,46248,-15.137684106826782,-11.009793758392334,0.21428571428571427
36235,0,0,46247,-15.137684106826782,-11.009793758392334,0.21428571428571427
36236,0,0,46246,-15.137684106826782,-11.009793758392334,0.21428571428571427
36237,0,0,46245,-15.137684106826782,-11.009793758392334,0.21428571428571427
36238,0,0,46244,-15.137684106826782,-11.009793758392334,0.21428571428571427
36239,0,0,46243,-15.137684106826782,-11.009793758392334,0.21428571428571427
36240,0,0,46242,-15.137684106826782,-11.009793758392334,0.21428571428571427
36241,0,0,46241,-15.137684106826782,-11.009793758392334,0.21428571428571427
36242,0,0,46240,-15.137684106826782,-11.009793758392334,0.21428571428571427
36243,0,0,46239,-15.137684106826782,-11.009793758392334,0.21428571428571427
36244,0,0,46238,-15.137684106826782,-11.009793758392334,0.21428571428571427
36245,0,0,46259,-15.137684106826782,-11.009793758392334,0.21428571428571427
36246,0,0,46260,-15.137684106826782,-11.009793758392334,0.21428571428571427
36247,0,0,46261,-15.137684106826782,-11.009793758392334,0.21428571428571427
36248,0,0,46273,-15.137684106826782,-11.009793758392334,0.21428571428571427
36249,0,0,46282,-15.137684106826782,-11.009793758392334,0.21428571428571427
36250,0,0,46281,-15.137684106826782,-11.009793758392334,0.21428571428571427
36251,0,0,46280,-15.137684106826782,-11.009793758392334,0.21428571428571427
36252,0,0,46279,-15.137684106826782,-11.009793758392334,0.21428571428571427
36253,0,0,46278,-15.137684106826782,-11.009793758392334,0.21428571428571427
36254,0,0,46277,-15.137684106826782,-11.009793758392334,0.21428571428571427
36255,0,0,46276,-15.137684106826782,-11.009793758392334,0.21428571428571427
36256,0,0,46275,-15.137684106826782,-11.009793758392334,0.21428571428571427
36257,0,0,46274,-15.137684106826782,-11.009793758392334,0.21428571428571427
36258,0,0,46272,-15.137684106826782,-11.009793758392334,0.21428571428571427
36259,0,0,46262,-15.137684106826782,-11.009793758392334,0.21428571428571427
36260,0,0,46271,-15.137684106826782,-11.009793758392334,0.21428571428571427
36261,0,0,46270,-15.137684106826782,-11.009793758392334,0.21428571428571427
36262,0,0,46269,-15.137684106826782,-11.009793758392334,0.21428571428571427
36263,0,0,46268,-15.137684106826782,-11.009793758392334,0.21428571428571427
36264,0,0,46267,-15.137684106826782,-11.009793758392334,0.21428571428571427
36265,0,0,46266,-15.137684106826782,-11.009793758392334,0.21428571428571427
36266,0,0,46265,-15.137684106826782,-11.009793758392334,0.21428571428571427
36267,0,0,46264,-15.137684106826782,-11.009793758392334,0.21428571428571427
36268,0,0,46263,-15.137684106826782,-11.009793758392334,0.21428571428571427
36269,0,0,46237,-15.137684106826782,-11.009793758392334,0.21428571428571427
36270,0,0,46235,-15.137684106826782,-11.009793758392334,0.21428571428571427
36271,0,0,46188,-15.137684106826782,-11.009793758392334,0.21428571428571427
36272,0,0,46234,-15.137684106826782,-11.009793758392334,0.21428571428571427
36273,0,0,46209,-15.137684106826782,-11.009793758392334,0.21428571428571427
36274,0,0,46208,-15.137684106826782,-11.009793758392334,0.21428571428571427
36275,0,0,46207,-15.137684106826782,-11.009793758392334,0.21428571428571427
36276,0,0,46206,-15.137684106826782,-11.009793758392334,0.21428571428571427
36277,0,0,46205,-15.137684106826782,-11.009793758392334,0.21428571428571427
36278,0,0,46204,-15.137684106826782,-11.009793758392334,0.21428571428571427
36279,0,0,46203,-15.137684106826782,-11.009793758392334,0.21428571428571427
36280,0,0,46202,-15.137684106826782,-11.009793758392334,0.21428571428571427
36281,0,0,46201,-15.137684106826782,-11.009793758392334,0.21428571428571427
36282,0,0,46200,-15.137684106826782,-11.009793758392334,0.21428571428571427
36283,0,0,46199,-15.137684106826782,-11.009793758392334,0.21428571428571427
36284,0,0,46198,-15.137684106826782,-11.009793758392334,0.21428571428571427
36285,0,0,46197,-15.137684106826782,-11.009793758392334,0.21428571428571427
36286,0,0,46196,-15.137684106826782,-11.009793758392334,0.21428571428571427
36287,0,0,46195,-15.137684106826782,-11.009793758392334,0.21428571428571427
36288,0,0,46194,-15.137684106826782,-11.009793758392334,0.21428571428571427
36289,0,0,46193,-15.137684106826782,-11.009793758392334,0.21428571428571427
36290,0,0,46192,-15.137684106826782,-11.009793758392334,0.21428571428571427
36291,0,0,46191,-15.137684106826782,-11.009793758392334,0.21428571428571427
36292,0,0,46190,-15.137684106826782,-11.009793758392334,0.21428571428571427
36293,0,0,46189,-15.137684106826782,-11.009793758392334,0.21428571428571427
36294,0,0,46210,-15.137684106826782,-11.009793758392334,0.21428571428571427
36295,0,0,46211,-15.137684106826782,-11.009793758392334,0.21428571428571427
36296,0,0,46212,-15.137684106826782,-11.009793758392334,0.21428571428571427
36297,0,0,46224,-15.137684106826782,-11.009793758392334,0.21428571428571427
36298,0,0,46233,-15.137684106826782,-11.009793758392334,0.21428571428571427
36299,0,0,46232,-15.137684106826782,-11.009793758392334,0.21428571428571427
36300,0,0,46231,-15.137684106826782,-11.009793758392334,0.21428571428571427
36301,0,0,46230,-15.137684106826782,-11.009793758392334,0.21428571428571427
36302,0,0,46229,-15.137684106826782,-11.009793758392334,0.21428571428571427
36303,0,0,46228,-15.137684106826782,-11.009793758392334,0.21428571428571427
36304,0,0,46227,-15.137684106826782,-11.009793758392334,0.21428571428571427
36305,0,0,46226,-15.137684106826782,-11.009793758392334,0.21428571428571427
36306,0,0,46225,-15.137684106826782,-11.009793758392334,0.21428571428571427
36307,0,0,46223,-15.137684106826782,-11.009793758392334,0.21428571428571427
36308,0,0,46213,-15.137684106826782,-11.009793758392334,0.21428571428571427
36309,0,0,46222,-15.137684106826782,-11.009793758392334,0.21428571428571427
36310,0,0,46221,-15.137684106826782,-11.009793758392334,0.21428571428571427
36311,0,0,46220,-15.137684106826782,-11.009793758392334,0.21428571428571427
36312,0,0,46219,-15.137684106826782,-11.009793758392334,0.21428571428571427
36313,0,0,46218,-15.137684106826782,-11.009793758392334,0.21428571428571427
36314,0,0,46217,-15.137684106826782,-11.009793758392334,0.21428571428571427
36315,0,0,46216,-15.137684106826782,-11.009793758392334,0.21428571428571427
36316,0,0,46215,-15.137684106826782,-11.009793758392334,0.21428571428571427
36317,0,0,46214,-15.137684106826782,-11.009793758392334,0.21428571428571427
36318,0,0,46478,-15.137684106826782,-11.009793758392334,0.21428571428571427
36319,0,0,46479,-15.137684106826782,-11.009793758392334,0.21428571428571427
36320,0,0,46480,-15.137684106826782,-11.009793758392334,0.21428571428571427
36321,1,0,46675,-15.137684106826782,-11.009793758392334,0.21428571428571427
36322,0,0,46746,-15.137684106826782,-11.009793758392334,0.21428571428571427
36323,0,0,46745,-15.137684106826782,-11.009793758392334,0.21428571428571427
36324,0,0,46744,-15.137684106826782,-11.009793758392334,0.21428571428571427
36325,0,0,46743,-15.137684106826782,-11.009793758392334,0.21428571428571427
36326,0,0,46742,-15.137684106826782,-11.009793758392334,0.21428571428571427
36327,0,0,46741,-15.137684106826782,-11.009793758392334,0.21428571428571427
36328,0,0,46740,-15.137684106826782,-11.009793758392334,0.21428571428571427
36329,0,0,46739,-15.137684106826782,-11.009793758392334,0.21428571428571427
36330,0,0,46738,-15.137684106826782,-11.009793758392334,0.21428571428571427
36331,0,0,46737,-15.137684106826782,-11.009793758392334,0.21428571428571427
36332,0,0,46736,-15.137684106826782,-11.009793758392334,0.21428571428571427
36333,0,0,46735,-15.137684106826782,-11.009793758392334,0.21428571428571427
36334,0,0,46734,-15.137684106826782,-11.009793758392334,0.21428571428571427
36335,0,0,46733,-15.137684106826782,-11.009793758392334,0.21428571428571427
36336,0,0,46732,-15.137684106826782,-11.009793758392334,0.21428571428571427
36337,0,0,46731,-15.137684106826782,-11.009793758392334,0.21428571428571427
36338,1,0,46730,-15.137684106826782,-11.009793758392334,0.21428571428571427
36339,0,0,46729,-15.137684106826782,-11.009793758392334,0.21428571428571427
36340,0,0,46728,-15.137684106826782,-11.009793758392334,0.21428571428571427
36341,0,0,46727,-15.137684106826782,-11.009793758392334,0.21428571428571427
36342,0,0,46726,-15.137684106826782,-11.009793758392334,0.21428571428571427
36343,0,0,46747,-15.137684106826782,-11.009793758392334,0.21428571428571427
36344,0,0,46748,-15.137684106826782,-11.009793758392334,0.21428571428571427
36345,0,0,46749,-15.137684106826782,-11.009793758392334,0.21428571428571427
36346,0,0,46761,-15.137684106826782,-11.009793758392334,0.21428571428571427
36347,0,0,46770,-15.137684106826782,-11.009793758392334,0.21428571428571427
36348,0,0,46769,-15.137684106826782,-11.009793758392334,0.21428571428571427
36349,0,0,46768,-15.137684106826782,-11.009793758392334,0.21428571428571427
36350,0,0,46767,-15.137684106826782,-11.009793758392334,0.21428571428571427
36351,0,0,46766,-15.137684106826782,-11.009793758392334,0.21428571428571427
36352,0,0,46765,-15.137684106826782,-11.009793758392334,0.21428571428571427
36353,0,0,46764,-15.137684106826782,-11.009793758392334,0.21428571428571427
36354,0,0,46763,-15.137684106826782,-11.009793758392334,0.21428571428571427
36355,0,0,46762,-15.137684106826782,-11.009793758392334,0.21428571428571427
36356,0,0,46760,-15.137684106826782,-11.009793758392334,0.21428571428571427
36357,0,0,46750,-15.137684106826782,-11.009793758392334,0.21428571428571427
36358,0,0,46759,-15.137684106826782,-11.009793758392334,0.21428571428571427
36359,0,0,46758,-15.137684106826782,-11.009793758392334,0.21428571428571427
36360,0,0,46757,-15.137684106826782,-11.009793758392334,0.21428571428571427
36361,0,0,46756,-15.137684106826782,-11.009793758392334,0.21428571428571427
36362,0,0,46755,-15.137684106826782,-11.009793758392334,0.21428571428571427
36363,0,0,46754,-15.137684106826782,-11.009793758392334,0.21428571428571427
36364,0,0,46753,-15.137684106826782,-11.009793758392334,0.21428571428571427
36365,0,0,46752,-15.137684106826782,-11.009793758392334,0.21428571428571427
36366,0,0,46751,-15.137684106826782,-11.009793758392334,0.21428571428571427
36367,0,0,46725,-15.137684106826782,-11.009793758392334,0.21428571428571427
36368,0,0,46723,-15.137684106826782,-11.009793758392334,0.21428571428571427
36369,0,0,46676,-15.137684106826782,-11.009793758392334,0.21428571428571427
36370,0,0,46722,-15.137684106826782,-11.009793758392334,0.21428571428571427
36371,0,0,46697,-15.137684106826782,-11.009793758392334,0.21428571428571427
36372,0,0,46696,-15.137684106826782,-11.009793758392334,0.21428571428571427
36373,0,0,46695,-15.137684106826782,-11.009793758392334,0.21428571428571427
36374,0,0,46694,-15.137684106826782,-11.009793758392334,0.21428571428571427
36375,0,0,46693,-15.137684106826782,-11.009793758392334,0.21428571428571427
36376,0,0,46692,-15.137684106826782,-11.009793758392334,0.21428571428571427
36377,0,0,46691,-15.137684106826782,-11.009793758392334,0.21428571428571427
36378,0,0,46690,-15.137684106826782,-11.009793758392334,0.21428571428571427
36379,0,0,46689,-15.137684106826782,-11.009793758392334,0.21428571428571427
36380,0,0,46688,-15.137684106826782,-11.009793758392334,0.21428571428571427
36381,0,0,46687,-15.137684106826782,-11.009793758392334,0.21428571428571427
36382,0,0,46686,-15.137684106826782,-11.009793758392334,0.21428571428571427
36383,0,0,46685,-15.137684106826782,-11.009793758392334,0.21428571428571427
36384,0,0,46684,-15.137684106826782,-11.009793758392334,0.21428571428571427
36385,0,0,46683,-15.137684106826782,-11.009793758392334,0.21428571428571427
36386,0,0,46682,-15.137684106826782,-11.009793758392334,0.21428571428571427
36387,0,0,46681,-15.137684106826782,-11.009793758392334,0.21428571428571427
36388,0,0,46680,-15.137684106826782,-11.009793758392334,0.21428571428571427
36389,0,0,46679,-15.137684106826782,-11.009793758392334,0.21428571428571427
36390,0,0,46678,-15.137684106826782,-11.009793758392334,0.21428571428571427
36391,0,0,46677,-15.137684106826782,-11.009793758392334,0.21428571428571427
36392,0,0,46698,-15.137684106826782,-11.009793758392334,0.21428571428571427
36393,0,0,46699,-15.137684106826782,-11.009793758392334,0.21428571428571427
36394,0,0,46700,-15.137684106826782,-11.009793758392334,0.21428571428571427
36395,0,0,46712,-15.137684106826782,-11.009793758392334,0.21428571428571427
36396,0,0,46721,-15.137684106826782,-11.009793758392334,0.21428571428571427
36397,0,0,46720,-15.137684106826782,-11.009793758392334,0.21428571428571427
36398,0,0,46719,-15.137684106826782,-11.009793758392334,0.21428571428571427
36399,0,0,46718,-15.137684106826782,-11.009793758392334,0.21428571428571427
36400,0,0,46717,-15.137684106826782,-11.009793758392334,0.21428571428571427
36401,0,0,46716,-15.137684106826782,-11.009793758392334,0.21428571428571427
36402,0,0,46715,-15.137684106826782,-11.009793758392334,0.21428571428571427
36403,0,0,46714,-15.137684106826782,-11.009793758392334,0.21428571428571427
36404,0,0,46713,-15.137684106826782,-11.009793758392334,0.21428571428571427
36405,0,0,46711,-15.137684106826782,-11.009793758392334,0.21428571428571427
36406,0,0,46701,-15.137684106826782,-11.009793758392334,0.21428571428571427
36407,0,0,46710,-15.137684106826782,-11.009793758392334,0.21428571428571427
36408,0,0,46709,-15.137684106826782,-11.009793758392334,0.21428571428571427
36409,0,0,46708,-15.137684106826782,-11.009793758392334,0.21428571428571427
36410,0,0,46707,-15.137684106826782,-11.009793758392334,0.21428571428571427
36411,0,0,46706,-15.137684106826782,-11.009793758392334,0.21428571428571427
36412,0,0,46705,-15.137684106826782,-11.009793758392334,0.21428571428571427
36413,0,0,46704,-15.137684106826782,-11.009793758392334,0.21428571428571427
36414,0,0,46703,-15.137684106826782,-11.009793758392334,0.21428571428571427
36415,0,0,46702,-15.137684106826782,-11.009793758392334,0.21428571428571427
36416,0,0,46771,-15.137684106826782,-11.009793758392334,0.21428571428571427
36417,0,0,46772,-15.137684106826782,-11.009793758392334,0.21428571428571427
36418,0,0,46773,-15.137684106826782,-11.009793758392334,0.21428571428571427
36419,0,0,46774,-15.137684106826782,-11.009793758392334,0.21428571428571427
36420,0,0,46843,-15.137684106826782,-11.009793758392334,0.21428571428571427
36421,0,0,46842,-15.137684106826782,-11.009793758392334,0.21428571428571427
36422,0,0,46841,-15.137684106826782,-11.009793758392334,0.21428571428571427
36423,0,0,46840,-15.137684106826782,-11.009793758392334,0.21428571428571427
36424,0,0,46839,-15.137684106826782,-11.009793758392334,0.21428571428571427
36425,0,0,46838,-15.137684106826782,-11.009793758392334,0.21428571428571427
36426,0,0,46837,-15.137684106826782,-11.009793758392334,0.21428571428571427
36427,0,0,46836,-15.137684106826782,-11.009793758392334,0.21428571428571427
36428,0,0,46835,-15.137684106826782,-11.009793758392334,0.21428571428571427
36429,0,0,46833,-15.137684106826782,-11.009793758392334,0.21428571428571427
36430,0,0,46823,-15.137684106826782,-11.009793758392334,0.21428571428571427
36431,0,0,46832,-15.137684106826782,-11.009793758392334,0.21428571428571427
36432,0,0,46831,-15.137684106826782,-11.009793758392334,0.21428571428571427
36433,0,0,46830,-15.137684106826782,-11.009793758392334,0.21428571428571427
36434,0,0,46829,-15.137684106826782,-11.009793758392334,0.21428571428571427
36435,0,0,46828,-15.137684106826782,-11.009793758392334,0.21428571428571427
36436,0,0,46827,-15.137684106826782,-11.009793758392334,0.21428571428571427
36437,0,0,46826,-15.137684106826782,-11.009793758392334,0.21428571428571427
36438,0,0,46825,-15.137684106826782,-11.009793758392334,0.21428571428571427
36439,0,0,46824,-15.137684106826782,-11.009793758392334,0.21428571428571427
36440,0,0,46844,-15.137684106826782,-11.009793758392334,0.21428571428571427
36441,0,0,46834,-15.137684106826782,-11.009793758392334,0.21428571428571427
36442,0,0,46845,-15.137684106826782,-11.009793758392334,0.21428571428571427
36443,0,0,46858,-15.137684106826782,-11.009793758392334,0.21428571428571427
36444,0,0,46867,-15.137684106826782,-11.009793758392334,0.21428571428571427
36445,0,0,46866,-15.137684106826782,-11.009793758392334,0.21428571428571427
36446,0,0,46865,-15.137684106826782,-11.009793758392334,0.21428571428571427
36447,0,0,46864,-15.137684106826782,-11.009793758392334,0.21428571428571427
36448,0,0,46863,-15.137684106826782,-11.009793758392334,0.21428571428571427
36449,0,0,46862,-15.137684106826782,-11.009793758392334,0.21428571428571427
36450,0,0,46861,-15.137684106826782,-11.009793758392334,0.21428571428571427
36451,0,0,46860,-15.137684106826782,-11.009793758392334,0.21428571428571427
36452,0,0,46859,-15.137684106826782,-11.009793758392334,0.21428571428571427
36453,0,0,46857,-15.137684106826782,-11.009793758392334,0.21428571428571427
36454,0,0,46847,-15.137684106826782,-11.009793758392334,0.21428571428571427
36455,0,0,46856,-15.137684106826782,-11.009793758392334,0.21428571428571427
36456,0,0,46855,-15.137684106826782,-11.009793758392334,0.21428571428571427
36457,0,0,46854,-15.137684106826782,-11.009793758392334,0.21428571428571427
36458,0,0,46853,-15.137684106826782,-11.009793758392334,0.21428571428571427
36459,0,0,46852,-15.137684106826782,-11.009793758392334,0.21428571428571427
36460,0,0,46851,-15.137684106826782,-11.009793758392334,0.21428571428571427
36461,0,0,46850,-15.137684106826782,-11.009793758392334,0.21428571428571427
36462,0,0,46849,-15.137684106826782,-11.009793758392334,0.21428571428571427
36463,0,0,46848,-15.137684106826782,-11.009793758392334,0.21428571428571427
36464,0,0,46846,-15.137684106826782,-11.009793758392334,0.21428571428571427
36465,0,0,46822,-15.137684106826782,-11.009793758392334,0.21428571428571427
36466,0,0,46821,-15.137684106826782,-11.009793758392334,0.21428571428571427
36467,0,0,46820,-15.137684106826782,-11.009793758392334,0.21428571428571427
36468,0,0,46795,-15.137684106826782,-11.009793758392334,0.21428571428571427
36469,0,0,46794,-15.137684106826782,-11.009793758392334,0.21428571428571427
36470,0,0,46793,-15.137684106826782,-11.009793758392334,0.21428571428571427
36471,0,0,46792,-15.137684106826782,-11.009793758392334,0.21428571428571427
36472,0,0,46791,-15.137684106826782,-11.009793758392334,0.21428571428571427
36473,0,0,46790,-15.137684106826782,-11.009793758392334,0.21428571428571427
36474,0,0,46789,-15.137684106826782,-11.009793758392334,0.21428571428571427
36475,0,0,46788,-15.137684106826782,-11.009793758392334,0.21428571428571427
36476,0,0,46787,-15.137684106826782,-11.009793758392334,0.21428571428571427
36477,0,0,46786,-15.137684106826782,-11.009793758392334,0.21428571428571427
36478,0,0,46785,-15.137684106826782,-11.009793758392334,0.21428571428571427
36479,0,0,46784,-15.137684106826782,-11.009793758392334,0.21428571428571427
36480,0,0,46783,-15.137684106826782,-11.009793758392334,0.21428571428571427
36481,0,0,46782,-15.137684106826782,-11.009793758392334,0.21428571428571427
36482,0,0,46781,-15.137684106826782,-11.009793758392334,0.21428571428571427
36483,0,0,46780,-15.137684106826782,-11.009793758392334,0.21428571428571427
36484,0,0,46779,-15.137684106826782,-11.009793758392334,0.21428571428571427
36485,0,0,46778,-15.137684106826782,-11.009793758392334,0.21428571428571427
36486,0,0,46777,-15.137684106826782,-11.009793758392334,0.21428571428571427
36487,0,0,46776,-15.137684106826782,-11.009793758392334,0.21428571428571427
36488,0,0,46775,-15.137684106826782,-11.009793758392334,0.21428571428571427
36489,0,0,46796,-15.137684106826782,-11.009793758392334,0.21428571428571427
36490,0,0,46797,-15.137684106826782,-11.009793758392334,0.21428571428571427
36491,0,0,46798,-15.137684106826782,-11.009793758392334,0.21428571428571427
36492,0,0,46810,-15.137684106826782,-11.009793758392334,0.21428571428571427
36493,0,0,46819,-15.137684106826782,-11.009793758392334,0.21428571428571427
36494,0,0,46818,-15.137684106826782,-11.009793758392334,0.21428571428571427
36495,0,0,46817,-15.137684106826782,-11.009793758392334,0.21428571428571427
36496,0,0,46816,-15.137684106826782,-11.009793758392334,0.21428571428571427
36497,0,0,46815,-15.137684106826782,-11.009793758392334,0.21428571428571427
36498,0,0,46814,-15.137684106826782,-11.009793758392334,0.21428571428571427
36499,0,0,46813,-15.137684106826782,-11.009793758392334,0.21428571428571427
36500,0,0,46812,-15.137684106826782,-11.009793758392334,0.21428571428571427
36501,0,0,46811,-15.137684106826782,-11.009793758392334,0.21428571428571427
36502,0,0,46809,-15.137684106826782,-11.009793758392334,0.21428571428571427
36503,0,0,46799,-15.137684106826782,-11.009793758392334,0.21428571428571427
36504,0,0,46808,-15.137684106826782,-11.009793758392334,0.21428571428571427
36505,0,0,46807,-15.137684106826782,-11.009793758392334,0.21428571428571427
36506,0,0,46806,-15.137684106826782,-11.009793758392334,0.21428571428571427
36507,0,0,46805,-15.137684106826782,-11.009793758392334,0.21428571428571427
36508,0,0,46804,-15.137684106826782,-11.009793758392334,0.21428571428571427
36509,0,0,46803,-15.137684106826782,-11.009793758392334,0.21428571428571427
36510,0,0,46802,-15.137684106826782,-11.009793758392334,0.21428571428571427
36511,0,0,46801,-15.137684106826782,-11.009793758392334,0.21428571428571427
36512,0,0,46800,-15.137684106826782,-11.009793758392334,0.21428571428571427
36513,0,0,46724,-15.137684106826782,-11.009793758392334,0.21428571428571427
36514,0,0,46674,-15.137684106826782,-11.009793758392334,0.21428571428571427
36515,0,0,46529,-15.137684106826782,-11.009793758392334,0.21428571428571427
36516,0,0,46673,-15.137684106826782,-11.009793758392334,0.21428571428571427
36517,0,0,46551,-15.137684106826782,-11.009793758392334,0.21428571428571427
36518,0,0,46550,-15.137684106826782,-11.009793758392334,0.21428571428571427
36519,0,0,46549,-15.137684106826782,-11.009793758392334,0.21428571428571427
36520,0,0,46548,-15.137684106826782,-11.009793758392334,0.21428571428571427
36521,0,0,46547,-15.137684106826782,-11.009793758392334,0.21428571428571427
36522,0,0,46546,-15.137684106826782,-11.009793758392334,0.21428571428571427
36523,0,0,46545,-15.137684106826782,-11.009793758392334,0.21428571428571427
36524,0,0,46544,-15.137684106826782,-11.009793758392334,0.21428571428571427
36525,0,0,46543,-15.137684106826782,-11.009793758392334,0.21428571428571427
36526,0,0,46542,-15.137684106826782,-11.009793758392334,0.21428571428571427
36527,0,0,46541,-15.137684106826782,-11.009793758392334,0.21428571428571427
36528,0,0,46540,-15.137684106826782,-11.009793758392334,0.21428571428571427
36529,0,0,46539,-15.137684106826782,-11.009793758392334,0.21428571428571427
36530,0,0,46538,-15.137684106826782,-11.009793758392334,0.21428571428571427
36531,0,0,46537,-15.137684106826782,-11.009793758392334,0.21428571428571427
36532,0,0,46536,-15.137684106826782,-11.009793758392334,0.21428571428571427
36533,0,0,46535,-15.137684106826782,-11.009793758392334,0.21428571428571427
36534,0,0,46534,-15.137684106826782,-11.009793758392334,0.21428571428571427
36535,0,0,46533,-15.137684106826782,-11.009793758392334,0.21428571428571427
36536,0,0,46532,-15.137684106826782,-11.009793758392334,0.21428571428571427
36537,0,0,46531,-15.137684106826782,-11.009793758392334,0.21428571428571427
36538,0,0,46552,-15.137684106826782,-11.009793758392334,0.21428571428571427
36539,0,0,46553,-15.137684106826782,-11.009793758392334,0.21428571428571427
36540,0,0,46554,-15.137684106826782,-11.009793758392334,0.21428571428571427
36541,0,0,46566,-15.137684106826782,-11.009793758392334,0.21428571428571427
36542,0,0,46575,-15.137684106826782,-11.009793758392334,0.21428571428571427
36543,0,0,46574,-15.137684106826782,-11.009793758392334,0.21428571428571427
36544,0,0,46573,-15.137684106826782,-11.009793758392334,0.21428571428571427
36545,0,0,46572,-15.137684106826782,-11.009793758392334,0.21428571428571427
36546,0,0,46571,-15.137684106826782,-11.009793758392334,0.21428571428571427
36547,0,0,46570,-15.137684106826782,-11.009793758392334,0.21428571428571427
36548,0,0,46569,-15.137684106826782,-11.009793758392334,0.21428571428571427
36549,0,0,46568,-15.137684106826782,-11.009793758392334,0.21428571428571427
36550,0,0,46567,-15.137684106826782,-11.009793758392334,0.21428571428571427
36551,0,0,46565,-15.137684106826782,-11.009793758392334,0.21428571428571427
36552,0,0,46555,-15.137684106826782,-11.009793758392334,0.21428571428571427
36553,0,0,46564,-15.137684106826782,-11.009793758392334,0.21428571428571427
36554,0,0,46563,-15.137684106826782,-11.009793758392334,0.21428571428571427
36555,0,0,46562,-15.137684106826782,-11.009793758392334,0.21428571428571427
36556,0,0,46561,-15.137684106826782,-11.009793758392334,0.21428571428571427
36557,0,0,46560,-15.137684106826782,-11.009793758392334,0.21428571428571427
36558,0,0,46559,-15.137684106826782,-11.009793758392334,0.21428571428571427
36559,0,0,46558,-15.137684106826782,-11.009793758392334,0.21428571428571427
36560,0,0,46557,-15.137684106826782,-11.009793758392334,0.21428571428571427
36561,0,0,46556,-15.137684106826782,-11.009793758392334,0.21428571428571427
36562,0,0,46530,-15.137684106826782,-11.009793758392334,0.21428571428571427
36563,0,0,46528,-15.137684106826782,-11.009793758392334,0.21428571428571427
36564,0,0,46481,-15.137684106826782,-11.009793758392334,0.21428571428571427
36565,0,0,46527,-15.137684106826782,-11.009793758392334,0.21428571428571427
36566,0,0,46502,-15.137684106826782,-11.009793758392334,0.21428571428571427
36567,0,0,46501,-15.137684106826782,-11.009793758392334,0.21428571428571427
36568,0,0,46500,-15.137684106826782,-11.009793758392334,0.21428571428571427
36569,0,0,46499,-15.137684106826782,-11.009793758392334,0.21428571428571427
36570,0,0,46498,-15.137684106826782,-11.009793758392334,0.21428571428571427
36571,0,0,46497,-15.137684106826782,-11.009793758392334,0.21428571428571427
36572,0,0,46496,-15.137684106826782,-11.009793758392334,0.21428571428571427
36573,0,0,46495,-15.137684106826782,-11.009793758392334,0.21428571428571427
36574,0,0,46494,-15.137684106826782,-11.009793758392334,0.21428571428571427
36575,0,0,46493,-15.137684106826782,-11.009793758392334,0.21428571428571427
36576,0,0,46492,-15.137684106826782,-11.009793758392334,0.21428571428571427
36577,0,0,46491,-15.137684106826782,-11.009793758392334,0.21428571428571427
36578,0,0,46490,-15.137684106826782,-11.009793758392334,0.21428571428571427
36579,0,0,46489,-15.137684106826782,-11.009793758392334,0.21428571428571427
36580,0,0,46488,-15.137684106826782,-11.009793758392334,0.21428571428571427
36581,0,0,46487,-15.137684106826782,-11.009793758392334,0.21428571428571427
36582,0,0,46486,-15.137684106826782,-11.009793758392334,0.21428571428571427
36583,0,0,46485,-15.137684106826782,-11.009793758392334,0.21428571428571427
36584,0,0,46484,-15.137684106826782,-11.009793758392334,0.21428571428571427
36585,0,0,46483,-15.137684106826782,-11.009793758392334,0.21428571428571427
36586,0,0,46482,-15.137684106826782,-11.009793758392334,0.21428571428571427
36587,0,0,46503,-15.137684106826782,-11.009793758392334,0.21428571428571427
36588,0,0,46504,-15.137684106826782,-11.009793758392334,0.21428571428571427
36589,0,0,46505,-15.137684106826782,-11.009793758392334,0.21428571428571427
36590,0,0,46517,-15.137684106826782,-11.009793758392334,0.21428571428571427
36591,0,0,46526,-15.137684106826782,-11.009793758392334,0.21428571428571427
36592,0,0,46525,-15.137684106826782,-11.009793758392334,0.21428571428571427
36593,0,0,46524,-15.137684106826782,-11.009793758392334,0.21428571428571427
36594,0,0,46523,-15.137684106826782,-11.009793758392334,0.21428571428571427
36595,0,0,46522,-15.137684106826782,-11.009793758392334,0.21428571428571427
36596,0,0,46521,-15.137684106826782,-11.009793758392334,0.21428571428571427
36597,0,0,46520,-15.137684106826782,-11.009793758392334,0.21428571428571427
36598,0,0,46519,-15.137684106826782,-11.009793758392334,0.21428571428571427
36599,0,0,46518,-15.137684106826782,-11.009793758392334,0.21428571428571427
36600,0,0,46516,-15.137684106826782,-11.009793758392334,0.21428571428571427
36601,0,0,46506,-15.137684106826782,-11.009793758392334,0.21428571428571427
36602,0,0,46515,-15.137684106826782,-11.009793758392334,0.21428571428571427
36603,0,0,46514,-15.137684106826782,-11.009793758392334,0.21428571428571427
36604,0,0,46513,-15.137684106826782,-11.009793758392334,0.21428571428571427
36605,0,0,46512,-15.137684106826782,-11.009793758392334,0.21428571428571427
36606,0,0,46511,-15.137684106826782,-11.009793758392334,0.21428571428571427
36607,0,0,46510,-15.137684106826782,-11.009793758392334,0.21428571428571427
36608,0,0,46509,-15.137684106826782,-11.009793758392334,0.21428571428571427
36609,0,0,46508,-15.137684106826782,-11.009793758392334,0.21428571428571427
36610,0,0,46507,-15.137684106826782,-11.009793758392334,0.21428571428571427
36611,0,0,46576,-15.137684106826782,-11.009793758392334,0.21428571428571427
36612,0,0,46577,-15.137684106826782,-11.009793758392334,0.21428571428571427
36613,0,0,46578,-15.137684106826782,-11.009793758392334,0.21428571428571427
36614,0,0,46579,-15.137684106826782,-11.009793758392334,0.21428571428571427
36615,0,0,46648,-15.137684106826782,-11.009793758392334,0.21428571428571427
36616,0,0,46647,-15.137684106826782,-11.009793758392334,0.21428571428571427
36617,0,0,46646,-15.137684106826782,-11.009793758392334,0.21428571428571427
36618,0,0,46645,-15.137684106826782,-11.009793758392334,0.21428571428571427
36619,0,0,46644,-15.137684106826782,-11.009793758392334,0.21428571428571427
36620,0,0,46643,-15.137684106826782,-11.009793758392334,0.21428571428571427
36621,0,0,46642,-15.137684106826782,-11.009793758392334,0.21428571428571427
36622,0,0,46641,-15.137684106826782,-11.009793758392334,0.21428571428571427
36623,0,0,46640,-15.137684106826782,-11.009793758392334,0.21428571428571427
36624,0,0,46638,-15.137684106826782,-11.009793758392334,0.21428571428571427
36625,0,0,46628,-15.137684106826782,-11.009793758392334,0.21428571428571427
36626,0,0,46637,-15.137684106826782,-11.009793758392334,0.21428571428571427
36627,0,0,46636,-15.137684106826782,-11.009793758392334,0.21428571428571427
36628,0,0,46635,-15.137684106826782,-11.009793758392334,0.21428571428571427
36629,0,0,46634,-15.137684106826782,-11.009793758392334,0.21428571428571427
36630,0,0,46633,-15.137684106826782,-11.009793758392334,0.21428571428571427
36631,0,0,46632,-15.137684106826782,-11.009793758392334,0.21428571428571427
36632,0,0,46631,-15.137684106826782,-11.009793758392334,0.21428571428571427
36633,0,0,46630,-15.137684106826782,-11.009793758392334,0.21428571428571427
36634,0,0,46629,-15.137684106826782,-11.009793758392334,0.21428571428571427
36635,0,0,46649,-15.137684106826782,-11.009793758392334,0.21428571428571427
36636,0,0,46639,-15.137684106826782,-11.009793758392334,0.21428571428571427
36637,0,0,46650,-15.137684106826782,-11.009793758392334,0.21428571428571427
36638,0,0,46663,-15.137684106826782,-11.009793758392334,0.21428571428571427
36639,0,0,46672,-15.137684106826782,-11.009793758392334,0.21428571428571427
36640,0,0,46671,-15.137684106826782,-11.009793758392334,0.21428571428571427
36641,0,0,46670,-15.137684106826782,-11.009793758392334,0.21428571428571427
36642,0,0,46669,-15.137684106826782,-11.009793758392334,0.21428571428571427
36643,0,0,46668,-15.137684106826782,-11.009793758392334,0.21428571428571427
36644,0,0,46667,-15.137684106826782,-11.009793758392334,0.21428571428571427
36645,0,0,46666,-15.137684106826782,-11.009793758392334,0.21428571428571427
36646,0,0,46665,-15.137684106826782,-11.009793758392334,0.21428571428571427
36647,0,0,46664,-15.137684106826782,-11.009793758392334,0.21428571428571427
36648,0,0,46662,-15.137684106826782,-11.009793758392334,0.21428571428571427
36649,0,0,46652,-15.137684106826782,-11.009793758392334,0.21428571428571427
36650,0,0,46661,-15.137684106826782,-11.009793758392334,0.21428571428571427
36651,0,0,46660,-15.137684106826782,-11.009793758392334,0.21428571428571427
36652,0,0,46659,-15.137684106826782,-11.009793758392334,0.21428571428571427
36653,0,0,46658,-15.137684106826782,-11.009793758392334,0.21428571428571427
36654,0,0,46657,-15.137684106826782,-11.009793758392334,0.21428571428571427
36655,0,0,46656,-15.137684106826782,-11.009793758392334,0.21428571428571427
36656,0,0,46655,-15.137684106826782,-11.009793758392334,0.21428571428571427
36657,0,0,46654,-15.137684106826782,-11.009793758392334,0.21428571428571427
36658,0,0,46653,-15.137684106826782,-11.009793758392334,0.21428571428571427
36659,0,0,46651,-15.137684106826782,-11.009793758392334,0.21428571428571427
36660,0,0,46627,-15.137684106826782,-11.009793758392334,0.21428571428571427
36661,0,0,46626,-15.137684106826782,-11.009793758392334,0.21428571428571427
36662,0,0,46625,-15.137684106826782,-11.009793758392334,0.21428571428571427
36663,0,0,46600,-15.137684106826782,-11.009793758392334,0.21428571428571427
36664,0,0,46599,-15.137684106826782,-11.009793758392334,0.21428571428571427
36665,0,0,46598,-15.137684106826782,-11.009793758392334,0.21428571428571427
36666,0,0,46597,-15.137684106826782,-11.009793758392334,0.21428571428571427
36667,0,0,46596,-15.137684106826782,-11.009793758392334,0.21428571428571427
36668,0,0,46595,-15.137684106826782,-11.009793758392334,0.21428571428571427
36669,0,0,46594,-15.137684106826782,-11.009793758392334,0.21428571428571427
36670,0,0,46593,-15.137684106826782,-11.009793758392334,0.21428571428571427
36671,0,0,46592,-15.137684106826782,-11.009793758392334,0.21428571428571427
36672,0,0,46591,-15.137684106826782,-11.009793758392334,0.21428571428571427
36673,0,0,46590,-15.137684106826782,-11.009793758392334,0.21428571428571427
36674,0,0,46589,-15.137684106826782,-11.009793758392334,0.21428571428571427
36675,0,0,46588,-15.137684106826782,-11.009793758392334,0.21428571428571427
36676,0,0,46587,-15.137684106826782,-11.009793758392334,0.21428571428571427
36677,0,0,46586,-15.137684106826782,-11.009793758392334,0.21428571428571427
36678,0,0,46585,-15.137684106826782,-11.009793758392334,0.21428571428571427
36679,0,0,46584,-15.137684106826782,-11.009793758392334,0.21428571428571427
36680,0,0,46583,-15.137684106826782,-11.009793758392334,0.21428571428571427
36681,0,0,46582,-15.137684106826782,-11.009793758392334,0.21428571428571427
36682,0,0,46581,-15.137684106826782,-11.009793758392334,0.21428571428571427
36683,0,0,46580,-15.137684106826782,-11.009793758392334,0.21428571428571427
36684,0,0,46601,-15.137684106826782,-11.009793758392334,0.21428571428571427
36685,0,0,46602,-15.137684106826782,-11.009793758392334,0.21428571428571427
36686,0,0,46603,-15.137684106826782,-11.009793758392334,0.21428571428571427
36687,0,0,46615,-15.137684106826782,-11.009793758392334,0.21428571428571427
36688,0,0,46624,-15.137684106826782,-11.009793758392334,0.21428571428571427
36689,0,0,46623,-15.137684106826782,-11.009793758392334,0.21428571428571427
36690,0,0,46622,-15.137684106826782,-11.009793758392334,0.21428571428571427
36691,0,0,46621,-15.137684106826782,-11.009793758392334,0.21428571428571427
36692,0,0,46620,-15.137684106826782,-11.009793758392334,0.21428571428571427
36693,0,0,46619,-15.137684106826782,-11.009793758392334,0.21428571428571427
36694,0,0,46618,-15.137684106826782,-11.009793758392334,0.21428571428571427
36695,0,0,46617,-15.137684106826782,-11.009793758392334,0.21428571428571427
36696,0,0,46616,-15.137684106826782,-11.009793758392334,0.21428571428571427
36697,0,0,46614,-15.137684106826782,-11.009793758392334,0.21428571428571427
36698,0,0,46604,-15.137684106826782,-11.009793758392334,0.21428571428571427
36699,0,0,46613,-15.137684106826782,-11.009793758392334,0.21428571428571427
36700,0,0,46612,-15.137684106826782,-11.009793758392334,0.21428571428571427
36701,0,0,46611,-15.137684106826782,-11.009793758392334,0.21428571428571427
36702,0,0,46610,-15.137684106826782,-11.009793758392334,0.21428571428571427
36703,0,0,46609,-15.137684106826782,-11.009793758392334,0.21428571428571427
36704,0,0,46608,-15.137684106826782,-11.009793758392334,0.21428571428571427
36705,0,0,46607,-15.137684106826782,-11.009793758392334,0.21428571428571427
36706,0,0,46606,-15.137684106826782,-11.009793758392334,0.21428571428571427
36707,0,0,46605,-15.137684106826782,-11.009793758392334,0.21428571428571427
36708,0,0,46187,-15.137684106826782,-11.009793758392334,0.21428571428571427
36709,0,0,46088,-15.137684106826782,-11.009793758392334,0.21428571428571427
36710,0,0,45406,-15.137684106826782,-11.009793758392334,0.21428571428571427
36711,0,0,46087,-15.137684106826782,-11.009793758392334,0.21428571428571427
36712,0,0,45575,-15.137684106826782,-11.009793758392334,0.21428571428571427
36713,0,0,45574,-15.137684106826782,-11.009793758392334,0.21428571428571427
36714,0,0,45573,-15.137684106826782,-11.009793758392334,0.21428571428571427
36715,0,0,45572,-15.137684106826782,-11.009793758392334,0.21428571428571427
36716,0,0,45571,-15.137684106826782,-11.009793758392334,0.21428571428571427
36717,0,0,45570,-15.137684106826782,-11.009793758392334,0.21428571428571427
36718,0,0,45569,-15.137684106826782,-11.009793758392334,0.21428571428571427
36719,0,0,45568,-15.137684106826782,-11.009793758392334,0.21428571428571427
36720,0,0,45567,-15.137684106826782,-11.009793758392334,0.21428571428571427
36721,0,0,45566,-15.137684106826782,-11.009793758392334,0.21428571428571427
36722,0,0,9,-15.137684106826782,-11.009793758392334,0.21428571428571427
36723,0,0,45565,-15.137684106826782,-11.009793758392334,0.21428571428571427
36724,0,0,45564,-15.137684106826782,-11.009793758392334,0.21428571428571427
36725,0,0,45563,-15.137684106826782,-11.009793758392334,0.21428571428571427
36726,0,0,45562,-15.137684106826782,-11.009793758392334,0.21428571428571427
36727,0,0,45561,-15.137684106826782,-11.009793758392334,0.21428571428571427
36728,0,0,45560,-15.137684106826782,-11.009793758392334,0.21428571428571427
36729,0,0,45559,-15.137684106826782,-11.009793758392334,0.21428571428571427
36730,0,0,45558,-15.137684106826782,-11.009793758392334,0.21428571428571427
36731,0,0,45557,-15.137684106826782,-11.009793758392334,0.21428571428571427
36732,0,0,45556,-15.137684106826782,-11.009793758392334,0.21428571428571427
36733,0,0,45555,-15.137684106826782,-11.009793758392334,0.21428571428571427
36734,0,0,45576,-15.137684106826782,-11.009793758392334,0.21428571428571427
36735,0,0,45577,-15.137684106826782,-11.009793758392334,0.21428571428571427
36736,0,0,45578,-15.137684106826782,-11.009793758392334,0.21428571428571427
36737,0,0,45590,-15.137684106826782,-11.009793758392334,0.21428571428571427
36738,0,0,45599,-15.137684106826782,-11.009793758392334,0.21428571428571427
36739,0,0,45598,-15.137684106826782,-11.009793758392334,0.21428571428571427
36740,0,0,45597,-15.137684106826782,-11.009793758392334,0.21428571428571427
36741,0,0,45596,-15.137684106826782,-11.009793758392334,0.21428571428571427
36742,0,0,45595,-15.137684106826782,-11.009793758392334,0.21428571428571427
36743,0,0,45594,-15.137684106826782,-11.009793758392334,0.21428571428571427
36744,0,0,45593,-15.137684106826782,-11.009793758392334,0.21428571428571427
36745,0,0,45592,-15.137684106826782,-11.009793758392334,0.21428571428571427
36746,0,0,45591,-15.137684106826782,-11.009793758392334,0.21428571428571427
36747,0,0,45589,-15.137684106826782,-11.009793758392334,0.21428571428571427
36748,0,0,45579,-15.137684106826782,-11.009793758392334,0.21428571428571427
36749,0,0,45588,-15.137684106826782,-11.009793758392334,0.21428571428571427
36750,0,0,45587,-15.137684106826782,-11.009793758392334,0.21428571428571427
36751,0,0,45586,-15.137684106826782,-11.009793758392334,0.21428571428571427
36752,0,0,45585,-15.137684106826782,-11.009793758392334,0.21428571428571427
36753,0,0,45584,-15.137684106826782,-11.009793758392334,0.21428571428571427
36754,0,0,45583,-15.137684106826782,-11.009793758392334,0.21428571428571427
36755,0,0,45582,-15.137684106826782,-11.009793758392334,0.21428571428571427
36756,0,0,45581,-15.137684106826782,-11.009793758392334,0.21428571428571427
36757,0,0,45580,-15.137684106826782,-11.009793758392334,0.21428571428571427
36758,0,0,45554,-15.137684106826782,-11.009793758392334,0.21428571428571427
36759,0,0,45552,-15.137684106826782,-11.009793758392334,0.21428571428571427
36760,0,0,45505,-15.137684106826782,-11.009793758392334,0.21428571428571427
36761,0,0,45551,-15.137684106826782,-11.009793758392334,0.21428571428571427
36762,0,0,45526,-15.137684106826782,-11.009793758392334,0.21428571428571427
36763,0,0,45525,-15.137684106826782,-11.009793758392334,0.21428571428571427
36764,0,0,45524,-15.137684106826782,-11.009793758392334,0.21428571428571427
36765,0,0,45523,-15.137684106826782,-11.009793758392334,0.21428571428571427
36766,0,0,45522,-15.137684106826782,-11.009793758392334,0.21428571428571427
36767,0,0,45521,-15.137684106826782,-11.009793758392334,0.21428571428571427
36768,0,0,45520,-15.137684106826782,-11.009793758392334,0.21428571428571427
36769,0,0,45519,-15.137684106826782,-11.009793758392334,0.21428571428571427
36770,0,0,45518,-15.137684106826782,-11.009793758392334,0.21428571428571427
36771,0,0,45517,-15.137684106826782,-11.009793758392334,0.21428571428571427
36772,0,0,45516,-15.137684106826782,-11.009793758392334,0.21428571428571427
36773,0,0,45515,-15.137684106826782,-11.009793758392334,0.21428571428571427
36774,0,0,45514,-15.137684106826782,-11.009793758392334,0.21428571428571427
36775,0,0,45513,-15.137684106826782,-11.009793758392334,0.21428571428571427
36776,0,0,45512,-15.137684106826782,-11.009793758392334,0.21428571428571427
36777,0,0,45511,-15.137684106826782,-11.009793758392334,0.21428571428571427
36778,0,0,45510,-15.137684106826782,-11.009793758392334,0.21428571428571427
36779,0,0,45509,-15.137684106826782,-11.009793758392334,0.21428571428571427
36780,0,0,45508,-15.137684106826782,-11.009793758392334,0.21428571428571427
36781,0,0,45507,-15.137684106826782,-11.009793758392334,0.21428571428571427
36782,0,0,45506,-15.137684106826782,-11.009793758392334,0.21428571428571427
36783,0,0,45527,-15.137684106826782,-11.009793758392334,0.21428571428571427
36784,0,0,45528,-15.137684106826782,-11.009793758392334,0.21428571428571427
36785,0,0,45529,-15.137684106826782,-11.009793758392334,0.21428571428571427
36786,0,0,45541,-15.137684106826782,-11.009793758392334,0.21428571428571427
36787,0,0,45550,-15.137684106826782,-11.009793758392334,0.21428571428571427
36788,0,0,45549,-15.137684106826782,-11.009793758392334,0.21428571428571427
36789,0,0,45548,-15.137684106826782,-11.009793758392334,0.21428571428571427
36790,0,0,45547,-15.137684106826782,-11.009793758392334,0.21428571428571427
36791,0,0,45546,-15.137684106826782,-11.009793758392334,0.21428571428571427
36792,0,0,45545,-15.137684106826782,-11.009793758392334,0.21428571428571427
36793,0,0,45544,-15.137684106826782,-11.009793758392334,0.21428571428571427
36794,0,0,45543,-15.137684106826782,-11.009793758392334,0.21428571428571427
36795,0,0,45542,-15.137684106826782,-11.009793758392334,0.21428571428571427
36796,0,0,45540,-15.137684106826782,-11.009793758392334,0.21428571428571427
36797,0,0,45530,-15.137684106826782,-11.009793758392334,0.21428571428571427
36798,0,0,45539,-15.137684106826782,-11.009793758392334,0.21428571428571427
36799,0,0,45538,-15.137684106826782,-11.009793758392334,0.21428571428571427
36800,0,0,45537,-15.137684106826782,-11.009793758392334,0.21428571428571427
36801,0,0,45536,-15.137684106826782,-11.009793758392334,0.21428571428571427
36802,0,0,45535,-15.137684106826782,-11.009793758392334,0.21428571428571427
36803,0,0,45534,-15.137684106826782,-11.009793758392334,0.21428571428571427
36804,0,0,45533,-15.137684106826782,-11.009793758392334,0.21428571428571427
36805,0,0,45532,-15.137684106826782,-11.009793758392334,0.21428571428571427
36806,0,0,45531,-15.137684106826782,-11.009793758392334,0.21428571428571427
36807,0,0,45600,-15.137684106826782,-11.009793758392334,0.21428571428571427
36808,0,0,45601,-15.137684106826782,-11.009793758392334,0.21428571428571427
36809,0,0,45602,-15.137684106826782,-11.009793758392334,0.21428571428571427
36810,0,0,45603,-15.137684106826782,-11.009793758392334,0.21428571428571427
36811,0,0,45672,-15.137684106826782,-11.009793758392334,0.21428571428571427
36812,0,0,45671,-15.137684106826782,-11.009793758392334,0.21428571428571427
36813,0,0,45670,-15.137684106826782,-11.009793758392334,0.21428571428571427
36814,0,0,45669,-15.137684106826782,-11.009793758392334,0.21428571428571427
36815,0,0,45668,-15.137684106826782,-11.009793758392334,0.21428571428571427
36816,0,0,45667,-15.137684106826782,-11.009793758392334,0.21428571428571427
36817,0,0,45666,-15.137684106826782,-11.009793758392334,0.21428571428571427
36818,0,0,45665,-15.137684106826782,-11.009793758392334,0.21428571428571427
36819,0,0,45664,-15.137684106826782,-11.009793758392334,0.21428571428571427
36820,0,0,45662,-15.137684106826782,-11.009793758392334,0.21428571428571427
36821,0,0,45652,-15.137684106826782,-11.009793758392334,0.21428571428571427
36822,0,0,45661,-15.137684106826782,-11.009793758392334,0.21428571428571427
36823,0,0,45660,-15.137684106826782,-11.009793758392334,0.21428571428571427
36824,0,0,45659,-15.137684106826782,-11.009793758392334,0.21428571428571427
36825,0,0,45658,-15.137684106826782,-11.009793758392334,0.21428571428571427
36826,0,0,45657,-15.137684106826782,-11.009793758392334,0.21428571428571427
36827,0,0,45656,-15.137684106826782,-11.009793758392334,0.21428571428571427
36828,0,0,45655,-15.137684106826782,-11.009793758392334,0.21428571428571427
36829,0,0,45654,-15.137684106826782,-11.009793758392334,0.21428571428571427
36830,0,0,45653,-15.137684106826782,-11.009793758392334,0.21428571428571427
36831,0,0,45673,-15.137684106826782,-11.009793758392334,0.21428571428571427
36832,0,0,45663,-15.137684106826782,-11.009793758392334,0.21428571428571427
36833,0,0,45674,-15.137684106826782,-11.009793758392334,0.21428571428571427
36834,0,0,45687,-15.137684106826782,-11.009793758392334,0.21428571428571427
36835,0,0,45696,-15.137684106826782,-11.009793758392334,0.21428571428571427
36836,0,0,45695,-15.137684106826782,-11.009793758392334,0.21428571428571427
36837,0,0,45694,-15.137684106826782,-11.009793758392334,0.21428571428571427
36838,0,0,45693,-15.137684106826782,-11.009793758392334,0.21428571428571427
36839,0,0,45692,-15.137684106826782,-11.009793758392334,0.21428571428571427
36840,0,0,45691,-15.137684106826782,-11.009793758392334,0.21428571428571427
36841,0,0,45690,-15.137684106826782,-11.009793758392334,0.21428571428571427
36842,0,0,45689,-15.137684106826782,-11.009793758392334,0.21428571428571427
36843,0,0,45688,-15.137684106826782,-11.009793758392334,0.21428571428571427
36844,0,0,45686,-15.137684106826782,-11.009793758392334,0.21428571428571427
36845,0,0,45676,-15.137684106826782,-11.009793758392334,0.21428571428571427
36846,0,0,45685,-15.137684106826782,-11.009793758392334,0.21428571428571427
36847,0,0,45684,-15.137684106826782,-11.009793758392334,0.21428571428571427
36848,0,0,45683,-15.137684106826782,-11.009793758392334,0.21428571428571427
36849,0,0,45682,-15.137684106826782,-11.009793758392334,0.21428571428571427
36850,0,0,45681,-15.137684106826782,-11.009793758392334,0.21428571428571427
36851,0,0,45680,-15.137684106826782,-11.009793758392334,0.21428571428571427
36852,0,0,45679,-15.137684106826782,-11.009793758392334,0.21428571428571427
36853,0,0,45678,-15.137684106826782,-11.009793758392334,0.21428571428571427
36854,0,0,45677,-15.137684106826782,-11.009793758392334,0.21428571428571427
36855,0,0,45675,-15.137684106826782,-11.009793758392334,0.21428571428571427
36856,0,0,45651,-15.137684106826782,-11.009793758392334,0.21428571428571427
36857,0,0,45650,-15.137684106826782,-11.009793758392334,0.21428571428571427
36858,0,0,45649,-15.137684106826782,-11.009793758392334,0.21428571428571427
36859,0,0,45624,-15.137684106826782,-11.009793758392334,0.21428571428571427
36860,0,0,45623,-15.137684106826782,-11.009793758392334,0.21428571428571427
36861,0,0,45622,-15.137684106826782,-11.009793758392334,0.21428571428571427
36862,0,0,45621,-15.137684106826782,-11.009793758392334,0.21428571428571427
36863,0,0,45620,-15.137684106826782,-11.009793758392334,0.21428571428571427
36864,0,0,45619,-15.137684106826782,-11.009793758392334,0.21428571428571427
36865,0,0,45618,-15.137684106826782,-11.009793758392334,0.21428571428571427
36866,1,0,45617,-15.137684106826782,-11.009793758392334,0.21428571428571427
36867,0,0,45616,-15.137684106826782,-11.009793758392334,0.21428571428571427
36868,0,0,45615,-15.137684106826782,-11.009793758392334,0.21428571428571427
36869,0,0,45614,-15.137684106826782,-11.009793758392334,0.21428571428571427
36870,0,0,45613,-15.137684106826782,-11.009793758392334,0.21428571428571427
36871,0,0,45612,-15.137684106826782,-11.009793758392334,0.21428571428571427
36872,0,0,45611,-15.137684106826782,-11.009793758392334,0.21428571428571427
36873,0,0,45610,-15.137684106826782,-11.009793758392334,0.21428571428571427
36874,0,0,45609,-15.137684106826782,-11.009793758392334,0.21428571428571427
36875,0,0,45608,-15.137684106826782,-11.009793758392334,0.21428571428571427
36876,0,0,45607,-15.137684106826782,-11.009793758392334,0.21428571428571427
36877,0,0,45606,-15.137684106826782,-11.009793758392334,0.21428571428571427
36878,0,0,45605,-15.137684106826782,-11.009793758392334,0.21428571428571427
36879,0,0,45604,-15.137684106826782,-11.009793758392334,0.21428571428571427
36880,0,0,45625,-15.137684106826782,-11.009793758392334,0.21428571428571427
36881,0,0,45626,-15.137684106826782,-11.009793758392334,0.21428571428571427
36882,0,0,45627,-15.137684106826782,-11.009793758392334,0.21428571428571427
36883,0,0,45639,-15.137684106826782,-11.009793758392334,0.21428571428571427
36884,0,0,45648,-15.137684106826782,-11.009793758392334,0.21428571428571427
36885,0,0,45647,-15.137684106826782,-11.009793758392334,0.21428571428571427
36886,0,0,45646,-15.137684106826782,-11.009793758392334,0.21428571428571427
36887,0,0,45645,-15.137684106826782,-11.009793758392334,0.21428571428571427
36888,0,0,45644,-15.137684106826782,-11.009793758392334,0.21428571428571427
36889,0,0,45643,-15.137684106826782,-11.009793758392334,0.21428571428571427
36890,0,0,45642,-15.137684106826782,-11.009793758392334,0.21428571428571427
36891,0,0,45641,-15.137684106826782,-11.009793758392334,0.21428571428571427
36892,0,0,45640,-15.137684106826782,-11.009793758392334,0.21428571428571427
36893,0,0,45638,-15.137684106826782,-11.009793758392334,0.21428571428571427
36894,0,0,45628,-15.137684106826782,-11.009793758392334,0.21428571428571427
36895,0,0,45637,-15.137684106826782,-11.009793758392334,0.21428571428571427
36896,0,0,45636,-15.137684106826782,-11.009793758392334,0.21428571428571427
36897,0,0,45635,-15.137684106826782,-11.009793758392334,0.21428571428571427
36898,0,0,45634,-15.137684106826782,-11.009793758392334,0.21428571428571427
36899,0,0,45633,-15.137684106826782,-11.009793758392334,0.21428571428571427
36900,0,0,45632,-15.137684106826782,-11.009793758392334,0.21428571428571427
36901,0,0,45631,-15.137684106826782,-11.009793758392334,0.21428571428571427
36902,0,0,45630,-15.137684106826782,-11.009793758392334,0.21428571428571427
36903,0,0,45629,-15.137684106826782,-11.009793758392334,0.21428571428571427
36904,0,0,45553,-15.137684106826782,-11.009793758392334,0.21428571428571427
36905,0,0,45504,-15.137684106826782,-11.009793758392334,0.21428571428571427
36906,0,0,45503,-15.137684106826782,-11.009793758392334,0.21428571428571427
36907,0,0,45502,-15.137684106826782,-11.009793758392334,0.21428571428571427
36908,0,0,45379,-15.137684106826782,-11.009793758392334,0.21428571428571427
36909,0,0,45378,-15.137684106826782,-11.009793758392334,0.21428571428571427
36910,0,0,45377,-15.137684106826782,-11.009793758392334,0.21428571428571427
36911,0,0,45376,-15.137684106826782,-11.009793758392334,0.21428571428571427
36912,0,0,45375,-15.137684106826782,-11.009793758392334,0.21428571428571427
36913,0,0,45374,-15.137684106826782,-11.009793758392334,0.21428571428571427
36914,0,0,45373,-15.137684106826782,-11.009793758392334,0.21428571428571427
36915,0,0,45372,-15.137684106826782,-11.009793758392334,0.21428571428571427
36916,0,0,45371,-15.137684106826782,-11.009793758392334,0.21428571428571427
36917,0,0,45370,-15.137684106826782,-11.009793758392334,0.21428571428571427
36918,0,0,45369,-15.137684106826782,-11.009793758392334,0.21428571428571427
36919,0,0,45368,-15.137684106826782,-11.009793758392334,0.21428571428571427
36920,0,0,45367,-15.137684106826782,-11.009793758392334,0.21428571428571427
36921,0,0,45366,-15.137684106826782,-11.009793758392334,0.21428571428571427
36922,0,0,45365,-15.137684106826782,-11.009793758392334,0.21428571428571427
36923,0,0,45364,-15.137684106826782,-11.009793758392334,0.21428571428571427
36924,0,0,45363,-15.137684106826782,-11.009793758392334,0.21428571428571427
36925,0,0,45362,-15.137684106826782,-11.009793758392334,0.21428571428571427
36926,0,0,45361,-15.137684106826782,-11.009793758392334,0.21428571428571427
36927,0,0,45360,-15.137684106826782,-11.009793758392334,0.21428571428571427
36928,0,0,45359,-15.137684106826782,-11.009793758392334,0.21428571428571427
36929,0,0,45380,-15.137684106826782,-11.009793758392334,0.21428571428571427
36930,0,0,45381,-15.137684106826782,-11.009793758392334,0.21428571428571427
36931,0,0,45382,-15.137684106826782,-11.009793758392334,0.21428571428571427
36932,0,0,45394,-15.137684106826782,-11.009793758392334,0.21428571428571427
36933,0,0,45403,-15.137684106826782,-11.009793758392334,0.21428571428571427
36934,0,0,45402,-15.137684106826782,-11.009793758392334,0.21428571428571427
36935,0,0,45401,-15.137684106826782,-11.009793758392334,0.21428571428571427
36936,0,0,45400,-15.137684106826782,-11.009793758392334,0.21428571428571427
36937,0,0,45399,-15.137684106826782,-11.009793758392334,0.21428571428571427
36938,0,0,45398,-15.137684106826782,-11.009793758392334,0.21428571428571427
36939,0,0,45397,-15.137684106826782,-11.009793758392334,0.21428571428571427
36940,0,0,45396,-15.137684106826782,-11.009793758392334,0.21428571428571427
36941,0,0,45395,-15.137684106826782,-11.009793758392334,0.21428571428571427
36942,0,0,45393,-15.137684106826782,-11.009793758392334,0.21428571428571427
36943,0,0,45383,-15.137684106826782,-11.009793758392334,0.21428571428571427
36944,0,0,45392,-15.137684106826782,-11.009793758392334,0.21428571428571427
36945,0,0,45391,-15.137684106826782,-11.009793758392334,0.21428571428571427
36946,0,0,45390,-15.137684106826782,-11.009793758392334,0.21428571428571427
36947,0,0,45389,-15.137684106826782,-11.009793758392334,0.21428571428571427
36948,0,0,45388,-15.137684106826782,-11.009793758392334,0.21428571428571427
36949,0,0,45387,-15.137684106826782,-11.009793758392334,0.21428571428571427
36950,0,0,45386,-15.137684106826782,-11.009793758392334,0.21428571428571427
36951,0,0,45385,-15.137684106826782,-11.009793758392334,0.21428571428571427
36952,0,0,45384,-15.137684106826782,-11.009793758392334,0.21428571428571427
36953,0,0,45358,-15.137684106826782,-11.009793758392334,0.21428571428571427
36954,0,0,45356,-15.137684106826782,-11.009793758392334,0.21428571428571427
36955,0,0,45309,-15.137684106826782,-11.009793758392334,0.21428571428571427
36956,0,0,45355,-15.137684106826782,-11.009793758392334,0.21428571428571427
36957,0,0,45330,-15.137684106826782,-11.009793758392334,0.21428571428571427
36958,0,0,45329,-15.137684106826782,-11.009793758392334,0.21428571428571427
36959,0,0,45328,-15.137684106826782,-11.009793758392334,0.21428571428571427
36960,0,0,45327,-15.137684106826782,-11.009793758392334,0.21428571428571427
36961,0,0,45326,-15.137684106826782,-11.009793758392334,0.21428571428571427
36962,0,0,45325,-15.137684106826782,-11.009793758392334,0.21428571428571427
36963,0,0,45324,-15.137684106826782,-11.009793758392334,0.21428571428571427
36964,0,0,45323,-15.137684106826782,-11.009793758392334,0.21428571428571427
36965,0,0,45322,-15.137684106826782,-11.009793758392334,0.21428571428571427
36966,0,0,45321,-15.137684106826782,-11.009793758392334,0.21428571428571427
36967,0,0,45320,-15.137684106826782,-11.009793758392334,0.21428571428571427
36968,0,0,45319,-15.137684106826782,-11.009793758392334,0.21428571428571427
36969,0,0,45318,-15.137684106826782,-11.009793758392334,0.21428571428571427
36970,0,0,45317,-15.137684106826782,-11.009793758392334,0.21428571428571427
36971,0,0,45316,-15.137684106826782,-11.009793758392334,0.21428571428571427
36972,0,0,45315,-15.137684106826782,-11.009793758392334,0.21428571428571427
36973,0,0,45314,-15.137684106826782,-11.009793758392334,0.21428571428571427
36974,0,0,45313,-15.137684106826782,-11.009793758392334,0.21428571428571427
36975,0,0,45312,-15.137684106826782,-11.009793758392334,0.21428571428571427
36976,0,0,45311,-15.137684106826782,-11.009793758392334,0.21428571428571427
36977,0,0,45310,-15.137684106826782,-11.009793758392334,0.21428571428571427
36978,0,0,45331,-15.137684106826782,-11.009793758392334,0.21428571428571427
36979,0,0,45332,-15.137684106826782,-11.009793758392334,0.21428571428571427
36980,0,0,45333,-15.137684106826782,-11.009793758392334,0.21428571428571427
36981,0,0,45345,-15.137684106826782,-11.009793758392334,0.21428571428571427
36982,0,0,45354,-15.137684106826782,-11.009793758392334,0.21428571428571427
36983,0,0,45353,-15.137684106826782,-11.009793758392334,0.21428571428571427
36984,0,0,45352,-15.137684106826782,-11.009793758392334,0.21428571428571427
36985,0,0,45351,-15.137684106826782,-11.009793758392334,0.21428571428571427
36986,0,0,45350,-15.137684106826782,-11.009793758392334,0.21428571428571427
36987,0,0,45349,-15.137684106826782,-11.009793758392334,0.21428571428571427
36988,0,0,45348,-15.137684106826782,-11.009793758392334,0.21428571428571427
36989,0,0,45347,-15.137684106826782,-11.009793758392334,0.21428571428571427
36990,0,0,45346,-15.137684106826782,-11.009793758392334,0.21428571428571427
36991,0,0,45344,-15.137684106826782,-11.009793758392334,0.21428571428571427
36992,0,0,45334,-15.137684106826782,-11.009793758392334,0.21428571428571427
36993,0,0,45343,-15.137684106826782,-11.009793758392334,0.21428571428571427
36994,0,0,45342,-15.137684106826782,-11.009793758392334,0.21428571428571427
36995,0,0,45341,-15.137684106826782,-11.009793758392334,0.21428571428571427
36996,0,0,45340,-15.137684106826782,-11.009793758392334,0.21428571428571427
36997,0,0,45339,-15.137684106826782,-11.009793758392334,0.21428571428571427
36998,0,0,45338,-15.137684106826782,-11.009793758392334,0.21428571428571427
36999,0,0,45337,-15.137684106826782,-11.009793758392334,0.21428571428571427
37000,0,0,45336,-15.137684106826782,-11.009793758392334,0.21428571428571427
37001,0,0,45335,-15.137684106826782,-11.009793758392334,0.21428571428571427
37002,0,0,45404,-15.137684106826782,-11.009793758392334,0.21428571428571427
37003,0,0,45357,-15.137684106826782,-11.009793758392334,0.21428571428571427
37004,0,0,45405,-15.137684106826782,-11.009793758392334,0.21428571428571427
37005,0,0,45455,-15.137684106826782,-11.009793758392334,0.21428571428571427
37006,0,0,45477,-15.137684106826782,-11.009793758392334,0.21428571428571427
37007,0,0,45476,-15.137684106826782,-11.009793758392334,0.21428571428571427
37008,0,0,45475,-15.137684106826782,-11.009793758392334,0.21428571428571427
37009,0,0,45474,-15.137684106826782,-11.009793758392334,0.21428571428571427
37010,0,0,45473,-15.137684106826782,-11.009793758392334,0.21428571428571427
37011,0,0,45472,-15.137684106826782,-11.009793758392334,0.21428571428571427
37012,0,0,45471,-15.137684106826782,-11.009793758392334,0.21428571428571427
37013,0,0,45470,-15.137684106826782,-11.009793758392334,0.21428571428571427
37014,0,0,45469,-15.137684106826782,-11.009793758392334,0.21428571428571427
37015,0,0,45468,-15.137684106826782,-11.009793758392334,0.21428571428571427
37016,0,0,45467,-15.137684106826782,-11.009793758392334,0.21428571428571427
37017,0,0,45466,-15.137684106826782,-11.009793758392334,0.21428571428571427
37018,0,0,45465,-15.137684106826782,-11.009793758392334,0.21428571428571427
37019,0,0,45464,-15.137684106826782,-11.009793758392334,0.21428571428571427
37020,0,0,45463,-15.137684106826782,-11.009793758392334,0.21428571428571427
37021,0,0,45462,-15.137684106826782,-11.009793758392334,0.21428571428571427
37022,0,0,45461,-15.137684106826782,-11.009793758392334,0.21428571428571427
37023,0,0,45460,-15.137684106826782,-11.009793758392334,0.21428571428571427
37024,0,0,45459,-15.137684106826782,-11.009793758392334,0.21428571428571427
37025,0,0,45458,-15.137684106826782,-11.009793758392334,0.21428571428571427
37026,0,0,45457,-15.137684106826782,-11.009793758392334,0.21428571428571427
37027,0,0,45478,-15.137684106826782,-11.009793758392334,0.21428571428571427
37028,0,0,45479,-15.137684106826782,-11.009793758392334,0.21428571428571427
37029,0,0,45480,-15.137684106826782,-11.009793758392334,0.21428571428571427
37030,0,0,45492,-15.137684106826782,-11.009793758392334,0.21428571428571427
37031,0,0,45501,-15.137684106826782,-11.009793758392334,0.21428571428571427
37032,0,0,45500,-15.137684106826782,-11.009793758392334,0.21428571428571427
37033,0,0,45499,-15.137684106826782,-11.009793758392334,0.21428571428571427
37034,0,0,45498,-15.137684106826782,-11.009793758392334,0.21428571428571427
37035,0,0,45497,-15.137684106826782,-11.009793758392334,0.21428571428571427
37036,0,0,45496,-15.137684106826782,-11.009793758392334,0.21428571428571427
37037,0,0,45495,-15.137684106826782,-11.009793758392334,0.21428571428571427
37038,0,0,45494,-15.137684106826782,-11.009793758392334,0.21428571428571427
37039,0,0,45493,-15.137684106826782,-11.009793758392334,0.21428571428571427
37040,0,0,45491,-15.137684106826782,-11.009793758392334,0.21428571428571427
37041,0,0,45481,-15.137684106826782,-11.009793758392334,0.21428571428571427
37042,0,0,45490,-15.137684106826782,-11.009793758392334,0.21428571428571427
37043,0,0,45489,-15.137684106826782,-11.009793758392334,0.21428571428571427
37044,0,0,45488,-15.137684106826782,-11.009793758392334,0.21428571428571427
37045,0,0,45487,-15.137684106826782,-11.009793758392334,0.21428571428571427
37046,0,0,45486,-15.137684106826782,-11.009793758392334,0.21428571428571427
37047,0,0,45485,-15.137684106826782,-11.009793758392334,0.21428571428571427
37048,0,0,45484,-15.137684106826782,-11.009793758392334,0.21428571428571427
37049,0,0,45483,-15.137684106826782,-11.009793758392334,0.21428571428571427
37050,0,0,45482,-15.137684106826782,-11.009793758392334,0.21428571428571427
37051,0,0,45456,-15.137684106826782,-11.009793758392334,0.21428571428571427
37052,0,0,45454,-15.137684106826782,-11.009793758392334,0.21428571428571427
37053,0,0,45407,-15.137684106826782,-11.009793758392334,0.21428571428571427
37054,0,0,45453,-15.137684106826782,-11.009793758392334,0.21428571428571427
37055,0,0,45428,-15.137684106826782,-11.009793758392334,0.21428571428571427
37056,0,0,45427,-15.137684106826782,-11.009793758392334,0.21428571428571427
37057,0,0,45426,-15.137684106826782,-11.009793758392334,0.21428571428571427
37058,0,0,45425,-15.137684106826782,-11.009793758392334,0.21428571428571427
37059,0,0,45424,-15.137684106826782,-11.009793758392334,0.21428571428571427
37060,0,0,45423,-15.137684106826782,-11.009793758392334,0.21428571428571427
37061,0,0,45422,-15.137684106826782,-11.009793758392334,0.21428571428571427
37062,0,0,45421,-15.137684106826782,-11.009793758392334,0.21428571428571427
37063,0,0,45420,-15.137684106826782,-11.009793758392334,0.21428571428571427
37064,0,0,45419,-15.137684106826782,-11.009793758392334,0.21428571428571427
37065,0,0,45418,-15.137684106826782,-11.009793758392334,0.21428571428571427
37066,0,0,45417,-15.137684106826782,-11.009793758392334,0.21428571428571427
37067,0,0,45416,-15.137684106826782,-11.009793758392334,0.21428571428571427
37068,0,0,45415,-15.137684106826782,-11.009793758392334,0.21428571428571427
37069,0,0,45414,-15.137684106826782,-11.009793758392334,0.21428571428571427
37070,0,0,45413,-15.137684106826782,-11.009793758392334,0.21428571428571427
37071,0,0,45412,-15.137684106826782,-11.009793758392334,0.21428571428571427
37072,0,0,45411,-15.137684106826782,-11.009793758392334,0.21428571428571427
37073,0,0,45410,-15.137684106826782,-11.009793758392334,0.21428571428571427
37074,0,0,45409,-15.137684106826782,-11.009793758392334,0.21428571428571427
37075,0,0,45408,-15.137684106826782,-11.009793758392334,0.21428571428571427
37076,0,0,45429,-15.137684106826782,-11.009793758392334,0.21428571428571427
37077,0,0,45430,-15.137684106826782,-11.009793758392334,0.21428571428571427
37078,0,0,45431,-15.137684106826782,-11.009793758392334,0.21428571428571427
37079,0,0,45443,-15.137684106826782,-11.009793758392334,0.21428571428571427
37080,0,0,45452,-15.137684106826782,-11.009793758392334,0.21428571428571427
37081,0,0,45451,-15.137684106826782,-11.009793758392334,0.21428571428571427
37082,0,0,45450,-15.137684106826782,-11.009793758392334,0.21428571428571427
37083,0,0,45449,-15.137684106826782,-11.009793758392334,0.21428571428571427
37084,0,0,45448,-15.137684106826782,-11.009793758392334,0.21428571428571427
37085,0,0,45447,-15.137684106826782,-11.009793758392334,0.21428571428571427
37086,0,0,45446,-15.137684106826782,-11.009793758392334,0.21428571428571427
37087,0,0,45445,-15.137684106826782,-11.009793758392334,0.21428571428571427
37088,0,0,45444,-15.137684106826782,-11.009793758392334,0.21428571428571427
37089,0,0,45442,-15.137684106826782,-11.009793758392334,0.21428571428571427
37090,0,0,45432,-15.137684106826782,-11.009793758392334,0.21428571428571427
37091,0,0,45441,-15.137684106826782,-11.009793758392334,0.21428571428571427
37092,0,0,45440,-15.137684106826782,-11.009793758392334,0.21428571428571427
37093,0,0,45439,-15.137684106826782,-11.009793758392334,0.21428571428571427
37094,0,0,45438,-15.137684106826782,-11.009793758392334,0.21428571428571427
37095,0,0,45437,-15.137684106826782,-11.009793758392334,0.21428571428571427
37096,0,0,45436,-15.137684106826782,-11.009793758392334,0.21428571428571427
37097,0,0,45435,-15.137684106826782,-11.009793758392334,0.21428571428571427
37098,0,0,45434,-15.137684106826782,-11.009793758392334,0.21428571428571427
37099,0,0,45433,-15.137684106826782,-11.009793758392334,0.21428571428571427
37100,0,0,45697,-15.137684106826782,-11.009793758392334,0.21428571428571427
37101,0,0,45698,-15.137684106826782,-11.009793758392334,0.21428571428571427
37102,0,0,45699,-15.137684106826782,-11.009793758392334,0.21428571428571427
37103,0,0,45894,-15.137684106826782,-11.009793758392334,0.21428571428571427
37104,0,0,45965,-15.137684106826782,-11.009793758392334,0.21428571428571427
37105,0,0,45964,-15.137684106826782,-11.009793758392334,0.21428571428571427
37106,0,0,45963,-15.137684106826782,-11.009793758392334,0.21428571428571427
37107,0,0,45962,-15.137684106826782,-11.009793758392334,0.21428571428571427
37108,0,0,45961,-15.137684106826782,-11.009793758392334,0.21428571428571427
37109,0,0,45960,-15.137684106826782,-11.009793758392334,0.21428571428571427
37110,0,0,45959,-15.137684106826782,-11.009793758392334,0.21428571428571427
37111,0,0,45958,-15.137684106826782,-11.009793758392334,0.21428571428571427
37112,0,0,45957,-15.137684106826782,-11.009793758392334,0.21428571428571427
37113,0,0,45956,-15.137684106826782,-11.009793758392334,0.21428571428571427
37114,0,0,45955,-15.137684106826782,-11.009793758392334,0.21428571428571427
37115,0,0,45954,-15.137684106826782,-11.009793758392334,0.21428571428571427
37116,0,0,45953,-15.137684106826782,-11.009793758392334,0.21428571428571427
37117,0,0,45952,-15.137684106826782,-11.009793758392334,0.21428571428571427
37118,0,0,45951,-15.137684106826782,-11.009793758392334,0.21428571428571427
37119,0,0,45950,-15.137684106826782,-11.009793758392334,0.21428571428571427
37120,0,0,45949,-15.137684106826782,-11.009793758392334,0.21428571428571427
37121,0,0,45948,-15.137684106826782,-11.009793758392334,0.21428571428571427
37122,0,0,45947,-15.137684106826782,-11.009793758392334,0.21428571428571427
37123,0,0,45946,-15.137684106826782,-11.009793758392334,0.21428571428571427
37124,0,0,45945,-15.137684106826782,-11.009793758392334,0.21428571428571427
37125,0,0,45966,-15.137684106826782,-11.009793758392334,0.21428571428571427
37126,0,0,45967,-15.137684106826782,-11.009793758392334,0.21428571428571427
37127,0,0,45968,-15.137684106826782,-11.009793758392334,0.21428571428571427
37128,0,0,45980,-15.137684106826782,-11.009793758392334,0.21428571428571427
37129,0,0,45989,-15.137684106826782,-11.009793758392334,0.21428571428571427
37130,0,0,45988,-15.137684106826782,-11.009793758392334,0.21428571428571427
37131,0,0,45987,-15.137684106826782,-11.009793758392334,0.21428571428571427
37132,0,0,45986,-15.137684106826782,-11.009793758392334,0.21428571428571427
37133,0,0,45985,-15.137684106826782,-11.009793758392334,0.21428571428571427
37134,0,0,45984,-15.137684106826782,-11.009793758392334,0.21428571428571427
37135,0,0,45983,-15.137684106826782,-11.009793758392334,0.21428571428571427
37136,0,0,45982,-15.137684106826782,-11.009793758392334,0.21428571428571427
37137,0,0,45981,-15.137684106826782,-11.009793758392334,0.21428571428571427
37138,0,0,45979,-15.137684106826782,-11.009793758392334,0.21428571428571427
37139,0,0,45969,-15.137684106826782,-11.009793758392334,0.21428571428571427
37140,0,0,45978,-15.137684106826782,-11.009793758392334,0.21428571428571427
37141,0,0,45977,-15.137684106826782,-11.009793758392334,0.21428571428571427
37142,0,0,45976,-15.137684106826782,-11.009793758392334,0.21428571428571427
37143,0,0,45975,-15.137684106826782,-11.009793758392334,0.21428571428571427
37144,0,0,45974,-15.137684106826782,-11.009793758392334,0.21428571428571427
37145,0,0,45973,-15.137684106826782,-11.009793758392334,0.21428571428571427
37146,0,0,45972,-15.137684106826782,-11.009793758392334,0.21428571428571427
37147,0,0,45971,-15.137684106826782,-11.009793758392334,0.21428571428571427
37148,0,0,45970,-15.137684106826782,-11.009793758392334,0.21428571428571427
37149,0,0,45944,-15.137684106826782,-11.009793758392334,0.21428571428571427
37150,0,0,45942,-15.137684106826782,-11.009793758392334,0.21428571428571427
37151,0,0,45895,-15.137684106826782,-11.009793758392334,0.21428571428571427
37152,0,0,45941,-15.137684106826782,-11.009793758392334,0.21428571428571427
37153,0,0,45916,-15.137684106826782,-11.009793758392334,0.21428571428571427
37154,0,0,45915,-15.137684106826782,-11.009793758392334,0.21428571428571427
37155,0,0,45914,-15.137684106826782,-11.009793758392334,0.21428571428571427
37156,0,0,45913,-15.137684106826782,-11.009793758392334,0.21428571428571427
37157,0,0,45912,-15.137684106826782,-11.009793758392334,0.21428571428571427
37158,0,0,45911,-15.137684106826782,-11.009793758392334,0.21428571428571427
37159,0,0,45910,-15.137684106826782,-11.009793758392334,0.21428571428571427
37160,0,0,45909,-15.137684106826782,-11.009793758392334,0.21428571428571427
37161,0,0,45908,-15.137684106826782,-11.009793758392334,0.21428571428571427
37162,0,0,45907,-15.137684106826782,-11.009793758392334,0.21428571428571427
37163,0,0,45906,-15.137684106826782,-11.009793758392334,0.21428571428571427
37164,0,0,45905,-15.137684106826782,-11.009793758392334,0.21428571428571427
37165,0,0,45904,-15.137684106826782,-11.009793758392334,0.21428571428571427
37166,0,0,45903,-15.137684106826782,-11.009793758392334,0.21428571428571427
37167,0,0,45902,-15.137684106826782,-11.009793758392334,0.21428571428571427
37168,0,0,45901,-15.137684106826782,-11.009793758392334,0.21428571428571427
37169,0,0,45900,-15.137684106826782,-11.009793758392334,0.21428571428571427
37170,0,0,45899,-15.137684106826782,-11.009793758392334,0.21428571428571427
37171,0,0,45898,-15.137684106826782,-11.009793758392334,0.21428571428571427
37172,0,0,45897,-15.137684106826782,-11.009793758392334,0.21428571428571427
37173,0,0,45896,-15.137684106826782,-11.009793758392334,0.21428571428571427
37174,0,0,45917,-15.137684106826782,-11.009793758392334,0.21428571428571427
37175,0,0,45918,-15.137684106826782,-11.009793758392334,0.21428571428571427
37176,0,0,45919,-15.137684106826782,-11.009793758392334,0.21428571428571427
37177,0,0,45931,-15.137684106826782,-11.009793758392334,0.21428571428571427
37178,0,0,45940,-15.137684106826782,-11.009793758392334,0.21428571428571427
37179,0,0,45939,-15.137684106826782,-11.009793758392334,0.21428571428571427
37180,0,0,45938,-15.137684106826782,-11.009793758392334,0.21428571428571427
37181,0,0,45937,-15.137684106826782,-11.009793758392334,0.21428571428571427
37182,0,0,45936,-15.137684106826782,-11.009793758392334,0.21428571428571427
37183,0,0,45935,-15.137684106826782,-11.009793758392334,0.21428571428571427
37184,0,0,45934,-15.137684106826782,-11.009793758392334,0.21428571428571427
37185,0,0,45933,-15.137684106826782,-11.009793758392334,0.21428571428571427
37186,0,0,45932,-15.137684106826782,-11.009793758392334,0.21428571428571427
37187,0,0,45930,-15.137684106826782,-11.009793758392334,0.21428571428571427
37188,0,0,45920,-15.137684106826782,-11.009793758392334,0.21428571428571427
37189,0,0,45929,-15.137684106826782,-11.009793758392334,0.21428571428571427
37190,0,0,45928,-15.137684106826782,-11.009793758392334,0.21428571428571427
37191,0,0,45927,-15.137684106826782,-11.009793758392334,0.21428571428571427
37192,0,0,45926,-15.137684106826782,-11.009793758392334,0.21428571428571427
37193,0,0,45925,-15.137684106826782,-11.009793758392334,0.21428571428571427
37194,0,0,45924,-15.137684106826782,-11.009793758392334,0.21428571428571427
37195,0,0,45923,-15.137684106826782,-11.009793758392334,0.21428571428571427
37196,0,0,45922,-15.137684106826782,-11.009793758392334,0.21428571428571427
37197,0,0,45921,-15.137684106826782,-11.009793758392334,0.21428571428571427
37198,0,0,45990,-15.137684106826782,-11.009793758392334,0.21428571428571427
37199,0,0,45991,-15.137684106826782,-11.009793758392334,0.21428571428571427
37200,0,0,45992,-15.137684106826782,-11.009793758392334,0.21428571428571427
37201,0,0,45993,-15.137684106826782,-11.009793758392334,0.21428571428571427
37202,0,0,46062,-15.137684106826782,-11.009793758392334,0.21428571428571427
37203,0,0,46061,-15.137684106826782,-11.009793758392334,0.21428571428571427
37204,0,0,46060,-15.137684106826782,-11.009793758392334,0.21428571428571427
37205,0,0,46059,-15.137684106826782,-11.009793758392334,0.21428571428571427
37206,0,0,46058,-15.137684106826782,-11.009793758392334,0.21428571428571427
37207,0,0,46057,-15.137684106826782,-11.009793758392334,0.21428571428571427
37208,0,0,46056,-15.137684106826782,-11.009793758392334,0.21428571428571427
37209,0,0,46055,-15.137684106826782,-11.009793758392334,0.21428571428571427
37210,0,0,46054,-15.137684106826782,-11.009793758392334,0.21428571428571427
37211,0,0,46052,-15.137684106826782,-11.009793758392334,0.21428571428571427
37212,0,0,46042,-15.137684106826782,-11.009793758392334,0.21428571428571427
37213,0,0,46051,-15.137684106826782,-11.009793758392334,0.21428571428571427
37214,0,0,46050,-15.137684106826782,-11.009793758392334,0.21428571428571427
37215,0,0,46049,-15.137684106826782,-11.009793758392334,0.21428571428571427
37216,0,0,46048,-15.137684106826782,-11.009793758392334,0.21428571428571427
37217,0,0,46047,-15.137684106826782,-11.009793758392334,0.21428571428571427
37218,0,0,46046,-15.137684106826782,-11.009793758392334,0.21428571428571427
37219,0,0,46045,-15.137684106826782,-11.009793758392334,0.21428571428571427
37220,0,0,46044,-15.137684106826782,-11.009793758392334,0.21428571428571427
37221,0,0,46043,-15.137684106826782,-11.009793758392334,0.21428571428571427
37222,0,0,46063,-15.137684106826782,-11.009793758392334,0.21428571428571427
37223,0,0,46053,-15.137684106826782,-11.009793758392334,0.21428571428571427
37224,0,0,46064,-15.137684106826782,-11.009793758392334,0.21428571428571427
37225,0,0,46077,-15.137684106826782,-11.009793758392334,0.21428571428571427
37226,0,0,46086,-15.137684106826782,-11.009793758392334,0.21428571428571427
37227,0,0,46085,-15.137684106826782,-11.009793758392334,0.21428571428571427
37228,0,0,46084,-15.137684106826782,-11.009793758392334,0.21428571428571427
37229,0,0,46083,-15.137684106826782,-11.009793758392334,0.21428571428571427
37230,0,0,46082,-15.137684106826782,-11.009793758392334,0.21428571428571427
37231,0,0,46081,-15.137684106826782,-11.009793758392334,0.21428571428571427
37232,0,0,46080,-15.137684106826782,-11.009793758392334,0.21428571428571427
37233,0,0,46079,-15.137684106826782,-11.009793758392334,0.21428571428571427
37234,0,0,46078,-15.137684106826782,-11.009793758392334,0.21428571428571427
37235,0,0,46076,-15.137684106826782,-11.009793758392334,0.21428571428571427
37236,0,0,46066,-15.137684106826782,-11.009793758392334,0.21428571428571427
37237,0,0,46075,-15.137684106826782,-11.009793758392334,0.21428571428571427
37238,0,0,46074,-15.137684106826782,-11.009793758392334,0.21428571428571427
37239,0,0,46073,-15.137684106826782,-11.009793758392334,0.21428571428571427
37240,0,0,46072,-15.137684106826782,-11.009793758392334,0.21428571428571427
37241,0,0,46071,-15.137684106826782,-11.009793758392334,0.21428571428571427
37242,0,0,46070,-15.137684106826782,-11.009793758392334,0.21428571428571427
37243,0,0,46069,-15.137684106826782,-11.009793758392334,0.21428571428571427
37244,0,0,46068,-15.137684106826782,-11.009793758392334,0.21428571428571427
37245,0,0,46067,-15.137684106826782,-11.009793758392334,0.21428571428571427
37246,0,0,46065,-15.137684106826782,-11.009793758392334,0.21428571428571427
37247,0,0,46041,-15.137684106826782,-11.009793758392334,0.21428571428571427
37248,0,0,46040,-15.137684106826782,-11.009793758392334,0.21428571428571427
37249,0,0,46039,-15.137684106826782,-11.009793758392334,0.21428571428571427
37250,0,0,46014,-15.137684106826782,-11.009793758392334,0.21428571428571427
37251,0,0,46013,-15.137684106826782,-11.009793758392334,0.21428571428571427
37252,0,0,46012,-15.137684106826782,-11.009793758392334,0.21428571428571427
37253,0,0,46011,-15.137684106826782,-11.009793758392334,0.21428571428571427
37254,0,0,46010,-15.137684106826782,-11.009793758392334,0.21428571428571427
37255,0,0,46009,-15.137684106826782,-11.009793758392334,0.21428571428571427
37256,0,0,46008,-15.137684106826782,-11.009793758392334,0.21428571428571427
37257,0,0,46007,-15.137684106826782,-11.009793758392334,0.21428571428571427
37258,0,0,46006,-15.137684106826782,-11.009793758392334,0.21428571428571427
37259,0,0,46005,-15.137684106826782,-11.009793758392334,0.21428571428571427
37260,0,0,46004,-15.137684106826782,-11.009793758392334,0.21428571428571427
37261,0,0,46003,-15.137684106826782,-11.009793758392334,0.21428571428571427
37262,0,0,46002,-15.137684106826782,-11.009793758392334,0.21428571428571427
37263,0,0,46001,-15.137684106826782,-11.009793758392334,0.21428571428571427
37264,0,0,46000,-15.137684106826782,-11.009793758392334,0.21428571428571427
37265,0,0,45999,-15.137684106826782,-11.009793758392334,0.21428571428571427
37266,0,0,45998,-15.137684106826782,-11.009793758392334,0.21428571428571427
37267,0,0,45997,-15.137684106826782,-11.009793758392334,0.21428571428571427
37268,0,0,45996,-15.137684106826782,-11.009793758392334,0.21428571428571427
37269,0,0,45995,-15.137684106826782,-11.009793758392334,0.21428571428571427
37270,0,0,45994,-15.137684106826782,-11.009793758392334,0.21428571428571427
37271,0,0,46015,-15.137684106826782,-11.009793758392334,0.21428571428571427
37272,0,0,46016,-15.137684106826782,-11.009793758392334,0.21428571428571427
37273,0,0,46017,-15.137684106826782,-11.009793758392334,0.21428571428571427
37274,0,0,46029,-15.137684106826782,-11.009793758392334,0.21428571428571427
37275,0,0,46038,-15.137684106826782,-11.009793758392334,0.21428571428571427
37276,0,0,46037,-15.137684106826782,-11.009793758392334,0.21428571428571427
37277,0,0,46036,-15.137684106826782,-11.009793758392334,0.21428571428571427
37278,0,0,46035,-15.137684106826782,-11.009793758392334,0.21428571428571427
37279,0,0,46034,-15.137684106826782,-11.009793758392334,0.21428571428571427
37280,0,0,46033,-15.137684106826782,-11.009793758392334,0.21428571428571427
37281,0,0,46032,-15.137684106826782,-11.009793758392334,0.21428571428571427
37282,0,0,46031,-15.137684106826782,-11.009793758392334,0.21428571428571427
37283,0,0,46030,-15.137684106826782,-11.009793758392334,0.21428571428571427
37284,0,0,46028,-15.137684106826782,-11.009793758392334,0.21428571428571427
37285,0,0,46018,-15.137684106826782,-11.009793758392334,0.21428571428571427
37286,0,0,46027,-15.137684106826782,-11.009793758392334,0.21428571428571427
37287,0,0,46026,-15.137684106826782,-11.009793758392334,0.21428571428571427
37288,0,0,46025,-15.137684106826782,-11.009793758392334,0.21428571428571427
37289,0,0,46024,-15.137684106826782,-11.009793758392334,0.21428571428571427
37290,0,0,46023,-15.137684106826782,-11.009793758392334,0.21428571428571427
37291,0,0,46022,-15.137684106826782,-11.009793758392334,0.21428571428571427
37292,0,0,46021,-15.137684106826782,-11.009793758392334,0.21428571428571427
37293,0,0,46020,-15.137684106826782,-11.009793758392334,0.21428571428571427
37294,0,0,46019,-15.137684106826782,-11.009793758392334,0.21428571428571427
37295,0,0,45943,-15.137684106826782,-11.009793758392334,0.21428571428571427
37296,0,0,45893,-15.137684106826782,-11.009793758392334,0.21428571428571427
37297,0,0,45748,-15.137684106826782,-11.009793758392334,0.21428571428571427
37298,0,0,45892,-15.137684106826782,-11.009793758392334,0.21428571428571427
37299,0,0,45770,-15.137684106826782,-11.009793758392334,0.21428571428571427
37300,0,0,45769,-15.137684106826782,-11.009793758392334,0.21428571428571427
37301,0,0,45768,-15.137684106826782,-11.009793758392334,0.21428571428571427
37302,0,0,45767,-15.137684106826782,-11.009793758392334,0.21428571428571427
37303,0,0,45766,-15.137684106826782,-11.009793758392334,0.21428571428571427
37304,0,0,45765,-15.137684106826782,-11.009793758392334,0.21428571428571427
37305,0,0,45764,-15.137684106826782,-11.009793758392334,0.21428571428571427
37306,0,0,45763,-15.137684106826782,-11.009793758392334,0.21428571428571427
37307,0,0,45762,-15.137684106826782,-11.009793758392334,0.21428571428571427
37308,0,0,45761,-15.137684106826782,-11.009793758392334,0.21428571428571427
37309,0,0,45760,-15.137684106826782,-11.009793758392334,0.21428571428571427
37310,0,0,45759,-15.137684106826782,-11.009793758392334,0.21428571428571427
37311,0,0,45758,-15.137684106826782,-11.009793758392334,0.21428571428571427
37312,0,0,45757,-15.137684106826782,-11.009793758392334,0.21428571428571427
37313,0,0,45756,-15.137684106826782,-11.009793758392334,0.21428571428571427
37314,0,0,45755,-15.137684106826782,-11.009793758392334,0.21428571428571427
37315,0,0,45754,-15.137684106826782,-11.009793758392334,0.21428571428571427
37316,0,0,45753,-15.137684106826782,-11.009793758392334,0.21428571428571427
37317,0,0,45752,-15.137684106826782,-11.009793758392334,0.21428571428571427
37318,0,0,45751,-15.137684106826782,-11.009793758392334,0.21428571428571427
37319,0,0,45750,-15.137684106826782,-11.009793758392334,0.21428571428571427
37320,0,0,45771,-15.137684106826782,-11.009793758392334,0.21428571428571427
37321,0,0,45772,-15.137684106826782,-11.009793758392334,0.21428571428571427
37322,0,0,45773,-15.137684106826782,-11.009793758392334,0.21428571428571427
37323,0,0,45785,-15.137684106826782,-11.009793758392334,0.21428571428571427
37324,0,0,45794,-15.137684106826782,-11.009793758392334,0.21428571428571427
37325,0,0,45793,-15.137684106826782,-11.009793758392334,0.21428571428571427
37326,0,0,45792,-15.137684106826782,-11.009793758392334,0.21428571428571427
37327,0,0,45791,-15.137684106826782,-11.009793758392334,0.21428571428571427
37328,0,0,45790,-15.137684106826782,-11.009793758392334,0.21428571428571427
37329,0,0,45789,-15.137684106826782,-11.009793758392334,0.21428571428571427
37330,0,0,45788,-15.137684106826782,-11.009793758392334,0.21428571428571427
37331,0,0,45787,-15.137684106826782,-11.009793758392334,0.21428571428571427
37332,0,0,45786,-15.137684106826782,-11.009793758392334,0.21428571428571427
37333,0,0,45784,-15.137684106826782,-11.009793758392334,0.21428571428571427
37334,0,0,45774,-15.137684106826782,-11.009793758392334,0.21428571428571427
37335,0,0,45783,-15.137684106826782,-11.009793758392334,0.21428571428571427
37336,0,0,45782,-15.137684106826782,-11.009793758392334,0.21428571428571427
37337,0,0,45781,-15.137684106826782,-11.009793758392334,0.21428571428571427
37338,0,0,45780,-15.137684106826782,-11.009793758392334,0.21428571428571427
37339,0,0,45779,-15.137684106826782,-11.009793758392334,0.21428571428571427
37340,0,0,45778,-15.137684106826782,-11.009793758392334,0.21428571428571427
37341,0,0,45777,-15.137684106826782,-11.009793758392334,0.21428571428571427
37342,0,0,45776,-15.137684106826782,-11.009793758392334,0.21428571428571427
37343,0,0,45775,-15.137684106826782,-11.009793758392334,0.21428571428571427
37344,0,0,45749,-15.137684106826782,-11.009793758392334,0.21428571428571427
37345,0,0,45747,-15.137684106826782,-11.009793758392334,0.21428571428571427
37346,0,0,45700,-15.137684106826782,-11.009793758392334,0.21428571428571427
37347,0,0,45746,-15.137684106826782,-11.009793758392334,0.21428571428571427
37348,0,0,45721,-15.137684106826782,-11.009793758392334,0.21428571428571427
37349,0,0,45720,-15.137684106826782,-11.009793758392334,0.21428571428571427
37350,0,0,45719,-15.137684106826782,-11.009793758392334,0.21428571428571427
37351,0,0,45718,-15.137684106826782,-11.009793758392334,0.21428571428571427
37352,0,0,45717,-15.137684106826782,-11.009793758392334,0.21428571428571427
37353,0,0,45716,-15.137684106826782,-11.009793758392334,0.21428571428571427
37354,0,0,45715,-15.137684106826782,-11.009793758392334,0.21428571428571427
37355,0,0,45714,-15.137684106826782,-11.009793758392334,0.21428571428571427
37356,0,0,45713,-15.137684106826782,-11.009793758392334,0.21428571428571427
37357,0,0,45712,-15.137684106826782,-11.009793758392334,0.21428571428571427
37358,0,0,45711,-15.137684106826782,-11.009793758392334,0.21428571428571427
37359,0,0,45710,-15.137684106826782,-11.009793758392334,0.21428571428571427
37360,0,0,45709,-15.137684106826782,-11.009793758392334,0.21428571428571427
37361,0,0,45708,-15.137684106826782,-11.009793758392334,0.21428571428571427
37362,0,0,45707,-15.137684106826782,-11.009793758392334,0.21428571428571427
37363,0,0,45706,-15.137684106826782,-11.009793758392334,0.21428571428571427
37364,0,0,45705,-15.137684106826782,-11.009793758392334,0.21428571428571427
37365,0,0,45704,-15.137684106826782,-11.009793758392334,0.21428571428571427
37366,0,0,45703,-15.137684106826782,-11.009793758392334,0.21428571428571427
37367,0,0,45702,-15.137684106826782,-11.009793758392334,0.21428571428571427
37368,0,0,45701,-15.137684106826782,-11.009793758392334,0.21428571428571427
37369,0,0,45722,-15.137684106826782,-11.009793758392334,0.21428571428571427
37370,0,0,45723,-15.137684106826782,-11.009793758392334,0.21428571428571427
37371,0,0,45724,-15.137684106826782,-11.009793758392334,0.21428571428571427
37372,0,0,45736,-15.137684106826782,-11.009793758392334,0.21428571428571427
37373,0,0,45745,-15.137684106826782,-11.009793758392334,0.21428571428571427
37374,0,0,45744,-15.137684106826782,-11.009793758392334,0.21428571428571427
37375,0,0,45743,-15.137684106826782,-11.009793758392334,0.21428571428571427
37376,0,0,45742,-15.137684106826782,-11.009793758392334,0.21428571428571427
37377,0,0,45741,-15.137684106826782,-11.009793758392334,0.21428571428571427
37378,0,0,45740,-15.137684106826782,-11.009793758392334,0.21428571428571427
37379,0,0,45739,-15.137684106826782,-11.009793758392334,0.21428571428571427
37380,0,0,45738,-15.137684106826782,-11.009793758392334,0.21428571428571427
37381,0,0,45737,-15.137684106826782,-11.009793758392334,0.21428571428571427
37382,0,0,45735,-15.137684106826782,-11.009793758392334,0.21428571428571427
37383,0,0,45725,-15.137684106826782,-11.009793758392334,0.21428571428571427
37384,0,0,45734,-15.137684106826782,-11.009793758392334,0.21428571428571427
37385,0,0,45733,-15.137684106826782,-11.009793758392334,0.21428571428571427
37386,0,0,45732,-15.137684106826782,-11.009793758392334,0.21428571428571427
37387,0,0,45731,-15.137684106826782,-11.009793758392334,0.21428571428571427
37388,0,0,45730,-15.137684106826782,-11.009793758392334,0.21428571428571427
37389,0,0,45729,-15.137684106826782,-11.009793758392334,0.21428571428571427
37390,0,0,45728,-15.137684106826782,-11.009793758392334,0.21428571428571427
37391,0,0,45727,-15.137684106826782,-11.009793758392334,0.21428571428571427
37392,0,0,45726,-15.137684106826782,-11.009793758392334,0.21428571428571427
37393,0,0,45795,-15.137684106826782,-11.009793758392334,0.21428571428571427
37394,0,0,45796,-15.137684106826782,-11.009793758392334,0.21428571428571427
37395,0,0,45797,-15.137684106826782,-11.009793758392334,0.21428571428571427
37396,0,0,45798,-15.137684106826782,-11.009793758392334,0.21428571428571427
37397,0,0,45867,-15.137684106826782,-11.009793758392334,0.21428571428571427
37398,0,0,45866,-15.137684106826782,-11.009793758392334,0.21428571428571427
37399,0,0,45865,-15.137684106826782,-11.009793758392334,0.21428571428571427
37400,0,0,45864,-15.137684106826782,-11.009793758392334,0.21428571428571427
37401,0,0,45863,-15.137684106826782,-11.009793758392334,0.21428571428571427
37402,0,0,45862,-15.137684106826782,-11.009793758392334,0.21428571428571427
37403,0,0,45861,-15.137684106826782,-11.009793758392334,0.21428571428571427
37404,0,0,45860,-15.137684106826782,-11.009793758392334,0.21428571428571427
37405,0,0,45859,-15.137684106826782,-11.009793758392334,0.21428571428571427
37406,0,0,45857,-15.137684106826782,-11.009793758392334,0.21428571428571427
37407,0,0,45847,-15.137684106826782,-11.009793758392334,0.21428571428571427
37408,0,0,45856,-15.137684106826782,-11.009793758392334,0.21428571428571427
37409,0,0,45855,-15.137684106826782,-11.009793758392334,0.21428571428571427
37410,0,0,45854,-15.137684106826782,-11.009793758392334,0.21428571428571427
37411,0,0,45853,-15.137684106826782,-11.009793758392334,0.21428571428571427
37412,0,0,45852,-15.137684106826782,-11.009793758392334,0.21428571428571427
37413,0,0,45851,-15.137684106826782,-11.009793758392334,0.21428571428571427
37414,0,0,45850,-15.137684106826782,-11.009793758392334,0.21428571428571427
37415,0,0,45849,-15.137684106826782,-11.009793758392334,0.21428571428571427
37416,0,0,45848,-15.137684106826782,-11.009793758392334,0.21428571428571427
37417,0,0,45868,-15.137684106826782,-11.009793758392334,0.21428571428571427
37418,0,0,45858,-15.137684106826782,-11.009793758392334,0.21428571428571427
37419,0,0,45869,-15.137684106826782,-11.009793758392334,0.21428571428571427
37420,0,0,45882,-15.137684106826782,-11.009793758392334,0.21428571428571427
37421,0,0,45891,-15.137684106826782,-11.009793758392334,0.21428571428571427
37422,0,0,45890,-15.137684106826782,-11.009793758392334,0.21428571428571427
37423,0,0,45889,-15.137684106826782,-11.009793758392334,0.21428571428571427
37424,0,0,45888,-15.137684106826782,-11.009793758392334,0.21428571428571427
37425,0,0,45887,-15.137684106826782,-11.009793758392334,0.21428571428571427
37426,0,0,45886,-15.137684106826782,-11.009793758392334,0.21428571428571427
37427,0,0,45885,-15.137684106826782,-11.009793758392334,0.21428571428571427
37428,0,0,45884,-15.137684106826782,-11.009793758392334,0.21428571428571427
37429,0,0,45883,-15.137684106826782,-11.009793758392334,0.21428571428571427
37430,0,0,45881,-15.137684106826782,-11.009793758392334,0.21428571428571427
37431,0,0,45871,-15.137684106826782,-11.009793758392334,0.21428571428571427
37432,0,0,45880,-15.137684106826782,-11.009793758392334,0.21428571428571427
37433,0,0,45879,-15.137684106826782,-11.009793758392334,0.21428571428571427
37434,0,0,45878,-15.137684106826782,-11.009793758392334,0.21428571428571427
37435,0,0,45877,-15.137684106826782,-11.009793758392334,0.21428571428571427
37436,0,0,45876,-15.137684106826782,-11.009793758392334,0.21428571428571427
37437,0,0,45875,-15.137684106826782,-11.009793758392334,0.21428571428571427
37438,0,0,45874,-15.137684106826782,-11.009793758392334,0.21428571428571427
37439,0,0,45873,-15.137684106826782,-11.009793758392334,0.21428571428571427
37440,0,0,45872,-15.137684106826782,-11.009793758392334,0.21428571428571427
37441,0,0,45870,-15.137684106826782,-11.009793758392334,0.21428571428571427
37442,0,0,45846,-15.137684106826782,-11.009793758392334,0.21428571428571427
37443,0,0,45845,-15.137684106826782,-11.009793758392334,0.21428571428571427
37444,0,0,45844,-15.137684106826782,-11.009793758392334,0.21428571428571427
37445,0,0,45819,-15.137684106826782,-11.009793758392334,0.21428571428571427
37446,0,0,45818,-15.137684106826782,-11.009793758392334,0.21428571428571427
37447,0,0,45817,-15.137684106826782,-11.009793758392334,0.21428571428571427
37448,0,0,45816,-15.137684106826782,-11.009793758392334,0.21428571428571427
37449,0,0,45815,-15.137684106826782,-11.009793758392334,0.21428571428571427
37450,0,0,45814,-15.137684106826782,-11.009793758392334,0.21428571428571427
37451,0,0,45813,-15.137684106826782,-11.009793758392334,0.21428571428571427
37452,0,0,45812,-15.137684106826782,-11.009793758392334,0.21428571428571427
37453,0,0,45811,-15.137684106826782,-11.009793758392334,0.21428571428571427
37454,0,0,45810,-15.137684106826782,-11.009793758392334,0.21428571428571427
37455,0,0,45809,-15.137684106826782,-11.009793758392334,0.21428571428571427
37456,0,0,45808,-15.137684106826782,-11.009793758392334,0.21428571428571427
37457,0,0,45807,-15.137684106826782,-11.009793758392334,0.21428571428571427
37458,0,0,45806,-15.137684106826782,-11.009793758392334,0.21428571428571427
37459,0,0,45805,-15.137684106826782,-11.009793758392334,0.21428571428571427
37460,0,0,45804,-15.137684106826782,-11.009793758392334,0.21428571428571427
37461,0,0,45803,-15.137684106826782,-11.009793758392334,0.21428571428571427
37462,0,0,45802,-15.137684106826782,-11.009793758392334,0.21428571428571427
37463,0,0,45801,-15.137684106826782,-11.009793758392334,0.21428571428571427
37464,0,0,45800,-15.137684106826782,-11.009793758392334,0.21428571428571427
37465,0,0,45799,-15.137684106826782,-11.009793758392334,0.21428571428571427
37466,0,0,45820,-15.137684106826782,-11.009793758392334,0.21428571428571427
37467,0,0,45821,-15.137684106826782,-11.009793758392334,0.21428571428571427
37468,0,0,45822,-15.137684106826782,-11.009793758392334,0.21428571428571427
37469,0,0,45834,-15.137684106826782,-11.009793758392334,0.21428571428571427
37470,0,0,45843,-15.137684106826782,-11.009793758392334,0.21428571428571427
37471,0,0,45842,-15.137684106826782,-11.009793758392334,0.21428571428571427
37472,0,0,45841,-15.137684106826782,-11.009793758392334,0.21428571428571427
37473,0,0,45840,-15.137684106826782,-11.009793758392334,0.21428571428571427
37474,0,0,45839,-15.137684106826782,-11.009793758392334,0.21428571428571427
37475,0,0,45838,-15.137684106826782,-11.009793758392334,0.21428571428571427
37476,0,0,45837,-15.137684106826782,-11.009793758392334,0.21428571428571427
37477,0,0,45836,-15.137684106826782,-11.009793758392334,0.21428571428571427
37478,0,0,45835,-15.137684106826782,-11.009793758392334,0.21428571428571427
37479,0,0,45833,-15.137684106826782,-11.009793758392334,0.21428571428571427
37480,0,0,45823,-15.137684106826782,-11.009793758392334,0.21428571428571427
37481,0,0,45832,-15.137684106826782,-11.009793758392334,0.21428571428571427
37482,0,0,45831,-15.137684106826782,-11.009793758392334,0.21428571428571427
37483,0,0,45830,-15.137684106826782,-11.009793758392334,0.21428571428571427
37484,0,0,45829,-15.137684106826782,-11.009793758392334,0.21428571428571427
37485,0,0,45828,-15.137684106826782,-11.009793758392334,0.21428571428571427
37486,0,0,45827,-15.137684106826782,-11.009793758392334,0.21428571428571427
37487,0,0,45826,-15.137684106826782,-11.009793758392334,0.21428571428571427
37488,0,0,45825,-15.137684106826782,-11.009793758392334,0.21428571428571427
37489,0,0,45824,-15.137684106826782,-11.009793758392334,0.21428571428571427
37490,0,0,43746,-15.137684106826782,-11.009793758392334,0.21428571428571427
37491,0,0,37498,-15.137684106826782,-11.009793758392334,0.21428571428571427
37492,0,0,37497,-15.137684106826782,-11.009793758392334,0.21428571428571427
37493,0,0,37496,-15.137684106826782,-11.009793758392334,0.21428571428571427
37494,0,0,29174,-15.137684106826782,-11.009793758392334,0.21428571428571427
37495,0,0,29173,-15.137684106826782,-11.009793758392334,0.21428571428571427
37496,0,0,29172,-15.137684106826782,-11.009793758392334,0.21428571428571427
37497,0,0,29171,-15.137684106826782,-11.009793758392334,0.21428571428571427
37498,0,0,29170,-15.137684106826782,-11.009793758392334,0.21428571428571427
37499,0,0,29169,-15.137684106826782,-11.009793758392334,0.21428571428571427
37500,0,0,29168,-15.137684106826782,-11.009793758392334,0.21428571428571427
37501,0,0,29167,-15.137684106826782,-11.009793758392334,0.21428571428571427
37502,0,0,29166,-15.137684106826782,-11.009793758392334,0.21428571428571427
37503,0,0,29165,-15.137684106826782,-11.009793758392334,0.21428571428571427
37504,0,0,29164,-15.137684106826782,-11.009793758392334,0.21428571428571427
37505,0,0,29163,-15.137684106826782,-11.009793758392334,0.21428571428571427
37506,0,0,29162,-15.137684106826782,-11.009793758392334,0.21428571428571427
37507,0,0,29161,-15.137684106826782,-11.009793758392334,0.21428571428571427
37508,0,0,29160,-15.137684106826782,-11.009793758392334,0.21428571428571427
37509,0,0,29159,-15.137684106826782,-11.009793758392334,0.21428571428571427
37510,0,0,29158,-15.137684106826782,-11.009793758392334,0.21428571428571427
37511,0,0,29157,-15.137684106826782,-11.009793758392334,0.21428571428571427
37512,0,0,29156,-15.137684106826782,-11.009793758392334,0.21428571428571427
37513,0,0,29155,-15.137684106826782,-11.009793758392334,0.21428571428571427
37514,0,0,29154,-15.137684106826782,-11.009793758392334,0.21428571428571427
37515,0,0,29175,-15.137684106826782,-11.009793758392334,0.21428571428571427
37516,0,0,29176,-15.137684106826782,-11.009793758392334,0.21428571428571427
37517,0,0,29177,-15.137684106826782,-11.009793758392334,0.21428571428571427
37518,0,0,29189,-15.137684106826782,-11.009793758392334,0.21428571428571427
37519,0,0,29198,-15.137684106826782,-11.009793758392334,0.21428571428571427
37520,0,0,29197,-15.137684106826782,-11.009793758392334,0.21428571428571427
37521,0,0,29196,-15.137684106826782,-11.009793758392334,0.21428571428571427
37522,0,0,29195,-15.137684106826782,-11.009793758392334,0.21428571428571427
37523,0,0,29194,-15.137684106826782,-11.009793758392334,0.21428571428571427
37524,0,0,29193,-15.137684106826782,-11.009793758392334,0.21428571428571427
37525,0,0,29192,-15.137684106826782,-11.009793758392334,0.21428571428571427
37526,0,0,29191,-15.137684106826782,-11.009793758392334,0.21428571428571427
37527,0,0,29190,-15.137684106826782,-11.009793758392334,0.21428571428571427
37528,0,0,29188,-15.137684106826782,-11.009793758392334,0.21428571428571427
37529,0,0,29178,-15.137684106826782,-11.009793758392334,0.21428571428571427
37530,0,0,29187,-15.137684106826782,-11.009793758392334,0.21428571428571427
37531,0,0,29186,-15.137684106826782,-11.009793758392334,0.21428571428571427
37532,0,0,29185,-15.137684106826782,-11.009793758392334,0.21428571428571427
37533,0,0,29184,-15.137684106826782,-11.009793758392334,0.21428571428571427
37534,0,0,29183,-15.137684106826782,-11.009793758392334,0.21428571428571427
37535,0,0,29182,-15.137684106826782,-11.009793758392334,0.21428571428571427
37536,0,0,29181,-15.137684106826782,-11.009793758392334,0.21428571428571427
37537,0,0,29180,-15.137684106826782,-11.009793758392334,0.21428571428571427
37538,0,0,29179,-15.137684106826782,-11.009793758392334,0.21428571428571427
37539,0,0,29153,-15.137684106826782,-11.009793758392334,0.21428571428571427
37540,0,0,29151,-15.137684106826782,-11.009793758392334,0.21428571428571427
37541,0,0,29104,-15.137684106826782,-11.009793758392334,0.21428571428571427
37542,0,0,29150,-15.137684106826782,-11.009793758392334,0.21428571428571427
37543,0,0,29125,-15.137684106826782,-11.009793758392334,0.21428571428571427
37544,0,0,29124,-15.137684106826782,-11.009793758392334,0.21428571428571427
37545,0,0,29123,-15.137684106826782,-11.009793758392334,0.21428571428571427
37546,0,0,29122,-15.137684106826782,-11.009793758392334,0.21428571428571427
37547,0,0,29121,-15.137684106826782,-11.009793758392334,0.21428571428571427
37548,0,0,29120,-15.137684106826782,-11.009793758392334,0.21428571428571427
37549,0,0,29119,-15.137684106826782,-11.009793758392334,0.21428571428571427
37550,0,0,29118,-15.137684106826782,-11.009793758392334,0.21428571428571427
37551,0,0,29117,-15.137684106826782,-11.009793758392334,0.21428571428571427
37552,0,0,29116,-15.137684106826782,-11.009793758392334,0.21428571428571427
37553,0,0,29115,-15.137684106826782,-11.009793758392334,0.21428571428571427
37554,0,0,29114,-15.137684106826782,-11.009793758392334,0.21428571428571427
37555,0,0,29113,-15.137684106826782,-11.009793758392334,0.21428571428571427
37556,0,0,29112,-15.137684106826782,-11.009793758392334,0.21428571428571427
37557,0,0,29111,-15.137684106826782,-11.009793758392334,0.21428571428571427
37558,0,0,29110,-15.137684106826782,-11.009793758392334,0.21428571428571427
37559,0,0,29109,-15.137684106826782,-11.009793758392334,0.21428571428571427
37560,0,0,29108,-15.137684106826782,-11.009793758392334,0.21428571428571427
37561,0,0,29107,-15.137684106826782,-11.009793758392334,0.21428571428571427
37562,0,0,29106,-15.137684106826782,-11.009793758392334,0.21428571428571427
37563,0,0,29105,-15.137684106826782,-11.009793758392334,0.21428571428571427
37564,0,0,29126,-15.137684106826782,-11.009793758392334,0.21428571428571427
37565,0,0,29127,-15.137684106826782,-11.009793758392334,0.21428571428571427
37566,0,0,29128,-15.137684106826782,-11.009793758392334,0.21428571428571427
37567,0,0,29140,-15.137684106826782,-11.009793758392334,0.21428571428571427
37568,0,0,29149,-15.137684106826782,-11.009793758392334,0.21428571428571427
37569,0,0,29148,-15.137684106826782,-11.009793758392334,0.21428571428571427
37570,0,0,29147,-15.137684106826782,-11.009793758392334,0.21428571428571427
37571,0,0,29146,-15.137684106826782,-11.009793758392334,0.21428571428571427
37572,0,0,29145,-15.137684106826782,-11.009793758392334,0.21428571428571427
37573,0,0,29144,-15.137684106826782,-11.009793758392334,0.21428571428571427
37574,0,0,29143,-15.137684106826782,-11.009793758392334,0.21428571428571427
37575,0,0,29142,-15.137684106826782,-11.009793758392334,0.21428571428571427
37576,0,0,29141,-15.137684106826782,-11.009793758392334,0.21428571428571427
37577,0,0,29139,-15.137684106826782,-11.009793758392334,0.21428571428571427
37578,0,0,29129,-15.137684106826782,-11.009793758392334,0.21428571428571427
37579,0,0,29138,-15.137684106826782,-11.009793758392334,0.21428571428571427
37580,0,0,29137,-15.137684106826782,-11.009793758392334,0.21428571428571427
37581,0,0,29136,-15.137684106826782,-11.009793758392334,0.21428571428571427
37582,0,0,29135,-15.137684106826782,-11.009793758392334,0.21428571428571427
37583,0,0,29134,-15.137684106826782,-11.009793758392334,0.21428571428571427
37584,0,0,29133,-15.137684106826782,-11.009793758392334,0.21428571428571427
37585,0,0,29132,-15.137684106826782,-11.009793758392334,0.21428571428571427
37586,0,0,29131,-15.137684106826782,-11.009793758392334,0.21428571428571427
37587,0,0,29130,-15.137684106826782,-11.009793758392334,0.21428571428571427
37588,0,0,29199,-15.137684106826782,-11.009793758392334,0.21428571428571427
37589,0,0,29200,-15.137684106826782,-11.009793758392334,0.21428571428571427
37590,0,0,29201,-15.137684106826782,-11.009793758392334,0.21428571428571427
37591,0,0,29202,-15.137684106826782,-11.009793758392334,0.21428571428571427
37592,0,0,29271,-15.137684106826782,-11.009793758392334,0.21428571428571427
37593,0,0,29270,-15.137684106826782,-11.009793758392334,0.21428571428571427
37594,0,0,29269,-15.137684106826782,-11.009793758392334,0.21428571428571427
37595,0,0,29268,-15.137684106826782,-11.009793758392334,0.21428571428571427
37596,0,0,29267,-15.137684106826782,-11.009793758392334,0.21428571428571427
37597,0,0,29266,-15.137684106826782,-11.009793758392334,0.21428571428571427
37598,0,0,29265,-15.137684106826782,-11.009793758392334,0.21428571428571427
37599,0,0,29264,-15.137684106826782,-11.009793758392334,0.21428571428571427
37600,0,0,29263,-15.137684106826782,-11.009793758392334,0.21428571428571427
37601,0,0,29261,-15.137684106826782,-11.009793758392334,0.21428571428571427
37602,0,0,29251,-15.137684106826782,-11.009793758392334,0.21428571428571427
37603,0,0,29260,-15.137684106826782,-11.009793758392334,0.21428571428571427
37604,0,0,29259,-15.137684106826782,-11.009793758392334,0.21428571428571427
37605,0,0,29258,-15.137684106826782,-11.009793758392334,0.21428571428571427
37606,0,0,29257,-15.137684106826782,-11.009793758392334,0.21428571428571427
37607,0,0,29256,-15.137684106826782,-11.009793758392334,0.21428571428571427
37608,0,0,29255,-15.137684106826782,-11.009793758392334,0.21428571428571427
37609,0,0,29254,-15.137684106826782,-11.009793758392334,0.21428571428571427
37610,0,0,29253,-15.137684106826782,-11.009793758392334,0.21428571428571427
37611,0,0,29252,-15.137684106826782,-11.009793758392334,0.21428571428571427
37612,0,0,29272,-15.137684106826782,-11.009793758392334,0.21428571428571427
37613,0,0,29262,-15.137684106826782,-11.009793758392334,0.21428571428571427
37614,0,0,29273,-15.137684106826782,-11.009793758392334,0.21428571428571427
37615,0,0,29286,-15.137684106826782,-11.009793758392334,0.21428571428571427
37616,0,0,29295,-15.137684106826782,-11.009793758392334,0.21428571428571427
37617,0,0,29294,-15.137684106826782,-11.009793758392334,0.21428571428571427
37618,0,0,29293,-15.137684106826782,-11.009793758392334,0.21428571428571427
37619,0,0,29292,-15.137684106826782,-11.009793758392334,0.21428571428571427
37620,0,0,29291,-15.137684106826782,-11.009793758392334,0.21428571428571427
37621,0,0,29290,-15.137684106826782,-11.009793758392334,0.21428571428571427
37622,0,0,29289,-15.137684106826782,-11.009793758392334,0.21428571428571427
37623,0,0,29288,-15.137684106826782,-11.009793758392334,0.21428571428571427
37624,0,0,29287,-15.137684106826782,-11.009793758392334,0.21428571428571427
37625,0,0,29285,-15.137684106826782,-11.009793758392334,0.21428571428571427
37626,0,0,29275,-15.137684106826782,-11.009793758392334,0.21428571428571427
37627,0,0,29284,-15.137684106826782,-11.009793758392334,0.21428571428571427
37628,0,0,29283,-15.137684106826782,-11.009793758392334,0.21428571428571427
37629,0,0,29282,-15.137684106826782,-11.009793758392334,0.21428571428571427
37630,0,0,29281,-15.137684106826782,-11.009793758392334,0.21428571428571427
37631,0,0,29280,-15.137684106826782,-11.009793758392334,0.21428571428571427
37632,0,0,29279,-15.137684106826782,-11.009793758392334,0.21428571428571427
37633,0,0,29278,-15.137684106826782,-11.009793758392334,0.21428571428571427
37634,0,0,29277,-15.137684106826782,-11.009793758392334,0.21428571428571427
37635,0,0,29276,-15.137684106826782,-11.009793758392334,0.21428571428571427
37636,0,0,29274,-15.137684106826782,-11.009793758392334,0.21428571428571427
37637,0,0,29250,-15.137684106826782,-11.009793758392334,0.21428571428571427
37638,0,0,29249,-15.137684106826782,-11.009793758392334,0.21428571428571427
37639,0,0,29248,-15.137684106826782,-11.009793758392334,0.21428571428571427
37640,0,0,29223,-15.137684106826782,-11.009793758392334,0.21428571428571427
37641,0,0,29222,-15.137684106826782,-11.009793758392334,0.21428571428571427
37642,0,0,29221,-15.137684106826782,-11.009793758392334,0.21428571428571427
37643,0,0,29220,-15.137684106826782,-11.009793758392334,0.21428571428571427
37644,0,0,29219,-15.137684106826782,-11.009793758392334,0.21428571428571427
37645,0,0,29218,-15.137684106826782,-11.009793758392334,0.21428571428571427
37646,0,0,29217,-15.137684106826782,-11.009793758392334,0.21428571428571427
37647,0,0,29216,-15.137684106826782,-11.009793758392334,0.21428571428571427
37648,0,0,29215,-15.137684106826782,-11.009793758392334,0.21428571428571427
37649,0,0,29214,-15.137684106826782,-11.009793758392334,0.21428571428571427
37650,0,0,29213,-15.137684106826782,-11.009793758392334,0.21428571428571427
37651,0,0,29212,-15.137684106826782,-11.009793758392334,0.21428571428571427
37652,0,0,29211,-15.137684106826782,-11.009793758392334,0.21428571428571427
37653,0,0,29210,-15.137684106826782,-11.009793758392334,0.21428571428571427
37654,0,0,29209,-15.137684106826782,-11.009793758392334,0.21428571428571427
37655,0,0,29208,-15.137684106826782,-11.009793758392334,0.21428571428571427
37656,0,0,29207,-15.137684106826782,-11.009793758392334,0.21428571428571427
37657,0,0,29206,-15.137684106826782,-11.009793758392334,0.21428571428571427
37658,0,0,29205,-15.137684106826782,-11.009793758392334,0.21428571428571427
37659,0,0,29204,-15.137684106826782,-11.009793758392334,0.21428571428571427
37660,0,0,29203,-15.137684106826782,-11.009793758392334,0.21428571428571427
37661,0,0,29224,-15.137684106826782,-11.009793758392334,0.21428571428571427
37662,0,0,29225,-15.137684106826782,-11.009793758392334,0.21428571428571427
37663,0,0,29226,-15.137684106826782,-11.009793758392334,0.21428571428571427
37664,0,0,29238,-15.137684106826782,-11.009793758392334,0.21428571428571427
37665,0,0,29247,-15.137684106826782,-11.009793758392334,0.21428571428571427
37666,0,0,29246,-15.137684106826782,-11.009793758392334,0.21428571428571427
37667,0,0,29245,-15.137684106826782,-11.009793758392334,0.21428571428571427
37668,0,0,29244,-15.137684106826782,-11.009793758392334,0.21428571428571427
37669,0,0,29243,-15.137684106826782,-11.009793758392334,0.21428571428571427
37670,0,0,29242,-15.137684106826782,-11.009793758392334,0.21428571428571427
37671,0,0,29241,-15.137684106826782,-11.009793758392334,0.21428571428571427
37672,0,0,29240,-15.137684106826782,-11.009793758392334,0.21428571428571427
37673,0,0,29239,-15.137684106826782,-11.009793758392334,0.21428571428571427
37674,0,0,29237,-15.137684106826782,-11.009793758392334,0.21428571428571427
37675,0,0,29227,-15.137684106826782,-11.009793758392334,0.21428571428571427
37676,0,0,29236,-15.137684106826782,-11.009793758392334,0.21428571428571427
37677,0,0,29235,-15.137684106826782,-11.009793758392334,0.21428571428571427
37678,0,0,29234,-15.137684106826782,-11.009793758392334,0.21428571428571427
37679,0,0,29233,-15.137684106826782,-11.009793758392334,0.21428571428571427
37680,0,0,29232,-15.137684106826782,-11.009793758392334,0.21428571428571427
37681,0,0,29231,-15.137684106826782,-11.009793758392334,0.21428571428571427
37682,0,0,29230,-15.137684106826782,-11.009793758392334,0.21428571428571427
37683,0,0,29229,-15.137684106826782,-11.009793758392334,0.21428571428571427
37684,0,0,29228,-15.137684106826782,-11.009793758392334,0.21428571428571427
37685,0,0,29152,-15.137684106826782,-11.009793758392334,0.21428571428571427
37686,0,0,29103,-15.137684106826782,-11.009793758392334,0.21428571428571427
37687,0,0,29102,-15.137684106826782,-11.009793758392334,0.21428571428571427
37688,0,0,29101,-15.137684106826782,-11.009793758392334,0.21428571428571427
37689,0,0,28978,-15.137684106826782,-11.009793758392334,0.21428571428571427
37690,0,0,28977,-15.137684106826782,-11.009793758392334,0.21428571428571427
37691,0,0,28976,-15.137684106826782,-11.009793758392334,0.21428571428571427
37692,0,0,28975,-15.137684106826782,-11.009793758392334,0.21428571428571427
37693,0,0,28974,-15.137684106826782,-11.009793758392334,0.21428571428571427
37694,0,0,28973,-15.137684106826782,-11.009793758392334,0.21428571428571427
37695,0,0,28972,-15.137684106826782,-11.009793758392334,0.21428571428571427
37696,0,0,28971,-15.137684106826782,-11.009793758392334,0.21428571428571427
37697,0,0,28970,-15.137684106826782,-11.009793758392334,0.21428571428571427
37698,0,0,28969,-15.137684106826782,-11.009793758392334,0.21428571428571427
37699,0,0,28968,-15.137684106826782,-11.009793758392334,0.21428571428571427
37700,0,0,28967,-15.137684106826782,-11.009793758392334,0.21428571428571427
37701,0,0,28966,-15.137684106826782,-11.009793758392334,0.21428571428571427
37702,0,0,28965,-15.137684106826782,-11.009793758392334,0.21428571428571427
37703,0,0,28964,-15.137684106826782,-11.009793758392334,0.21428571428571427
37704,0,0,28963,-15.137684106826782,-11.009793758392334,0.21428571428571427
37705,0,0,28962,-15.137684106826782,-11.009793758392334,0.21428571428571427
37706,0,0,28961,-15.137684106826782,-11.009793758392334,0.21428571428571427
37707,0,0,28960,-15.137684106826782,-11.009793758392334,0.21428571428571427
37708,0,0,28959,-15.137684106826782,-11.009793758392334,0.21428571428571427
37709,0,0,28958,-15.137684106826782,-11.009793758392334,0.21428571428571427
37710,0,0,28979,-15.137684106826782,-11.009793758392334,0.21428571428571427
37711,0,0,28980,-15.137684106826782,-11.009793758392334,0.21428571428571427
37712,0,0,28981,-15.137684106826782,-11.009793758392334,0.21428571428571427
37713,0,0,28993,-15.137684106826782,-11.009793758392334,0.21428571428571427
37714,0,0,29002,-15.137684106826782,-11.009793758392334,0.21428571428571427
37715,0,0,29001,-15.137684106826782,-11.009793758392334,0.21428571428571427
37716,0,0,29000,-15.137684106826782,-11.009793758392334,0.21428571428571427
37717,0,0,28999,-15.137684106826782,-11.009793758392334,0.21428571428571427
37718,0,0,28998,-15.137684106826782,-11.009793758392334,0.21428571428571427
37719,0,0,28997,-15.137684106826782,-11.009793758392334,0.21428571428571427
37720,0,0,28996,-15.137684106826782,-11.009793758392334,0.21428571428571427
37721,0,0,28995,-15.137684106826782,-11.009793758392334,0.21428571428571427
37722,0,0,28994,-15.137684106826782,-11.009793758392334,0.21428571428571427
37723,0,0,28992,-15.137684106826782,-11.009793758392334,0.21428571428571427
37724,0,0,28982,-15.137684106826782,-11.009793758392334,0.21428571428571427
37725,0,0,28991,-15.137684106826782,-11.009793758392334,0.21428571428571427
37726,0,0,28990,-15.137684106826782,-11.009793758392334,0.21428571428571427
37727,0,0,28989,-15.137684106826782,-11.009793758392334,0.21428571428571427
37728,0,0,28988,-15.137684106826782,-11.009793758392334,0.21428571428571427
37729,0,0,28987,-15.137684106826782,-11.009793758392334,0.21428571428571427
37730,0,0,28986,-15.137684106826782,-11.009793758392334,0.21428571428571427
37731,0,0,28985,-15.137684106826782,-11.009793758392334,0.21428571428571427
37732,0,0,28984,-15.137684106826782,-11.009793758392334,0.21428571428571427
37733,0,0,28983,-15.137684106826782,-11.009793758392334,0.21428571428571427
37734,0,0,28957,-15.137684106826782,-11.009793758392334,0.21428571428571427
37735,0,0,28955,-15.137684106826782,-11.009793758392334,0.21428571428571427
37736,0,0,28908,-15.137684106826782,-11.009793758392334,0.21428571428571427
37737,0,0,28954,-15.137684106826782,-11.009793758392334,0.21428571428571427
37738,0,0,28929,-15.137684106826782,-11.009793758392334,0.21428571428571427
37739,0,0,28928,-15.137684106826782,-11.009793758392334,0.21428571428571427
37740,0,0,28927,-15.137684106826782,-11.009793758392334,0.21428571428571427
37741,0,0,28926,-15.137684106826782,-11.009793758392334,0.21428571428571427
37742,0,0,28925,-15.137684106826782,-11.009793758392334,0.21428571428571427
37743,0,0,28924,-15.137684106826782,-11.009793758392334,0.21428571428571427
37744,0,0,28923,-15.137684106826782,-11.009793758392334,0.21428571428571427
37745,0,0,28922,-15.137684106826782,-11.009793758392334,0.21428571428571427
37746,0,0,28921,-15.137684106826782,-11.009793758392334,0.21428571428571427
37747,0,0,28920,-15.137684106826782,-11.009793758392334,0.21428571428571427
37748,0,0,28919,-15.137684106826782,-11.009793758392334,0.21428571428571427
37749,0,0,28918,-15.137684106826782,-11.009793758392334,0.21428571428571427
37750,0,0,28917,-15.137684106826782,-11.009793758392334,0.21428571428571427
37751,0,0,28916,-15.137684106826782,-11.009793758392334,0.21428571428571427
37752,0,0,28915,-15.137684106826782,-11.009793758392334,0.21428571428571427
37753,0,0,28914,-15.137684106826782,-11.009793758392334,0.21428571428571427
37754,0,0,28913,-15.137684106826782,-11.009793758392334,0.21428571428571427
37755,0,0,28912,-15.137684106826782,-11.009793758392334,0.21428571428571427
37756,0,0,28911,-15.137684106826782,-11.009793758392334,0.21428571428571427
37757,0,0,28910,-15.137684106826782,-11.009793758392334,0.21428571428571427
37758,0,0,28909,-15.137684106826782,-11.009793758392334,0.21428571428571427
37759,0,0,28930,-15.137684106826782,-11.009793758392334,0.21428571428571427
37760,0,0,28931,-15.137684106826782,-11.009793758392334,0.21428571428571427
37761,0,0,28932,-15.137684106826782,-11.009793758392334,0.21428571428571427
37762,0,0,28944,-15.137684106826782,-11.009793758392334,0.21428571428571427
37763,0,0,28953,-15.137684106826782,-11.009793758392334,0.21428571428571427
37764,0,0,28952,-15.137684106826782,-11.009793758392334,0.21428571428571427
37765,0,0,28951,-15.137684106826782,-11.009793758392334,0.21428571428571427
37766,0,0,28950,-15.137684106826782,-11.009793758392334,0.21428571428571427
37767,0,0,28949,-15.137684106826782,-11.009793758392334,0.21428571428571427
37768,0,0,28948,-15.137684106826782,-11.009793758392334,0.21428571428571427
37769,0,0,28947,-15.137684106826782,-11.009793758392334,0.21428571428571427
37770,0,0,28946,-15.137684106826782,-11.009793758392334,0.21428571428571427
37771,0,0,28945,-15.137684106826782,-11.009793758392334,0.21428571428571427
37772,0,0,28943,-15.137684106826782,-11.009793758392334,0.21428571428571427
37773,0,0,28933,-15.137684106826782,-11.009793758392334,0.21428571428571427
37774,0,0,28942,-15.137684106826782,-11.009793758392334,0.21428571428571427
37775,0,0,28941,-15.137684106826782,-11.009793758392334,0.21428571428571427
37776,0,0,28940,-15.137684106826782,-11.009793758392334,0.21428571428571427
37777,0,0,28939,-15.137684106826782,-11.009793758392334,0.21428571428571427
37778,0,0,28938,-15.137684106826782,-11.009793758392334,0.21428571428571427
37779,0,0,28937,-15.137684106826782,-11.009793758392334,0.21428571428571427
37780,0,0,28936,-15.137684106826782,-11.009793758392334,0.21428571428571427
37781,0,0,28935,-15.137684106826782,-11.009793758392334,0.21428571428571427
37782,0,0,28934,-15.137684106826782,-11.009793758392334,0.21428571428571427
37783,0,0,29003,-15.137684106826782,-11.009793758392334,0.21428571428571427
37784,0,0,28956,-15.137684106826782,-11.009793758392334,0.21428571428571427
37785,0,0,29004,-15.137684106826782,-11.009793758392334,0.21428571428571427
37786,0,0,29054,-15.137684106826782,-11.009793758392334,0.21428571428571427
37787,0,0,29076,-15.137684106826782,-11.009793758392334,0.21428571428571427
37788,0,0,29075,-15.137684106826782,-11.009793758392334,0.21428571428571427
37789,0,0,29074,-15.137684106826782,-11.009793758392334,0.21428571428571427
37790,0,0,29073,-15.137684106826782,-11.009793758392334,0.21428571428571427
37791,0,0,29072,-15.137684106826782,-11.009793758392334,0.21428571428571427
37792,0,0,29071,-15.137684106826782,-11.009793758392334,0.21428571428571427
37793,0,0,29070,-15.137684106826782,-11.009793758392334,0.21428571428571427
37794,0,0,29069,-15.137684106826782,-11.009793758392334,0.21428571428571427
37795,0,0,29068,-15.137684106826782,-11.009793758392334,0.21428571428571427
37796,0,0,29067,-15.137684106826782,-11.009793758392334,0.21428571428571427
37797,0,0,29066,-15.137684106826782,-11.009793758392334,0.21428571428571427
37798,0,0,29065,-15.137684106826782,-11.009793758392334,0.21428571428571427
37799,0,0,29064,-15.137684106826782,-11.009793758392334,0.21428571428571427
37800,0,0,29063,-15.137684106826782,-11.009793758392334,0.21428571428571427
37801,0,0,29062,-15.137684106826782,-11.009793758392334,0.21428571428571427
37802,0,0,29061,-15.137684106826782,-11.009793758392334,0.21428571428571427
37803,0,0,29060,-15.137684106826782,-11.009793758392334,0.21428571428571427
37804,0,0,29059,-15.137684106826782,-11.009793758392334,0.21428571428571427
37805,0,0,29058,-15.137684106826782,-11.009793758392334,0.21428571428571427
37806,0,0,29057,-15.137684106826782,-11.009793758392334,0.21428571428571427
37807,0,0,29056,-15.137684106826782,-11.009793758392334,0.21428571428571427
37808,0,0,29077,-15.137684106826782,-11.009793758392334,0.21428571428571427
37809,0,0,29078,-15.137684106826782,-11.009793758392334,0.21428571428571427
37810,0,0,29079,-15.137684106826782,-11.009793758392334,0.21428571428571427
37811,0,0,29091,-15.137684106826782,-11.009793758392334,0.21428571428571427
37812,0,0,29100,-15.137684106826782,-11.009793758392334,0.21428571428571427
37813,0,0,29099,-15.137684106826782,-11.009793758392334,0.21428571428571427
37814,0,0,29098,-15.137684106826782,-11.009793758392334,0.21428571428571427
37815,0,0,29097,-15.137684106826782,-11.009793758392334,0.21428571428571427
37816,0,0,29096,-15.137684106826782,-11.009793758392334,0.21428571428571427
37817,0,0,29095,-15.137684106826782,-11.009793758392334,0.21428571428571427
37818,0,0,29094,-15.137684106826782,-11.009793758392334,0.21428571428571427
37819,0,0,29093,-15.137684106826782,-11.009793758392334,0.21428571428571427
37820,0,0,29092,-15.137684106826782,-11.009793758392334,0.21428571428571427
37821,0,0,29090,-15.137684106826782,-11.009793758392334,0.21428571428571427
37822,0,0,29080,-15.137684106826782,-11.009793758392334,0.21428571428571427
37823,0,0,29089,-15.137684106826782,-11.009793758392334,0.21428571428571427
37824,0,0,29088,-15.137684106826782,-11.009793758392334,0.21428571428571427
37825,0,0,29087,-15.137684106826782,-11.009793758392334,0.21428571428571427
37826,0,0,29086,-15.137684106826782,-11.009793758392334,0.21428571428571427
37827,0,0,29085,-15.137684106826782,-11.009793758392334,0.21428571428571427
37828,0,0,29084,-15.137684106826782,-11.009793758392334,0.21428571428571427
37829,0,0,29083,-15.137684106826782,-11.009793758392334,0.21428571428571427
37830,0,0,29082,-15.137684106826782,-11.009793758392334,0.21428571428571427
37831,0,0,29081,-15.137684106826782,-11.009793758392334,0.21428571428571427
37832,0,0,29055,-15.137684106826782,-11.009793758392334,0.21428571428571427
37833,0,0,29053,-15.137684106826782,-11.009793758392334,0.21428571428571427
37834,0,0,29006,-15.137684106826782,-11.009793758392334,0.21428571428571427
37835,0,0,29052,-15.137684106826782,-11.009793758392334,0.21428571428571427
37836,0,0,29027,-15.137684106826782,-11.009793758392334,0.21428571428571427
37837,0,0,29026,-15.137684106826782,-11.009793758392334,0.21428571428571427
37838,0,0,29025,-15.137684106826782,-11.009793758392334,0.21428571428571427
37839,0,0,29024,-15.137684106826782,-11.009793758392334,0.21428571428571427
37840,0,0,29023,-15.137684106826782,-11.009793758392334,0.21428571428571427
37841,0,0,29022,-15.137684106826782,-11.009793758392334,0.21428571428571427
37842,0,0,29021,-15.137684106826782,-11.009793758392334,0.21428571428571427
37843,0,0,29020,-15.137684106826782,-11.009793758392334,0.21428571428571427
37844,0,0,29019,-15.137684106826782,-11.009793758392334,0.21428571428571427
37845,0,0,29018,-15.137684106826782,-11.009793758392334,0.21428571428571427
37846,0,0,29017,-15.137684106826782,-11.009793758392334,0.21428571428571427
37847,0,0,29016,-15.137684106826782,-11.009793758392334,0.21428571428571427
37848,0,0,29015,-15.137684106826782,-11.009793758392334,0.21428571428571427
37849,0,0,29014,-15.137684106826782,-11.009793758392334,0.21428571428571427
37850,0,0,29013,-15.137684106826782,-11.009793758392334,0.21428571428571427
37851,0,0,29012,-15.137684106826782,-11.009793758392334,0.21428571428571427
37852,0,0,29011,-15.137684106826782,-11.009793758392334,0.21428571428571427
37853,0,0,29010,-15.137684106826782,-11.009793758392334,0.21428571428571427
37854,0,0,29009,-15.137684106826782,-11.009793758392334,0.21428571428571427
37855,0,0,29008,-15.137684106826782,-11.009793758392334,0.21428571428571427
37856,0,0,29007,-15.137684106826782,-11.009793758392334,0.21428571428571427
37857,0,0,29028,-15.137684106826782,-11.009793758392334,0.21428571428571427
37858,0,0,29029,-15.137684106826782,-11.009793758392334,0.21428571428571427
37859,0,0,29030,-15.137684106826782,-11.009793758392334,0.21428571428571427
37860,0,0,29042,-15.137684106826782,-11.009793758392334,0.21428571428571427
37861,0,0,29051,-15.137684106826782,-11.009793758392334,0.21428571428571427
37862,0,0,29050,-15.137684106826782,-11.009793758392334,0.21428571428571427
37863,0,0,29049,-15.137684106826782,-11.009793758392334,0.21428571428571427
37864,0,0,29048,-15.137684106826782,-11.009793758392334,0.21428571428571427
37865,0,0,29047,-15.137684106826782,-11.009793758392334,0.21428571428571427
37866,0,0,29046,-15.137684106826782,-11.009793758392334,0.21428571428571427
37867,0,0,29045,-15.137684106826782,-11.009793758392334,0.21428571428571427
37868,0,0,29044,-15.137684106826782,-11.009793758392334,0.21428571428571427
37869,0,0,29043,-15.137684106826782,-11.009793758392334,0.21428571428571427
37870,0,0,29041,-15.137684106826782,-11.009793758392334,0.21428571428571427
37871,0,0,29031,-15.137684106826782,-11.009793758392334,0.21428571428571427
37872,0,0,29040,-15.137684106826782,-11.009793758392334,0.21428571428571427
37873,0,0,29039,-15.137684106826782,-11.009793758392334,0.21428571428571427
37874,0,0,29038,-15.137684106826782,-11.009793758392334,0.21428571428571427
37875,0,0,29037,-15.137684106826782,-11.009793758392334,0.21428571428571427
37876,0,0,29036,-15.137684106826782,-11.009793758392334,0.21428571428571427
37877,0,0,29035,-15.137684106826782,-11.009793758392334,0.21428571428571427
37878,0,0,29034,-15.137684106826782,-11.009793758392334,0.21428571428571427
37879,0,0,29033,-15.137684106826782,-11.009793758392334,0.21428571428571427
37880,0,0,29032,-15.137684106826782,-11.009793758392334,0.21428571428571427
37881,0,0,29296,-15.137684106826782,-11.009793758392334,0.21428571428571427
37882,0,0,29297,-15.137684106826782,-11.009793758392334,0.21428571428571427
37883,0,0,29298,-15.137684106826782,-11.009793758392334,0.21428571428571427
37884,0,0,29493,-15.137684106826782,-11.009793758392334,0.21428571428571427
37885,0,0,29564,-15.137684106826782,-11.009793758392334,0.21428571428571427
37886,0,0,29563,-15.137684106826782,-11.009793758392334,0.21428571428571427
37887,0,0,29562,-15.137684106826782,-11.009793758392334,0.21428571428571427
37888,0,0,29561,-15.137684106826782,-11.009793758392334,0.21428571428571427
37889,0,0,29560,-15.137684106826782,-11.009793758392334,0.21428571428571427
37890,0,0,29559,-15.137684106826782,-11.009793758392334,0.21428571428571427
37891,0,0,29558,-15.137684106826782,-11.009793758392334,0.21428571428571427
37892,0,0,29557,-15.137684106826782,-11.009793758392334,0.21428571428571427
37893,0,0,29556,-15.137684106826782,-11.009793758392334,0.21428571428571427
37894,0,0,29555,-15.137684106826782,-11.009793758392334,0.21428571428571427
37895,0,0,29554,-15.137684106826782,-11.009793758392334,0.21428571428571427
37896,0,0,29553,-15.137684106826782,-11.009793758392334,0.21428571428571427
37897,0,0,29552,-15.137684106826782,-11.009793758392334,0.21428571428571427
37898,0,0,29551,-15.137684106826782,-11.009793758392334,0.21428571428571427
37899,0,0,29550,-15.137684106826782,-11.009793758392334,0.21428571428571427
37900,0,0,29549,-15.137684106826782,-11.009793758392334,0.21428571428571427
37901,0,0,29548,-15.137684106826782,-11.009793758392334,0.21428571428571427
37902,0,0,29547,-15.137684106826782,-11.009793758392334,0.21428571428571427
37903,0,0,29546,-15.137684106826782,-11.009793758392334,0.21428571428571427
37904,0,0,29545,-15.137684106826782,-11.009793758392334,0.21428571428571427
37905,0,0,29544,-15.137684106826782,-11.009793758392334,0.21428571428571427
37906,0,0,29565,-15.137684106826782,-11.009793758392334,0.21428571428571427
37907,0,0,29566,-15.137684106826782,-11.009793758392334,0.21428571428571427
37908,0,0,29567,-15.137684106826782,-11.009793758392334,0.21428571428571427
37909,0,0,29579,-15.137684106826782,-11.009793758392334,0.21428571428571427
37910,0,0,29588,-15.137684106826782,-11.009793758392334,0.21428571428571427
37911,0,0,29587,-15.137684106826782,-11.009793758392334,0.21428571428571427
37912,0,0,29586,-15.137684106826782,-11.009793758392334,0.21428571428571427
37913,0,0,29585,-15.137684106826782,-11.009793758392334,0.21428571428571427
37914,0,0,29584,-15.137684106826782,-11.009793758392334,0.21428571428571427
37915,0,0,29583,-15.137684106826782,-11.009793758392334,0.21428571428571427
37916,0,0,29582,-15.137684106826782,-11.009793758392334,0.21428571428571427
37917,0,0,29581,-15.137684106826782,-11.009793758392334,0.21428571428571427
37918,0,0,29580,-15.137684106826782,-11.009793758392334,0.21428571428571427
37919,0,0,29578,-15.137684106826782,-11.009793758392334,0.21428571428571427
37920,0,0,29568,-15.137684106826782,-11.009793758392334,0.21428571428571427
37921,0,0,29577,-15.137684106826782,-11.009793758392334,0.21428571428571427
37922,0,0,29576,-15.137684106826782,-11.009793758392334,0.21428571428571427
37923,0,0,29575,-15.137684106826782,-11.009793758392334,0.21428571428571427
37924,0,0,29574,-15.137684106826782,-11.009793758392334,0.21428571428571427
37925,0,0,29573,-15.137684106826782,-11.009793758392334,0.21428571428571427
37926,0,0,29572,-15.137684106826782,-11.009793758392334,0.21428571428571427
37927,0,0,29571,-15.137684106826782,-11.009793758392334,0.21428571428571427
37928,0,0,29570,-15.137684106826782,-11.009793758392334,0.21428571428571427
37929,0,0,29569,-15.137684106826782,-11.009793758392334,0.21428571428571427
37930,0,0,29543,-15.137684106826782,-11.009793758392334,0.21428571428571427
37931,0,0,29541,-15.137684106826782,-11.009793758392334,0.21428571428571427
37932,0,0,29494,-15.137684106826782,-11.009793758392334,0.21428571428571427
37933,0,0,29540,-15.137684106826782,-11.009793758392334,0.21428571428571427
37934,0,0,29515,-15.137684106826782,-11.009793758392334,0.21428571428571427
37935,0,0,29514,-15.137684106826782,-11.009793758392334,0.21428571428571427
37936,0,0,29513,-15.137684106826782,-11.009793758392334,0.21428571428571427
37937,0,0,29512,-15.137684106826782,-11.009793758392334,0.21428571428571427
37938,0,0,29511,-15.137684106826782,-11.009793758392334,0.21428571428571427
37939,0,0,29510,-15.137684106826782,-11.009793758392334,0.21428571428571427
37940,0,0,29509,-15.137684106826782,-11.009793758392334,0.21428571428571427
37941,0,0,29508,-15.137684106826782,-11.009793758392334,0.21428571428571427
37942,0,0,29507,-15.137684106826782,-11.009793758392334,0.21428571428571427
37943,0,0,29506,-15.137684106826782,-11.009793758392334,0.21428571428571427
37944,0,0,29505,-15.137684106826782,-11.009793758392334,0.21428571428571427
37945,0,0,29504,-15.137684106826782,-11.009793758392334,0.21428571428571427
37946,0,0,29503,-15.137684106826782,-11.009793758392334,0.21428571428571427
37947,0,0,29502,-15.137684106826782,-11.009793758392334,0.21428571428571427
37948,0,0,29501,-15.137684106826782,-11.009793758392334,0.21428571428571427
37949,0,0,29500,-15.137684106826782,-11.009793758392334,0.21428571428571427
37950,0,0,29499,-15.137684106826782,-11.009793758392334,0.21428571428571427
37951,0,0,29498,-15.137684106826782,-11.009793758392334,0.21428571428571427
37952,0,0,29497,-15.137684106826782,-11.009793758392334,0.21428571428571427
37953,0,0,29496,-15.137684106826782,-11.009793758392334,0.21428571428571427
37954,0,0,29495,-15.137684106826782,-11.009793758392334,0.21428571428571427
37955,0,0,29516,-15.137684106826782,-11.009793758392334,0.21428571428571427
37956,0,0,29517,-15.137684106826782,-11.009793758392334,0.21428571428571427
37957,0,0,29518,-15.137684106826782,-11.009793758392334,0.21428571428571427
37958,0,0,29530,-15.137684106826782,-11.009793758392334,0.21428571428571427
37959,0,0,29539,-15.137684106826782,-11.009793758392334,0.21428571428571427
37960,0,0,29538,-15.137684106826782,-11.009793758392334,0.21428571428571427
37961,0,0,29537,-15.137684106826782,-11.009793758392334,0.21428571428571427
37962,0,0,29536,-15.137684106826782,-11.009793758392334,0.21428571428571427
37963,0,0,29535,-15.137684106826782,-11.009793758392334,0.21428571428571427
37964,0,0,29534,-15.137684106826782,-11.009793758392334,0.21428571428571427
37965,0,0,29533,-15.137684106826782,-11.009793758392334,0.21428571428571427
37966,0,0,29532,-15.137684106826782,-11.009793758392334,0.21428571428571427
37967,0,0,29531,-15.137684106826782,-11.009793758392334,0.21428571428571427
37968,0,0,29529,-15.137684106826782,-11.009793758392334,0.21428571428571427
37969,0,0,29519,-15.137684106826782,-11.009793758392334,0.21428571428571427
37970,0,0,29528,-15.137684106826782,-11.009793758392334,0.21428571428571427
37971,0,0,29527,-15.137684106826782,-11.009793758392334,0.21428571428571427
37972,0,0,29526,-15.137684106826782,-11.009793758392334,0.21428571428571427
37973,0,0,29525,-15.137684106826782,-11.009793758392334,0.21428571428571427
37974,0,0,29524,-15.137684106826782,-11.009793758392334,0.21428571428571427
37975,0,0,29523,-15.137684106826782,-11.009793758392334,0.21428571428571427
37976,0,0,29522,-15.137684106826782,-11.009793758392334,0.21428571428571427
37977,0,0,29521,-15.137684106826782,-11.009793758392334,0.21428571428571427
37978,0,0,29520,-15.137684106826782,-11.009793758392334,0.21428571428571427
37979,0,0,29589,-15.137684106826782,-11.009793758392334,0.21428571428571427
37980,0,0,29590,-15.137684106826782,-11.009793758392334,0.21428571428571427
37981,0,0,29591,-15.137684106826782,-11.009793758392334,0.21428571428571427
37982,1,0,29592,-15.137684106826782,-11.009793758392334,0.21428571428571427
37983,0,0,29661,-15.137684106826782,-11.009793758392334,0.21428571428571427
37984,0,0,29660,-15.137684106826782,-11.009793758392334,0.21428571428571427
37985,0,0,29659,-15.137684106826782,-11.009793758392334,0.21428571428571427
37986,0,0,29658,-15.137684106826782,-11.009793758392334,0.21428571428571427
37987,0,0,29657,-15.137684106826782,-11.009793758392334,0.21428571428571427
37988,0,0,29656,-15.137684106826782,-11.009793758392334,0.21428571428571427
37989,0,0,29655,-15.137684106826782,-11.009793758392334,0.21428571428571427
37990,0,0,29654,-15.137684106826782,-11.009793758392334,0.21428571428571427
37991,0,0,29653,-15.137684106826782,-11.009793758392334,0.21428571428571427
37992,0,0,29651,-15.137684106826782,-11.009793758392334,0.21428571428571427
37993,0,0,29641,-15.137684106826782,-11.009793758392334,0.21428571428571427
37994,0,0,29650,-15.137684106826782,-11.009793758392334,0.21428571428571427
37995,0,0,29649,-15.137684106826782,-11.009793758392334,0.21428571428571427
37996,0,0,29648,-15.137684106826782,-11.009793758392334,0.21428571428571427
37997,0,0,29647,-15.137684106826782,-11.009793758392334,0.21428571428571427
37998,0,0,29646,-15.137684106826782,-11.009793758392334,0.21428571428571427
37999,0,0,29645,-15.137684106826782,-11.009793758392334,0.21428571428571427
38000,0,0,29644,-15.137684106826782,-11.009793758392334,0.21428571428571427
38001,0,0,29643,-15.137684106826782,-11.009793758392334,0.21428571428571427
38002,0,0,29642,-15.137684106826782,-11.009793758392334,0.21428571428571427
38003,0,0,29662,-15.137684106826782,-11.009793758392334,0.21428571428571427
38004,0,0,29652,-15.137684106826782,-11.009793758392334,0.21428571428571427
38005,0,0,29663,-15.137684106826782,-11.009793758392334,0.21428571428571427
38006,0,0,29676,-15.137684106826782,-11.009793758392334,0.21428571428571427
38007,0,0,29685,-15.137684106826782,-11.009793758392334,0.21428571428571427
38008,0,0,29684,-15.137684106826782,-11.009793758392334,0.21428571428571427
38009,0,0,29683,-15.137684106826782,-11.009793758392334,0.21428571428571427
38010,0,0,29682,-15.137684106826782,-11.009793758392334,0.21428571428571427
38011,0,0,29681,-15.137684106826782,-11.009793758392334,0.21428571428571427
38012,0,0,29680,-15.137684106826782,-11.009793758392334,0.21428571428571427
38013,0,0,29679,-15.137684106826782,-11.009793758392334,0.21428571428571427
38014,0,0,29678,-15.137684106826782,-11.009793758392334,0.21428571428571427
38015,0,0,29677,-15.137684106826782,-11.009793758392334,0.21428571428571427
38016,0,0,29675,-15.137684106826782,-11.009793758392334,0.21428571428571427
38017,0,0,29665,-15.137684106826782,-11.009793758392334,0.21428571428571427
38018,0,0,29674,-15.137684106826782,-11.009793758392334,0.21428571428571427
38019,0,0,29673,-15.137684106826782,-11.009793758392334,0.21428571428571427
38020,0,0,29672,-15.137684106826782,-11.009793758392334,0.21428571428571427
38021,0,0,29671,-15.137684106826782,-11.009793758392334,0.21428571428571427
38022,0,0,29670,-15.137684106826782,-11.009793758392334,0.21428571428571427
38023,0,0,29669,-15.137684106826782,-11.009793758392334,0.21428571428571427
38024,0,0,29668,-15.137684106826782,-11.009793758392334,0.21428571428571427
38025,0,0,29667,-15.137684106826782,-11.009793758392334,0.21428571428571427
38026,0,0,29666,-15.137684106826782,-11.009793758392334,0.21428571428571427
38027,0,0,29664,-15.137684106826782,-11.009793758392334,0.21428571428571427
38028,0,0,29640,-15.137684106826782,-11.009793758392334,0.21428571428571427
38029,0,0,29639,-15.137684106826782,-11.009793758392334,0.21428571428571427
38030,0,0,29638,-15.137684106826782,-11.009793758392334,0.21428571428571427
38031,0,0,29613,-15.137684106826782,-11.009793758392334,0.21428571428571427
38032,0,0,29612,-15.137684106826782,-11.009793758392334,0.21428571428571427
38033,0,0,29611,-15.137684106826782,-11.009793758392334,0.21428571428571427
38034,0,0,29610,-15.137684106826782,-11.009793758392334,0.21428571428571427
38035,0,0,29609,-15.137684106826782,-11.009793758392334,0.21428571428571427
38036,0,0,29608,-15.137684106826782,-11.009793758392334,0.21428571428571427
38037,0,0,29607,-15.137684106826782,-11.009793758392334,0.21428571428571427
38038,0,0,29606,-15.137684106826782,-11.009793758392334,0.21428571428571427
38039,0,0,29605,-15.137684106826782,-11.009793758392334,0.21428571428571427
38040,0,0,29604,-15.137684106826782,-11.009793758392334,0.21428571428571427
38041,0,0,29603,-15.137684106826782,-11.009793758392334,0.21428571428571427
38042,0,0,29602,-15.137684106826782,-11.009793758392334,0.21428571428571427
38043,0,0,29601,-15.137684106826782,-11.009793758392334,0.21428571428571427
38044,0,0,29600,-15.137684106826782,-11.009793758392334,0.21428571428571427
38045,0,0,29599,-15.137684106826782,-11.009793758392334,0.21428571428571427
38046,0,0,29598,-15.137684106826782,-11.009793758392334,0.21428571428571427
38047,0,0,29597,-15.137684106826782,-11.009793758392334,0.21428571428571427
38048,0,0,29596,-15.137684106826782,-11.009793758392334,0.21428571428571427
38049,0,0,29595,-15.137684106826782,-11.009793758392334,0.21428571428571427
38050,0,0,29594,-15.137684106826782,-11.009793758392334,0.21428571428571427
38051,0,0,29593,-15.137684106826782,-11.009793758392334,0.21428571428571427
38052,0,0,29614,-15.137684106826782,-11.009793758392334,0.21428571428571427
38053,0,0,29615,-15.137684106826782,-11.009793758392334,0.21428571428571427
38054,0,0,29616,-15.137684106826782,-11.009793758392334,0.21428571428571427
38055,0,0,29628,-15.137684106826782,-11.009793758392334,0.21428571428571427
38056,0,0,29637,-15.137684106826782,-11.009793758392334,0.21428571428571427
38057,0,0,29636,-15.137684106826782,-11.009793758392334,0.21428571428571427
38058,0,0,29635,-15.137684106826782,-11.009793758392334,0.21428571428571427
38059,0,0,29634,-15.137684106826782,-11.009793758392334,0.21428571428571427
38060,0,0,29633,-15.137684106826782,-11.009793758392334,0.21428571428571427
38061,0,0,29632,-15.137684106826782,-11.009793758392334,0.21428571428571427
38062,0,0,29631,-15.137684106826782,-11.009793758392334,0.21428571428571427
38063,0,0,29630,-15.137684106826782,-11.009793758392334,0.21428571428571427
38064,0,0,29629,-15.137684106826782,-11.009793758392334,0.21428571428571427
38065,0,0,29627,-15.137684106826782,-11.009793758392334,0.21428571428571427
38066,0,0,29617,-15.137684106826782,-11.009793758392334,0.21428571428571427
38067,0,0,29626,-15.137684106826782,-11.009793758392334,0.21428571428571427
38068,0,0,29625,-15.137684106826782,-11.009793758392334,0.21428571428571427
38069,0,0,29624,-15.137684106826782,-11.009793758392334,0.21428571428571427
38070,0,0,29623,-15.137684106826782,-11.009793758392334,0.21428571428571427
38071,0,0,29622,-15.137684106826782,-11.009793758392334,0.21428571428571427
38072,0,0,29621,-15.137684106826782,-11.009793758392334,0.21428571428571427
38073,0,0,29620,-15.137684106826782,-11.009793758392334,0.21428571428571427
38074,0,0,29619,-15.137684106826782,-11.009793758392334,0.21428571428571427
38075,0,0,29618,-15.137684106826782,-11.009793758392334,0.21428571428571427
38076,0,0,29542,-15.137684106826782,-11.009793758392334,0.21428571428571427
38077,0,0,29492,-15.137684106826782,-11.009793758392334,0.21428571428571427
38078,0,0,29347,-15.137684106826782,-11.009793758392334,0.21428571428571427
38079,0,0,29491,-15.137684106826782,-11.009793758392334,0.21428571428571427
38080,0,0,29369,-15.137684106826782,-11.009793758392334,0.21428571428571427
38081,0,0,29368,-15.137684106826782,-11.009793758392334,0.21428571428571427
38082,0,0,29367,-15.137684106826782,-11.009793758392334,0.21428571428571427
38083,0,0,29366,-15.137684106826782,-11.009793758392334,0.21428571428571427
38084,0,0,29365,-15.137684106826782,-11.009793758392334,0.21428571428571427
38085,0,0,29364,-15.137684106826782,-11.009793758392334,0.21428571428571427
38086,0,0,29363,-15.137684106826782,-11.009793758392334,0.21428571428571427
38087,0,0,29362,-15.137684106826782,-11.009793758392334,0.21428571428571427
38088,0,0,29361,-15.137684106826782,-11.009793758392334,0.21428571428571427
38089,0,0,29360,-15.137684106826782,-11.009793758392334,0.21428571428571427
38090,0,0,29359,-15.137684106826782,-11.009793758392334,0.21428571428571427
38091,0,0,29358,-15.137684106826782,-11.009793758392334,0.21428571428571427
38092,0,0,29357,-15.137684106826782,-11.009793758392334,0.21428571428571427
38093,0,0,29356,-15.137684106826782,-11.009793758392334,0.21428571428571427
38094,0,0,29355,-15.137684106826782,-11.009793758392334,0.21428571428571427
38095,0,0,29354,-15.137684106826782,-11.009793758392334,0.21428571428571427
38096,0,0,29353,-15.137684106826782,-11.009793758392334,0.21428571428571427
38097,0,0,29352,-15.137684106826782,-11.009793758392334,0.21428571428571427
38098,0,0,29351,-15.137684106826782,-11.009793758392334,0.21428571428571427
38099,0,0,29350,-15.137684106826782,-11.009793758392334,0.21428571428571427
38100,0,0,29349,-15.137684106826782,-11.009793758392334,0.21428571428571427
38101,0,0,29370,-15.137684106826782,-11.009793758392334,0.21428571428571427
38102,0,0,29371,-15.137684106826782,-11.009793758392334,0.21428571428571427
38103,0,0,29372,-15.137684106826782,-11.009793758392334,0.21428571428571427
38104,0,0,29384,-15.137684106826782,-11.009793758392334,0.21428571428571427
38105,0,0,29393,-15.137684106826782,-11.009793758392334,0.21428571428571427
38106,0,0,29392,-15.137684106826782,-11.009793758392334,0.21428571428571427
38107,0,0,29391,-15.137684106826782,-11.009793758392334,0.21428571428571427
38108,0,0,29390,-15.137684106826782,-11.009793758392334,0.21428571428571427
38109,0,0,29389,-15.137684106826782,-11.009793758392334,0.21428571428571427
38110,0,0,29388,-15.137684106826782,-11.009793758392334,0.21428571428571427
38111,0,0,29387,-15.137684106826782,-11.009793758392334,0.21428571428571427
38112,0,0,29386,-15.137684106826782,-11.009793758392334,0.21428571428571427
38113,0,0,29385,-15.137684106826782,-11.009793758392334,0.21428571428571427
38114,0,0,29383,-15.137684106826782,-11.009793758392334,0.21428571428571427
38115,0,0,29373,-15.137684106826782,-11.009793758392334,0.21428571428571427
38116,0,0,29382,-15.137684106826782,-11.009793758392334,0.21428571428571427
38117,0,0,29381,-15.137684106826782,-11.009793758392334,0.21428571428571427
38118,0,0,29380,-15.137684106826782,-11.009793758392334,0.21428571428571427
38119,0,0,29379,-15.137684106826782,-11.009793758392334,0.21428571428571427
38120,0,0,29378,-15.137684106826782,-11.009793758392334,0.21428571428571427
38121,0,0,29377,-15.137684106826782,-11.009793758392334,0.21428571428571427
38122,0,0,29376,-15.137684106826782,-11.009793758392334,0.21428571428571427
38123,0,0,29375,-15.137684106826782,-11.009793758392334,0.21428571428571427
38124,0,0,29374,-15.137684106826782,-11.009793758392334,0.21428571428571427
38125,0,0,29348,-15.137684106826782,-11.009793758392334,0.21428571428571427
38126,0,0,29346,-15.137684106826782,-11.009793758392334,0.21428571428571427
38127,0,0,29299,-15.137684106826782,-11.009793758392334,0.21428571428571427
38128,0,0,29345,-15.137684106826782,-11.009793758392334,0.21428571428571427
38129,0,0,29320,-15.137684106826782,-11.009793758392334,0.21428571428571427
38130,0,0,29319,-15.137684106826782,-11.009793758392334,0.21428571428571427
38131,0,0,29318,-15.137684106826782,-11.009793758392334,0.21428571428571427
38132,0,0,29317,-15.137684106826782,-11.009793758392334,0.21428571428571427
38133,0,0,29316,-15.137684106826782,-11.009793758392334,0.21428571428571427
38134,0,0,29315,-15.137684106826782,-11.009793758392334,0.21428571428571427
38135,0,0,29314,-15.137684106826782,-11.009793758392334,0.21428571428571427
38136,0,0,29313,-15.137684106826782,-11.009793758392334,0.21428571428571427
38137,0,0,29312,-15.137684106826782,-11.009793758392334,0.21428571428571427
38138,0,0,29311,-15.137684106826782,-11.009793758392334,0.21428571428571427
38139,0,0,8,-15.137684106826782,-11.009793758392334,0.21428571428571427
38140,0,0,29310,-15.137684106826782,-11.009793758392334,0.21428571428571427
38141,0,0,29309,-15.137684106826782,-11.009793758392334,0.21428571428571427
38142,0,0,29308,-15.137684106826782,-11.009793758392334,0.21428571428571427
38143,0,0,29307,-15.137684106826782,-11.009793758392334,0.21428571428571427
38144,0,0,29306,-15.137684106826782,-11.009793758392334,0.21428571428571427
38145,0,0,29305,-15.137684106826782,-11.009793758392334,0.21428571428571427
38146,0,0,29304,-15.137684106826782,-11.009793758392334,0.21428571428571427
38147,0,0,29303,-15.137684106826782,-11.009793758392334,0.21428571428571427
38148,0,0,29302,-15.137684106826782,-11.009793758392334,0.21428571428571427
38149,0,0,29301,-15.137684106826782,-11.009793758392334,0.21428571428571427
38150,0,0,29300,-15.137684106826782,-11.009793758392334,0.21428571428571427
38151,0,0,29321,-15.137684106826782,-11.009793758392334,0.21428571428571427
38152,0,0,29322,-15.137684106826782,-11.009793758392334,0.21428571428571427
38153,0,0,29323,-15.137684106826782,-11.009793758392334,0.21428571428571427
38154,0,0,29335,-15.137684106826782,-11.009793758392334,0.21428571428571427
38155,0,0,29344,-15.137684106826782,-11.009793758392334,0.21428571428571427
38156,0,0,29343,-15.137684106826782,-11.009793758392334,0.21428571428571427
38157,0,0,29342,-15.137684106826782,-11.009793758392334,0.21428571428571427
38158,0,0,29341,-15.137684106826782,-11.009793758392334,0.21428571428571427
38159,0,0,29340,-15.137684106826782,-11.009793758392334,0.21428571428571427
38160,0,0,29339,-15.137684106826782,-11.009793758392334,0.21428571428571427
38161,0,0,29338,-15.137684106826782,-11.009793758392334,0.21428571428571427
38162,0,0,29337,-15.137684106826782,-11.009793758392334,0.21428571428571427
38163,0,0,29336,-15.137684106826782,-11.009793758392334,0.21428571428571427
38164,0,0,29334,-15.137684106826782,-11.009793758392334,0.21428571428571427
38165,0,0,29324,-15.137684106826782,-11.009793758392334,0.21428571428571427
38166,0,0,29333,-15.137684106826782,-11.009793758392334,0.21428571428571427
38167,0,0,29332,-15.137684106826782,-11.009793758392334,0.21428571428571427
38168,0,0,29331,-15.137684106826782,-11.009793758392334,0.21428571428571427
38169,0,0,29330,-15.137684106826782,-11.009793758392334,0.21428571428571427
38170,0,0,29329,-15.137684106826782,-11.009793758392334,0.21428571428571427
38171,0,0,29328,-15.137684106826782,-11.009793758392334,0.21428571428571427
38172,0,0,29327,-15.137684106826782,-11.009793758392334,0.21428571428571427
38173,0,0,29326,-15.137684106826782,-11.009793758392334,0.21428571428571427
38174,0,0,29325,-15.137684106826782,-11.009793758392334,0.21428571428571427
38175,0,0,29394,-15.137684106826782,-11.009793758392334,0.21428571428571427
38176,0,0,29395,-15.137684106826782,-11.009793758392334,0.21428571428571427
38177,0,0,29396,-15.137684106826782,-11.009793758392334,0.21428571428571427
38178,0,0,29397,-15.137684106826782,-11.009793758392334,0.21428571428571427
38179,0,0,29466,-15.137684106826782,-11.009793758392334,0.21428571428571427
38180,0,0,29465,-15.137684106826782,-11.009793758392334,0.21428571428571427
38181,0,0,29464,-15.137684106826782,-11.009793758392334,0.21428571428571427
38182,0,0,29463,-15.137684106826782,-11.009793758392334,0.21428571428571427
38183,0,0,29462,-15.137684106826782,-11.009793758392334,0.21428571428571427
38184,0,0,29461,-15.137684106826782,-11.009793758392334,0.21428571428571427
38185,0,0,29460,-15.137684106826782,-11.009793758392334,0.21428571428571427
38186,0,0,29459,-15.137684106826782,-11.009793758392334,0.21428571428571427
38187,0,0,29458,-15.137684106826782,-11.009793758392334,0.21428571428571427
38188,0,0,29456,-15.137684106826782,-11.009793758392334,0.21428571428571427
38189,0,0,29446,-15.137684106826782,-11.009793758392334,0.21428571428571427
38190,0,0,29455,-15.137684106826782,-11.009793758392334,0.21428571428571427
38191,0,0,29454,-15.137684106826782,-11.009793758392334,0.21428571428571427
38192,0,0,29453,-15.137684106826782,-11.009793758392334,0.21428571428571427
38193,0,0,29452,-15.137684106826782,-11.009793758392334,0.21428571428571427
38194,0,0,29451,-15.137684106826782,-11.009793758392334,0.21428571428571427
38195,0,0,29450,-15.137684106826782,-11.009793758392334,0.21428571428571427
38196,0,0,29449,-15.137684106826782,-11.009793758392334,0.21428571428571427
38197,0,0,29448,-15.137684106826782,-11.009793758392334,0.21428571428571427
38198,0,0,29447,-15.137684106826782,-11.009793758392334,0.21428571428571427
38199,0,0,29467,-15.137684106826782,-11.009793758392334,0.21428571428571427
38200,0,0,29457,-15.137684106826782,-11.009793758392334,0.21428571428571427
38201,0,0,29468,-15.137684106826782,-11.009793758392334,0.21428571428571427
38202,0,0,29481,-15.137684106826782,-11.009793758392334,0.21428571428571427
38203,0,0,29490,-15.137684106826782,-11.009793758392334,0.21428571428571427
38204,0,0,29489,-15.137684106826782,-11.009793758392334,0.21428571428571427
38205,0,0,29488,-15.137684106826782,-11.009793758392334,0.21428571428571427
38206,0,0,29487,-15.137684106826782,-11.009793758392334,0.21428571428571427
38207,0,0,29486,-15.137684106826782,-11.009793758392334,0.21428571428571427
38208,0,0,29485,-15.137684106826782,-11.009793758392334,0.21428571428571427
38209,0,0,29484,-15.137684106826782,-11.009793758392334,0.21428571428571427
38210,0,0,29483,-15.137684106826782,-11.009793758392334,0.21428571428571427
38211,0,0,29482,-15.137684106826782,-11.009793758392334,0.21428571428571427
38212,0,0,29480,-15.137684106826782,-11.009793758392334,0.21428571428571427
38213,0,0,29470,-15.137684106826782,-11.009793758392334,0.21428571428571427
38214,0,0,29479,-15.137684106826782,-11.009793758392334,0.21428571428571427
38215,0,0,29478,-15.137684106826782,-11.009793758392334,0.21428571428571427
38216,0,0,29477,-15.137684106826782,-11.009793758392334,0.21428571428571427
38217,0,0,29476,-15.137684106826782,-11.009793758392334,0.21428571428571427
38218,0,0,29475,-15.137684106826782,-11.009793758392334,0.21428571428571427
38219,0,0,29474,-15.137684106826782,-11.009793758392334,0.21428571428571427
38220,0,0,29473,-15.137684106826782,-11.009793758392334,0.21428571428571427
38221,0,0,29472,-15.137684106826782,-11.009793758392334,0.21428571428571427
38222,0,0,29471,-15.137684106826782,-11.009793758392334,0.21428571428571427
38223,0,0,29469,-15.137684106826782,-11.009793758392334,0.21428571428571427
38224,0,0,29445,-15.137684106826782,-11.009793758392334,0.21428571428571427
38225,0,0,29444,-15.137684106826782,-11.009793758392334,0.21428571428571427
38226,0,0,29443,-15.137684106826782,-11.009793758392334,0.21428571428571427
38227,0,0,29418,-15.137684106826782,-11.009793758392334,0.21428571428571427
38228,0,0,29417,-15.137684106826782,-11.009793758392334,0.21428571428571427
38229,0,0,29416,-15.137684106826782,-11.009793758392334,0.21428571428571427
38230,0,0,29415,-15.137684106826782,-11.009793758392334,0.21428571428571427
38231,0,0,29414,-15.137684106826782,-11.009793758392334,0.21428571428571427
38232,0,0,29413,-15.137684106826782,-11.009793758392334,0.21428571428571427
38233,0,0,29412,-15.137684106826782,-11.009793758392334,0.21428571428571427
38234,0,0,29411,-15.137684106826782,-11.009793758392334,0.21428571428571427
38235,0,0,29410,-15.137684106826782,-11.009793758392334,0.21428571428571427
38236,0,0,29409,-15.137684106826782,-11.009793758392334,0.21428571428571427
38237,0,0,29408,-15.137684106826782,-11.009793758392334,0.21428571428571427
38238,0,0,29407,-15.137684106826782,-11.009793758392334,0.21428571428571427
38239,0,0,29406,-15.137684106826782,-11.009793758392334,0.21428571428571427
38240,0,0,29405,-15.137684106826782,-11.009793758392334,0.21428571428571427
38241,0,0,29404,-15.137684106826782,-11.009793758392334,0.21428571428571427
38242,0,0,29403,-15.137684106826782,-11.009793758392334,0.21428571428571427
38243,0,0,29402,-15.137684106826782,-11.009793758392334,0.21428571428571427
38244,0,0,29401,-15.137684106826782,-11.009793758392334,0.21428571428571427
38245,0,0,29400,-15.137684106826782,-11.009793758392334,0.21428571428571427
38246,0,0,29399,-15.137684106826782,-11.009793758392334,0.21428571428571427
38247,0,0,29398,-15.137684106826782,-11.009793758392334,0.21428571428571427
38248,0,0,29419,-15.137684106826782,-11.009793758392334,0.21428571428571427
38249,0,0,29420,-15.137684106826782,-11.009793758392334,0.21428571428571427
38250,0,0,29421,-15.137684106826782,-11.009793758392334,0.21428571428571427
38251,0,0,29433,-15.137684106826782,-11.009793758392334,0.21428571428571427
38252,0,0,29442,-15.137684106826782,-11.009793758392334,0.21428571428571427
38253,0,0,29441,-15.137684106826782,-11.009793758392334,0.21428571428571427
38254,0,0,29440,-15.137684106826782,-11.009793758392334,0.21428571428571427
38255,0,0,29439,-15.137684106826782,-11.009793758392334,0.21428571428571427
38256,0,0,29438,-15.137684106826782,-11.009793758392334,0.21428571428571427
38257,0,0,29437,-15.137684106826782,-11.009793758392334,0.21428571428571427
38258,0,0,29436,-15.137684106826782,-11.009793758392334,0.21428571428571427
38259,0,0,29435,-15.137684106826782,-11.009793758392334,0.21428571428571427
38260,0,0,29434,-15.137684106826782,-11.009793758392334,0.21428571428571427
38261,0,0,29432,-15.137684106826782,-11.009793758392334,0.21428571428571427
38262,0,0,29422,-15.137684106826782,-11.009793758392334,0.21428571428571427
38263,0,0,29431,-15.137684106826782,-11.009793758392334,0.21428571428571427
38264,0,0,29430,-15.137684106826782,-11.009793758392334,0.21428571428571427
38265,0,0,29429,-15.137684106826782,-11.009793758392334,0.21428571428571427
38266,0,0,29428,-15.137684106826782,-11.009793758392334,0.21428571428571427
38267,0,0,29427,-15.137684106826782,-11.009793758392334,0.21428571428571427
38268,0,0,29426,-15.137684106826782,-11.009793758392334,0.21428571428571427
38269,0,0,29425,-15.137684106826782,-11.009793758392334,0.21428571428571427
38270,0,0,29424,-15.137684106826782,-11.009793758392334,0.21428571428571427
38271,0,0,29423,-15.137684106826782,-11.009793758392334,0.21428571428571427
38272,0,0,29005,-15.137684106826782,-11.009793758392334,0.21428571428571427
38273,0,0,28906,-15.137684106826782,-11.009793758392334,0.21428571428571427
38274,0,0,28224,-15.137684106826782,-11.009793758392334,0.21428571428571427
38275,0,0,28905,-15.137684106826782,-11.009793758392334,0.21428571428571427
38276,0,0,28393,-15.137684106826782,-11.009793758392334,0.21428571428571427
38277,0,0,28392,-15.137684106826782,-11.009793758392334,0.21428571428571427
38278,0,0,28391,-15.137684106826782,-11.009793758392334,0.21428571428571427
38279,0,0,28390,-15.137684106826782,-11.009793758392334,0.21428571428571427
38280,0,0,28389,-15.137684106826782,-11.009793758392334,0.21428571428571427
38281,0,0,28388,-15.137684106826782,-11.009793758392334,0.21428571428571427
38282,0,0,28387,-15.137684106826782,-11.009793758392334,0.21428571428571427
38283,0,0,28386,-15.137684106826782,-11.009793758392334,0.21428571428571427
38284,0,0,28385,-15.137684106826782,-11.009793758392334,0.21428571428571427
38285,0,0,28384,-15.137684106826782,-11.009793758392334,0.21428571428571427
38286,0,0,28383,-15.137684106826782,-11.009793758392334,0.21428571428571427
38287,0,0,28382,-15.137684106826782,-11.009793758392334,0.21428571428571427
38288,0,0,28381,-15.137684106826782,-11.009793758392334,0.21428571428571427
38289,0,0,28380,-15.137684106826782,-11.009793758392334,0.21428571428571427
38290,0,0,28379,-15.137684106826782,-11.009793758392334,0.21428571428571427
38291,0,0,28378,-15.137684106826782,-11.009793758392334,0.21428571428571427
38292,0,0,28377,-15.137684106826782,-11.009793758392334,0.21428571428571427
38293,0,0,28376,-15.137684106826782,-11.009793758392334,0.21428571428571427
38294,0,0,28375,-15.137684106826782,-11.009793758392334,0.21428571428571427
38295,0,0,28374,-15.137684106826782,-11.009793758392334,0.21428571428571427
38296,0,0,28373,-15.137684106826782,-11.009793758392334,0.21428571428571427
38297,0,0,28394,-15.137684106826782,-11.009793758392334,0.21428571428571427
38298,0,0,28395,-15.137684106826782,-11.009793758392334,0.21428571428571427
38299,0,0,28396,-15.137684106826782,-11.009793758392334,0.21428571428571427
38300,0,0,28408,-15.137684106826782,-11.009793758392334,0.21428571428571427
38301,0,0,28417,-15.137684106826782,-11.009793758392334,0.21428571428571427
38302,0,0,28416,-15.137684106826782,-11.009793758392334,0.21428571428571427
38303,0,0,28415,-15.137684106826782,-11.009793758392334,0.21428571428571427
38304,0,0,28414,-15.137684106826782,-11.009793758392334,0.21428571428571427
38305,0,0,28413,-15.137684106826782,-11.009793758392334,0.21428571428571427
38306,0,0,28412,-15.137684106826782,-11.009793758392334,0.21428571428571427
38307,0,0,28411,-15.137684106826782,-11.009793758392334,0.21428571428571427
38308,0,0,28410,-15.137684106826782,-11.009793758392334,0.21428571428571427
38309,0,0,28409,-15.137684106826782,-11.009793758392334,0.21428571428571427
38310,0,0,28407,-15.137684106826782,-11.009793758392334,0.21428571428571427
38311,0,0,28397,-15.137684106826782,-11.009793758392334,0.21428571428571427
38312,0,0,28406,-15.137684106826782,-11.009793758392334,0.21428571428571427
38313,0,0,28405,-15.137684106826782,-11.009793758392334,0.21428571428571427
38314,0,0,28404,-15.137684106826782,-11.009793758392334,0.21428571428571427
38315,0,0,28403,-15.137684106826782,-11.009793758392334,0.21428571428571427
38316,0,0,28402,-15.137684106826782,-11.009793758392334,0.21428571428571427
38317,0,0,28401,-15.137684106826782,-11.009793758392334,0.21428571428571427
38318,0,0,28400,-15.137684106826782,-11.009793758392334,0.21428571428571427
38319,0,0,28399,-15.137684106826782,-11.009793758392334,0.21428571428571427
38320,0,0,28398,-15.137684106826782,-11.009793758392334,0.21428571428571427
38321,0,0,28372,-15.137684106826782,-11.009793758392334,0.21428571428571427
38322,0,0,28370,-15.137684106826782,-11.009793758392334,0.21428571428571427
38323,0,0,28323,-15.137684106826782,-11.009793758392334,0.21428571428571427
38324,0,0,28369,-15.137684106826782,-11.009793758392334,0.21428571428571427
38325,0,0,28344,-15.137684106826782,-11.009793758392334,0.21428571428571427
38326,0,0,28343,-15.137684106826782,-11.009793758392334,0.21428571428571427
38327,0,0,28342,-15.137684106826782,-11.009793758392334,0.21428571428571427
38328,0,0,28341,-15.137684106826782,-11.009793758392334,0.21428571428571427
38329,0,0,28340,-15.137684106826782,-11.009793758392334,0.21428571428571427
38330,0,0,28339,-15.137684106826782,-11.009793758392334,0.21428571428571427
38331,0,0,28338,-15.137684106826782,-11.009793758392334,0.21428571428571427
38332,0,0,28337,-15.137684106826782,-11.009793758392334,0.21428571428571427
38333,0,0,28336,-15.137684106826782,-11.009793758392334,0.21428571428571427
38334,0,0,28335,-15.137684106826782,-11.009793758392334,0.21428571428571427
38335,0,0,28334,-15.137684106826782,-11.009793758392334,0.21428571428571427
38336,0,0,28333,-15.137684106826782,-11.009793758392334,0.21428571428571427
38337,0,0,28332,-15.137684106826782,-11.009793758392334,0.21428571428571427
38338,0,0,28331,-15.137684106826782,-11.009793758392334,0.21428571428571427
38339,0,0,28330,-15.137684106826782,-11.009793758392334,0.21428571428571427
38340,0,0,28329,-15.137684106826782,-11.009793758392334,0.21428571428571427
38341,0,0,28328,-15.137684106826782,-11.009793758392334,0.21428571428571427
38342,0,0,28327,-15.137684106826782,-11.009793758392334,0.21428571428571427
38343,0,0,28326,-15.137684106826782,-11.009793758392334,0.21428571428571427
38344,0,0,28325,-15.137684106826782,-11.009793758392334,0.21428571428571427
38345,0,0,28324,-15.137684106826782,-11.009793758392334,0.21428571428571427
38346,0,0,28345,-15.137684106826782,-11.009793758392334,0.21428571428571427
38347,0,0,28346,-15.137684106826782,-11.009793758392334,0.21428571428571427
38348,0,0,28347,-15.137684106826782,-11.009793758392334,0.21428571428571427
38349,0,0,28359,-15.137684106826782,-11.009793758392334,0.21428571428571427
38350,0,0,28368,-15.137684106826782,-11.009793758392334,0.21428571428571427
38351,0,0,28367,-15.137684106826782,-11.009793758392334,0.21428571428571427
38352,0,0,28366,-15.137684106826782,-11.009793758392334,0.21428571428571427
38353,0,0,28365,-15.137684106826782,-11.009793758392334,0.21428571428571427
38354,0,0,28364,-15.137684106826782,-11.009793758392334,0.21428571428571427
38355,0,0,28363,-15.137684106826782,-11.009793758392334,0.21428571428571427
38356,0,0,28362,-15.137684106826782,-11.009793758392334,0.21428571428571427
38357,0,0,28361,-15.137684106826782,-11.009793758392334,0.21428571428571427
38358,0,0,28360,-15.137684106826782,-11.009793758392334,0.21428571428571427
38359,0,0,28358,-15.137684106826782,-11.009793758392334,0.21428571428571427
38360,0,0,28348,-15.137684106826782,-11.009793758392334,0.21428571428571427
38361,0,0,28357,-15.137684106826782,-11.009793758392334,0.21428571428571427
38362,0,0,28356,-15.137684106826782,-11.009793758392334,0.21428571428571427
38363,0,0,28355,-15.137684106826782,-11.009793758392334,0.21428571428571427
38364,0,0,28354,-15.137684106826782,-11.009793758392334,0.21428571428571427
38365,0,0,28353,-15.137684106826782,-11.009793758392334,0.21428571428571427
38366,0,0,28352,-15.137684106826782,-11.009793758392334,0.21428571428571427
38367,0,0,28351,-15.137684106826782,-11.009793758392334,0.21428571428571427
38368,0,0,28350,-15.137684106826782,-11.009793758392334,0.21428571428571427
38369,0,0,28349,-15.137684106826782,-11.009793758392334,0.21428571428571427
38370,0,0,28418,-15.137684106826782,-11.009793758392334,0.21428571428571427
38371,0,0,28419,-15.137684106826782,-11.009793758392334,0.21428571428571427
38372,0,0,28420,-15.137684106826782,-11.009793758392334,0.21428571428571427
38373,0,0,28421,-15.137684106826782,-11.009793758392334,0.21428571428571427
38374,0,0,28490,-15.137684106826782,-11.009793758392334,0.21428571428571427
38375,0,0,28489,-15.137684106826782,-11.009793758392334,0.21428571428571427
38376,0,0,28488,-15.137684106826782,-11.009793758392334,0.21428571428571427
38377,0,0,28487,-15.137684106826782,-11.009793758392334,0.21428571428571427
38378,0,0,28486,-15.137684106826782,-11.009793758392334,0.21428571428571427
38379,0,0,28485,-15.137684106826782,-11.009793758392334,0.21428571428571427
38380,0,0,28484,-15.137684106826782,-11.009793758392334,0.21428571428571427
38381,0,0,28483,-15.137684106826782,-11.009793758392334,0.21428571428571427
38382,0,0,28482,-15.137684106826782,-11.009793758392334,0.21428571428571427
38383,0,0,28480,-15.137684106826782,-11.009793758392334,0.21428571428571427
38384,0,0,28470,-15.137684106826782,-11.009793758392334,0.21428571428571427
38385,0,0,28479,-15.137684106826782,-11.009793758392334,0.21428571428571427
38386,0,0,28478,-15.137684106826782,-11.009793758392334,0.21428571428571427
38387,0,0,28477,-15.137684106826782,-11.009793758392334,0.21428571428571427
38388,0,0,28476,-15.137684106826782,-11.009793758392334,0.21428571428571427
38389,0,0,28475,-15.137684106826782,-11.009793758392334,0.21428571428571427
38390,0,0,28474,-15.137684106826782,-11.009793758392334,0.21428571428571427
38391,0,0,28473,-15.137684106826782,-11.009793758392334,0.21428571428571427
38392,0,0,28472,-15.137684106826782,-11.009793758392334,0.21428571428571427
38393,0,0,28471,-15.137684106826782,-11.009793758392334,0.21428571428571427
38394,0,0,28491,-15.137684106826782,-11.009793758392334,0.21428571428571427
38395,0,0,28481,-15.137684106826782,-11.009793758392334,0.21428571428571427
38396,0,0,28492,-15.137684106826782,-11.009793758392334,0.21428571428571427
38397,0,0,28505,-15.137684106826782,-11.009793758392334,0.21428571428571427
38398,0,0,28514,-15.137684106826782,-11.009793758392334,0.21428571428571427
38399,0,0,28513,-15.137684106826782,-11.009793758392334,0.21428571428571427
38400,0,0,28512,-15.137684106826782,-11.009793758392334,0.21428571428571427
38401,0,0,28511,-15.137684106826782,-11.009793758392334,0.21428571428571427
38402,0,0,28510,-15.137684106826782,-11.009793758392334,0.21428571428571427
38403,0,0,28509,-15.137684106826782,-11.009793758392334,0.21428571428571427
38404,0,0,28508,-15.137684106826782,-11.009793758392334,0.21428571428571427
38405,0,0,28507,-15.137684106826782,-11.009793758392334,0.21428571428571427
38406,0,0,28506,-15.137684106826782,-11.009793758392334,0.21428571428571427
38407,0,0,28504,-15.137684106826782,-11.009793758392334,0.21428571428571427
38408,0,0,28494,-15.137684106826782,-11.009793758392334,0.21428571428571427
38409,0,0,28503,-15.137684106826782,-11.009793758392334,0.21428571428571427
38410,0,0,28502,-15.137684106826782,-11.009793758392334,0.21428571428571427
38411,0,0,28501,-15.137684106826782,-11.009793758392334,0.21428571428571427
38412,0,0,28500,-15.137684106826782,-11.009793758392334,0.21428571428571427
38413,0,0,28499,-15.137684106826782,-11.009793758392334,0.21428571428571427
38414,0,0,28498,-15.137684106826782,-11.009793758392334,0.21428571428571427
38415,0,0,28497,-15.137684106826782,-11.009793758392334,0.21428571428571427
38416,0,0,28496,-15.137684106826782,-11.009793758392334,0.21428571428571427
38417,0,0,28495,-15.137684106826782,-11.009793758392334,0.21428571428571427
38418,0,0,28493,-15.137684106826782,-11.009793758392334,0.21428571428571427
38419,0,0,28469,-15.137684106826782,-11.009793758392334,0.21428571428571427
38420,0,0,28468,-15.137684106826782,-11.009793758392334,0.21428571428571427
38421,0,0,28467,-15.137684106826782,-11.009793758392334,0.21428571428571427
38422,0,0,28442,-15.137684106826782,-11.009793758392334,0.21428571428571427
38423,0,0,28441,-15.137684106826782,-11.009793758392334,0.21428571428571427
38424,0,0,28440,-15.137684106826782,-11.009793758392334,0.21428571428571427
38425,0,0,28439,-15.137684106826782,-11.009793758392334,0.21428571428571427
38426,0,0,28438,-15.137684106826782,-11.009793758392334,0.21428571428571427
38427,0,0,28437,-15.137684106826782,-11.009793758392334,0.21428571428571427
38428,0,0,28436,-15.137684106826782,-11.009793758392334,0.21428571428571427
38429,0,0,28435,-15.137684106826782,-11.009793758392334,0.21428571428571427
38430,0,0,28434,-15.137684106826782,-11.009793758392334,0.21428571428571427
38431,0,0,28433,-15.137684106826782,-11.009793758392334,0.21428571428571427
38432,0,0,28432,-15.137684106826782,-11.009793758392334,0.21428571428571427
38433,0,0,28431,-15.137684106826782,-11.009793758392334,0.21428571428571427
38434,0,0,28430,-15.137684106826782,-11.009793758392334,0.21428571428571427
38435,0,0,28429,-15.137684106826782,-11.009793758392334,0.21428571428571427
38436,0,0,28428,-15.137684106826782,-11.009793758392334,0.21428571428571427
38437,0,0,28427,-15.137684106826782,-11.009793758392334,0.21428571428571427
38438,0,0,28426,-15.137684106826782,-11.009793758392334,0.21428571428571427
38439,0,0,28425,-15.137684106826782,-11.009793758392334,0.21428571428571427
38440,0,0,28424,-15.137684106826782,-11.009793758392334,0.21428571428571427
38441,0,0,28423,-15.137684106826782,-11.009793758392334,0.21428571428571427
38442,0,0,28422,-15.137684106826782,-11.009793758392334,0.21428571428571427
38443,0,0,28443,-15.137684106826782,-11.009793758392334,0.21428571428571427
38444,0,0,28444,-15.137684106826782,-11.009793758392334,0.21428571428571427
38445,0,0,28445,-15.137684106826782,-11.009793758392334,0.21428571428571427
38446,0,0,28457,-15.137684106826782,-11.009793758392334,0.21428571428571427
38447,0,0,28466,-15.137684106826782,-11.009793758392334,0.21428571428571427
38448,0,0,28465,-15.137684106826782,-11.009793758392334,0.21428571428571427
38449,0,0,28464,-15.137684106826782,-11.009793758392334,0.21428571428571427
38450,0,0,28463,-15.137684106826782,-11.009793758392334,0.21428571428571427
38451,0,0,28462,-15.137684106826782,-11.009793758392334,0.21428571428571427
38452,0,0,28461,-15.137684106826782,-11.009793758392334,0.21428571428571427
38453,0,0,28460,-15.137684106826782,-11.009793758392334,0.21428571428571427
38454,0,0,28459,-15.137684106826782,-11.009793758392334,0.21428571428571427
38455,0,0,28458,-15.137684106826782,-11.009793758392334,0.21428571428571427
38456,0,0,28456,-15.137684106826782,-11.009793758392334,0.21428571428571427
38457,0,0,28446,-15.137684106826782,-11.009793758392334,0.21428571428571427
38458,0,0,28455,-15.137684106826782,-11.009793758392334,0.21428571428571427
38459,0,0,28454,-15.137684106826782,-11.009793758392334,0.21428571428571427
38460,0,0,28453,-15.137684106826782,-11.009793758392334,0.21428571428571427
38461,0,0,28452,-15.137684106826782,-11.009793758392334,0.21428571428571427
38462,0,0,28451,-15.137684106826782,-11.009793758392334,0.21428571428571427
38463,0,0,28450,-15.137684106826782,-11.009793758392334,0.21428571428571427
38464,0,0,28449,-15.137684106826782,-11.009793758392334,0.21428571428571427
38465,0,0,28448,-15.137684106826782,-11.009793758392334,0.21428571428571427
38466,0,0,28447,-15.137684106826782,-11.009793758392334,0.21428571428571427
38467,0,0,28371,-15.137684106826782,-11.009793758392334,0.21428571428571427
38468,0,0,28322,-15.137684106826782,-11.009793758392334,0.21428571428571427
38469,0,0,28321,-15.137684106826782,-11.009793758392334,0.21428571428571427
38470,0,0,28320,-15.137684106826782,-11.009793758392334,0.21428571428571427
38471,0,0,28197,-15.137684106826782,-11.009793758392334,0.21428571428571427
38472,0,0,28196,-15.137684106826782,-11.009793758392334,0.21428571428571427
38473,0,0,28195,-15.137684106826782,-11.009793758392334,0.21428571428571427
38474,0,0,28194,-15.137684106826782,-11.009793758392334,0.21428571428571427
38475,0,0,28193,-15.137684106826782,-11.009793758392334,0.21428571428571427
38476,0,0,28192,-15.137684106826782,-11.009793758392334,0.21428571428571427
38477,0,0,28191,-15.137684106826782,-11.009793758392334,0.21428571428571427
38478,0,0,28190,-15.137684106826782,-11.009793758392334,0.21428571428571427
38479,0,0,28189,-15.137684106826782,-11.009793758392334,0.21428571428571427
38480,0,0,28188,-15.137684106826782,-11.009793758392334,0.21428571428571427
38481,0,0,28187,-15.137684106826782,-11.009793758392334,0.21428571428571427
38482,0,0,28186,-15.137684106826782,-11.009793758392334,0.21428571428571427
38483,0,0,28185,-15.137684106826782,-11.009793758392334,0.21428571428571427
38484,0,0,28184,-15.137684106826782,-11.009793758392334,0.21428571428571427
38485,0,0,28183,-15.137684106826782,-11.009793758392334,0.21428571428571427
38486,0,0,28182,-15.137684106826782,-11.009793758392334,0.21428571428571427
38487,0,0,28181,-15.137684106826782,-11.009793758392334,0.21428571428571427
38488,0,0,28180,-15.137684106826782,-11.009793758392334,0.21428571428571427
38489,0,0,28179,-15.137684106826782,-11.009793758392334,0.21428571428571427
38490,0,0,28178,-15.137684106826782,-11.009793758392334,0.21428571428571427
38491,0,0,28177,-15.137684106826782,-11.009793758392334,0.21428571428571427
38492,0,0,28198,-15.137684106826782,-11.009793758392334,0.21428571428571427
38493,0,0,28199,-15.137684106826782,-11.009793758392334,0.21428571428571427
38494,0,0,28200,-15.137684106826782,-11.009793758392334,0.21428571428571427
38495,0,0,28212,-15.137684106826782,-11.009793758392334,0.21428571428571427
38496,0,0,28221,-15.137684106826782,-11.009793758392334,0.21428571428571427
38497,0,0,28220,-15.137684106826782,-11.009793758392334,0.21428571428571427
38498,0,0,28219,-15.137684106826782,-11.009793758392334,0.21428571428571427
38499,0,0,28218,-15.137684106826782,-11.009793758392334,0.21428571428571427
38500,0,0,28217,-15.137684106826782,-11.009793758392334,0.21428571428571427
38501,0,0,28216,-15.137684106826782,-11.009793758392334,0.21428571428571427
38502,0,0,28215,-15.137684106826782,-11.009793758392334,0.21428571428571427
38503,0,0,28214,-15.137684106826782,-11.009793758392334,0.21428571428571427
38504,0,0,28213,-15.137684106826782,-11.009793758392334,0.21428571428571427
38505,0,0,28211,-15.137684106826782,-11.009793758392334,0.21428571428571427
38506,0,0,28201,-15.137684106826782,-11.009793758392334,0.21428571428571427
38507,0,0,28210,-15.137684106826782,-11.009793758392334,0.21428571428571427
38508,0,0,28209,-15.137684106826782,-11.009793758392334,0.21428571428571427
38509,0,0,28208,-15.137684106826782,-11.009793758392334,0.21428571428571427
38510,0,0,28207,-15.137684106826782,-11.009793758392334,0.21428571428571427
38511,0,0,28206,-15.137684106826782,-11.009793758392334,0.21428571428571427
38512,0,0,28205,-15.137684106826782,-11.009793758392334,0.21428571428571427
38513,0,0,28204,-15.137684106826782,-11.009793758392334,0.21428571428571427
38514,0,0,28203,-15.137684106826782,-11.009793758392334,0.21428571428571427
38515,0,0,28202,-15.137684106826782,-11.009793758392334,0.21428571428571427
38516,0,0,28176,-15.137684106826782,-11.009793758392334,0.21428571428571427
38517,0,0,28174,-15.137684106826782,-11.009793758392334,0.21428571428571427
38518,0,0,28127,-15.137684106826782,-11.009793758392334,0.21428571428571427
38519,0,0,28173,-15.137684106826782,-11.009793758392334,0.21428571428571427
38520,0,0,28148,-15.137684106826782,-11.009793758392334,0.21428571428571427
38521,0,0,28147,-15.137684106826782,-11.009793758392334,0.21428571428571427
38522,0,0,28146,-15.137684106826782,-11.009793758392334,0.21428571428571427
38523,0,0,28145,-15.137684106826782,-11.009793758392334,0.21428571428571427
38524,0,0,28144,-15.137684106826782,-11.009793758392334,0.21428571428571427
38525,0,0,28143,-15.137684106826782,-11.009793758392334,0.21428571428571427
38526,0,0,28142,-15.137684106826782,-11.009793758392334,0.21428571428571427
38527,0,0,28141,-15.137684106826782,-11.009793758392334,0.21428571428571427
38528,0,0,28140,-15.137684106826782,-11.009793758392334,0.21428571428571427
38529,0,0,28139,-15.137684106826782,-11.009793758392334,0.21428571428571427
38530,0,0,28138,-15.137684106826782,-11.009793758392334,0.21428571428571427
38531,0,0,28137,-15.137684106826782,-11.009793758392334,0.21428571428571427
38532,0,0,28136,-15.137684106826782,-11.009793758392334,0.21428571428571427
38533,0,0,28135,-15.137684106826782,-11.009793758392334,0.21428571428571427
38534,0,0,28134,-15.137684106826782,-11.009793758392334,0.21428571428571427
38535,0,0,28133,-15.137684106826782,-11.009793758392334,0.21428571428571427
38536,0,0,28132,-15.137684106826782,-11.009793758392334,0.21428571428571427
38537,0,0,28131,-15.137684106826782,-11.009793758392334,0.21428571428571427
38538,0,0,28130,-15.137684106826782,-11.009793758392334,0.21428571428571427
38539,0,0,28129,-15.137684106826782,-11.009793758392334,0.21428571428571427
38540,0,0,28128,-15.137684106826782,-11.009793758392334,0.21428571428571427
38541,0,0,28149,-15.137684106826782,-11.009793758392334,0.21428571428571427
38542,0,0,28150,-15.137684106826782,-11.009793758392334,0.21428571428571427
38543,0,0,28151,-15.137684106826782,-11.009793758392334,0.21428571428571427
38544,0,0,28163,-15.137684106826782,-11.009793758392334,0.21428571428571427
38545,0,0,28172,-15.137684106826782,-11.009793758392334,0.21428571428571427
38546,0,0,28171,-15.137684106826782,-11.009793758392334,0.21428571428571427
38547,0,0,28170,-15.137684106826782,-11.009793758392334,0.21428571428571427
38548,0,0,28169,-15.137684106826782,-11.009793758392334,0.21428571428571427
38549,0,0,28168,-15.137684106826782,-11.009793758392334,0.21428571428571427
38550,0,0,28167,-15.137684106826782,-11.009793758392334,0.21428571428571427
38551,0,0,28166,-15.137684106826782,-11.009793758392334,0.21428571428571427
38552,0,0,28165,-15.137684106826782,-11.009793758392334,0.21428571428571427
38553,0,0,28164,-15.137684106826782,-11.009793758392334,0.21428571428571427
38554,0,0,28162,-15.137684106826782,-11.009793758392334,0.21428571428571427
38555,0,0,28152,-15.137684106826782,-11.009793758392334,0.21428571428571427
38556,0,0,28161,-15.137684106826782,-11.009793758392334,0.21428571428571427
38557,0,0,28160,-15.137684106826782,-11.009793758392334,0.21428571428571427
38558,0,0,28159,-15.137684106826782,-11.009793758392334,0.21428571428571427
38559,0,0,28158,-15.137684106826782,-11.009793758392334,0.21428571428571427
38560,0,0,28157,-15.137684106826782,-11.009793758392334,0.21428571428571427
38561,0,0,28156,-15.137684106826782,-11.009793758392334,0.21428571428571427
38562,0,0,28155,-15.137684106826782,-11.009793758392334,0.21428571428571427
38563,0,0,28154,-15.137684106826782,-11.009793758392334,0.21428571428571427
38564,0,0,28153,-15.137684106826782,-11.009793758392334,0.21428571428571427
38565,0,0,28222,-15.137684106826782,-11.009793758392334,0.21428571428571427
38566,0,0,28175,-15.137684106826782,-11.009793758392334,0.21428571428571427
38567,0,0,28223,-15.137684106826782,-11.009793758392334,0.21428571428571427
38568,0,0,28273,-15.137684106826782,-11.009793758392334,0.21428571428571427
38569,0,0,28295,-15.137684106826782,-11.009793758392334,0.21428571428571427
38570,0,0,28294,-15.137684106826782,-11.009793758392334,0.21428571428571427
38571,0,0,28293,-15.137684106826782,-11.009793758392334,0.21428571428571427
38572,0,0,28292,-15.137684106826782,-11.009793758392334,0.21428571428571427
38573,0,0,28291,-15.137684106826782,-11.009793758392334,0.21428571428571427
38574,0,0,28290,-15.137684106826782,-11.009793758392334,0.21428571428571427
38575,0,0,28289,-15.137684106826782,-11.009793758392334,0.21428571428571427
38576,0,0,28288,-15.137684106826782,-11.009793758392334,0.21428571428571427
38577,0,0,28287,-15.137684106826782,-11.009793758392334,0.21428571428571427
38578,0,0,28286,-15.137684106826782,-11.009793758392334,0.21428571428571427
38579,0,0,28285,-15.137684106826782,-11.009793758392334,0.21428571428571427
38580,0,0,28284,-15.137684106826782,-11.009793758392334,0.21428571428571427
38581,0,0,28283,-15.137684106826782,-11.009793758392334,0.21428571428571427
38582,0,0,28282,-15.137684106826782,-11.009793758392334,0.21428571428571427
38583,0,0,28281,-15.137684106826782,-11.009793758392334,0.21428571428571427
38584,0,0,28280,-15.137684106826782,-11.009793758392334,0.21428571428571427
38585,0,0,28279,-15.137684106826782,-11.009793758392334,0.21428571428571427
38586,0,0,28278,-15.137684106826782,-11.009793758392334,0.21428571428571427
38587,0,0,28277,-15.137684106826782,-11.009793758392334,0.21428571428571427
38588,0,0,28276,-15.137684106826782,-11.009793758392334,0.21428571428571427
38589,0,0,28275,-15.137684106826782,-11.009793758392334,0.21428571428571427
38590,0,0,28296,-15.137684106826782,-11.009793758392334,0.21428571428571427
38591,0,0,28297,-15.137684106826782,-11.009793758392334,0.21428571428571427
38592,0,0,28298,-15.137684106826782,-11.009793758392334,0.21428571428571427
38593,0,0,28310,-15.137684106826782,-11.009793758392334,0.21428571428571427
38594,0,0,28319,-15.137684106826782,-11.009793758392334,0.21428571428571427
38595,0,0,28318,-15.137684106826782,-11.009793758392334,0.21428571428571427
38596,0,0,28317,-15.137684106826782,-11.009793758392334,0.21428571428571427
38597,0,0,28316,-15.137684106826782,-11.009793758392334,0.21428571428571427
38598,0,0,28315,-15.137684106826782,-11.009793758392334,0.21428571428571427
38599,0,0,28314,-15.137684106826782,-11.009793758392334,0.21428571428571427
38600,0,0,28313,-15.137684106826782,-11.009793758392334,0.21428571428571427
38601,0,0,28312,-15.137684106826782,-11.009793758392334,0.21428571428571427
38602,0,0,28311,-15.137684106826782,-11.009793758392334,0.21428571428571427
38603,0,0,28309,-15.137684106826782,-11.009793758392334,0.21428571428571427
38604,0,0,28299,-15.137684106826782,-11.009793758392334,0.21428571428571427
38605,0,0,28308,-15.137684106826782,-11.009793758392334,0.21428571428571427
38606,0,0,28307,-15.137684106826782,-11.009793758392334,0.21428571428571427
38607,0,0,28306,-15.137684106826782,-11.009793758392334,0.21428571428571427
38608,0,0,28305,-15.137684106826782,-11.009793758392334,0.21428571428571427
38609,0,0,28304,-15.137684106826782,-11.009793758392334,0.21428571428571427
38610,0,0,28303,-15.137684106826782,-11.009793758392334,0.21428571428571427
38611,0,0,28302,-15.137684106826782,-11.009793758392334,0.21428571428571427
38612,0,0,28301,-15.137684106826782,-11.009793758392334,0.21428571428571427
38613,0,0,28300,-15.137684106826782,-11.009793758392334,0.21428571428571427
38614,0,0,28274,-15.137684106826782,-11.009793758392334,0.21428571428571427
38615,0,0,28272,-15.137684106826782,-11.009793758392334,0.21428571428571427
38616,0,0,28225,-15.137684106826782,-11.009793758392334,0.21428571428571427
38617,0,0,28271,-15.137684106826782,-11.009793758392334,0.21428571428571427
38618,0,0,28246,-15.137684106826782,-11.009793758392334,0.21428571428571427
38619,0,0,28245,-15.137684106826782,-11.009793758392334,0.21428571428571427
38620,0,0,28244,-15.137684106826782,-11.009793758392334,0.21428571428571427
38621,0,0,28243,-15.137684106826782,-11.009793758392334,0.21428571428571427
38622,0,0,28242,-15.137684106826782,-11.009793758392334,0.21428571428571427
38623,0,0,28241,-15.137684106826782,-11.009793758392334,0.21428571428571427
38624,0,0,28240,-15.137684106826782,-11.009793758392334,0.21428571428571427
38625,0,0,28239,-15.137684106826782,-11.009793758392334,0.21428571428571427
38626,0,0,28238,-15.137684106826782,-11.009793758392334,0.21428571428571427
38627,0,0,28237,-15.137684106826782,-11.009793758392334,0.21428571428571427
38628,0,0,28236,-15.137684106826782,-11.009793758392334,0.21428571428571427
38629,0,0,28235,-15.137684106826782,-11.009793758392334,0.21428571428571427
38630,0,0,28234,-15.137684106826782,-11.009793758392334,0.21428571428571427
38631,0,0,28233,-15.137684106826782,-11.009793758392334,0.21428571428571427
38632,0,0,28232,-15.137684106826782,-11.009793758392334,0.21428571428571427
38633,0,0,28231,-15.137684106826782,-11.009793758392334,0.21428571428571427
38634,0,0,28230,-15.137684106826782,-11.009793758392334,0.21428571428571427
38635,0,0,28229,-15.137684106826782,-11.009793758392334,0.21428571428571427
38636,0,0,28228,-15.137684106826782,-11.009793758392334,0.21428571428571427
38637,0,0,28227,-15.137684106826782,-11.009793758392334,0.21428571428571427
38638,0,0,28226,-15.137684106826782,-11.009793758392334,0.21428571428571427
38639,0,0,28247,-15.137684106826782,-11.009793758392334,0.21428571428571427
38640,0,0,28248,-15.137684106826782,-11.009793758392334,0.21428571428571427
38641,0,0,28249,-15.137684106826782,-11.009793758392334,0.21428571428571427
38642,0,0,28261,-15.137684106826782,-11.009793758392334,0.21428571428571427
38643,0,0,28270,-15.137684106826782,-11.009793758392334,0.21428571428571427
38644,0,0,28269,-15.137684106826782,-11.009793758392334,0.21428571428571427
38645,0,0,28268,-15.137684106826782,-11.009793758392334,0.21428571428571427
38646,0,0,28267,-15.137684106826782,-11.009793758392334,0.21428571428571427
38647,0,0,28266,-15.137684106826782,-11.009793758392334,0.21428571428571427
38648,0,0,28265,-15.137684106826782,-11.009793758392334,0.21428571428571427
38649,0,0,28264,-15.137684106826782,-11.009793758392334,0.21428571428571427
38650,0,0,28263,-15.137684106826782,-11.009793758392334,0.21428571428571427
38651,0,0,28262,-15.137684106826782,-11.009793758392334,0.21428571428571427
38652,0,0,28260,-15.137684106826782,-11.009793758392334,0.21428571428571427
38653,0,0,28250,-15.137684106826782,-11.009793758392334,0.21428571428571427
38654,0,0,28259,-15.137684106826782,-11.009793758392334,0.21428571428571427
38655,0,0,28258,-15.137684106826782,-11.009793758392334,0.21428571428571427
38656,0,0,28257,-15.137684106826782,-11.009793758392334,0.21428571428571427
38657,0,0,28256,-15.137684106826782,-11.009793758392334,0.21428571428571427
38658,0,0,28255,-15.137684106826782,-11.009793758392334,0.21428571428571427
38659,0,0,28254,-15.137684106826782,-11.009793758392334,0.21428571428571427
38660,0,0,28253,-15.137684106826782,-11.009793758392334,0.21428571428571427
38661,0,0,28252,-15.137684106826782,-11.009793758392334,0.21428571428571427
38662,0,0,28251,-15.137684106826782,-11.009793758392334,0.21428571428571427
38663,0,0,28515,-15.137684106826782,-11.009793758392334,0.21428571428571427
38664,0,0,28516,-15.137684106826782,-11.009793758392334,0.21428571428571427
38665,0,0,28517,-15.137684106826782,-11.009793758392334,0.21428571428571427
38666,0,0,28712,-15.137684106826782,-11.009793758392334,0.21428571428571427
38667,0,0,28783,-15.137684106826782,-11.009793758392334,0.21428571428571427
38668,0,0,28782,-15.137684106826782,-11.009793758392334,0.21428571428571427
38669,0,0,28781,-15.137684106826782,-11.009793758392334,0.21428571428571427
38670,0,0,28780,-15.137684106826782,-11.009793758392334,0.21428571428571427
38671,0,0,28779,-15.137684106826782,-11.009793758392334,0.21428571428571427
38672,0,0,28778,-15.137684106826782,-11.009793758392334,0.21428571428571427
38673,0,0,28777,-15.137684106826782,-11.009793758392334,0.21428571428571427
38674,0,0,28776,-15.137684106826782,-11.009793758392334,0.21428571428571427
38675,0,0,28775,-15.137684106826782,-11.009793758392334,0.21428571428571427
38676,0,0,28774,-15.137684106826782,-11.009793758392334,0.21428571428571427
38677,0,0,28773,-15.137684106826782,-11.009793758392334,0.21428571428571427
38678,0,0,28772,-15.137684106826782,-11.009793758392334,0.21428571428571427
38679,0,0,28771,-15.137684106826782,-11.009793758392334,0.21428571428571427
38680,0,0,28770,-15.137684106826782,-11.009793758392334,0.21428571428571427
38681,0,0,28769,-15.137684106826782,-11.009793758392334,0.21428571428571427
38682,0,0,28768,-15.137684106826782,-11.009793758392334,0.21428571428571427
38683,0,0,28767,-15.137684106826782,-11.009793758392334,0.21428571428571427
38684,0,0,28766,-15.137684106826782,-11.009793758392334,0.21428571428571427
38685,0,0,28765,-15.137684106826782,-11.009793758392334,0.21428571428571427
38686,0,0,28764,-15.137684106826782,-11.009793758392334,0.21428571428571427
38687,0,0,28763,-15.137684106826782,-11.009793758392334,0.21428571428571427
38688,0,0,28784,-15.137684106826782,-11.009793758392334,0.21428571428571427
38689,0,0,28785,-15.137684106826782,-11.009793758392334,0.21428571428571427
38690,0,0,28786,-15.137684106826782,-11.009793758392334,0.21428571428571427
38691,0,0,28798,-15.137684106826782,-11.009793758392334,0.21428571428571427
38692,0,0,28807,-15.137684106826782,-11.009793758392334,0.21428571428571427
38693,0,0,28806,-15.137684106826782,-11.009793758392334,0.21428571428571427
38694,0,0,28805,-15.137684106826782,-11.009793758392334,0.21428571428571427
38695,0,0,28804,-15.137684106826782,-11.009793758392334,0.21428571428571427
38696,0,0,28803,-15.137684106826782,-11.009793758392334,0.21428571428571427
38697,0,0,28802,-15.137684106826782,-11.009793758392334,0.21428571428571427
38698,0,0,28801,-15.137684106826782,-11.009793758392334,0.21428571428571427
38699,0,0,28800,-15.137684106826782,-11.009793758392334,0.21428571428571427
38700,0,0,28799,-15.137684106826782,-11.009793758392334,0.21428571428571427
38701,0,0,28797,-15.137684106826782,-11.009793758392334,0.21428571428571427
38702,0,0,28787,-15.137684106826782,-11.009793758392334,0.21428571428571427
38703,0,0,28796,-15.137684106826782,-11.009793758392334,0.21428571428571427
38704,0,0,28795,-15.137684106826782,-11.009793758392334,0.21428571428571427
38705,0,0,28794,-15.137684106826782,-11.009793758392334,0.21428571428571427
38706,0,0,28793,-15.137684106826782,-11.009793758392334,0.21428571428571427
38707,0,0,28792,-15.137684106826782,-11.009793758392334,0.21428571428571427
38708,0,0,28791,-15.137684106826782,-11.009793758392334,0.21428571428571427
38709,0,0,28790,-15.137684106826782,-11.009793758392334,0.21428571428571427
38710,0,0,28789,-15.137684106826782,-11.009793758392334,0.21428571428571427
38711,0,0,28788,-15.137684106826782,-11.009793758392334,0.21428571428571427
38712,0,0,28762,-15.137684106826782,-11.009793758392334,0.21428571428571427
38713,0,0,28760,-15.137684106826782,-11.009793758392334,0.21428571428571427
38714,0,0,28713,-15.137684106826782,-11.009793758392334,0.21428571428571427
38715,0,0,28759,-15.137684106826782,-11.009793758392334,0.21428571428571427
38716,0,0,28734,-15.137684106826782,-11.009793758392334,0.21428571428571427
38717,0,0,28733,-15.137684106826782,-11.009793758392334,0.21428571428571427
38718,0,0,28732,-15.137684106826782,-11.009793758392334,0.21428571428571427
38719,0,0,28731,-15.137684106826782,-11.009793758392334,0.21428571428571427
38720,0,0,28730,-15.137684106826782,-11.009793758392334,0.21428571428571427
38721,0,0,28729,-15.137684106826782,-11.009793758392334,0.21428571428571427
38722,0,0,28728,-15.137684106826782,-11.009793758392334,0.21428571428571427
38723,0,0,28727,-15.137684106826782,-11.009793758392334,0.21428571428571427
38724,0,0,28726,-15.137684106826782,-11.009793758392334,0.21428571428571427
38725,0,0,28725,-15.137684106826782,-11.009793758392334,0.21428571428571427
38726,0,0,28724,-15.137684106826782,-11.009793758392334,0.21428571428571427
38727,0,0,28723,-15.137684106826782,-11.009793758392334,0.21428571428571427
38728,0,0,28722,-15.137684106826782,-11.009793758392334,0.21428571428571427
38729,0,0,28721,-15.137684106826782,-11.009793758392334,0.21428571428571427
38730,0,0,28720,-15.137684106826782,-11.009793758392334,0.21428571428571427
38731,0,0,28719,-15.137684106826782,-11.009793758392334,0.21428571428571427
38732,0,0,28718,-15.137684106826782,-11.009793758392334,0.21428571428571427
38733,0,0,28717,-15.137684106826782,-11.009793758392334,0.21428571428571427
38734,0,0,28716,-15.137684106826782,-11.009793758392334,0.21428571428571427
38735,0,0,28715,-15.137684106826782,-11.009793758392334,0.21428571428571427
38736,0,0,28714,-15.137684106826782,-11.009793758392334,0.21428571428571427
38737,0,0,28735,-15.137684106826782,-11.009793758392334,0.21428571428571427
38738,0,0,28736,-15.137684106826782,-11.009793758392334,0.21428571428571427
38739,0,0,28737,-15.137684106826782,-11.009793758392334,0.21428571428571427
38740,0,0,28749,-15.137684106826782,-11.009793758392334,0.21428571428571427
38741,0,0,28758,-15.137684106826782,-11.009793758392334,0.21428571428571427
38742,0,0,28757,-15.137684106826782,-11.009793758392334,0.21428571428571427
38743,0,0,28756,-15.137684106826782,-11.009793758392334,0.21428571428571427
38744,0,0,28755,-15.137684106826782,-11.009793758392334,0.21428571428571427
38745,0,0,28754,-15.137684106826782,-11.009793758392334,0.21428571428571427
38746,0,0,28753,-15.137684106826782,-11.009793758392334,0.21428571428571427
38747,0,0,28752,-15.137684106826782,-11.009793758392334,0.21428571428571427
38748,0,0,28751,-15.137684106826782,-11.009793758392334,0.21428571428571427
38749,0,0,28750,-15.137684106826782,-11.009793758392334,0.21428571428571427
38750,0,0,28748,-15.137684106826782,-11.009793758392334,0.21428571428571427
38751,0,0,28738,-15.137684106826782,-11.009793758392334,0.21428571428571427
38752,0,0,28747,-15.137684106826782,-11.009793758392334,0.21428571428571427
38753,0,0,28746,-15.137684106826782,-11.009793758392334,0.21428571428571427
38754,0,0,28745,-15.137684106826782,-11.009793758392334,0.21428571428571427
38755,0,0,28744,-15.137684106826782,-11.009793758392334,0.21428571428571427
38756,0,0,28743,-15.137684106826782,-11.009793758392334,0.21428571428571427
38757,0,0,28742,-15.137684106826782,-11.009793758392334,0.21428571428571427
38758,0,0,28741,-15.137684106826782,-11.009793758392334,0.21428571428571427
38759,0,0,28740,-15.137684106826782,-11.009793758392334,0.21428571428571427
38760,0,0,28739,-15.137684106826782,-11.009793758392334,0.21428571428571427
38761,0,0,28808,-15.137684106826782,-11.009793758392334,0.21428571428571427
38762,0,0,28809,-15.137684106826782,-11.009793758392334,0.21428571428571427
38763,0,0,28810,-15.137684106826782,-11.009793758392334,0.21428571428571427
38764,0,0,28811,-15.137684106826782,-11.009793758392334,0.21428571428571427
38765,0,0,28880,-15.137684106826782,-11.009793758392334,0.21428571428571427
38766,0,0,28879,-15.137684106826782,-11.009793758392334,0.21428571428571427
38767,0,0,28878,-15.137684106826782,-11.009793758392334,0.21428571428571427
38768,0,0,28877,-15.137684106826782,-11.009793758392334,0.21428571428571427
38769,0,0,28876,-15.137684106826782,-11.009793758392334,0.21428571428571427
38770,0,0,28875,-15.137684106826782,-11.009793758392334,0.21428571428571427
38771,0,0,28874,-15.137684106826782,-11.009793758392334,0.21428571428571427
38772,0,0,28873,-15.137684106826782,-11.009793758392334,0.21428571428571427
38773,0,0,28872,-15.137684106826782,-11.009793758392334,0.21428571428571427
38774,0,0,28870,-15.137684106826782,-11.009793758392334,0.21428571428571427
38775,0,0,28860,-15.137684106826782,-11.009793758392334,0.21428571428571427
38776,0,0,28869,-15.137684106826782,-11.009793758392334,0.21428571428571427
38777,0,0,28868,-15.137684106826782,-11.009793758392334,0.21428571428571427
38778,0,0,28867,-15.137684106826782,-11.009793758392334,0.21428571428571427
38779,0,0,28866,-15.137684106826782,-11.009793758392334,0.21428571428571427
38780,0,0,28865,-15.137684106826782,-11.009793758392334,0.21428571428571427
38781,0,0,28864,-15.137684106826782,-11.009793758392334,0.21428571428571427
38782,0,0,28863,-15.137684106826782,-11.009793758392334,0.21428571428571427
38783,0,0,28862,-15.137684106826782,-11.009793758392334,0.21428571428571427
38784,0,0,28861,-15.137684106826782,-11.009793758392334,0.21428571428571427
38785,0,0,28881,-15.137684106826782,-11.009793758392334,0.21428571428571427
38786,0,0,28871,-15.137684106826782,-11.009793758392334,0.21428571428571427
38787,0,0,28882,-15.137684106826782,-11.009793758392334,0.21428571428571427
38788,0,0,28895,-15.137684106826782,-11.009793758392334,0.21428571428571427
38789,0,0,28904,-15.137684106826782,-11.009793758392334,0.21428571428571427
38790,0,0,28903,-15.137684106826782,-11.009793758392334,0.21428571428571427
38791,0,0,28902,-15.137684106826782,-11.009793758392334,0.21428571428571427
38792,0,0,28901,-15.137684106826782,-11.009793758392334,0.21428571428571427
38793,0,0,28900,-15.137684106826782,-11.009793758392334,0.21428571428571427
38794,0,0,28899,-15.137684106826782,-11.009793758392334,0.21428571428571427
38795,0,0,28898,-15.137684106826782,-11.009793758392334,0.21428571428571427
38796,0,0,28897,-15.137684106826782,-11.009793758392334,0.21428571428571427
38797,0,0,28896,-15.137684106826782,-11.009793758392334,0.21428571428571427
38798,0,0,28894,-15.137684106826782,-11.009793758392334,0.21428571428571427
38799,0,0,28884,-15.137684106826782,-11.009793758392334,0.21428571428571427
38800,0,0,28893,-15.137684106826782,-11.009793758392334,0.21428571428571427
38801,0,0,28892,-15.137684106826782,-11.009793758392334,0.21428571428571427
38802,0,0,28891,-15.137684106826782,-11.009793758392334,0.21428571428571427
38803,0,0,28890,-15.137684106826782,-11.009793758392334,0.21428571428571427
38804,0,0,28889,-15.137684106826782,-11.009793758392334,0.21428571428571427
38805,0,0,28888,-15.137684106826782,-11.009793758392334,0.21428571428571427
38806,0,0,28887,-15.137684106826782,-11.009793758392334,0.21428571428571427
38807,0,0,28886,-15.137684106826782,-11.009793758392334,0.21428571428571427
38808,0,0,28885,-15.137684106826782,-11.009793758392334,0.21428571428571427
38809,0,0,28883,-15.137684106826782,-11.009793758392334,0.21428571428571427
38810,0,0,28859,-15.137684106826782,-11.009793758392334,0.21428571428571427
38811,0,0,28858,-15.137684106826782,-11.009793758392334,0.21428571428571427
38812,0,0,28857,-15.137684106826782,-11.009793758392334,0.21428571428571427
38813,0,0,28832,-15.137684106826782,-11.009793758392334,0.21428571428571427
38814,0,0,28831,-15.137684106826782,-11.009793758392334,0.21428571428571427
38815,0,0,28830,-15.137684106826782,-11.009793758392334,0.21428571428571427
38816,0,0,28829,-15.137684106826782,-11.009793758392334,0.21428571428571427
38817,0,0,28828,-15.137684106826782,-11.009793758392334,0.21428571428571427
38818,0,0,28827,-15.137684106826782,-11.009793758392334,0.21428571428571427
38819,0,0,28826,-15.137684106826782,-11.009793758392334,0.21428571428571427
38820,0,0,28825,-15.137684106826782,-11.009793758392334,0.21428571428571427
38821,0,0,28824,-15.137684106826782,-11.009793758392334,0.21428571428571427
38822,0,0,28823,-15.137684106826782,-11.009793758392334,0.21428571428571427
38823,0,0,28822,-15.137684106826782,-11.009793758392334,0.21428571428571427
38824,0,0,28821,-15.137684106826782,-11.009793758392334,0.21428571428571427
38825,0,0,28820,-15.137684106826782,-11.009793758392334,0.21428571428571427
38826,0,0,28819,-15.137684106826782,-11.009793758392334,0.21428571428571427
38827,0,0,28818,-15.137684106826782,-11.009793758392334,0.21428571428571427
38828,0,0,28817,-15.137684106826782,-11.009793758392334,0.21428571428571427
38829,0,0,28816,-15.137684106826782,-11.009793758392334,0.21428571428571427
38830,0,0,28815,-15.137684106826782,-11.009793758392334,0.21428571428571427
38831,0,0,28814,-15.137684106826782,-11.009793758392334,0.21428571428571427
38832,0,0,28813,-15.137684106826782,-11.009793758392334,0.21428571428571427
38833,0,0,28812,-15.137684106826782,-11.009793758392334,0.21428571428571427
38834,0,0,28833,-15.137684106826782,-11.009793758392334,0.21428571428571427
38835,0,0,28834,-15.137684106826782,-11.009793758392334,0.21428571428571427
38836,0,0,28835,-15.137684106826782,-11.009793758392334,0.21428571428571427
38837,0,0,28847,-15.137684106826782,-11.009793758392334,0.21428571428571427
38838,0,0,28856,-15.137684106826782,-11.009793758392334,0.21428571428571427
38839,0,0,28855,-15.137684106826782,-11.009793758392334,0.21428571428571427
38840,0,0,28854,-15.137684106826782,-11.009793758392334,0.21428571428571427
38841,0,0,28853,-15.137684106826782,-11.009793758392334,0.21428571428571427
38842,0,0,28852,-15.137684106826782,-11.009793758392334,0.21428571428571427
38843,0,0,28851,-15.137684106826782,-11.009793758392334,0.21428571428571427
38844,0,0,28850,-15.137684106826782,-11.009793758392334,0.21428571428571427
38845,0,0,28849,-15.137684106826782,-11.009793758392334,0.21428571428571427
38846,0,0,28848,-15.137684106826782,-11.009793758392334,0.21428571428571427
38847,0,0,28846,-15.137684106826782,-11.009793758392334,0.21428571428571427
38848,0,0,28836,-15.137684106826782,-11.009793758392334,0.21428571428571427
38849,0,0,28845,-15.137684106826782,-11.009793758392334,0.21428571428571427
38850,0,0,28844,-15.137684106826782,-11.009793758392334,0.21428571428571427
38851,0,0,28843,-15.137684106826782,-11.009793758392334,0.21428571428571427
38852,0,0,28842,-15.137684106826782,-11.009793758392334,0.21428571428571427
38853,0,0,28841,-15.137684106826782,-11.009793758392334,0.21428571428571427
38854,0,0,28840,-15.137684106826782,-11.009793758392334,0.21428571428571427
38855,0,0,28839,-15.137684106826782,-11.009793758392334,0.21428571428571427
38856,0,0,28838,-15.137684106826782,-11.009793758392334,0.21428571428571427
38857,0,0,28837,-15.137684106826782,-11.009793758392334,0.21428571428571427
38858,0,0,28761,-15.137684106826782,-11.009793758392334,0.21428571428571427
38859,0,0,28711,-15.137684106826782,-11.009793758392334,0.21428571428571427
38860,0,0,28566,-15.137684106826782,-11.009793758392334,0.21428571428571427
38861,0,0,28710,-15.137684106826782,-11.009793758392334,0.21428571428571427
38862,0,0,28588,-15.137684106826782,-11.009793758392334,0.21428571428571427
38863,0,0,28587,-15.137684106826782,-11.009793758392334,0.21428571428571427
38864,0,0,28586,-15.137684106826782,-11.009793758392334,0.21428571428571427
38865,0,0,28585,-15.137684106826782,-11.009793758392334,0.21428571428571427
38866,0,0,28584,-15.137684106826782,-11.009793758392334,0.21428571428571427
38867,0,0,28583,-15.137684106826782,-11.009793758392334,0.21428571428571427
38868,0,0,28582,-15.137684106826782,-11.009793758392334,0.21428571428571427
38869,0,0,28581,-15.137684106826782,-11.009793758392334,0.21428571428571427
38870,0,0,28580,-15.137684106826782,-11.009793758392334,0.21428571428571427
38871,0,0,28579,-15.137684106826782,-11.009793758392334,0.21428571428571427
38872,0,0,28578,-15.137684106826782,-11.009793758392334,0.21428571428571427
38873,0,0,28577,-15.137684106826782,-11.009793758392334,0.21428571428571427
38874,0,0,28576,-15.137684106826782,-11.009793758392334,0.21428571428571427
38875,0,0,28575,-15.137684106826782,-11.009793758392334,0.21428571428571427
38876,0,0,28574,-15.137684106826782,-11.009793758392334,0.21428571428571427
38877,0,0,28573,-15.137684106826782,-11.009793758392334,0.21428571428571427
38878,0,0,28572,-15.137684106826782,-11.009793758392334,0.21428571428571427
38879,0,0,28571,-15.137684106826782,-11.009793758392334,0.21428571428571427
38880,0,0,28570,-15.137684106826782,-11.009793758392334,0.21428571428571427
38881,0,0,28569,-15.137684106826782,-11.009793758392334,0.21428571428571427
38882,0,0,28568,-15.137684106826782,-11.009793758392334,0.21428571428571427
38883,0,0,28589,-15.137684106826782,-11.009793758392334,0.21428571428571427
38884,0,0,28590,-15.137684106826782,-11.009793758392334,0.21428571428571427
38885,0,0,28591,-15.137684106826782,-11.009793758392334,0.21428571428571427
38886,0,0,28603,-15.137684106826782,-11.009793758392334,0.21428571428571427
38887,0,0,28612,-15.137684106826782,-11.009793758392334,0.21428571428571427
38888,0,0,28611,-15.137684106826782,-11.009793758392334,0.21428571428571427
38889,0,0,28610,-15.137684106826782,-11.009793758392334,0.21428571428571427
38890,0,0,28609,-15.137684106826782,-11.009793758392334,0.21428571428571427
38891,0,0,28608,-15.137684106826782,-11.009793758392334,0.21428571428571427
38892,0,0,28607,-15.137684106826782,-11.009793758392334,0.21428571428571427
38893,0,0,28606,-15.137684106826782,-11.009793758392334,0.21428571428571427
38894,0,0,28605,-15.137684106826782,-11.009793758392334,0.21428571428571427
38895,0,0,28604,-15.137684106826782,-11.009793758392334,0.21428571428571427
38896,0,0,28602,-15.137684106826782,-11.009793758392334,0.21428571428571427
38897,0,0,28592,-15.137684106826782,-11.009793758392334,0.21428571428571427
38898,0,0,28601,-15.137684106826782,-11.009793758392334,0.21428571428571427
38899,0,0,28600,-15.137684106826782,-11.009793758392334,0.21428571428571427
38900,0,0,28599,-15.137684106826782,-11.009793758392334,0.21428571428571427
38901,0,0,28598,-15.137684106826782,-11.009793758392334,0.21428571428571427
38902,0,0,28597,-15.137684106826782,-11.009793758392334,0.21428571428571427
38903,0,0,28596,-15.137684106826782,-11.009793758392334,0.21428571428571427
38904,0,0,28595,-15.137684106826782,-11.009793758392334,0.21428571428571427
38905,0,0,28594,-15.137684106826782,-11.009793758392334,0.21428571428571427
38906,0,0,28593,-15.137684106826782,-11.009793758392334,0.21428571428571427
38907,0,0,28567,-15.137684106826782,-11.009793758392334,0.21428571428571427
38908,0,0,28565,-15.137684106826782,-11.009793758392334,0.21428571428571427
38909,0,0,28518,-15.137684106826782,-11.009793758392334,0.21428571428571427
38910,0,0,28564,-15.137684106826782,-11.009793758392334,0.21428571428571427
38911,0,0,28539,-15.137684106826782,-11.009793758392334,0.21428571428571427
38912,0,0,28538,-15.137684106826782,-11.009793758392334,0.21428571428571427
38913,0,0,28537,-15.137684106826782,-11.009793758392334,0.21428571428571427
38914,0,0,28536,-15.137684106826782,-11.009793758392334,0.21428571428571427
38915,0,0,28535,-15.137684106826782,-11.009793758392334,0.21428571428571427
38916,0,0,28534,-15.137684106826782,-11.009793758392334,0.21428571428571427
38917,0,0,28533,-15.137684106826782,-11.009793758392334,0.21428571428571427
38918,0,0,28532,-15.137684106826782,-11.009793758392334,0.21428571428571427
38919,0,0,28531,-15.137684106826782,-11.009793758392334,0.21428571428571427
38920,0,0,28530,-15.137684106826782,-11.009793758392334,0.21428571428571427
38921,0,0,28529,-15.137684106826782,-11.009793758392334,0.21428571428571427
38922,0,0,28528,-15.137684106826782,-11.009793758392334,0.21428571428571427
38923,0,0,28527,-15.137684106826782,-11.009793758392334,0.21428571428571427
38924,0,0,28526,-15.137684106826782,-11.009793758392334,0.21428571428571427
38925,0,0,28525,-15.137684106826782,-11.009793758392334,0.21428571428571427
38926,0,0,28524,-15.137684106826782,-11.009793758392334,0.21428571428571427
38927,0,0,28523,-15.137684106826782,-11.009793758392334,0.21428571428571427
38928,0,0,28522,-15.137684106826782,-11.009793758392334,0.21428571428571427
38929,0,0,28521,-15.137684106826782,-11.009793758392334,0.21428571428571427
38930,0,0,28520,-15.137684106826782,-11.009793758392334,0.21428571428571427
38931,0,0,28519,-15.137684106826782,-11.009793758392334,0.21428571428571427
38932,0,0,28540,-15.137684106826782,-11.009793758392334,0.21428571428571427
38933,0,0,28541,-15.137684106826782,-11.009793758392334,0.21428571428571427
38934,0,0,28542,-15.137684106826782,-11.009793758392334,0.21428571428571427
38935,0,0,28554,-15.137684106826782,-11.009793758392334,0.21428571428571427
38936,0,0,28563,-15.137684106826782,-11.009793758392334,0.21428571428571427
38937,0,0,28562,-15.137684106826782,-11.009793758392334,0.21428571428571427
38938,0,0,28561,-15.137684106826782,-11.009793758392334,0.21428571428571427
38939,0,0,28560,-15.137684106826782,-11.009793758392334,0.21428571428571427
38940,0,0,28559,-15.137684106826782,-11.009793758392334,0.21428571428571427
38941,0,0,28558,-15.137684106826782,-11.009793758392334,0.21428571428571427
38942,0,0,28557,-15.137684106826782,-11.009793758392334,0.21428571428571427
38943,0,0,28556,-15.137684106826782,-11.009793758392334,0.21428571428571427
38944,0,0,28555,-15.137684106826782,-11.009793758392334,0.21428571428571427
38945,0,0,28553,-15.137684106826782,-11.009793758392334,0.21428571428571427
38946,0,0,28543,-15.137684106826782,-11.009793758392334,0.21428571428571427
38947,0,0,28552,-15.137684106826782,-11.009793758392334,0.21428571428571427
38948,0,0,28551,-15.137684106826782,-11.009793758392334,0.21428571428571427
38949,0,0,28550,-15.137684106826782,-11.009793758392334,0.21428571428571427
38950,0,0,28549,-15.137684106826782,-11.009793758392334,0.21428571428571427
38951,0,0,28548,-15.137684106826782,-11.009793758392334,0.21428571428571427
38952,0,0,28547,-15.137684106826782,-11.009793758392334,0.21428571428571427
38953,0,0,28546,-15.137684106826782,-11.009793758392334,0.21428571428571427
38954,0,0,28545,-15.137684106826782,-11.009793758392334,0.21428571428571427
38955,0,0,28544,-15.137684106826782,-11.009793758392334,0.21428571428571427
38956,0,0,28613,-15.137684106826782,-11.009793758392334,0.21428571428571427
38957,0,0,28614,-15.137684106826782,-11.009793758392334,0.21428571428571427
38958,0,0,28615,-15.137684106826782,-11.009793758392334,0.21428571428571427
38959,0,0,28616,-15.137684106826782,-11.009793758392334,0.21428571428571427
38960,0,0,28685,-15.137684106826782,-11.009793758392334,0.21428571428571427
38961,0,0,28684,-15.137684106826782,-11.009793758392334,0.21428571428571427
38962,0,0,28683,-15.137684106826782,-11.009793758392334,0.21428571428571427
38963,0,0,28682,-15.137684106826782,-11.009793758392334,0.21428571428571427
38964,0,0,28681,-15.137684106826782,-11.009793758392334,0.21428571428571427
38965,0,0,28680,-15.137684106826782,-11.009793758392334,0.21428571428571427
38966,0,0,28679,-15.137684106826782,-11.009793758392334,0.21428571428571427
38967,0,0,28678,-15.137684106826782,-11.009793758392334,0.21428571428571427
38968,0,0,28677,-15.137684106826782,-11.009793758392334,0.21428571428571427
38969,0,0,28675,-15.137684106826782,-11.009793758392334,0.21428571428571427
38970,0,0,28665,-15.137684106826782,-11.009793758392334,0.21428571428571427
38971,0,0,28674,-15.137684106826782,-11.009793758392334,0.21428571428571427
38972,0,0,28673,-15.137684106826782,-11.009793758392334,0.21428571428571427
38973,0,0,28672,-15.137684106826782,-11.009793758392334,0.21428571428571427
38974,0,0,28671,-15.137684106826782,-11.009793758392334,0.21428571428571427
38975,0,0,28670,-15.137684106826782,-11.009793758392334,0.21428571428571427
38976,0,0,28669,-15.137684106826782,-11.009793758392334,0.21428571428571427
38977,0,0,28668,-15.137684106826782,-11.009793758392334,0.21428571428571427
38978,0,0,28667,-15.137684106826782,-11.009793758392334,0.21428571428571427
38979,0,0,28666,-15.137684106826782,-11.009793758392334,0.21428571428571427
38980,0,0,28686,-15.137684106826782,-11.009793758392334,0.21428571428571427
38981,0,0,28676,-15.137684106826782,-11.009793758392334,0.21428571428571427
38982,0,0,28687,-15.137684106826782,-11.009793758392334,0.21428571428571427
38983,0,0,28700,-15.137684106826782,-11.009793758392334,0.21428571428571427
38984,0,0,28709,-15.137684106826782,-11.009793758392334,0.21428571428571427
38985,0,0,28708,-15.137684106826782,-11.009793758392334,0.21428571428571427
38986,0,0,28707,-15.137684106826782,-11.009793758392334,0.21428571428571427
38987,0,0,28706,-15.137684106826782,-11.009793758392334,0.21428571428571427
38988,0,0,28705,-15.137684106826782,-11.009793758392334,0.21428571428571427
38989,0,0,28704,-15.137684106826782,-11.009793758392334,0.21428571428571427
38990,0,0,28703,-15.137684106826782,-11.009793758392334,0.21428571428571427
38991,1,0,28702,-15.137684106826782,-11.009793758392334,0.21428571428571427
38992,0,0,28701,-15.137684106826782,-11.009793758392334,0.21428571428571427
38993,0,0,28699,-15.137684106826782,-11.009793758392334,0.21428571428571427
38994,0,0,28689,-15.137684106826782,-11.009793758392334,0.21428571428571427
38995,0,0,28698,-15.137684106826782,-11.009793758392334,0.21428571428571427
38996,0,0,28697,-15.137684106826782,-11.009793758392334,0.21428571428571427
38997,0,0,28696,-15.137684106826782,-11.009793758392334,0.21428571428571427
38998,0,0,28695,-15.137684106826782,-11.009793758392334,0.21428571428571427
38999,0,0,28694,-15.137684106826782,-11.009793758392334,0.21428571428571427
39000,0,0,28693,-15.137684106826782,-11.009793758392334,0.21428571428571427
39001,0,0,28692,-15.137684106826782,-11.009793758392334,0.21428571428571427
39002,0,0,28691,-15.137684106826782,-11.009793758392334,0.21428571428571427
39003,0,0,28690,-15.137684106826782,-11.009793758392334,0.21428571428571427
39004,0,0,28688,-15.137684106826782,-11.009793758392334,0.21428571428571427
39005,0,0,28664,-15.137684106826782,-11.009793758392334,0.21428571428571427
39006,0,0,28663,-15.137684106826782,-11.009793758392334,0.21428571428571427
39007,0,0,28662,-15.137684106826782,-11.009793758392334,0.21428571428571427
39008,0,0,28637,-15.137684106826782,-11.009793758392334,0.21428571428571427
39009,0,0,28636,-15.137684106826782,-11.009793758392334,0.21428571428571427
39010,0,0,28635,-15.137684106826782,-11.009793758392334,0.21428571428571427
39011,0,0,28634,-15.137684106826782,-11.009793758392334,0.21428571428571427
39012,0,0,28633,-15.137684106826782,-11.009793758392334,0.21428571428571427
39013,0,0,28632,-15.137684106826782,-11.009793758392334,0.21428571428571427
39014,0,0,28631,-15.137684106826782,-11.009793758392334,0.21428571428571427
39015,0,0,28630,-15.137684106826782,-11.009793758392334,0.21428571428571427
39016,0,0,28629,-15.137684106826782,-11.009793758392334,0.21428571428571427
39017,0,0,28628,-15.137684106826782,-11.009793758392334,0.21428571428571427
39018,0,0,28627,-15.137684106826782,-11.009793758392334,0.21428571428571427
39019,0,0,28626,-15.137684106826782,-11.009793758392334,0.21428571428571427
39020,0,0,28625,-15.137684106826782,-11.009793758392334,0.21428571428571427
39021,0,0,28624,-15.137684106826782,-11.009793758392334,0.21428571428571427
39022,0,0,28623,-15.137684106826782,-11.009793758392334,0.21428571428571427
39023,0,0,28622,-15.137684106826782,-11.009793758392334,0.21428571428571427
39024,0,0,28621,-15.137684106826782,-11.009793758392334,0.21428571428571427
39025,0,0,28620,-15.137684106826782,-11.009793758392334,0.21428571428571427
39026,0,0,28619,-15.137684106826782,-11.009793758392334,0.21428571428571427
39027,0,0,28618,-15.137684106826782,-11.009793758392334,0.21428571428571427
39028,0,0,28617,-15.137684106826782,-11.009793758392334,0.21428571428571427
39029,0,0,28638,-15.137684106826782,-11.009793758392334,0.21428571428571427
39030,0,0,28639,-15.137684106826782,-11.009793758392334,0.21428571428571427
39031,0,0,28640,-15.137684106826782,-11.009793758392334,0.21428571428571427
39032,0,0,28652,-15.137684106826782,-11.009793758392334,0.21428571428571427
39033,0,0,28661,-15.137684106826782,-11.009793758392334,0.21428571428571427
39034,0,0,28660,-15.137684106826782,-11.009793758392334,0.21428571428571427
39035,0,0,28659,-15.137684106826782,-11.009793758392334,0.21428571428571427
39036,0,0,28658,-15.137684106826782,-11.009793758392334,0.21428571428571427
39037,0,0,28657,-15.137684106826782,-11.009793758392334,0.21428571428571427
39038,0,0,28656,-15.137684106826782,-11.009793758392334,0.21428571428571427
39039,0,0,28655,-15.137684106826782,-11.009793758392334,0.21428571428571427
39040,0,0,28654,-15.137684106826782,-11.009793758392334,0.21428571428571427
39041,0,0,28653,-15.137684106826782,-11.009793758392334,0.21428571428571427
39042,0,0,28651,-15.137684106826782,-11.009793758392334,0.21428571428571427
39043,0,0,28641,-15.137684106826782,-11.009793758392334,0.21428571428571427
39044,0,0,28650,-15.137684106826782,-11.009793758392334,0.21428571428571427
39045,0,0,28649,-15.137684106826782,-11.009793758392334,0.21428571428571427
39046,0,0,28648,-15.137684106826782,-11.009793758392334,0.21428571428571427
39047,0,0,28647,-15.137684106826782,-11.009793758392334,0.21428571428571427
39048,0,0,28646,-15.137684106826782,-11.009793758392334,0.21428571428571427
39049,0,0,28645,-15.137684106826782,-11.009793758392334,0.21428571428571427
39050,0,0,28644,-15.137684106826782,-11.009793758392334,0.21428571428571427
39051,0,0,28643,-15.137684106826782,-11.009793758392334,0.21428571428571427
39052,0,0,28642,-15.137684106826782,-11.009793758392334,0.21428571428571427
39053,0,0,29686,-15.137684106826782,-11.009793758392334,0.21428571428571427
39054,0,0,28907,-15.137684106826782,-11.009793758392334,0.21428571428571427
39055,0,0,29687,-15.137684106826782,-11.009793758392334,0.21428571428571427
39056,0,0,30469,-15.137684106826782,-11.009793758392334,0.21428571428571427
39057,0,0,30736,-15.137684106826782,-11.009793758392334,0.21428571428571427
39058,0,0,30735,-15.137684106826782,-11.009793758392334,0.21428571428571427
39059,0,0,30734,-15.137684106826782,-11.009793758392334,0.21428571428571427
39060,0,0,30733,-15.137684106826782,-11.009793758392334,0.21428571428571427
39061,0,0,30732,-15.137684106826782,-11.009793758392334,0.21428571428571427
39062,0,0,30731,-15.137684106826782,-11.009793758392334,0.21428571428571427
39063,0,0,30730,-15.137684106826782,-11.009793758392334,0.21428571428571427
39064,0,0,30729,-15.137684106826782,-11.009793758392334,0.21428571428571427
39065,0,0,30728,-15.137684106826782,-11.009793758392334,0.21428571428571427
39066,0,0,30727,-15.137684106826782,-11.009793758392334,0.21428571428571427
39067,0,0,30726,-15.137684106826782,-11.009793758392334,0.21428571428571427
39068,0,0,30725,-15.137684106826782,-11.009793758392334,0.21428571428571427
39069,0,0,30724,-15.137684106826782,-11.009793758392334,0.21428571428571427
39070,0,0,30723,-15.137684106826782,-11.009793758392334,0.21428571428571427
39071,0,0,30722,-15.137684106826782,-11.009793758392334,0.21428571428571427
39072,0,0,30721,-15.137684106826782,-11.009793758392334,0.21428571428571427
39073,0,0,30720,-15.137684106826782,-11.009793758392334,0.21428571428571427
39074,0,0,30719,-15.137684106826782,-11.009793758392334,0.21428571428571427
39075,0,0,30718,-15.137684106826782,-11.009793758392334,0.21428571428571427
39076,0,0,30717,-15.137684106826782,-11.009793758392334,0.21428571428571427
39077,0,0,30716,-15.137684106826782,-11.009793758392334,0.21428571428571427
39078,0,0,30737,-15.137684106826782,-11.009793758392334,0.21428571428571427
39079,0,0,30738,-15.137684106826782,-11.009793758392334,0.21428571428571427
39080,0,0,30739,-15.137684106826782,-11.009793758392334,0.21428571428571427
39081,0,0,30751,-15.137684106826782,-11.009793758392334,0.21428571428571427
39082,0,0,30760,-15.137684106826782,-11.009793758392334,0.21428571428571427
39083,0,0,30759,-15.137684106826782,-11.009793758392334,0.21428571428571427
39084,0,0,30758,-15.137684106826782,-11.009793758392334,0.21428571428571427
39085,0,0,30757,-15.137684106826782,-11.009793758392334,0.21428571428571427
39086,0,0,30756,-15.137684106826782,-11.009793758392334,0.21428571428571427
39087,0,0,30755,-15.137684106826782,-11.009793758392334,0.21428571428571427
39088,0,0,30754,-15.137684106826782,-11.009793758392334,0.21428571428571427
39089,0,0,30753,-15.137684106826782,-11.009793758392334,0.21428571428571427
39090,0,0,30752,-15.137684106826782,-11.009793758392334,0.21428571428571427
39091,0,0,30750,-15.137684106826782,-11.009793758392334,0.21428571428571427
39092,0,0,30740,-15.137684106826782,-11.009793758392334,0.21428571428571427
39093,0,0,30749,-15.137684106826782,-11.009793758392334,0.21428571428571427
39094,0,0,30748,-15.137684106826782,-11.009793758392334,0.21428571428571427
39095,0,0,30747,-15.137684106826782,-11.009793758392334,0.21428571428571427
39096,0,0,30746,-15.137684106826782,-11.009793758392334,0.21428571428571427
39097,0,0,30745,-15.137684106826782,-11.009793758392334,0.21428571428571427
39098,0,0,30744,-15.137684106826782,-11.009793758392334,0.21428571428571427
39099,0,0,30743,-15.137684106826782,-11.009793758392334,0.21428571428571427
39100,0,0,30742,-15.137684106826782,-11.009793758392334,0.21428571428571427
39101,0,0,30741,-15.137684106826782,-11.009793758392334,0.21428571428571427
39102,0,0,30715,-15.137684106826782,-11.009793758392334,0.21428571428571427
39103,0,0,30713,-15.137684106826782,-11.009793758392334,0.21428571428571427
39104,0,0,30666,-15.137684106826782,-11.009793758392334,0.21428571428571427
39105,0,0,30712,-15.137684106826782,-11.009793758392334,0.21428571428571427
39106,0,0,30687,-15.137684106826782,-11.009793758392334,0.21428571428571427
39107,0,0,30686,-15.137684106826782,-11.009793758392334,0.21428571428571427
39108,0,0,30685,-15.137684106826782,-11.009793758392334,0.21428571428571427
39109,0,0,30684,-15.137684106826782,-11.009793758392334,0.21428571428571427
39110,0,0,30683,-15.137684106826782,-11.009793758392334,0.21428571428571427
39111,0,0,30682,-15.137684106826782,-11.009793758392334,0.21428571428571427
39112,0,0,30681,-15.137684106826782,-11.009793758392334,0.21428571428571427
39113,0,0,30680,-15.137684106826782,-11.009793758392334,0.21428571428571427
39114,0,0,30679,-15.137684106826782,-11.009793758392334,0.21428571428571427
39115,0,0,30678,-15.137684106826782,-11.009793758392334,0.21428571428571427
39116,0,0,30677,-15.137684106826782,-11.009793758392334,0.21428571428571427
39117,0,0,30676,-15.137684106826782,-11.009793758392334,0.21428571428571427
39118,0,0,30675,-15.137684106826782,-11.009793758392334,0.21428571428571427
39119,0,0,30674,-15.137684106826782,-11.009793758392334,0.21428571428571427
39120,0,0,30673,-15.137684106826782,-11.009793758392334,0.21428571428571427
39121,0,0,30672,-15.137684106826782,-11.009793758392334,0.21428571428571427
39122,0,0,30671,-15.137684106826782,-11.009793758392334,0.21428571428571427
39123,0,0,30670,-15.137684106826782,-11.009793758392334,0.21428571428571427
39124,0,0,30669,-15.137684106826782,-11.009793758392334,0.21428571428571427
39125,0,0,30668,-15.137684106826782,-11.009793758392334,0.21428571428571427
39126,0,0,30667,-15.137684106826782,-11.009793758392334,0.21428571428571427
39127,0,0,30688,-15.137684106826782,-11.009793758392334,0.21428571428571427
39128,0,0,30689,-15.137684106826782,-11.009793758392334,0.21428571428571427
39129,0,0,30690,-15.137684106826782,-11.009793758392334,0.21428571428571427
39130,0,0,30702,-15.137684106826782,-11.009793758392334,0.21428571428571427
39131,0,0,30711,-15.137684106826782,-11.009793758392334,0.21428571428571427
39132,0,0,30710,-15.137684106826782,-11.009793758392334,0.21428571428571427
39133,0,0,30709,-15.137684106826782,-11.009793758392334,0.21428571428571427
39134,0,0,30708,-15.137684106826782,-11.009793758392334,0.21428571428571427
39135,0,0,30707,-15.137684106826782,-11.009793758392334,0.21428571428571427
39136,0,0,30706,-15.137684106826782,-11.009793758392334,0.21428571428571427
39137,0,0,30705,-15.137684106826782,-11.009793758392334,0.21428571428571427
39138,0,0,30704,-15.137684106826782,-11.009793758392334,0.21428571428571427
39139,0,0,30703,-15.137684106826782,-11.009793758392334,0.21428571428571427
39140,0,0,30701,-15.137684106826782,-11.009793758392334,0.21428571428571427
39141,0,0,30691,-15.137684106826782,-11.009793758392334,0.21428571428571427
39142,0,0,30700,-15.137684106826782,-11.009793758392334,0.21428571428571427
39143,0,0,30699,-15.137684106826782,-11.009793758392334,0.21428571428571427
39144,0,0,30698,-15.137684106826782,-11.009793758392334,0.21428571428571427
39145,0,0,30697,-15.137684106826782,-11.009793758392334,0.21428571428571427
39146,0,0,30696,-15.137684106826782,-11.009793758392334,0.21428571428571427
39147,0,0,30695,-15.137684106826782,-11.009793758392334,0.21428571428571427
39148,0,0,30694,-15.137684106826782,-11.009793758392334,0.21428571428571427
39149,0,0,30693,-15.137684106826782,-11.009793758392334,0.21428571428571427
39150,0,0,30692,-15.137684106826782,-11.009793758392334,0.21428571428571427
39151,0,0,30761,-15.137684106826782,-11.009793758392334,0.21428571428571427
39152,0,0,30762,-15.137684106826782,-11.009793758392334,0.21428571428571427
39153,0,0,30763,-15.137684106826782,-11.009793758392334,0.21428571428571427
39154,0,0,30764,-15.137684106826782,-11.009793758392334,0.21428571428571427
39155,0,0,30833,-15.137684106826782,-11.009793758392334,0.21428571428571427
39156,0,0,30832,-15.137684106826782,-11.009793758392334,0.21428571428571427
39157,0,0,30831,-15.137684106826782,-11.009793758392334,0.21428571428571427
39158,0,0,30830,-15.137684106826782,-11.009793758392334,0.21428571428571427
39159,0,0,30829,-15.137684106826782,-11.009793758392334,0.21428571428571427
39160,0,0,30828,-15.137684106826782,-11.009793758392334,0.21428571428571427
39161,0,0,30827,-15.137684106826782,-11.009793758392334,0.21428571428571427
39162,0,0,30826,-15.137684106826782,-11.009793758392334,0.21428571428571427
39163,0,0,30825,-15.137684106826782,-11.009793758392334,0.21428571428571427
39164,0,0,30823,-15.137684106826782,-11.009793758392334,0.21428571428571427
39165,0,0,30813,-15.137684106826782,-11.009793758392334,0.21428571428571427
39166,0,0,30822,-15.137684106826782,-11.009793758392334,0.21428571428571427
39167,0,0,30821,-15.137684106826782,-11.009793758392334,0.21428571428571427
39168,0,0,30820,-15.137684106826782,-11.009793758392334,0.21428571428571427
39169,0,0,30819,-15.137684106826782,-11.009793758392334,0.21428571428571427
39170,0,0,30818,-15.137684106826782,-11.009793758392334,0.21428571428571427
39171,0,0,30817,-15.137684106826782,-11.009793758392334,0.21428571428571427
39172,0,0,30816,-15.137684106826782,-11.009793758392334,0.21428571428571427
39173,0,0,30815,-15.137684106826782,-11.009793758392334,0.21428571428571427
39174,0,0,30814,-15.137684106826782,-11.009793758392334,0.21428571428571427
39175,0,0,30834,-15.137684106826782,-11.009793758392334,0.21428571428571427
39176,0,0,30824,-15.137684106826782,-11.009793758392334,0.21428571428571427
39177,0,0,30835,-15.137684106826782,-11.009793758392334,0.21428571428571427
39178,0,0,30848,-15.137684106826782,-11.009793758392334,0.21428571428571427
39179,0,0,30857,-15.137684106826782,-11.009793758392334,0.21428571428571427
39180,0,0,30856,-15.137684106826782,-11.009793758392334,0.21428571428571427
39181,0,0,30855,-15.137684106826782,-11.009793758392334,0.21428571428571427
39182,0,0,30854,-15.137684106826782,-11.009793758392334,0.21428571428571427
39183,0,0,30853,-15.137684106826782,-11.009793758392334,0.21428571428571427
39184,0,0,30852,-15.137684106826782,-11.009793758392334,0.21428571428571427
39185,0,0,30851,-15.137684106826782,-11.009793758392334,0.21428571428571427
39186,0,0,30850,-15.137684106826782,-11.009793758392334,0.21428571428571427
39187,0,0,30849,-15.137684106826782,-11.009793758392334,0.21428571428571427
39188,0,0,30847,-15.137684106826782,-11.009793758392334,0.21428571428571427
39189,0,0,30837,-15.137684106826782,-11.009793758392334,0.21428571428571427
39190,0,0,30846,-15.137684106826782,-11.009793758392334,0.21428571428571427
39191,0,0,30845,-15.137684106826782,-11.009793758392334,0.21428571428571427
39192,0,0,30844,-15.137684106826782,-11.009793758392334,0.21428571428571427
39193,0,0,30843,-15.137684106826782,-11.009793758392334,0.21428571428571427
39194,0,0,30842,-15.137684106826782,-11.009793758392334,0.21428571428571427
39195,0,0,30841,-15.137684106826782,-11.009793758392334,0.21428571428571427
39196,0,0,30840,-15.137684106826782,-11.009793758392334,0.21428571428571427
39197,0,0,30839,-15.137684106826782,-11.009793758392334,0.21428571428571427
39198,0,0,30838,-15.137684106826782,-11.009793758392334,0.21428571428571427
39199,0,0,30836,-15.137684106826782,-11.009793758392334,0.21428571428571427
39200,0,0,30812,-15.137684106826782,-11.009793758392334,0.21428571428571427
39201,0,0,30811,-15.137684106826782,-11.009793758392334,0.21428571428571427
39202,0,0,30810,-15.137684106826782,-11.009793758392334,0.21428571428571427
39203,0,0,30785,-15.137684106826782,-11.009793758392334,0.21428571428571427
39204,0,0,30784,-15.137684106826782,-11.009793758392334,0.21428571428571427
39205,0,0,30783,-15.137684106826782,-11.009793758392334,0.21428571428571427
39206,0,0,30782,-15.137684106826782,-11.009793758392334,0.21428571428571427
39207,0,0,30781,-15.137684106826782,-11.009793758392334,0.21428571428571427
39208,0,0,30780,-15.137684106826782,-11.009793758392334,0.21428571428571427
39209,0,0,30779,-15.137684106826782,-11.009793758392334,0.21428571428571427
39210,0,0,30778,-15.137684106826782,-11.009793758392334,0.21428571428571427
39211,0,0,30777,-15.137684106826782,-11.009793758392334,0.21428571428571427
39212,0,0,30776,-15.137684106826782,-11.009793758392334,0.21428571428571427
39213,0,0,30775,-15.137684106826782,-11.009793758392334,0.21428571428571427
39214,0,0,30774,-15.137684106826782,-11.009793758392334,0.21428571428571427
39215,0,0,30773,-15.137684106826782,-11.009793758392334,0.21428571428571427
39216,0,0,30772,-15.137684106826782,-11.009793758392334,0.21428571428571427
39217,0,0,30771,-15.137684106826782,-11.009793758392334,0.21428571428571427
39218,0,0,30770,-15.137684106826782,-11.009793758392334,0.21428571428571427
39219,0,0,30769,-15.137684106826782,-11.009793758392334,0.21428571428571427
39220,0,0,30768,-15.137684106826782,-11.009793758392334,0.21428571428571427
39221,0,0,30767,-15.137684106826782,-11.009793758392334,0.21428571428571427
39222,0,0,30766,-15.137684106826782,-11.009793758392334,0.21428571428571427
39223,0,0,30765,-15.137684106826782,-11.009793758392334,0.21428571428571427
39224,0,0,30786,-15.137684106826782,-11.009793758392334,0.21428571428571427
39225,0,0,30787,-15.137684106826782,-11.009793758392334,0.21428571428571427
39226,0,0,30788,-15.137684106826782,-11.009793758392334,0.21428571428571427
39227,0,0,30800,-15.137684106826782,-11.009793758392334,0.21428571428571427
39228,0,0,30809,-15.137684106826782,-11.009793758392334,0.21428571428571427
39229,0,0,30808,-15.137684106826782,-11.009793758392334,0.21428571428571427
39230,0,0,30807,-15.137684106826782,-11.009793758392334,0.21428571428571427
39231,0,0,30806,-15.137684106826782,-11.009793758392334,0.21428571428571427
39232,0,0,30805,-15.137684106826782,-11.009793758392334,0.21428571428571427
39233,0,0,30804,-15.137684106826782,-11.009793758392334,0.21428571428571427
39234,0,0,30803,-15.137684106826782,-11.009793758392334,0.21428571428571427
39235,0,0,30802,-15.137684106826782,-11.009793758392334,0.21428571428571427
39236,0,0,30801,-15.137684106826782,-11.009793758392334,0.21428571428571427
39237,0,0,30799,-15.137684106826782,-11.009793758392334,0.21428571428571427
39238,0,0,30789,-15.137684106826782,-11.009793758392334,0.21428571428571427
39239,0,0,30798,-15.137684106826782,-11.009793758392334,0.21428571428571427
39240,0,0,30797,-15.137684106826782,-11.009793758392334,0.21428571428571427
39241,0,0,30796,-15.137684106826782,-11.009793758392334,0.21428571428571427
39242,0,0,30795,-15.137684106826782,-11.009793758392334,0.21428571428571427
39243,0,0,30794,-15.137684106826782,-11.009793758392334,0.21428571428571427
39244,0,0,30793,-15.137684106826782,-11.009793758392334,0.21428571428571427
39245,0,0,30792,-15.137684106826782,-11.009793758392334,0.21428571428571427
39246,0,0,30791,-15.137684106826782,-11.009793758392334,0.21428571428571427
39247,0,0,30790,-15.137684106826782,-11.009793758392334,0.21428571428571427
39248,0,0,30714,-15.137684106826782,-11.009793758392334,0.21428571428571427
39249,0,0,30665,-15.137684106826782,-11.009793758392334,0.21428571428571427
39250,0,0,30664,-15.137684106826782,-11.009793758392334,0.21428571428571427
39251,0,0,30663,-15.137684106826782,-11.009793758392334,0.21428571428571427
39252,0,0,30540,-15.137684106826782,-11.009793758392334,0.21428571428571427
39253,0,0,30539,-15.137684106826782,-11.009793758392334,0.21428571428571427
39254,0,0,30538,-15.137684106826782,-11.009793758392334,0.21428571428571427
39255,0,0,30537,-15.137684106826782,-11.009793758392334,0.21428571428571427
39256,0,0,30536,-15.137684106826782,-11.009793758392334,0.21428571428571427
39257,0,0,30535,-15.137684106826782,-11.009793758392334,0.21428571428571427
39258,0,0,30534,-15.137684106826782,-11.009793758392334,0.21428571428571427
39259,0,0,30533,-15.137684106826782,-11.009793758392334,0.21428571428571427
39260,0,0,30532,-15.137684106826782,-11.009793758392334,0.21428571428571427
39261,0,0,30531,-15.137684106826782,-11.009793758392334,0.21428571428571427
39262,0,0,30530,-15.137684106826782,-11.009793758392334,0.21428571428571427
39263,0,0,30529,-15.137684106826782,-11.009793758392334,0.21428571428571427
39264,0,0,30528,-15.137684106826782,-11.009793758392334,0.21428571428571427
39265,0,0,30527,-15.137684106826782,-11.009793758392334,0.21428571428571427
39266,0,0,30526,-15.137684106826782,-11.009793758392334,0.21428571428571427
39267,0,0,30525,-15.137684106826782,-11.009793758392334,0.21428571428571427
39268,0,0,30524,-15.137684106826782,-11.009793758392334,0.21428571428571427
39269,0,0,30523,-15.137684106826782,-11.009793758392334,0.21428571428571427
39270,0,0,30522,-15.137684106826782,-11.009793758392334,0.21428571428571427
39271,0,0,30521,-15.137684106826782,-11.009793758392334,0.21428571428571427
39272,0,0,30520,-15.137684106826782,-11.009793758392334,0.21428571428571427
39273,0,0,30541,-15.137684106826782,-11.009793758392334,0.21428571428571427
39274,0,0,30542,-15.137684106826782,-11.009793758392334,0.21428571428571427
39275,0,0,30543,-15.137684106826782,-11.009793758392334,0.21428571428571427
39276,0,0,30555,-15.137684106826782,-11.009793758392334,0.21428571428571427
39277,0,0,30564,-15.137684106826782,-11.009793758392334,0.21428571428571427
39278,0,0,30563,-15.137684106826782,-11.009793758392334,0.21428571428571427
39279,0,0,30562,-15.137684106826782,-11.009793758392334,0.21428571428571427
39280,0,0,30561,-15.137684106826782,-11.009793758392334,0.21428571428571427
39281,0,0,30560,-15.137684106826782,-11.009793758392334,0.21428571428571427
39282,0,0,30559,-15.137684106826782,-11.009793758392334,0.21428571428571427
39283,0,0,30558,-15.137684106826782,-11.009793758392334,0.21428571428571427
39284,0,0,30557,-15.137684106826782,-11.009793758392334,0.21428571428571427
39285,0,0,30556,-15.137684106826782,-11.009793758392334,0.21428571428571427
39286,0,0,30554,-15.137684106826782,-11.009793758392334,0.21428571428571427
39287,0,0,30544,-15.137684106826782,-11.009793758392334,0.21428571428571427
39288,0,0,30553,-15.137684106826782,-11.009793758392334,0.21428571428571427
39289,0,0,30552,-15.137684106826782,-11.009793758392334,0.21428571428571427
39290,0,0,30551,-15.137684106826782,-11.009793758392334,0.21428571428571427
39291,0,0,30550,-15.137684106826782,-11.009793758392334,0.21428571428571427
39292,0,0,30549,-15.137684106826782,-11.009793758392334,0.21428571428571427
39293,0,0,30548,-15.137684106826782,-11.009793758392334,0.21428571428571427
39294,0,0,30547,-15.137684106826782,-11.009793758392334,0.21428571428571427
39295,0,0,30546,-15.137684106826782,-11.009793758392334,0.21428571428571427
39296,0,0,30545,-15.137684106826782,-11.009793758392334,0.21428571428571427
39297,0,0,30519,-15.137684106826782,-11.009793758392334,0.21428571428571427
39298,0,0,30517,-15.137684106826782,-11.009793758392334,0.21428571428571427
39299,0,0,30470,-15.137684106826782,-11.009793758392334,0.21428571428571427
39300,0,0,30516,-15.137684106826782,-11.009793758392334,0.21428571428571427
39301,0,0,30491,-15.137684106826782,-11.009793758392334,0.21428571428571427
39302,0,0,30490,-15.137684106826782,-11.009793758392334,0.21428571428571427
39303,0,0,30489,-15.137684106826782,-11.009793758392334,0.21428571428571427
39304,0,0,30488,-15.137684106826782,-11.009793758392334,0.21428571428571427
39305,0,0,30487,-15.137684106826782,-11.009793758392334,0.21428571428571427
39306,0,0,30486,-15.137684106826782,-11.009793758392334,0.21428571428571427
39307,0,0,30485,-15.137684106826782,-11.009793758392334,0.21428571428571427
39308,0,0,30484,-15.137684106826782,-11.009793758392334,0.21428571428571427
39309,0,0,30483,-15.137684106826782,-11.009793758392334,0.21428571428571427
39310,0,0,30482,-15.137684106826782,-11.009793758392334,0.21428571428571427
39311,0,0,30481,-15.137684106826782,-11.009793758392334,0.21428571428571427
39312,0,0,30480,-15.137684106826782,-11.009793758392334,0.21428571428571427
39313,0,0,30479,-15.137684106826782,-11.009793758392334,0.21428571428571427
39314,0,0,30478,-15.137684106826782,-11.009793758392334,0.21428571428571427
39315,0,0,30477,-15.137684106826782,-11.009793758392334,0.21428571428571427
39316,0,0,30476,-15.137684106826782,-11.009793758392334,0.21428571428571427
39317,0,0,30475,-15.137684106826782,-11.009793758392334,0.21428571428571427
39318,0,0,30474,-15.137684106826782,-11.009793758392334,0.21428571428571427
39319,0,0,30473,-15.137684106826782,-11.009793758392334,0.21428571428571427
39320,0,0,30472,-15.137684106826782,-11.009793758392334,0.21428571428571427
39321,0,0,30471,-15.137684106826782,-11.009793758392334,0.21428571428571427
39322,0,0,30492,-15.137684106826782,-11.009793758392334,0.21428571428571427
39323,0,0,30493,-15.137684106826782,-11.009793758392334,0.21428571428571427
39324,0,0,30494,-15.137684106826782,-11.009793758392334,0.21428571428571427
39325,0,0,30506,-15.137684106826782,-11.009793758392334,0.21428571428571427
39326,0,0,30515,-15.137684106826782,-11.009793758392334,0.21428571428571427
39327,0,0,30514,-15.137684106826782,-11.009793758392334,0.21428571428571427
39328,0,0,30513,-15.137684106826782,-11.009793758392334,0.21428571428571427
39329,0,0,30512,-15.137684106826782,-11.009793758392334,0.21428571428571427
39330,0,0,30511,-15.137684106826782,-11.009793758392334,0.21428571428571427
39331,0,0,30510,-15.137684106826782,-11.009793758392334,0.21428571428571427
39332,0,0,30509,-15.137684106826782,-11.009793758392334,0.21428571428571427
39333,0,0,30508,-15.137684106826782,-11.009793758392334,0.21428571428571427
39334,0,0,30507,-15.137684106826782,-11.009793758392334,0.21428571428571427
39335,0,0,30505,-15.137684106826782,-11.009793758392334,0.21428571428571427
39336,0,0,30495,-15.137684106826782,-11.009793758392334,0.21428571428571427
39337,0,0,30504,-15.137684106826782,-11.009793758392334,0.21428571428571427
39338,0,0,30503,-15.137684106826782,-11.009793758392334,0.21428571428571427
39339,0,0,30502,-15.137684106826782,-11.009793758392334,0.21428571428571427
39340,0,0,30501,-15.137684106826782,-11.009793758392334,0.21428571428571427
39341,0,0,30500,-15.137684106826782,-11.009793758392334,0.21428571428571427
39342,0,0,30499,-15.137684106826782,-11.009793758392334,0.21428571428571427
39343,0,0,30498,-15.137684106826782,-11.009793758392334,0.21428571428571427
39344,0,0,30497,-15.137684106826782,-11.009793758392334,0.21428571428571427
39345,0,0,30496,-15.137684106826782,-11.009793758392334,0.21428571428571427
39346,0,0,30565,-15.137684106826782,-11.009793758392334,0.21428571428571427
39347,0,0,30518,-15.137684106826782,-11.009793758392334,0.21428571428571427
39348,0,0,30566,-15.137684106826782,-11.009793758392334,0.21428571428571427
39349,0,0,30616,-15.137684106826782,-11.009793758392334,0.21428571428571427
39350,0,0,30638,-15.137684106826782,-11.009793758392334,0.21428571428571427
39351,0,0,30637,-15.137684106826782,-11.009793758392334,0.21428571428571427
39352,0,0,30636,-15.137684106826782,-11.009793758392334,0.21428571428571427
39353,0,0,30635,-15.137684106826782,-11.009793758392334,0.21428571428571427
39354,0,0,30634,-15.137684106826782,-11.009793758392334,0.21428571428571427
39355,0,0,30633,-15.137684106826782,-11.009793758392334,0.21428571428571427
39356,0,0,30632,-15.137684106826782,-11.009793758392334,0.21428571428571427
39357,0,0,30631,-15.137684106826782,-11.009793758392334,0.21428571428571427
39358,0,0,30630,-15.137684106826782,-11.009793758392334,0.21428571428571427
39359,0,0,30629,-15.137684106826782,-11.009793758392334,0.21428571428571427
39360,0,0,30628,-15.137684106826782,-11.009793758392334,0.21428571428571427
39361,0,0,30627,-15.137684106826782,-11.009793758392334,0.21428571428571427
39362,0,0,30626,-15.137684106826782,-11.009793758392334,0.21428571428571427
39363,0,0,30625,-15.137684106826782,-11.009793758392334,0.21428571428571427
39364,0,0,30624,-15.137684106826782,-11.009793758392334,0.21428571428571427
39365,0,0,30623,-15.137684106826782,-11.009793758392334,0.21428571428571427
39366,0,0,30622,-15.137684106826782,-11.009793758392334,0.21428571428571427
39367,0,0,30621,-15.137684106826782,-11.009793758392334,0.21428571428571427
39368,0,0,30620,-15.137684106826782,-11.009793758392334,0.21428571428571427
39369,0,0,30619,-15.137684106826782,-11.009793758392334,0.21428571428571427
39370,0,0,30618,-15.137684106826782,-11.009793758392334,0.21428571428571427
39371,0,0,30639,-15.137684106826782,-11.009793758392334,0.21428571428571427
39372,0,0,30640,-15.137684106826782,-11.009793758392334,0.21428571428571427
39373,0,0,30641,-15.137684106826782,-11.009793758392334,0.21428571428571427
39374,0,0,30653,-15.137684106826782,-11.009793758392334,0.21428571428571427
39375,0,0,30662,-15.137684106826782,-11.009793758392334,0.21428571428571427
39376,0,0,30661,-15.137684106826782,-11.009793758392334,0.21428571428571427
39377,0,0,30660,-15.137684106826782,-11.009793758392334,0.21428571428571427
39378,0,0,30659,-15.137684106826782,-11.009793758392334,0.21428571428571427
39379,0,0,30658,-15.137684106826782,-11.009793758392334,0.21428571428571427
39380,0,0,30657,-15.137684106826782,-11.009793758392334,0.21428571428571427
39381,0,0,30656,-15.137684106826782,-11.009793758392334,0.21428571428571427
39382,0,0,30655,-15.137684106826782,-11.009793758392334,0.21428571428571427
39383,0,0,30654,-15.137684106826782,-11.009793758392334,0.21428571428571427
39384,0,0,30652,-15.137684106826782,-11.009793758392334,0.21428571428571427
39385,0,0,30642,-15.137684106826782,-11.009793758392334,0.21428571428571427
39386,0,0,30651,-15.137684106826782,-11.009793758392334,0.21428571428571427
39387,0,0,30650,-15.137684106826782,-11.009793758392334,0.21428571428571427
39388,0,0,30649,-15.137684106826782,-11.009793758392334,0.21428571428571427
39389,0,0,30648,-15.137684106826782,-11.009793758392334,0.21428571428571427
39390,0,0,30647,-15.137684106826782,-11.009793758392334,0.21428571428571427
39391,0,0,30646,-15.137684106826782,-11.009793758392334,0.21428571428571427
39392,0,0,30645,-15.137684106826782,-11.009793758392334,0.21428571428571427
39393,0,0,30644,-15.137684106826782,-11.009793758392334,0.21428571428571427
39394,0,0,30643,-15.137684106826782,-11.009793758392334,0.21428571428571427
39395,0,0,30617,-15.137684106826782,-11.009793758392334,0.21428571428571427
39396,0,0,30615,-15.137684106826782,-11.009793758392334,0.21428571428571427
39397,0,0,30568,-15.137684106826782,-11.009793758392334,0.21428571428571427
39398,0,0,30614,-15.137684106826782,-11.009793758392334,0.21428571428571427
39399,0,0,30589,-15.137684106826782,-11.009793758392334,0.21428571428571427
39400,0,0,30588,-15.137684106826782,-11.009793758392334,0.21428571428571427
39401,0,0,30587,-15.137684106826782,-11.009793758392334,0.21428571428571427
39402,0,0,30586,-15.137684106826782,-11.009793758392334,0.21428571428571427
39403,0,0,30585,-15.137684106826782,-11.009793758392334,0.21428571428571427
39404,0,0,30584,-15.137684106826782,-11.009793758392334,0.21428571428571427
39405,0,0,30583,-15.137684106826782,-11.009793758392334,0.21428571428571427
39406,0,0,30582,-15.137684106826782,-11.009793758392334,0.21428571428571427
39407,0,0,30581,-15.137684106826782,-11.009793758392334,0.21428571428571427
39408,0,0,30580,-15.137684106826782,-11.009793758392334,0.21428571428571427
39409,0,0,30579,-15.137684106826782,-11.009793758392334,0.21428571428571427
39410,0,0,30578,-15.137684106826782,-11.009793758392334,0.21428571428571427
39411,0,0,30577,-15.137684106826782,-11.009793758392334,0.21428571428571427
39412,0,0,30576,-15.137684106826782,-11.009793758392334,0.21428571428571427
39413,0,0,30575,-15.137684106826782,-11.009793758392334,0.21428571428571427
39414,0,0,30574,-15.137684106826782,-11.009793758392334,0.21428571428571427
39415,0,0,30573,-15.137684106826782,-11.009793758392334,0.21428571428571427
39416,0,0,30572,-15.137684106826782,-11.009793758392334,0.21428571428571427
39417,0,0,30571,-15.137684106826782,-11.009793758392334,0.21428571428571427
39418,0,0,30570,-15.137684106826782,-11.009793758392334,0.21428571428571427
39419,0,0,30569,-15.137684106826782,-11.009793758392334,0.21428571428571427
39420,0,0,30590,-15.137684106826782,-11.009793758392334,0.21428571428571427
39421,0,0,30591,-15.137684106826782,-11.009793758392334,0.21428571428571427
39422,0,0,30592,-15.137684106826782,-11.009793758392334,0.21428571428571427
39423,0,0,30604,-15.137684106826782,-11.009793758392334,0.21428571428571427
39424,0,0,30613,-15.137684106826782,-11.009793758392334,0.21428571428571427
39425,0,0,30612,-15.137684106826782,-11.009793758392334,0.21428571428571427
39426,0,0,30611,-15.137684106826782,-11.009793758392334,0.21428571428571427
39427,0,0,30610,-15.137684106826782,-11.009793758392334,0.21428571428571427
39428,0,0,30609,-15.137684106826782,-11.009793758392334,0.21428571428571427
39429,0,0,30608,-15.137684106826782,-11.009793758392334,0.21428571428571427
39430,0,0,30607,-15.137684106826782,-11.009793758392334,0.21428571428571427
39431,0,0,30606,-15.137684106826782,-11.009793758392334,0.21428571428571427
39432,0,0,30605,-15.137684106826782,-11.009793758392334,0.21428571428571427
39433,0,0,30603,-15.137684106826782,-11.009793758392334,0.21428571428571427
39434,0,0,30593,-15.137684106826782,-11.009793758392334,0.21428571428571427
39435,0,0,30602,-15.137684106826782,-11.009793758392334,0.21428571428571427
39436,0,0,30601,-15.137684106826782,-11.009793758392334,0.21428571428571427
39437,0,0,30600,-15.137684106826782,-11.009793758392334,0.21428571428571427
39438,0,0,30599,-15.137684106826782,-11.009793758392334,0.21428571428571427
39439,0,0,30598,-15.137684106826782,-11.009793758392334,0.21428571428571427
39440,0,0,30597,-15.137684106826782,-11.009793758392334,0.21428571428571427
39441,0,0,30596,-15.137684106826782,-11.009793758392334,0.21428571428571427
39442,0,0,30595,-15.137684106826782,-11.009793758392334,0.21428571428571427
39443,0,0,30594,-15.137684106826782,-11.009793758392334,0.21428571428571427
39444,0,0,30858,-15.137684106826782,-11.009793758392334,0.21428571428571427
39445,0,0,30859,-15.137684106826782,-11.009793758392334,0.21428571428571427
39446,0,0,30860,-15.137684106826782,-11.009793758392334,0.21428571428571427
39447,0,0,31055,-15.137684106826782,-11.009793758392334,0.21428571428571427
39448,0,0,31126,-15.137684106826782,-11.009793758392334,0.21428571428571427
39449,0,0,31125,-15.137684106826782,-11.009793758392334,0.21428571428571427
39450,0,0,31124,-15.137684106826782,-11.009793758392334,0.21428571428571427
39451,0,0,31123,-15.137684106826782,-11.009793758392334,0.21428571428571427
39452,0,0,31122,-15.137684106826782,-11.009793758392334,0.21428571428571427
39453,0,0,31121,-15.137684106826782,-11.009793758392334,0.21428571428571427
39454,0,0,31120,-15.137684106826782,-11.009793758392334,0.21428571428571427
39455,0,0,31119,-15.137684106826782,-11.009793758392334,0.21428571428571427
39456,0,0,31118,-15.137684106826782,-11.009793758392334,0.21428571428571427
39457,0,0,31117,-15.137684106826782,-11.009793758392334,0.21428571428571427
39458,0,0,31116,-15.137684106826782,-11.009793758392334,0.21428571428571427
39459,0,0,31115,-15.137684106826782,-11.009793758392334,0.21428571428571427
39460,0,0,31114,-15.137684106826782,-11.009793758392334,0.21428571428571427
39461,0,0,31113,-15.137684106826782,-11.009793758392334,0.21428571428571427
39462,0,0,31112,-15.137684106826782,-11.009793758392334,0.21428571428571427
39463,0,0,31111,-15.137684106826782,-11.009793758392334,0.21428571428571427
39464,0,0,31110,-15.137684106826782,-11.009793758392334,0.21428571428571427
39465,0,0,31109,-15.137684106826782,-11.009793758392334,0.21428571428571427
39466,0,0,31108,-15.137684106826782,-11.009793758392334,0.21428571428571427
39467,0,0,31107,-15.137684106826782,-11.009793758392334,0.21428571428571427
39468,0,0,31106,-15.137684106826782,-11.009793758392334,0.21428571428571427
39469,0,0,31127,-15.137684106826782,-11.009793758392334,0.21428571428571427
39470,0,0,31128,-15.137684106826782,-11.009793758392334,0.21428571428571427
39471,0,0,31129,-15.137684106826782,-11.009793758392334,0.21428571428571427
39472,0,0,31141,-15.137684106826782,-11.009793758392334,0.21428571428571427
39473,0,0,31150,-15.137684106826782,-11.009793758392334,0.21428571428571427
39474,0,0,31149,-15.137684106826782,-11.009793758392334,0.21428571428571427
39475,0,0,31148,-15.137684106826782,-11.009793758392334,0.21428571428571427
39476,0,0,31147,-15.137684106826782,-11.009793758392334,0.21428571428571427
39477,0,0,31146,-15.137684106826782,-11.009793758392334,0.21428571428571427
39478,0,0,31145,-15.137684106826782,-11.009793758392334,0.21428571428571427
39479,0,0,31144,-15.137684106826782,-11.009793758392334,0.21428571428571427
39480,0,0,31143,-15.137684106826782,-11.009793758392334,0.21428571428571427
39481,0,0,31142,-15.137684106826782,-11.009793758392334,0.21428571428571427
39482,0,0,31140,-15.137684106826782,-11.009793758392334,0.21428571428571427
39483,0,0,31130,-15.137684106826782,-11.009793758392334,0.21428571428571427
39484,0,0,31139,-15.137684106826782,-11.009793758392334,0.21428571428571427
39485,0,0,31138,-15.137684106826782,-11.009793758392334,0.21428571428571427
39486,0,0,31137,-15.137684106826782,-11.009793758392334,0.21428571428571427
39487,0,0,31136,-15.137684106826782,-11.009793758392334,0.21428571428571427
39488,0,0,31135,-15.137684106826782,-11.009793758392334,0.21428571428571427
39489,0,0,31134,-15.137684106826782,-11.009793758392334,0.21428571428571427
39490,0,0,31133,-15.137684106826782,-11.009793758392334,0.21428571428571427
39491,0,0,31132,-15.137684106826782,-11.009793758392334,0.21428571428571427
39492,0,0,31131,-15.137684106826782,-11.009793758392334,0.21428571428571427
39493,0,0,31105,-15.137684106826782,-11.009793758392334,0.21428571428571427
39494,0,0,31103,-15.137684106826782,-11.009793758392334,0.21428571428571427
39495,0,0,31056,-15.137684106826782,-11.009793758392334,0.21428571428571427
39496,0,0,31102,-15.137684106826782,-11.009793758392334,0.21428571428571427
39497,0,0,31077,-15.137684106826782,-11.009793758392334,0.21428571428571427
39498,0,0,31076,-15.137684106826782,-11.009793758392334,0.21428571428571427
39499,0,0,31075,-15.137684106826782,-11.009793758392334,0.21428571428571427
39500,0,0,31074,-15.137684106826782,-11.009793758392334,0.21428571428571427
39501,0,0,31073,-15.137684106826782,-11.009793758392334,0.21428571428571427
39502,0,0,31072,-15.137684106826782,-11.009793758392334,0.21428571428571427
39503,0,0,31071,-15.137684106826782,-11.009793758392334,0.21428571428571427
39504,0,0,31070,-15.137684106826782,-11.009793758392334,0.21428571428571427
39505,0,0,31069,-15.137684106826782,-11.009793758392334,0.21428571428571427
39506,0,0,31068,-15.137684106826782,-11.009793758392334,0.21428571428571427
39507,0,0,31067,-15.137684106826782,-11.009793758392334,0.21428571428571427
39508,0,0,31066,-15.137684106826782,-11.009793758392334,0.21428571428571427
39509,0,0,31065,-15.137684106826782,-11.009793758392334,0.21428571428571427
39510,0,0,31064,-15.137684106826782,-11.009793758392334,0.21428571428571427
39511,0,0,31063,-15.137684106826782,-11.009793758392334,0.21428571428571427
39512,0,0,31062,-15.137684106826782,-11.009793758392334,0.21428571428571427
39513,0,0,31061,-15.137684106826782,-11.009793758392334,0.21428571428571427
39514,0,0,31060,-15.137684106826782,-11.009793758392334,0.21428571428571427
39515,0,0,31059,-15.137684106826782,-11.009793758392334,0.21428571428571427
39516,0,0,31058,-15.137684106826782,-11.009793758392334,0.21428571428571427
39517,0,0,31057,-15.137684106826782,-11.009793758392334,0.21428571428571427
39518,0,0,31078,-15.137684106826782,-11.009793758392334,0.21428571428571427
39519,0,0,31079,-15.137684106826782,-11.009793758392334,0.21428571428571427
39520,0,0,31080,-15.137684106826782,-11.009793758392334,0.21428571428571427
39521,0,0,31092,-15.137684106826782,-11.009793758392334,0.21428571428571427
39522,0,0,31101,-15.137684106826782,-11.009793758392334,0.21428571428571427
39523,0,0,31100,-15.137684106826782,-11.009793758392334,0.21428571428571427
39524,0,0,31099,-15.137684106826782,-11.009793758392334,0.21428571428571427
39525,0,0,31098,-15.137684106826782,-11.009793758392334,0.21428571428571427
39526,0,0,31097,-15.137684106826782,-11.009793758392334,0.21428571428571427
39527,0,0,31096,-15.137684106826782,-11.009793758392334,0.21428571428571427
39528,0,0,31095,-15.137684106826782,-11.009793758392334,0.21428571428571427
39529,0,0,31094,-15.137684106826782,-11.009793758392334,0.21428571428571427
39530,0,0,31093,-15.137684106826782,-11.009793758392334,0.21428571428571427
39531,0,0,31091,-15.137684106826782,-11.009793758392334,0.21428571428571427
39532,0,0,31081,-15.137684106826782,-11.009793758392334,0.21428571428571427
39533,0,0,31090,-15.137684106826782,-11.009793758392334,0.21428571428571427
39534,0,0,31089,-15.137684106826782,-11.009793758392334,0.21428571428571427
39535,0,0,31088,-15.137684106826782,-11.009793758392334,0.21428571428571427
39536,0,0,31087,-15.137684106826782,-11.009793758392334,0.21428571428571427
39537,0,0,31086,-15.137684106826782,-11.009793758392334,0.21428571428571427
39538,0,0,31085,-15.137684106826782,-11.009793758392334,0.21428571428571427
39539,0,0,31084,-15.137684106826782,-11.009793758392334,0.21428571428571427
39540,0,0,31083,-15.137684106826782,-11.009793758392334,0.21428571428571427
39541,0,0,31082,-15.137684106826782,-11.009793758392334,0.21428571428571427
39542,0,0,31151,-15.137684106826782,-11.009793758392334,0.21428571428571427
39543,0,0,31152,-15.137684106826782,-11.009793758392334,0.21428571428571427
39544,0,0,31153,-15.137684106826782,-11.009793758392334,0.21428571428571427
39545,0,0,31154,-15.137684106826782,-11.009793758392334,0.21428571428571427
39546,0,0,31223,-15.137684106826782,-11.009793758392334,0.21428571428571427
39547,0,0,31222,-15.137684106826782,-11.009793758392334,0.21428571428571427
39548,0,0,31221,-15.137684106826782,-11.009793758392334,0.21428571428571427
39549,0,0,31220,-15.137684106826782,-11.009793758392334,0.21428571428571427
39550,0,0,31219,-15.137684106826782,-11.009793758392334,0.21428571428571427
39551,0,0,31218,-15.137684106826782,-11.009793758392334,0.21428571428571427
39552,0,0,31217,-15.137684106826782,-11.009793758392334,0.21428571428571427
39553,0,0,31216,-15.137684106826782,-11.009793758392334,0.21428571428571427
39554,0,0,31215,-15.137684106826782,-11.009793758392334,0.21428571428571427
39555,0,0,31213,-15.137684106826782,-11.009793758392334,0.21428571428571427
39556,0,0,31203,-15.137684106826782,-11.009793758392334,0.21428571428571427
39557,0,0,31212,-15.137684106826782,-11.009793758392334,0.21428571428571427
39558,0,0,31211,-15.137684106826782,-11.009793758392334,0.21428571428571427
39559,0,0,31210,-15.137684106826782,-11.009793758392334,0.21428571428571427
39560,0,0,31209,-15.137684106826782,-11.009793758392334,0.21428571428571427
39561,0,0,31208,-15.137684106826782,-11.009793758392334,0.21428571428571427
39562,0,0,31207,-15.137684106826782,-11.009793758392334,0.21428571428571427
39563,0,0,31206,-15.137684106826782,-11.009793758392334,0.21428571428571427
39564,0,0,31205,-15.137684106826782,-11.009793758392334,0.21428571428571427
39565,0,0,31204,-15.137684106826782,-11.009793758392334,0.21428571428571427
39566,0,0,31224,-15.137684106826782,-11.009793758392334,0.21428571428571427
39567,0,0,31214,-15.137684106826782,-11.009793758392334,0.21428571428571427
39568,0,0,31225,-15.137684106826782,-11.009793758392334,0.21428571428571427
39569,0,0,31238,-15.137684106826782,-11.009793758392334,0.21428571428571427
39570,0,0,31247,-15.137684106826782,-11.009793758392334,0.21428571428571427
39571,0,0,31246,-15.137684106826782,-11.009793758392334,0.21428571428571427
39572,0,0,31245,-15.137684106826782,-11.009793758392334,0.21428571428571427
39573,0,0,31244,-15.137684106826782,-11.009793758392334,0.21428571428571427
39574,0,0,31243,-15.137684106826782,-11.009793758392334,0.21428571428571427
39575,0,0,31242,-15.137684106826782,-11.009793758392334,0.21428571428571427
39576,0,0,31241,-15.137684106826782,-11.009793758392334,0.21428571428571427
39577,0,0,31240,-15.137684106826782,-11.009793758392334,0.21428571428571427
39578,0,0,31239,-15.137684106826782,-11.009793758392334,0.21428571428571427
39579,0,0,31237,-15.137684106826782,-11.009793758392334,0.21428571428571427
39580,0,0,31227,-15.137684106826782,-11.009793758392334,0.21428571428571427
39581,0,0,31236,-15.137684106826782,-11.009793758392334,0.21428571428571427
39582,0,0,31235,-15.137684106826782,-11.009793758392334,0.21428571428571427
39583,0,0,31234,-15.137684106826782,-11.009793758392334,0.21428571428571427
39584,0,0,31233,-15.137684106826782,-11.009793758392334,0.21428571428571427
39585,0,0,31232,-15.137684106826782,-11.009793758392334,0.21428571428571427
39586,0,0,31231,-15.137684106826782,-11.009793758392334,0.21428571428571427
39587,0,0,31230,-15.137684106826782,-11.009793758392334,0.21428571428571427
39588,0,0,31229,-15.137684106826782,-11.009793758392334,0.21428571428571427
39589,0,0,31228,-15.137684106826782,-11.009793758392334,0.21428571428571427
39590,0,0,31226,-15.137684106826782,-11.009793758392334,0.21428571428571427
39591,0,0,31202,-15.137684106826782,-11.009793758392334,0.21428571428571427
39592,0,0,31201,-15.137684106826782,-11.009793758392334,0.21428571428571427
39593,0,0,31200,-15.137684106826782,-11.009793758392334,0.21428571428571427
39594,0,0,31175,-15.137684106826782,-11.009793758392334,0.21428571428571427
39595,0,0,31174,-15.137684106826782,-11.009793758392334,0.21428571428571427
39596,0,0,31173,-15.137684106826782,-11.009793758392334,0.21428571428571427
39597,0,0,31172,-15.137684106826782,-11.009793758392334,0.21428571428571427
39598,0,0,31171,-15.137684106826782,-11.009793758392334,0.21428571428571427
39599,0,0,31170,-15.137684106826782,-11.009793758392334,0.21428571428571427
39600,0,0,31169,-15.137684106826782,-11.009793758392334,0.21428571428571427
39601,0,0,31168,-15.137684106826782,-11.009793758392334,0.21428571428571427
39602,0,0,31167,-15.137684106826782,-11.009793758392334,0.21428571428571427
39603,0,0,31166,-15.137684106826782,-11.009793758392334,0.21428571428571427
39604,0,0,31165,-15.137684106826782,-11.009793758392334,0.21428571428571427
39605,0,0,31164,-15.137684106826782,-11.009793758392334,0.21428571428571427
39606,0,0,31163,-15.137684106826782,-11.009793758392334,0.21428571428571427
39607,0,0,31162,-15.137684106826782,-11.009793758392334,0.21428571428571427
39608,0,0,31161,-15.137684106826782,-11.009793758392334,0.21428571428571427
39609,0,0,31160,-15.137684106826782,-11.009793758392334,0.21428571428571427
39610,0,0,31159,-15.137684106826782,-11.009793758392334,0.21428571428571427
39611,0,0,31158,-15.137684106826782,-11.009793758392334,0.21428571428571427
39612,1,0,31157,-15.137684106826782,-11.009793758392334,0.21428571428571427
39613,0,0,31156,-15.137684106826782,-11.009793758392334,0.21428571428571427
39614,0,0,31155,-15.137684106826782,-11.009793758392334,0.21428571428571427
39615,0,0,31176,-15.137684106826782,-11.009793758392334,0.21428571428571427
39616,0,0,31177,-15.137684106826782,-11.009793758392334,0.21428571428571427
39617,0,0,31178,-15.137684106826782,-11.009793758392334,0.21428571428571427
39618,0,0,31190,-15.137684106826782,-11.009793758392334,0.21428571428571427
39619,0,0,31199,-15.137684106826782,-11.009793758392334,0.21428571428571427
39620,0,0,31198,-15.137684106826782,-11.009793758392334,0.21428571428571427
39621,0,0,31197,-15.137684106826782,-11.009793758392334,0.21428571428571427
39622,0,0,31196,-15.137684106826782,-11.009793758392334,0.21428571428571427
39623,0,0,31195,-15.137684106826782,-11.009793758392334,0.21428571428571427
39624,0,0,31194,-15.137684106826782,-11.009793758392334,0.21428571428571427
39625,0,0,31193,-15.137684106826782,-11.009793758392334,0.21428571428571427
39626,0,0,31192,-15.137684106826782,-11.009793758392334,0.21428571428571427
39627,0,0,31191,-15.137684106826782,-11.009793758392334,0.21428571428571427
39628,0,0,31189,-15.137684106826782,-11.009793758392334,0.21428571428571427
39629,0,0,31179,-15.137684106826782,-11.009793758392334,0.21428571428571427
39630,0,0,31188,-15.137684106826782,-11.009793758392334,0.21428571428571427
39631,0,0,31187,-15.137684106826782,-11.009793758392334,0.21428571428571427
39632,0,0,31186,-15.137684106826782,-11.009793758392334,0.21428571428571427
39633,0,0,31185,-15.137684106826782,-11.009793758392334,0.21428571428571427
39634,0,0,31184,-15.137684106826782,-11.009793758392334,0.21428571428571427
39635,0,0,31183,-15.137684106826782,-11.009793758392334,0.21428571428571427
39636,0,0,31182,-15.137684106826782,-11.009793758392334,0.21428571428571427
39637,0,0,31181,-15.137684106826782,-11.009793758392334,0.21428571428571427
39638,0,0,31180,-15.137684106826782,-11.009793758392334,0.21428571428571427
39639,0,0,31104,-15.137684106826782,-11.009793758392334,0.21428571428571427
39640,0,0,31054,-15.137684106826782,-11.009793758392334,0.21428571428571427
39641,0,0,30909,-15.137684106826782,-11.009793758392334,0.21428571428571427
39642,0,0,31053,-15.137684106826782,-11.009793758392334,0.21428571428571427
39643,0,0,30931,-15.137684106826782,-11.009793758392334,0.21428571428571427
39644,0,0,30930,-15.137684106826782,-11.009793758392334,0.21428571428571427
39645,0,0,30929,-15.137684106826782,-11.009793758392334,0.21428571428571427
39646,0,0,30928,-15.137684106826782,-11.009793758392334,0.21428571428571427
39647,0,0,30927,-15.137684106826782,-11.009793758392334,0.21428571428571427
39648,1,0,30926,-15.137684106826782,-11.009793758392334,0.21428571428571427
39649,0,0,30925,-15.137684106826782,-11.009793758392334,0.21428571428571427
39650,0,0,30924,-15.137684106826782,-11.009793758392334,0.21428571428571427
39651,0,0,30923,-15.137684106826782,-11.009793758392334,0.21428571428571427
39652,0,0,30922,-15.137684106826782,-11.009793758392334,0.21428571428571427
39653,0,0,30921,-15.137684106826782,-11.009793758392334,0.21428571428571427
39654,0,0,30920,-15.137684106826782,-11.009793758392334,0.21428571428571427
39655,0,0,30919,-15.137684106826782,-11.009793758392334,0.21428571428571427
39656,0,0,30918,-15.137684106826782,-11.009793758392334,0.21428571428571427
39657,0,0,30917,-15.137684106826782,-11.009793758392334,0.21428571428571427
39658,0,0,30916,-15.137684106826782,-11.009793758392334,0.21428571428571427
39659,0,0,30915,-15.137684106826782,-11.009793758392334,0.21428571428571427
39660,0,0,30914,-15.137684106826782,-11.009793758392334,0.21428571428571427
39661,1,0,30913,-15.137684106826782,-11.009793758392334,0.21428571428571427
39662,0,0,30912,-15.137684106826782,-11.009793758392334,0.21428571428571427
39663,0,0,30911,-15.137684106826782,-11.009793758392334,0.21428571428571427
39664,0,0,30932,-15.137684106826782,-11.009793758392334,0.21428571428571427
39665,0,0,30933,-15.137684106826782,-11.009793758392334,0.21428571428571427
39666,0,0,30934,-15.137684106826782,-11.009793758392334,0.21428571428571427
39667,0,0,30946,-15.137684106826782,-11.009793758392334,0.21428571428571427
39668,0,0,30955,-15.137684106826782,-11.009793758392334,0.21428571428571427
39669,0,0,30954,-15.137684106826782,-11.009793758392334,0.21428571428571427
39670,0,0,30953,-15.137684106826782,-11.009793758392334,0.21428571428571427
39671,0,0,30952,-15.137684106826782,-11.009793758392334,0.21428571428571427
39672,0,0,30951,-15.137684106826782,-11.009793758392334,0.21428571428571427
39673,0,0,30950,-15.137684106826782,-11.009793758392334,0.21428571428571427
39674,0,0,30949,-15.137684106826782,-11.009793758392334,0.21428571428571427
39675,0,0,30948,-15.137684106826782,-11.009793758392334,0.21428571428571427
39676,0,0,30947,-15.137684106826782,-11.009793758392334,0.21428571428571427
39677,0,0,30945,-15.137684106826782,-11.009793758392334,0.21428571428571427
39678,0,0,30935,-15.137684106826782,-11.009793758392334,0.21428571428571427
39679,0,0,30944,-15.137684106826782,-11.009793758392334,0.21428571428571427
39680,0,0,30943,-15.137684106826782,-11.009793758392334,0.21428571428571427
39681,0,0,30942,-15.137684106826782,-11.009793758392334,0.21428571428571427
39682,0,0,30941,-15.137684106826782,-11.009793758392334,0.21428571428571427
39683,0,0,30940,-15.137684106826782,-11.009793758392334,0.21428571428571427
39684,0,0,30939,-15.137684106826782,-11.009793758392334,0.21428571428571427
39685,0,0,30938,-15.137684106826782,-11.009793758392334,0.21428571428571427
39686,0,0,30937,-15.137684106826782,-11.009793758392334,0.21428571428571427
39687,0,0,30936,-15.137684106826782,-11.009793758392334,0.21428571428571427
39688,0,0,30910,-15.137684106826782,-11.009793758392334,0.21428571428571427
39689,0,0,30908,-15.137684106826782,-11.009793758392334,0.21428571428571427
39690,0,0,30861,-15.137684106826782,-11.009793758392334,0.21428571428571427
39691,0,0,30907,-15.137684106826782,-11.009793758392334,0.21428571428571427
39692,0,0,30882,-15.137684106826782,-11.009793758392334,0.21428571428571427
39693,0,0,30881,-15.137684106826782,-11.009793758392334,0.21428571428571427
39694,0,0,30880,-15.137684106826782,-11.009793758392334,0.21428571428571427
39695,0,0,30879,-15.137684106826782,-11.009793758392334,0.21428571428571427
39696,0,0,30878,-15.137684106826782,-11.009793758392334,0.21428571428571427
39697,0,0,30877,-15.137684106826782,-11.009793758392334,0.21428571428571427
39698,0,0,30876,-15.137684106826782,-11.009793758392334,0.21428571428571427
39699,0,0,30875,-15.137684106826782,-11.009793758392334,0.21428571428571427
39700,0,0,30874,-15.137684106826782,-11.009793758392334,0.21428571428571427
39701,0,0,30873,-15.137684106826782,-11.009793758392334,0.21428571428571427
39702,0,0,30872,-15.137684106826782,-11.009793758392334,0.21428571428571427
39703,0,0,30871,-15.137684106826782,-11.009793758392334,0.21428571428571427
39704,0,0,30870,-15.137684106826782,-11.009793758392334,0.21428571428571427
39705,0,0,30869,-15.137684106826782,-11.009793758392334,0.21428571428571427
39706,0,0,30868,-15.137684106826782,-11.009793758392334,0.21428571428571427
39707,0,0,30867,-15.137684106826782,-11.009793758392334,0.21428571428571427
39708,0,0,30866,-15.137684106826782,-11.009793758392334,0.21428571428571427
39709,0,0,30865,-15.137684106826782,-11.009793758392334,0.21428571428571427
39710,0,0,30864,-15.137684106826782,-11.009793758392334,0.21428571428571427
39711,0,0,30863,-15.137684106826782,-11.009793758392334,0.21428571428571427
39712,0,0,30862,-15.137684106826782,-11.009793758392334,0.21428571428571427
39713,0,0,30883,-15.137684106826782,-11.009793758392334,0.21428571428571427
39714,0,0,30884,-15.137684106826782,-11.009793758392334,0.21428571428571427
39715,0,0,30885,-15.137684106826782,-11.009793758392334,0.21428571428571427
39716,0,0,30897,-15.137684106826782,-11.009793758392334,0.21428571428571427
39717,0,0,30906,-15.137684106826782,-11.009793758392334,0.21428571428571427
39718,0,0,30905,-15.137684106826782,-11.009793758392334,0.21428571428571427
39719,0,0,30904,-15.137684106826782,-11.009793758392334,0.21428571428571427
39720,0,0,30903,-15.137684106826782,-11.009793758392334,0.21428571428571427
39721,0,0,30902,-15.137684106826782,-11.009793758392334,0.21428571428571427
39722,0,0,30901,-15.137684106826782,-11.009793758392334,0.21428571428571427
39723,0,0,30900,-15.137684106826782,-11.009793758392334,0.21428571428571427
39724,0,0,30899,-15.137684106826782,-11.009793758392334,0.21428571428571427
39725,0,0,30898,-15.137684106826782,-11.009793758392334,0.21428571428571427
39726,0,0,30896,-15.137684106826782,-11.009793758392334,0.21428571428571427
39727,0,0,30886,-15.137684106826782,-11.009793758392334,0.21428571428571427
39728,0,0,30895,-15.137684106826782,-11.009793758392334,0.21428571428571427
39729,0,0,30894,-15.137684106826782,-11.009793758392334,0.21428571428571427
39730,0,0,30893,-15.137684106826782,-11.009793758392334,0.21428571428571427
39731,0,0,30892,-15.137684106826782,-11.009793758392334,0.21428571428571427
39732,0,0,30891,-15.137684106826782,-11.009793758392334,0.21428571428571427
39733,0,0,30890,-15.137684106826782,-11.009793758392334,0.21428571428571427
39734,0,0,30889,-15.137684106826782,-11.009793758392334,0.21428571428571427
39735,0,0,30888,-15.137684106826782,-11.009793758392334,0.21428571428571427
39736,0,0,30887,-15.137684106826782,-11.009793758392334,0.21428571428571427
39737,0,0,30956,-15.137684106826782,-11.009793758392334,0.21428571428571427
39738,0,0,30957,-15.137684106826782,-11.009793758392334,0.21428571428571427
39739,0,0,30958,-15.137684106826782,-11.009793758392334,0.21428571428571427
39740,0,0,30959,-15.137684106826782,-11.009793758392334,0.21428571428571427
39741,1,0,31028,-15.137684106826782,-11.009793758392334,0.21428571428571427
39742,0,0,31027,-15.137684106826782,-11.009793758392334,0.21428571428571427
39743,0,0,31026,-15.137684106826782,-11.009793758392334,0.21428571428571427
39744,0,0,31025,-15.137684106826782,-11.009793758392334,0.21428571428571427
39745,0,0,31024,-15.137684106826782,-11.009793758392334,0.21428571428571427
39746,0,0,31023,-15.137684106826782,-11.009793758392334,0.21428571428571427
39747,0,0,31022,-15.137684106826782,-11.009793758392334,0.21428571428571427
39748,0,0,31021,-15.137684106826782,-11.009793758392334,0.21428571428571427
39749,0,0,31020,-15.137684106826782,-11.009793758392334,0.21428571428571427
39750,0,0,31018,-15.137684106826782,-11.009793758392334,0.21428571428571427
39751,0,0,31008,-15.137684106826782,-11.009793758392334,0.21428571428571427
39752,0,0,31017,-15.137684106826782,-11.009793758392334,0.21428571428571427
39753,0,0,31016,-15.137684106826782,-11.009793758392334,0.21428571428571427
39754,0,0,31015,-15.137684106826782,-11.009793758392334,0.21428571428571427
39755,0,0,31014,-15.137684106826782,-11.009793758392334,0.21428571428571427
39756,0,0,31013,-15.137684106826782,-11.009793758392334,0.21428571428571427
39757,0,0,31012,-15.137684106826782,-11.009793758392334,0.21428571428571427
39758,0,0,31011,-15.137684106826782,-11.009793758392334,0.21428571428571427
39759,0,0,31010,-15.137684106826782,-11.009793758392334,0.21428571428571427
39760,0,0,31009,-15.137684106826782,-11.009793758392334,0.21428571428571427
39761,0,0,31029,-15.137684106826782,-11.009793758392334,0.21428571428571427
39762,0,0,31019,-15.137684106826782,-11.009793758392334,0.21428571428571427
39763,0,0,31030,-15.137684106826782,-11.009793758392334,0.21428571428571427
39764,0,0,31043,-15.137684106826782,-11.009793758392334,0.21428571428571427
39765,0,0,31052,-15.137684106826782,-11.009793758392334,0.21428571428571427
39766,0,0,31051,-15.137684106826782,-11.009793758392334,0.21428571428571427
39767,0,0,31050,-15.137684106826782,-11.009793758392334,0.21428571428571427
39768,0,0,31049,-15.137684106826782,-11.009793758392334,0.21428571428571427
39769,0,0,31048,-15.137684106826782,-11.009793758392334,0.21428571428571427
39770,0,0,31047,-15.137684106826782,-11.009793758392334,0.21428571428571427
39771,0,0,31046,-15.137684106826782,-11.009793758392334,0.21428571428571427
39772,0,0,31045,-15.137684106826782,-11.009793758392334,0.21428571428571427
39773,0,0,31044,-15.137684106826782,-11.009793758392334,0.21428571428571427
39774,0,0,31042,-15.137684106826782,-11.009793758392334,0.21428571428571427
39775,0,0,31032,-15.137684106826782,-11.009793758392334,0.21428571428571427
39776,0,0,31041,-15.137684106826782,-11.009793758392334,0.21428571428571427
39777,0,0,31040,-15.137684106826782,-11.009793758392334,0.21428571428571427
39778,0,0,31039,-15.137684106826782,-11.009793758392334,0.21428571428571427
39779,0,0,31038,-15.137684106826782,-11.009793758392334,0.21428571428571427
39780,0,0,31037,-15.137684106826782,-11.009793758392334,0.21428571428571427
39781,0,0,31036,-15.137684106826782,-11.009793758392334,0.21428571428571427
39782,0,0,31035,-15.137684106826782,-11.009793758392334,0.21428571428571427
39783,0,0,31034,-15.137684106826782,-11.009793758392334,0.21428571428571427
39784,0,0,31033,-15.137684106826782,-11.009793758392334,0.21428571428571427
39785,0,0,31031,-15.137684106826782,-11.009793758392334,0.21428571428571427
39786,0,0,31007,-15.137684106826782,-11.009793758392334,0.21428571428571427
39787,0,0,31006,-15.137684106826782,-11.009793758392334,0.21428571428571427
39788,0,0,31005,-15.137684106826782,-11.009793758392334,0.21428571428571427
39789,0,0,30980,-15.137684106826782,-11.009793758392334,0.21428571428571427
39790,0,0,30979,-15.137684106826782,-11.009793758392334,0.21428571428571427
39791,0,0,30978,-15.137684106826782,-11.009793758392334,0.21428571428571427
39792,0,0,30977,-15.137684106826782,-11.009793758392334,0.21428571428571427
39793,0,0,30976,-15.137684106826782,-11.009793758392334,0.21428571428571427
39794,0,0,30975,-15.137684106826782,-11.009793758392334,0.21428571428571427
39795,0,0,30974,-15.137684106826782,-11.009793758392334,0.21428571428571427
39796,0,0,30973,-15.137684106826782,-11.009793758392334,0.21428571428571427
39797,0,0,30972,-15.137684106826782,-11.009793758392334,0.21428571428571427
39798,0,0,30971,-15.137684106826782,-11.009793758392334,0.21428571428571427
39799,0,0,30970,-15.137684106826782,-11.009793758392334,0.21428571428571427
39800,0,0,30969,-15.137684106826782,-11.009793758392334,0.21428571428571427
39801,0,0,30968,-15.137684106826782,-11.009793758392334,0.21428571428571427
39802,0,0,30967,-15.137684106826782,-11.009793758392334,0.21428571428571427
39803,0,0,30966,-15.137684106826782,-11.009793758392334,0.21428571428571427
39804,0,0,30965,-15.137684106826782,-11.009793758392334,0.21428571428571427
39805,0,0,30964,-15.137684106826782,-11.009793758392334,0.21428571428571427
39806,0,0,30963,-15.137684106826782,-11.009793758392334,0.21428571428571427
39807,0,0,30962,-15.137684106826782,-11.009793758392334,0.21428571428571427
39808,0,0,30961,-15.137684106826782,-11.009793758392334,0.21428571428571427
39809,0,0,30960,-15.137684106826782,-11.009793758392334,0.21428571428571427
39810,0,0,30981,-15.137684106826782,-11.009793758392334,0.21428571428571427
39811,0,0,30982,-15.137684106826782,-11.009793758392334,0.21428571428571427
39812,0,0,30983,-15.137684106826782,-11.009793758392334,0.21428571428571427
39813,0,0,30995,-15.137684106826782,-11.009793758392334,0.21428571428571427
39814,0,0,31004,-15.137684106826782,-11.009793758392334,0.21428571428571427
39815,0,0,31003,-15.137684106826782,-11.009793758392334,0.21428571428571427
39816,0,0,31002,-15.137684106826782,-11.009793758392334,0.21428571428571427
39817,0,0,31001,-15.137684106826782,-11.009793758392334,0.21428571428571427
39818,0,0,31000,-15.137684106826782,-11.009793758392334,0.21428571428571427
39819,0,0,30999,-15.137684106826782,-11.009793758392334,0.21428571428571427
39820,0,0,30998,-15.137684106826782,-11.009793758392334,0.21428571428571427
39821,0,0,30997,-15.137684106826782,-11.009793758392334,0.21428571428571427
39822,0,0,30996,-15.137684106826782,-11.009793758392334,0.21428571428571427
39823,0,0,30994,-15.137684106826782,-11.009793758392334,0.21428571428571427
39824,0,0,30984,-15.137684106826782,-11.009793758392334,0.21428571428571427
39825,0,0,30993,-15.137684106826782,-11.009793758392334,0.21428571428571427
39826,0,0,30992,-15.137684106826782,-11.009793758392334,0.21428571428571427
39827,0,0,30991,-15.137684106826782,-11.009793758392334,0.21428571428571427
39828,0,0,30990,-15.137684106826782,-11.009793758392334,0.21428571428571427
39829,0,0,30989,-15.137684106826782,-11.009793758392334,0.21428571428571427
39830,0,0,30988,-15.137684106826782,-11.009793758392334,0.21428571428571427
39831,0,0,30987,-15.137684106826782,-11.009793758392334,0.21428571428571427
39832,0,0,30986,-15.137684106826782,-11.009793758392334,0.21428571428571427
39833,0,0,30985,-15.137684106826782,-11.009793758392334,0.21428571428571427
39834,0,0,30567,-15.137684106826782,-11.009793758392334,0.21428571428571427
39835,0,0,30468,-15.137684106826782,-11.009793758392334,0.21428571428571427
39836,0,0,29786,-15.137684106826782,-11.009793758392334,0.21428571428571427
39837,0,0,30467,-15.137684106826782,-11.009793758392334,0.21428571428571427
39838,0,0,29955,-15.137684106826782,-11.009793758392334,0.21428571428571427
39839,0,0,29954,-15.137684106826782,-11.009793758392334,0.21428571428571427
39840,0,0,29953,-15.137684106826782,-11.009793758392334,0.21428571428571427
39841,0,0,29952,-15.137684106826782,-11.009793758392334,0.21428571428571427
39842,0,0,29951,-15.137684106826782,-11.009793758392334,0.21428571428571427
39843,0,0,29950,-15.137684106826782,-11.009793758392334,0.21428571428571427
39844,0,0,29949,-15.137684106826782,-11.009793758392334,0.21428571428571427
39845,0,0,29948,-15.137684106826782,-11.009793758392334,0.21428571428571427
39846,0,0,29947,-15.137684106826782,-11.009793758392334,0.21428571428571427
39847,0,0,29946,-15.137684106826782,-11.009793758392334,0.21428571428571427
39848,0,0,29945,-15.137684106826782,-11.009793758392334,0.21428571428571427
39849,0,0,29944,-15.137684106826782,-11.009793758392334,0.21428571428571427
39850,0,0,29943,-15.137684106826782,-11.009793758392334,0.21428571428571427
39851,0,0,29942,-15.137684106826782,-11.009793758392334,0.21428571428571427
39852,0,0,29941,-15.137684106826782,-11.009793758392334,0.21428571428571427
39853,0,0,29940,-15.137684106826782,-11.009793758392334,0.21428571428571427
39854,0,0,29939,-15.137684106826782,-11.009793758392334,0.21428571428571427
39855,0,0,29938,-15.137684106826782,-11.009793758392334,0.21428571428571427
39856,0,0,29937,-15.137684106826782,-11.009793758392334,0.21428571428571427
39857,0,0,29936,-15.137684106826782,-11.009793758392334,0.21428571428571427
39858,0,0,29935,-15.137684106826782,-11.009793758392334,0.21428571428571427
39859,0,0,29956,-15.137684106826782,-11.009793758392334,0.21428571428571427
39860,0,0,29957,-15.137684106826782,-11.009793758392334,0.21428571428571427
39861,0,0,29958,-15.137684106826782,-11.009793758392334,0.21428571428571427
39862,0,0,29970,-15.137684106826782,-11.009793758392334,0.21428571428571427
39863,0,0,29979,-15.137684106826782,-11.009793758392334,0.21428571428571427
39864,0,0,29978,-15.137684106826782,-11.009793758392334,0.21428571428571427
39865,0,0,29977,-15.137684106826782,-11.009793758392334,0.21428571428571427
39866,0,0,29976,-15.137684106826782,-11.009793758392334,0.21428571428571427
39867,0,0,29975,-15.137684106826782,-11.009793758392334,0.21428571428571427
39868,0,0,29974,-15.137684106826782,-11.009793758392334,0.21428571428571427
39869,0,0,29973,-15.137684106826782,-11.009793758392334,0.21428571428571427
39870,0,0,29972,-15.137684106826782,-11.009793758392334,0.21428571428571427
39871,0,0,29971,-15.137684106826782,-11.009793758392334,0.21428571428571427
39872,0,0,29969,-15.137684106826782,-11.009793758392334,0.21428571428571427
39873,0,0,29959,-15.137684106826782,-11.009793758392334,0.21428571428571427
39874,0,0,29968,-15.137684106826782,-11.009793758392334,0.21428571428571427
39875,0,0,29967,-15.137684106826782,-11.009793758392334,0.21428571428571427
39876,0,0,29966,-15.137684106826782,-11.009793758392334,0.21428571428571427
39877,0,0,29965,-15.137684106826782,-11.009793758392334,0.21428571428571427
39878,0,0,29964,-15.137684106826782,-11.009793758392334,0.21428571428571427
39879,0,0,29963,-15.137684106826782,-11.009793758392334,0.21428571428571427
39880,0,0,29962,-15.137684106826782,-11.009793758392334,0.21428571428571427
39881,0,0,29961,-15.137684106826782,-11.009793758392334,0.21428571428571427
39882,0,0,29960,-15.137684106826782,-11.009793758392334,0.21428571428571427
39883,0,0,29934,-15.137684106826782,-11.009793758392334,0.21428571428571427
39884,0,0,29932,-15.137684106826782,-11.009793758392334,0.21428571428571427
39885,0,0,29885,-15.137684106826782,-11.009793758392334,0.21428571428571427
39886,0,0,29931,-15.137684106826782,-11.009793758392334,0.21428571428571427
39887,0,0,29906,-15.137684106826782,-11.009793758392334,0.21428571428571427
39888,0,0,29905,-15.137684106826782,-11.009793758392334,0.21428571428571427
39889,0,0,29904,-15.137684106826782,-11.009793758392334,0.21428571428571427
39890,0,0,29903,-15.137684106826782,-11.009793758392334,0.21428571428571427
39891,0,0,29902,-15.137684106826782,-11.009793758392334,0.21428571428571427
39892,0,0,29901,-15.137684106826782,-11.009793758392334,0.21428571428571427
39893,0,0,29900,-15.137684106826782,-11.009793758392334,0.21428571428571427
39894,0,0,29899,-15.137684106826782,-11.009793758392334,0.21428571428571427
39895,0,0,29898,-15.137684106826782,-11.009793758392334,0.21428571428571427
39896,0,0,29897,-15.137684106826782,-11.009793758392334,0.21428571428571427
39897,0,0,29896,-15.137684106826782,-11.009793758392334,0.21428571428571427
39898,0,0,29895,-15.137684106826782,-11.009793758392334,0.21428571428571427
39899,0,0,29894,-15.137684106826782,-11.009793758392334,0.21428571428571427
39900,0,0,29893,-15.137684106826782,-11.009793758392334,0.21428571428571427
39901,0,0,29892,-15.137684106826782,-11.009793758392334,0.21428571428571427
39902,0,0,29891,-15.137684106826782,-11.009793758392334,0.21428571428571427
39903,0,0,29890,-15.137684106826782,-11.009793758392334,0.21428571428571427
39904,0,0,29889,-15.137684106826782,-11.009793758392334,0.21428571428571427
39905,0,0,29888,-15.137684106826782,-11.009793758392334,0.21428571428571427
39906,0,0,29887,-15.137684106826782,-11.009793758392334,0.21428571428571427
39907,0,0,29886,-15.137684106826782,-11.009793758392334,0.21428571428571427
39908,0,0,29907,-15.137684106826782,-11.009793758392334,0.21428571428571427
39909,0,0,29908,-15.137684106826782,-11.009793758392334,0.21428571428571427
39910,0,0,29909,-15.137684106826782,-11.009793758392334,0.21428571428571427
39911,0,0,29921,-15.137684106826782,-11.009793758392334,0.21428571428571427
39912,0,0,29930,-15.137684106826782,-11.009793758392334,0.21428571428571427
39913,0,0,29929,-15.137684106826782,-11.009793758392334,0.21428571428571427
39914,0,0,29928,-15.137684106826782,-11.009793758392334,0.21428571428571427
39915,0,0,29927,-15.137684106826782,-11.009793758392334,0.21428571428571427
39916,0,0,29926,-15.137684106826782,-11.009793758392334,0.21428571428571427
39917,0,0,29925,-15.137684106826782,-11.009793758392334,0.21428571428571427
39918,0,0,29924,-15.137684106826782,-11.009793758392334,0.21428571428571427
39919,0,0,29923,-15.137684106826782,-11.009793758392334,0.21428571428571427
39920,0,0,29922,-15.137684106826782,-11.009793758392334,0.21428571428571427
39921,0,0,29920,-15.137684106826782,-11.009793758392334,0.21428571428571427
39922,0,0,29910,-15.137684106826782,-11.009793758392334,0.21428571428571427
39923,0,0,29919,-15.137684106826782,-11.009793758392334,0.21428571428571427
39924,0,0,29918,-15.137684106826782,-11.009793758392334,0.21428571428571427
39925,0,0,29917,-15.137684106826782,-11.009793758392334,0.21428571428571427
39926,0,0,29916,-15.137684106826782,-11.009793758392334,0.21428571428571427
39927,0,0,29915,-15.137684106826782,-11.009793758392334,0.21428571428571427
39928,0,0,29914,-15.137684106826782,-11.009793758392334,0.21428571428571427
39929,0,0,29913,-15.137684106826782,-11.009793758392334,0.21428571428571427
39930,0,0,29912,-15.137684106826782,-11.009793758392334,0.21428571428571427
39931,0,0,29911,-15.137684106826782,-11.009793758392334,0.21428571428571427
39932,0,0,29980,-15.137684106826782,-11.009793758392334,0.21428571428571427
39933,0,0,29981,-15.137684106826782,-11.009793758392334,0.21428571428571427
39934,0,0,29982,-15.137684106826782,-11.009793758392334,0.21428571428571427
39935,0,0,29983,-15.137684106826782,-11.009793758392334,0.21428571428571427
39936,0,0,30052,-15.137684106826782,-11.009793758392334,0.21428571428571427
39937,0,0,30051,-15.137684106826782,-11.009793758392334,0.21428571428571427
39938,0,0,30050,-15.137684106826782,-11.009793758392334,0.21428571428571427
39939,0,0,30049,-15.137684106826782,-11.009793758392334,0.21428571428571427
39940,0,0,30048,-15.137684106826782,-11.009793758392334,0.21428571428571427
39941,0,0,30047,-15.137684106826782,-11.009793758392334,0.21428571428571427
39942,0,0,30046,-15.137684106826782,-11.009793758392334,0.21428571428571427
39943,0,0,30045,-15.137684106826782,-11.009793758392334,0.21428571428571427
39944,0,0,30044,-15.137684106826782,-11.009793758392334,0.21428571428571427
39945,0,0,30042,-15.137684106826782,-11.009793758392334,0.21428571428571427
39946,0,0,30032,-15.137684106826782,-11.009793758392334,0.21428571428571427
39947,0,0,30041,-15.137684106826782,-11.009793758392334,0.21428571428571427
39948,0,0,30040,-15.137684106826782,-11.009793758392334,0.21428571428571427
39949,0,0,30039,-15.137684106826782,-11.009793758392334,0.21428571428571427
39950,0,0,30038,-15.137684106826782,-11.009793758392334,0.21428571428571427
39951,0,0,30037,-15.137684106826782,-11.009793758392334,0.21428571428571427
39952,0,0,30036,-15.137684106826782,-11.009793758392334,0.21428571428571427
39953,0,0,30035,-15.137684106826782,-11.009793758392334,0.21428571428571427
39954,0,0,30034,-15.137684106826782,-11.009793758392334,0.21428571428571427
39955,0,0,30033,-15.137684106826782,-11.009793758392334,0.21428571428571427
39956,0,0,30053,-15.137684106826782,-11.009793758392334,0.21428571428571427
39957,0,0,30043,-15.137684106826782,-11.009793758392334,0.21428571428571427
39958,0,0,30054,-15.137684106826782,-11.009793758392334,0.21428571428571427
39959,0,0,30067,-15.137684106826782,-11.009793758392334,0.21428571428571427
39960,0,0,30076,-15.137684106826782,-11.009793758392334,0.21428571428571427
39961,0,0,30075,-15.137684106826782,-11.009793758392334,0.21428571428571427
39962,0,0,30074,-15.137684106826782,-11.009793758392334,0.21428571428571427
39963,0,0,30073,-15.137684106826782,-11.009793758392334,0.21428571428571427
39964,0,0,30072,-15.137684106826782,-11.009793758392334,0.21428571428571427
39965,0,0,30071,-15.137684106826782,-11.009793758392334,0.21428571428571427
39966,0,0,30070,-15.137684106826782,-11.009793758392334,0.21428571428571427
39967,0,0,30069,-15.137684106826782,-11.009793758392334,0.21428571428571427
39968,0,0,30068,-15.137684106826782,-11.009793758392334,0.21428571428571427
39969,0,0,30066,-15.137684106826782,-11.009793758392334,0.21428571428571427
39970,0,0,30056,-15.137684106826782,-11.009793758392334,0.21428571428571427
39971,0,0,30065,-15.137684106826782,-11.009793758392334,0.21428571428571427
39972,0,0,30064,-15.137684106826782,-11.009793758392334,0.21428571428571427
39973,0,0,30063,-15.137684106826782,-11.009793758392334,0.21428571428571427
39974,0,0,30062,-15.137684106826782,-11.009793758392334,0.21428571428571427
39975,0,0,30061,-15.137684106826782,-11.009793758392334,0.21428571428571427
39976,0,0,30060,-15.137684106826782,-11.009793758392334,0.21428571428571427
39977,0,0,30059,-15.137684106826782,-11.009793758392334,0.21428571428571427
39978,0,0,30058,-15.137684106826782,-11.009793758392334,0.21428571428571427
39979,0,0,30057,-15.137684106826782,-11.009793758392334,0.21428571428571427
39980,0,0,30055,-15.137684106826782,-11.009793758392334,0.21428571428571427
39981,0,0,30031,-15.137684106826782,-11.009793758392334,0.21428571428571427
39982,0,0,30030,-15.137684106826782,-11.009793758392334,0.21428571428571427
39983,0,0,30029,-15.137684106826782,-11.009793758392334,0.21428571428571427
39984,0,0,30004,-15.137684106826782,-11.009793758392334,0.21428571428571427
39985,0,0,30003,-15.137684106826782,-11.009793758392334,0.21428571428571427
39986,0,0,30002,-15.137684106826782,-11.009793758392334,0.21428571428571427
39987,0,0,30001,-15.137684106826782,-11.009793758392334,0.21428571428571427
39988,0,0,30000,-15.137684106826782,-11.009793758392334,0.21428571428571427
39989,0,0,29999,-15.137684106826782,-11.009793758392334,0.21428571428571427
39990,0,0,29998,-15.137684106826782,-11.009793758392334,0.21428571428571427
39991,0,0,29997,-15.137684106826782,-11.009793758392334,0.21428571428571427
39992,0,0,29996,-15.137684106826782,-11.009793758392334,0.21428571428571427
39993,0,0,29995,-15.137684106826782,-11.009793758392334,0.21428571428571427
39994,0,0,29994,-15.137684106826782,-11.009793758392334,0.21428571428571427
39995,0,0,29993,-15.137684106826782,-11.009793758392334,0.21428571428571427
39996,0,0,29992,-15.137684106826782,-11.009793758392334,0.21428571428571427
39997,0,0,29991,-15.137684106826782,-11.009793758392334,0.21428571428571427
39998,0,0,29990,-15.137684106826782,-11.009793758392334,0.21428571428571427
39999,0,0,29989,-15.137684106826782,-11.009793758392334,0.21428571428571427
40000,0,0,29988,-15.137684106826782,-11.009793758392334,0.21428571428571427
40001,0,0,29987,-15.137684106826782,-11.009793758392334,0.21428571428571427
40002,0,0,29986,-15.137684106826782,-11.009793758392334,0.21428571428571427
40003,0,0,29985,-15.137684106826782,-11.009793758392334,0.21428571428571427
40004,0,0,29984,-15.137684106826782,-11.009793758392334,0.21428571428571427
40005,0,0,30005,-15.137684106826782,-11.009793758392334,0.21428571428571427
40006,0,0,30006,-15.137684106826782,-11.009793758392334,0.21428571428571427
40007,0,0,30007,-15.137684106826782,-11.009793758392334,0.21428571428571427
40008,0,0,30019,-15.137684106826782,-11.009793758392334,0.21428571428571427
40009,0,0,30028,-15.137684106826782,-11.009793758392334,0.21428571428571427
40010,0,0,30027,-15.137684106826782,-11.009793758392334,0.21428571428571427
40011,0,0,30026,-15.137684106826782,-11.009793758392334,0.21428571428571427
40012,0,0,30025,-15.137684106826782,-11.009793758392334,0.21428571428571427
40013,0,0,30024,-15.137684106826782,-11.009793758392334,0.21428571428571427
40014,0,0,30023,-15.137684106826782,-11.009793758392334,0.21428571428571427
40015,0,0,30022,-15.137684106826782,-11.009793758392334,0.21428571428571427
40016,0,0,30021,-15.137684106826782,-11.009793758392334,0.21428571428571427
40017,0,0,30020,-15.137684106826782,-11.009793758392334,0.21428571428571427
40018,0,0,30018,-15.137684106826782,-11.009793758392334,0.21428571428571427
40019,0,0,30008,-15.137684106826782,-11.009793758392334,0.21428571428571427
40020,0,0,30017,-15.137684106826782,-11.009793758392334,0.21428571428571427
40021,0,0,30016,-15.137684106826782,-11.009793758392334,0.21428571428571427
40022,0,0,30015,-15.137684106826782,-11.009793758392334,0.21428571428571427
40023,0,0,30014,-15.137684106826782,-11.009793758392334,0.21428571428571427
40024,0,0,30013,-15.137684106826782,-11.009793758392334,0.21428571428571427
40025,0,0,30012,-15.137684106826782,-11.009793758392334,0.21428571428571427
40026,0,0,30011,-15.137684106826782,-11.009793758392334,0.21428571428571427
40027,0,0,30010,-15.137684106826782,-11.009793758392334,0.21428571428571427
40028,0,0,30009,-15.137684106826782,-11.009793758392334,0.21428571428571427
40029,0,0,29933,-15.137684106826782,-11.009793758392334,0.21428571428571427
40030,0,0,29884,-15.137684106826782,-11.009793758392334,0.21428571428571427
40031,0,0,29883,-15.137684106826782,-11.009793758392334,0.21428571428571427
40032,0,0,29882,-15.137684106826782,-11.009793758392334,0.21428571428571427
40033,0,0,29759,-15.137684106826782,-11.009793758392334,0.21428571428571427
40034,0,0,29758,-15.137684106826782,-11.009793758392334,0.21428571428571427
40035,0,0,29757,-15.137684106826782,-11.009793758392334,0.21428571428571427
40036,0,0,29756,-15.137684106826782,-11.009793758392334,0.21428571428571427
40037,0,0,29755,-15.137684106826782,-11.009793758392334,0.21428571428571427
40038,0,0,29754,-15.137684106826782,-11.009793758392334,0.21428571428571427
40039,0,0,29753,-15.137684106826782,-11.009793758392334,0.21428571428571427
40040,0,0,29752,-15.137684106826782,-11.009793758392334,0.21428571428571427
40041,0,0,29751,-15.137684106826782,-11.009793758392334,0.21428571428571427
40042,0,0,29750,-15.137684106826782,-11.009793758392334,0.21428571428571427
40043,0,0,29749,-15.137684106826782,-11.009793758392334,0.21428571428571427
40044,0,0,29748,-15.137684106826782,-11.009793758392334,0.21428571428571427
40045,0,0,29747,-15.137684106826782,-11.009793758392334,0.21428571428571427
40046,0,0,29746,-15.137684106826782,-11.009793758392334,0.21428571428571427
40047,0,0,29745,-15.137684106826782,-11.009793758392334,0.21428571428571427
40048,0,0,29744,-15.137684106826782,-11.009793758392334,0.21428571428571427
40049,0,0,29743,-15.137684106826782,-11.009793758392334,0.21428571428571427
40050,0,0,29742,-15.137684106826782,-11.009793758392334,0.21428571428571427
40051,0,0,29741,-15.137684106826782,-11.009793758392334,0.21428571428571427
40052,0,0,29740,-15.137684106826782,-11.009793758392334,0.21428571428571427
40053,0,0,29739,-15.137684106826782,-11.009793758392334,0.21428571428571427
40054,0,0,29760,-15.137684106826782,-11.009793758392334,0.21428571428571427
40055,0,0,29761,-15.137684106826782,-11.009793758392334,0.21428571428571427
40056,0,0,29762,-15.137684106826782,-11.009793758392334,0.21428571428571427
40057,0,0,29774,-15.137684106826782,-11.009793758392334,0.21428571428571427
40058,0,0,29783,-15.137684106826782,-11.009793758392334,0.21428571428571427
40059,0,0,29782,-15.137684106826782,-11.009793758392334,0.21428571428571427
40060,0,0,29781,-15.137684106826782,-11.009793758392334,0.21428571428571427
40061,0,0,29780,-15.137684106826782,-11.009793758392334,0.21428571428571427
40062,0,0,29779,-15.137684106826782,-11.009793758392334,0.21428571428571427
40063,0,0,29778,-15.137684106826782,-11.009793758392334,0.21428571428571427
40064,0,0,29777,-15.137684106826782,-11.009793758392334,0.21428571428571427
40065,0,0,29776,-15.137684106826782,-11.009793758392334,0.21428571428571427
40066,0,0,29775,-15.137684106826782,-11.009793758392334,0.21428571428571427
40067,0,0,29773,-15.137684106826782,-11.009793758392334,0.21428571428571427
40068,0,0,29763,-15.137684106826782,-11.009793758392334,0.21428571428571427
40069,0,0,29772,-15.137684106826782,-11.009793758392334,0.21428571428571427
40070,0,0,29771,-15.137684106826782,-11.009793758392334,0.21428571428571427
40071,0,0,29770,-15.137684106826782,-11.009793758392334,0.21428571428571427
40072,0,0,29769,-15.137684106826782,-11.009793758392334,0.21428571428571427
40073,0,0,29768,-15.137684106826782,-11.009793758392334,0.21428571428571427
40074,0,0,29767,-15.137684106826782,-11.009793758392334,0.21428571428571427
40075,0,0,29766,-15.137684106826782,-11.009793758392334,0.21428571428571427
40076,0,0,29765,-15.137684106826782,-11.009793758392334,0.21428571428571427
40077,0,0,29764,-15.137684106826782,-11.009793758392334,0.21428571428571427
40078,0,0,29738,-15.137684106826782,-11.009793758392334,0.21428571428571427
40079,0,0,29736,-15.137684106826782,-11.009793758392334,0.21428571428571427
40080,0,0,29689,-15.137684106826782,-11.009793758392334,0.21428571428571427
40081,0,0,29735,-15.137684106826782,-11.009793758392334,0.21428571428571427
40082,0,0,29710,-15.137684106826782,-11.009793758392334,0.21428571428571427
40083,0,0,29709,-15.137684106826782,-11.009793758392334,0.21428571428571427
40084,0,0,29708,-15.137684106826782,-11.009793758392334,0.21428571428571427
40085,0,0,29707,-15.137684106826782,-11.009793758392334,0.21428571428571427
40086,0,0,29706,-15.137684106826782,-11.009793758392334,0.21428571428571427
40087,0,0,29705,-15.137684106826782,-11.009793758392334,0.21428571428571427
40088,0,0,29704,-15.137684106826782,-11.009793758392334,0.21428571428571427
40089,0,0,29703,-15.137684106826782,-11.009793758392334,0.21428571428571427
40090,0,0,29702,-15.137684106826782,-11.009793758392334,0.21428571428571427
40091,0,0,29701,-15.137684106826782,-11.009793758392334,0.21428571428571427
40092,0,0,29700,-15.137684106826782,-11.009793758392334,0.21428571428571427
40093,0,0,29699,-15.137684106826782,-11.009793758392334,0.21428571428571427
40094,0,0,29698,-15.137684106826782,-11.009793758392334,0.21428571428571427
40095,0,0,29697,-15.137684106826782,-11.009793758392334,0.21428571428571427
40096,0,0,29696,-15.137684106826782,-11.009793758392334,0.21428571428571427
40097,0,0,29695,-15.137684106826782,-11.009793758392334,0.21428571428571427
40098,0,0,29694,-15.137684106826782,-11.009793758392334,0.21428571428571427
40099,0,0,29693,-15.137684106826782,-11.009793758392334,0.21428571428571427
40100,0,0,29692,-15.137684106826782,-11.009793758392334,0.21428571428571427
40101,0,0,29691,-15.137684106826782,-11.009793758392334,0.21428571428571427
40102,0,0,29690,-15.137684106826782,-11.009793758392334,0.21428571428571427
40103,0,0,29711,-15.137684106826782,-11.009793758392334,0.21428571428571427
40104,0,0,29712,-15.137684106826782,-11.009793758392334,0.21428571428571427
40105,0,0,29713,-15.137684106826782,-11.009793758392334,0.21428571428571427
40106,0,0,29725,-15.137684106826782,-11.009793758392334,0.21428571428571427
40107,0,0,29734,-15.137684106826782,-11.009793758392334,0.21428571428571427
40108,0,0,29733,-15.137684106826782,-11.009793758392334,0.21428571428571427
40109,0,0,29732,-15.137684106826782,-11.009793758392334,0.21428571428571427
40110,0,0,29731,-15.137684106826782,-11.009793758392334,0.21428571428571427
40111,0,0,29730,-15.137684106826782,-11.009793758392334,0.21428571428571427
40112,0,0,29729,-15.137684106826782,-11.009793758392334,0.21428571428571427
40113,0,0,29728,-15.137684106826782,-11.009793758392334,0.21428571428571427
40114,0,0,29727,-15.137684106826782,-11.009793758392334,0.21428571428571427
40115,0,0,29726,-15.137684106826782,-11.009793758392334,0.21428571428571427
40116,0,0,29724,-15.137684106826782,-11.009793758392334,0.21428571428571427
40117,0,0,29714,-15.137684106826782,-11.009793758392334,0.21428571428571427
40118,0,0,29723,-15.137684106826782,-11.009793758392334,0.21428571428571427
40119,0,0,29722,-15.137684106826782,-11.009793758392334,0.21428571428571427
40120,0,0,29721,-15.137684106826782,-11.009793758392334,0.21428571428571427
40121,0,0,29720,-15.137684106826782,-11.009793758392334,0.21428571428571427
40122,0,0,29719,-15.137684106826782,-11.009793758392334,0.21428571428571427
40123,0,0,29718,-15.137684106826782,-11.009793758392334,0.21428571428571427
40124,0,0,29717,-15.137684106826782,-11.009793758392334,0.21428571428571427
40125,0,0,29716,-15.137684106826782,-11.009793758392334,0.21428571428571427
40126,0,0,29715,-15.137684106826782,-11.009793758392334,0.21428571428571427
40127,0,0,29784,-15.137684106826782,-11.009793758392334,0.21428571428571427
40128,0,0,29737,-15.137684106826782,-11.009793758392334,0.21428571428571427
40129,0,0,29785,-15.137684106826782,-11.009793758392334,0.21428571428571427
40130,0,0,29835,-15.137684106826782,-11.009793758392334,0.21428571428571427
40131,0,0,29857,-15.137684106826782,-11.009793758392334,0.21428571428571427
40132,0,0,29856,-15.137684106826782,-11.009793758392334,0.21428571428571427
40133,0,0,29855,-15.137684106826782,-11.009793758392334,0.21428571428571427
40134,0,0,29854,-15.137684106826782,-11.009793758392334,0.21428571428571427
40135,0,0,29853,-15.137684106826782,-11.009793758392334,0.21428571428571427
40136,0,0,29852,-15.137684106826782,-11.009793758392334,0.21428571428571427
40137,0,0,29851,-15.137684106826782,-11.009793758392334,0.21428571428571427
40138,0,0,29850,-15.137684106826782,-11.009793758392334,0.21428571428571427
40139,0,0,29849,-15.137684106826782,-11.009793758392334,0.21428571428571427
40140,1,0,29848,-15.137684106826782,-11.009793758392334,0.21428571428571427
40141,0,0,29847,-15.137684106826782,-11.009793758392334,0.21428571428571427
40142,0,0,29846,-15.137684106826782,-11.009793758392334,0.21428571428571427
40143,0,0,29845,-15.137684106826782,-11.009793758392334,0.21428571428571427
40144,0,0,29844,-15.137684106826782,-11.009793758392334,0.21428571428571427
40145,0,0,29843,-15.137684106826782,-11.009793758392334,0.21428571428571427
40146,0,0,29842,-15.137684106826782,-11.009793758392334,0.21428571428571427
40147,0,0,29841,-15.137684106826782,-11.009793758392334,0.21428571428571427
40148,0,0,29840,-15.137684106826782,-11.009793758392334,0.21428571428571427
40149,0,0,29839,-15.137684106826782,-11.009793758392334,0.21428571428571427
40150,0,0,29838,-15.137684106826782,-11.009793758392334,0.21428571428571427
40151,0,0,29837,-15.137684106826782,-11.009793758392334,0.21428571428571427
40152,0,0,29858,-15.137684106826782,-11.009793758392334,0.21428571428571427
40153,0,0,29859,-15.137684106826782,-11.009793758392334,0.21428571428571427
40154,0,0,29860,-15.137684106826782,-11.009793758392334,0.21428571428571427
40155,0,0,29872,-15.137684106826782,-11.009793758392334,0.21428571428571427
40156,0,0,29881,-15.137684106826782,-11.009793758392334,0.21428571428571427
40157,0,0,29880,-15.137684106826782,-11.009793758392334,0.21428571428571427
40158,0,0,29879,-15.137684106826782,-11.009793758392334,0.21428571428571427
40159,0,0,29878,-15.137684106826782,-11.009793758392334,0.21428571428571427
40160,0,0,29877,-15.137684106826782,-11.009793758392334,0.21428571428571427
40161,0,0,29876,-15.137684106826782,-11.009793758392334,0.21428571428571427
40162,0,0,29875,-15.137684106826782,-11.009793758392334,0.21428571428571427
40163,0,0,29874,-15.137684106826782,-11.009793758392334,0.21428571428571427
40164,0,0,29873,-15.137684106826782,-11.009793758392334,0.21428571428571427
40165,0,0,29871,-15.137684106826782,-11.009793758392334,0.21428571428571427
40166,0,0,29861,-15.137684106826782,-11.009793758392334,0.21428571428571427
40167,0,0,29870,-15.137684106826782,-11.009793758392334,0.21428571428571427
40168,0,0,29869,-15.137684106826782,-11.009793758392334,0.21428571428571427
40169,0,0,29868,-15.137684106826782,-11.009793758392334,0.21428571428571427
40170,0,0,29867,-15.137684106826782,-11.009793758392334,0.21428571428571427
40171,0,0,29866,-15.137684106826782,-11.009793758392334,0.21428571428571427
40172,0,0,29865,-15.137684106826782,-11.009793758392334,0.21428571428571427
40173,0,0,29864,-15.137684106826782,-11.009793758392334,0.21428571428571427
40174,0,0,29863,-15.137684106826782,-11.009793758392334,0.21428571428571427
40175,0,0,29862,-15.137684106826782,-11.009793758392334,0.21428571428571427
40176,0,0,29836,-15.137684106826782,-11.009793758392334,0.21428571428571427
40177,0,0,29834,-15.137684106826782,-11.009793758392334,0.21428571428571427
40178,0,0,29787,-15.137684106826782,-11.009793758392334,0.21428571428571427
40179,0,0,29833,-15.137684106826782,-11.009793758392334,0.21428571428571427
40180,0,0,29808,-15.137684106826782,-11.009793758392334,0.21428571428571427
40181,0,0,29807,-15.137684106826782,-11.009793758392334,0.21428571428571427
40182,0,0,29806,-15.137684106826782,-11.009793758392334,0.21428571428571427
40183,0,0,29805,-15.137684106826782,-11.009793758392334,0.21428571428571427
40184,0,0,29804,-15.137684106826782,-11.009793758392334,0.21428571428571427
40185,0,0,29803,-15.137684106826782,-11.009793758392334,0.21428571428571427
40186,0,0,29802,-15.137684106826782,-11.009793758392334,0.21428571428571427
40187,0,0,29801,-15.137684106826782,-11.009793758392334,0.21428571428571427
40188,0,0,29800,-15.137684106826782,-11.009793758392334,0.21428571428571427
40189,0,0,29799,-15.137684106826782,-11.009793758392334,0.21428571428571427
40190,0,0,29798,-15.137684106826782,-11.009793758392334,0.21428571428571427
40191,0,0,29797,-15.137684106826782,-11.009793758392334,0.21428571428571427
40192,0,0,29796,-15.137684106826782,-11.009793758392334,0.21428571428571427
40193,0,0,29795,-15.137684106826782,-11.009793758392334,0.21428571428571427
40194,0,0,29794,-15.137684106826782,-11.009793758392334,0.21428571428571427
40195,0,0,29793,-15.137684106826782,-11.009793758392334,0.21428571428571427
40196,0,0,29792,-15.137684106826782,-11.009793758392334,0.21428571428571427
40197,0,0,29791,-15.137684106826782,-11.009793758392334,0.21428571428571427
40198,0,0,29790,-15.137684106826782,-11.009793758392334,0.21428571428571427
40199,0,0,29789,-15.137684106826782,-11.009793758392334,0.21428571428571427
40200,0,0,29788,-15.137684106826782,-11.009793758392334,0.21428571428571427
40201,0,0,29809,-15.137684106826782,-11.009793758392334,0.21428571428571427
40202,0,0,29810,-15.137684106826782,-11.009793758392334,0.21428571428571427
40203,0,0,29811,-15.137684106826782,-11.009793758392334,0.21428571428571427
40204,0,0,29823,-15.137684106826782,-11.009793758392334,0.21428571428571427
40205,0,0,29832,-15.137684106826782,-11.009793758392334,0.21428571428571427
40206,0,0,29831,-15.137684106826782,-11.009793758392334,0.21428571428571427
40207,0,0,29830,-15.137684106826782,-11.009793758392334,0.21428571428571427
40208,0,0,29829,-15.137684106826782,-11.009793758392334,0.21428571428571427
40209,0,0,29828,-15.137684106826782,-11.009793758392334,0.21428571428571427
40210,0,0,29827,-15.137684106826782,-11.009793758392334,0.21428571428571427
40211,0,0,29826,-15.137684106826782,-11.009793758392334,0.21428571428571427
40212,0,0,29825,-15.137684106826782,-11.009793758392334,0.21428571428571427
40213,0,0,29824,-15.137684106826782,-11.009793758392334,0.21428571428571427
40214,0,0,29822,-15.137684106826782,-11.009793758392334,0.21428571428571427
40215,0,0,29812,-15.137684106826782,-11.009793758392334,0.21428571428571427
40216,0,0,29821,-15.137684106826782,-11.009793758392334,0.21428571428571427
40217,0,0,29820,-15.137684106826782,-11.009793758392334,0.21428571428571427
40218,0,0,29819,-15.137684106826782,-11.009793758392334,0.21428571428571427
40219,0,0,29818,-15.137684106826782,-11.009793758392334,0.21428571428571427
40220,0,0,29817,-15.137684106826782,-11.009793758392334,0.21428571428571427
40221,0,0,29816,-15.137684106826782,-11.009793758392334,0.21428571428571427
40222,0,0,29815,-15.137684106826782,-11.009793758392334,0.21428571428571427
40223,0,0,29814,-15.137684106826782,-11.009793758392334,0.21428571428571427
40224,0,0,29813,-15.137684106826782,-11.009793758392334,0.21428571428571427
40225,0,0,30077,-15.137684106826782,-11.009793758392334,0.21428571428571427
40226,0,0,30078,-15.137684106826782,-11.009793758392334,0.21428571428571427
40227,0,0,30079,-15.137684106826782,-11.009793758392334,0.21428571428571427
40228,0,0,30274,-15.137684106826782,-11.009793758392334,0.21428571428571427
40229,0,0,30345,-15.137684106826782,-11.009793758392334,0.21428571428571427
40230,0,0,30344,-15.137684106826782,-11.009793758392334,0.21428571428571427
40231,0,0,30343,-15.137684106826782,-11.009793758392334,0.21428571428571427
40232,0,0,30342,-15.137684106826782,-11.009793758392334,0.21428571428571427
40233,0,0,30341,-15.137684106826782,-11.009793758392334,0.21428571428571427
40234,0,0,30340,-15.137684106826782,-11.009793758392334,0.21428571428571427
40235,0,0,30339,-15.137684106826782,-11.009793758392334,0.21428571428571427
40236,0,0,30338,-15.137684106826782,-11.009793758392334,0.21428571428571427
40237,0,0,30337,-15.137684106826782,-11.009793758392334,0.21428571428571427
40238,0,0,30336,-15.137684106826782,-11.009793758392334,0.21428571428571427
40239,0,0,30335,-15.137684106826782,-11.009793758392334,0.21428571428571427
40240,0,0,30334,-15.137684106826782,-11.009793758392334,0.21428571428571427
40241,0,0,30333,-15.137684106826782,-11.009793758392334,0.21428571428571427
40242,0,0,30332,-15.137684106826782,-11.009793758392334,0.21428571428571427
40243,0,0,30331,-15.137684106826782,-11.009793758392334,0.21428571428571427
40244,0,0,30330,-15.137684106826782,-11.009793758392334,0.21428571428571427
40245,0,0,30329,-15.137684106826782,-11.009793758392334,0.21428571428571427
40246,0,0,30328,-15.137684106826782,-11.009793758392334,0.21428571428571427
40247,0,0,30327,-15.137684106826782,-11.009793758392334,0.21428571428571427
40248,0,0,30326,-15.137684106826782,-11.009793758392334,0.21428571428571427
40249,0,0,30325,-15.137684106826782,-11.009793758392334,0.21428571428571427
40250,0,0,30346,-15.137684106826782,-11.009793758392334,0.21428571428571427
40251,0,0,30347,-15.137684106826782,-11.009793758392334,0.21428571428571427
40252,0,0,30348,-15.137684106826782,-11.009793758392334,0.21428571428571427
40253,0,0,30360,-15.137684106826782,-11.009793758392334,0.21428571428571427
40254,0,0,30369,-15.137684106826782,-11.009793758392334,0.21428571428571427
40255,0,0,30368,-15.137684106826782,-11.009793758392334,0.21428571428571427
40256,0,0,30367,-15.137684106826782,-11.009793758392334,0.21428571428571427
40257,0,0,30366,-15.137684106826782,-11.009793758392334,0.21428571428571427
40258,0,0,30365,-15.137684106826782,-11.009793758392334,0.21428571428571427
40259,0,0,30364,-15.137684106826782,-11.009793758392334,0.21428571428571427
40260,0,0,30363,-15.137684106826782,-11.009793758392334,0.21428571428571427
40261,0,0,30362,-15.137684106826782,-11.009793758392334,0.21428571428571427
40262,0,0,30361,-15.137684106826782,-11.009793758392334,0.21428571428571427
40263,0,0,30359,-15.137684106826782,-11.009793758392334,0.21428571428571427
40264,0,0,30349,-15.137684106826782,-11.009793758392334,0.21428571428571427
40265,0,0,30358,-15.137684106826782,-11.009793758392334,0.21428571428571427
40266,0,0,30357,-15.137684106826782,-11.009793758392334,0.21428571428571427
40267,0,0,30356,-15.137684106826782,-11.009793758392334,0.21428571428571427
40268,0,0,30355,-15.137684106826782,-11.009793758392334,0.21428571428571427
40269,0,0,30354,-15.137684106826782,-11.009793758392334,0.21428571428571427
40270,0,0,30353,-15.137684106826782,-11.009793758392334,0.21428571428571427
40271,0,0,30352,-15.137684106826782,-11.009793758392334,0.21428571428571427
40272,0,0,30351,-15.137684106826782,-11.009793758392334,0.21428571428571427
40273,0,0,30350,-15.137684106826782,-11.009793758392334,0.21428571428571427
40274,0,0,30324,-15.137684106826782,-11.009793758392334,0.21428571428571427
40275,0,0,30322,-15.137684106826782,-11.009793758392334,0.21428571428571427
40276,0,0,30275,-15.137684106826782,-11.009793758392334,0.21428571428571427
40277,0,0,30321,-15.137684106826782,-11.009793758392334,0.21428571428571427
40278,0,0,30296,-15.137684106826782,-11.009793758392334,0.21428571428571427
40279,0,0,30295,-15.137684106826782,-11.009793758392334,0.21428571428571427
40280,0,0,30294,-15.137684106826782,-11.009793758392334,0.21428571428571427
40281,0,0,30293,-15.137684106826782,-11.009793758392334,0.21428571428571427
40282,0,0,30292,-15.137684106826782,-11.009793758392334,0.21428571428571427
40283,0,0,30291,-15.137684106826782,-11.009793758392334,0.21428571428571427
40284,0,0,30290,-15.137684106826782,-11.009793758392334,0.21428571428571427
40285,0,0,30289,-15.137684106826782,-11.009793758392334,0.21428571428571427
40286,0,0,30288,-15.137684106826782,-11.009793758392334,0.21428571428571427
40287,0,0,30287,-15.137684106826782,-11.009793758392334,0.21428571428571427
40288,0,0,30286,-15.137684106826782,-11.009793758392334,0.21428571428571427
40289,0,0,30285,-15.137684106826782,-11.009793758392334,0.21428571428571427
40290,0,0,30284,-15.137684106826782,-11.009793758392334,0.21428571428571427
40291,0,0,30283,-15.137684106826782,-11.009793758392334,0.21428571428571427
40292,0,0,30282,-15.137684106826782,-11.009793758392334,0.21428571428571427
40293,0,0,30281,-15.137684106826782,-11.009793758392334,0.21428571428571427
40294,0,0,30280,-15.137684106826782,-11.009793758392334,0.21428571428571427
40295,0,0,30279,-15.137684106826782,-11.009793758392334,0.21428571428571427
40296,0,0,30278,-15.137684106826782,-11.009793758392334,0.21428571428571427
40297,0,0,30277,-15.137684106826782,-11.009793758392334,0.21428571428571427
40298,0,0,30276,-15.137684106826782,-11.009793758392334,0.21428571428571427
40299,0,0,30297,-15.137684106826782,-11.009793758392334,0.21428571428571427
40300,0,0,30298,-15.137684106826782,-11.009793758392334,0.21428571428571427
40301,0,0,30299,-15.137684106826782,-11.009793758392334,0.21428571428571427
40302,0,0,30311,-15.137684106826782,-11.009793758392334,0.21428571428571427
40303,0,0,30320,-15.137684106826782,-11.009793758392334,0.21428571428571427
40304,0,0,30319,-15.137684106826782,-11.009793758392334,0.21428571428571427
40305,0,0,30318,-15.137684106826782,-11.009793758392334,0.21428571428571427
40306,0,0,30317,-15.137684106826782,-11.009793758392334,0.21428571428571427
40307,1,0,30316,-15.137684106826782,-11.009793758392334,0.21428571428571427
40308,0,0,30315,-15.137684106826782,-11.009793758392334,0.21428571428571427
40309,0,0,30314,-15.137684106826782,-11.009793758392334,0.21428571428571427
40310,0,0,30313,-15.137684106826782,-11.009793758392334,0.21428571428571427
40311,0,0,30312,-15.137684106826782,-11.009793758392334,0.21428571428571427
40312,0,0,30310,-15.137684106826782,-11.009793758392334,0.21428571428571427
40313,0,0,30300,-15.137684106826782,-11.009793758392334,0.21428571428571427
40314,0,0,30309,-15.137684106826782,-11.009793758392334,0.21428571428571427
40315,0,0,30308,-15.137684106826782,-11.009793758392334,0.21428571428571427
40316,0,0,30307,-15.137684106826782,-11.009793758392334,0.21428571428571427
40317,0,0,30306,-15.137684106826782,-11.009793758392334,0.21428571428571427
40318,0,0,30305,-15.137684106826782,-11.009793758392334,0.21428571428571427
40319,0,0,30304,-15.137684106826782,-11.009793758392334,0.21428571428571427
40320,0,0,30303,-15.137684106826782,-11.009793758392334,0.21428571428571427
40321,0,0,30302,-15.137684106826782,-11.009793758392334,0.21428571428571427
40322,0,0,30301,-15.137684106826782,-11.009793758392334,0.21428571428571427
40323,0,0,30370,-15.137684106826782,-11.009793758392334,0.21428571428571427
40324,0,0,30371,-15.137684106826782,-11.009793758392334,0.21428571428571427
40325,0,0,30372,-15.137684106826782,-11.009793758392334,0.21428571428571427
40326,0,0,30373,-15.137684106826782,-11.009793758392334,0.21428571428571427
40327,0,0,30442,-15.137684106826782,-11.009793758392334,0.21428571428571427
40328,0,0,30441,-15.137684106826782,-11.009793758392334,0.21428571428571427
40329,0,0,30440,-15.137684106826782,-11.009793758392334,0.21428571428571427
40330,0,0,30439,-15.137684106826782,-11.009793758392334,0.21428571428571427
40331,0,0,30438,-15.137684106826782,-11.009793758392334,0.21428571428571427
40332,0,0,30437,-15.137684106826782,-11.009793758392334,0.21428571428571427
40333,0,0,30436,-15.137684106826782,-11.009793758392334,0.21428571428571427
40334,0,0,30435,-15.137684106826782,-11.009793758392334,0.21428571428571427
40335,0,0,30434,-15.137684106826782,-11.009793758392334,0.21428571428571427
40336,0,0,30432,-15.137684106826782,-11.009793758392334,0.21428571428571427
40337,0,0,30422,-15.137684106826782,-11.009793758392334,0.21428571428571427
40338,0,0,30431,-15.137684106826782,-11.009793758392334,0.21428571428571427
40339,0,0,30430,-15.137684106826782,-11.009793758392334,0.21428571428571427
40340,0,0,30429,-15.137684106826782,-11.009793758392334,0.21428571428571427
40341,0,0,30428,-15.137684106826782,-11.009793758392334,0.21428571428571427
40342,0,0,30427,-15.137684106826782,-11.009793758392334,0.21428571428571427
40343,0,0,30426,-15.137684106826782,-11.009793758392334,0.21428571428571427
40344,0,0,30425,-15.137684106826782,-11.009793758392334,0.21428571428571427
40345,0,0,30424,-15.137684106826782,-11.009793758392334,0.21428571428571427
40346,0,0,30423,-15.137684106826782,-11.009793758392334,0.21428571428571427
40347,0,0,30443,-15.137684106826782,-11.009793758392334,0.21428571428571427
40348,0,0,30433,-15.137684106826782,-11.009793758392334,0.21428571428571427
40349,0,0,30444,-15.137684106826782,-11.009793758392334,0.21428571428571427
40350,0,0,30457,-15.137684106826782,-11.009793758392334,0.21428571428571427
40351,0,0,30466,-15.137684106826782,-11.009793758392334,0.21428571428571427
40352,0,0,30465,-15.137684106826782,-11.009793758392334,0.21428571428571427
40353,0,0,30464,-15.137684106826782,-11.009793758392334,0.21428571428571427
40354,0,0,30463,-15.137684106826782,-11.009793758392334,0.21428571428571427
40355,0,0,30462,-15.137684106826782,-11.009793758392334,0.21428571428571427
40356,0,0,30461,-15.137684106826782,-11.009793758392334,0.21428571428571427
40357,0,0,30460,-15.137684106826782,-11.009793758392334,0.21428571428571427
40358,0,0,30459,-15.137684106826782,-11.009793758392334,0.21428571428571427
40359,0,0,30458,-15.137684106826782,-11.009793758392334,0.21428571428571427
40360,0,0,30456,-15.137684106826782,-11.009793758392334,0.21428571428571427
40361,0,0,30446,-15.137684106826782,-11.009793758392334,0.21428571428571427
40362,0,0,30455,-15.137684106826782,-11.009793758392334,0.21428571428571427
40363,0,0,30454,-15.137684106826782,-11.009793758392334,0.21428571428571427
40364,0,0,30453,-15.137684106826782,-11.009793758392334,0.21428571428571427
40365,0,0,30452,-15.137684106826782,-11.009793758392334,0.21428571428571427
40366,0,0,30451,-15.137684106826782,-11.009793758392334,0.21428571428571427
40367,0,0,30450,-15.137684106826782,-11.009793758392334,0.21428571428571427
40368,0,0,30449,-15.137684106826782,-11.009793758392334,0.21428571428571427
40369,0,0,30448,-15.137684106826782,-11.009793758392334,0.21428571428571427
40370,0,0,30447,-15.137684106826782,-11.009793758392334,0.21428571428571427
40371,0,0,30445,-15.137684106826782,-11.009793758392334,0.21428571428571427
40372,0,0,30421,-15.137684106826782,-11.009793758392334,0.21428571428571427
40373,0,0,30420,-15.137684106826782,-11.009793758392334,0.21428571428571427
40374,0,0,30419,-15.137684106826782,-11.009793758392334,0.21428571428571427
40375,0,0,30394,-15.137684106826782,-11.009793758392334,0.21428571428571427
40376,0,0,30393,-15.137684106826782,-11.009793758392334,0.21428571428571427
40377,0,0,30392,-15.137684106826782,-11.009793758392334,0.21428571428571427
40378,0,0,30391,-15.137684106826782,-11.009793758392334,0.21428571428571427
40379,0,0,30390,-15.137684106826782,-11.009793758392334,0.21428571428571427
40380,0,0,30389,-15.137684106826782,-11.009793758392334,0.21428571428571427
40381,0,0,30388,-15.137684106826782,-11.009793758392334,0.21428571428571427
40382,0,0,30387,-15.137684106826782,-11.009793758392334,0.21428571428571427
40383,0,0,30386,-15.137684106826782,-11.009793758392334,0.21428571428571427
40384,0,0,30385,-15.137684106826782,-11.009793758392334,0.21428571428571427
40385,0,0,30384,-15.137684106826782,-11.009793758392334,0.21428571428571427
40386,0,0,30383,-15.137684106826782,-11.009793758392334,0.21428571428571427
40387,0,0,30382,-15.137684106826782,-11.009793758392334,0.21428571428571427
40388,0,0,30381,-15.137684106826782,-11.009793758392334,0.21428571428571427
40389,0,0,30380,-15.137684106826782,-11.009793758392334,0.21428571428571427
40390,0,0,30379,-15.137684106826782,-11.009793758392334,0.21428571428571427
40391,0,0,30378,-15.137684106826782,-11.009793758392334,0.21428571428571427
40392,0,0,30377,-15.137684106826782,-11.009793758392334,0.21428571428571427
40393,0,0,30376,-15.137684106826782,-11.009793758392334,0.21428571428571427
40394,0,0,30375,-15.137684106826782,-11.009793758392334,0.21428571428571427
40395,0,0,30374,-15.137684106826782,-11.009793758392334,0.21428571428571427
40396,0,0,30395,-15.137684106826782,-11.009793758392334,0.21428571428571427
40397,0,0,30396,-15.137684106826782,-11.009793758392334,0.21428571428571427
40398,0,0,30397,-15.137684106826782,-11.009793758392334,0.21428571428571427
40399,0,0,30409,-15.137684106826782,-11.009793758392334,0.21428571428571427
40400,0,0,30418,-15.137684106826782,-11.009793758392334,0.21428571428571427
40401,0,0,30417,-15.137684106826782,-11.009793758392334,0.21428571428571427
40402,0,0,30416,-15.137684106826782,-11.009793758392334,0.21428571428571427
40403,0,0,30415,-15.137684106826782,-11.009793758392334,0.21428571428571427
40404,0,0,30414,-15.137684106826782,-11.009793758392334,0.21428571428571427
40405,0,0,30413,-15.137684106826782,-11.009793758392334,0.21428571428571427
40406,0,0,30412,-15.137684106826782,-11.009793758392334,0.21428571428571427
40407,0,0,30411,-15.137684106826782,-11.009793758392334,0.21428571428571427
40408,0,0,30410,-15.137684106826782,-11.009793758392334,0.21428571428571427
40409,0,0,30408,-15.137684106826782,-11.009793758392334,0.21428571428571427
40410,0,0,30398,-15.137684106826782,-11.009793758392334,0.21428571428571427
40411,0,0,30407,-15.137684106826782,-11.009793758392334,0.21428571428571427
40412,0,0,30406,-15.137684106826782,-11.009793758392334,0.21428571428571427
40413,0,0,30405,-15.137684106826782,-11.009793758392334,0.21428571428571427
40414,0,0,30404,-15.137684106826782,-11.009793758392334,0.21428571428571427
40415,0,0,30403,-15.137684106826782,-11.009793758392334,0.21428571428571427
40416,0,0,30402,-15.137684106826782,-11.009793758392334,0.21428571428571427
40417,0,0,30401,-15.137684106826782,-11.009793758392334,0.21428571428571427
40418,0,0,30400,-15.137684106826782,-11.009793758392334,0.21428571428571427
40419,0,0,30399,-15.137684106826782,-11.009793758392334,0.21428571428571427
40420,0,0,30323,-15.137684106826782,-11.009793758392334,0.21428571428571427
40421,0,0,30273,-15.137684106826782,-11.009793758392334,0.21428571428571427
40422,0,0,30128,-15.137684106826782,-11.009793758392334,0.21428571428571427
40423,0,0,30272,-15.137684106826782,-11.009793758392334,0.21428571428571427
40424,0,0,30150,-15.137684106826782,-11.009793758392334,0.21428571428571427
40425,0,0,30149,-15.137684106826782,-11.009793758392334,0.21428571428571427
40426,0,0,30148,-15.137684106826782,-11.009793758392334,0.21428571428571427
40427,0,0,30147,-15.137684106826782,-11.009793758392334,0.21428571428571427
40428,0,0,30146,-15.137684106826782,-11.009793758392334,0.21428571428571427
40429,0,0,30145,-15.137684106826782,-11.009793758392334,0.21428571428571427
40430,0,0,30144,-15.137684106826782,-11.009793758392334,0.21428571428571427
40431,0,0,30143,-15.137684106826782,-11.009793758392334,0.21428571428571427
40432,0,0,30142,-15.137684106826782,-11.009793758392334,0.21428571428571427
40433,0,0,30141,-15.137684106826782,-11.009793758392334,0.21428571428571427
40434,0,0,30140,-15.137684106826782,-11.009793758392334,0.21428571428571427
40435,0,0,30139,-15.137684106826782,-11.009793758392334,0.21428571428571427
40436,0,0,30138,-15.137684106826782,-11.009793758392334,0.21428571428571427
40437,0,0,30137,-15.137684106826782,-11.009793758392334,0.21428571428571427
40438,0,0,30136,-15.137684106826782,-11.009793758392334,0.21428571428571427
40439,0,0,30135,-15.137684106826782,-11.009793758392334,0.21428571428571427
40440,0,0,30134,-15.137684106826782,-11.009793758392334,0.21428571428571427
40441,0,0,30133,-15.137684106826782,-11.009793758392334,0.21428571428571427
40442,0,0,30132,-15.137684106826782,-11.009793758392334,0.21428571428571427
40443,0,0,30131,-15.137684106826782,-11.009793758392334,0.21428571428571427
40444,0,0,30130,-15.137684106826782,-11.009793758392334,0.21428571428571427
40445,0,0,30151,-15.137684106826782,-11.009793758392334,0.21428571428571427
40446,0,0,30152,-15.137684106826782,-11.009793758392334,0.21428571428571427
40447,0,0,30153,-15.137684106826782,-11.009793758392334,0.21428571428571427
40448,0,0,30165,-15.137684106826782,-11.009793758392334,0.21428571428571427
40449,0,0,30174,-15.137684106826782,-11.009793758392334,0.21428571428571427
40450,0,0,30173,-15.137684106826782,-11.009793758392334,0.21428571428571427
40451,0,0,30172,-15.137684106826782,-11.009793758392334,0.21428571428571427
40452,0,0,30171,-15.137684106826782,-11.009793758392334,0.21428571428571427
40453,0,0,30170,-15.137684106826782,-11.009793758392334,0.21428571428571427
40454,0,0,30169,-15.137684106826782,-11.009793758392334,0.21428571428571427
40455,0,0,30168,-15.137684106826782,-11.009793758392334,0.21428571428571427
40456,0,0,30167,-15.137684106826782,-11.009793758392334,0.21428571428571427
40457,0,0,30166,-15.137684106826782,-11.009793758392334,0.21428571428571427
40458,0,0,30164,-15.137684106826782,-11.009793758392334,0.21428571428571427
40459,0,0,30154,-15.137684106826782,-11.009793758392334,0.21428571428571427
40460,0,0,30163,-15.137684106826782,-11.009793758392334,0.21428571428571427
40461,0,0,30162,-15.137684106826782,-11.009793758392334,0.21428571428571427
40462,0,0,30161,-15.137684106826782,-11.009793758392334,0.21428571428571427
40463,0,0,30160,-15.137684106826782,-11.009793758392334,0.21428571428571427
40464,0,0,30159,-15.137684106826782,-11.009793758392334,0.21428571428571427
40465,0,0,30158,-15.137684106826782,-11.009793758392334,0.21428571428571427
40466,0,0,30157,-15.137684106826782,-11.009793758392334,0.21428571428571427
40467,0,0,30156,-15.137684106826782,-11.009793758392334,0.21428571428571427
40468,0,0,30155,-15.137684106826782,-11.009793758392334,0.21428571428571427
40469,0,0,30129,-15.137684106826782,-11.009793758392334,0.21428571428571427
40470,0,0,30127,-15.137684106826782,-11.009793758392334,0.21428571428571427
40471,0,0,30080,-15.137684106826782,-11.009793758392334,0.21428571428571427
40472,0,0,30126,-15.137684106826782,-11.009793758392334,0.21428571428571427
40473,0,0,30101,-15.137684106826782,-11.009793758392334,0.21428571428571427
40474,0,0,30100,-15.137684106826782,-11.009793758392334,0.21428571428571427
40475,0,0,30099,-15.137684106826782,-11.009793758392334,0.21428571428571427
40476,0,0,30098,-15.137684106826782,-11.009793758392334,0.21428571428571427
40477,0,0,30097,-15.137684106826782,-11.009793758392334,0.21428571428571427
40478,0,0,30096,-15.137684106826782,-11.009793758392334,0.21428571428571427
40479,0,0,30095,-15.137684106826782,-11.009793758392334,0.21428571428571427
40480,0,0,30094,-15.137684106826782,-11.009793758392334,0.21428571428571427
40481,0,0,30093,-15.137684106826782,-11.009793758392334,0.21428571428571427
40482,0,0,30092,-15.137684106826782,-11.009793758392334,0.21428571428571427
40483,0,0,30091,-15.137684106826782,-11.009793758392334,0.21428571428571427
40484,0,0,30090,-15.137684106826782,-11.009793758392334,0.21428571428571427
40485,0,0,30089,-15.137684106826782,-11.009793758392334,0.21428571428571427
40486,0,0,30088,-15.137684106826782,-11.009793758392334,0.21428571428571427
40487,0,0,30087,-15.137684106826782,-11.009793758392334,0.21428571428571427
40488,0,0,30086,-15.137684106826782,-11.009793758392334,0.21428571428571427
40489,0,0,30085,-15.137684106826782,-11.009793758392334,0.21428571428571427
40490,0,0,30084,-15.137684106826782,-11.009793758392334,0.21428571428571427
40491,0,0,30083,-15.137684106826782,-11.009793758392334,0.21428571428571427
40492,0,0,30082,-15.137684106826782,-11.009793758392334,0.21428571428571427
40493,0,0,30081,-15.137684106826782,-11.009793758392334,0.21428571428571427
40494,0,0,30102,-15.137684106826782,-11.009793758392334,0.21428571428571427
40495,0,0,30103,-15.137684106826782,-11.009793758392334,0.21428571428571427
40496,0,0,30104,-15.137684106826782,-11.009793758392334,0.21428571428571427
40497,0,0,30116,-15.137684106826782,-11.009793758392334,0.21428571428571427
40498,0,0,30125,-15.137684106826782,-11.009793758392334,0.21428571428571427
40499,0,0,30124,-15.137684106826782,-11.009793758392334,0.21428571428571427
40500,0,0,30123,-15.137684106826782,-11.009793758392334,0.21428571428571427
40501,0,0,30122,-15.137684106826782,-11.009793758392334,0.21428571428571427
40502,0,0,30121,-15.137684106826782,-11.009793758392334,0.21428571428571427
40503,0,0,30120,-15.137684106826782,-11.009793758392334,0.21428571428571427
40504,0,0,30119,-15.137684106826782,-11.009793758392334,0.21428571428571427
40505,0,0,30118,-15.137684106826782,-11.009793758392334,0.21428571428571427
40506,0,0,30117,-15.137684106826782,-11.009793758392334,0.21428571428571427
40507,0,0,30115,-15.137684106826782,-11.009793758392334,0.21428571428571427
40508,0,0,30105,-15.137684106826782,-11.009793758392334,0.21428571428571427
40509,0,0,30114,-15.137684106826782,-11.009793758392334,0.21428571428571427
40510,0,0,30113,-15.137684106826782,-11.009793758392334,0.21428571428571427
40511,1,0,30112,-15.137684106826782,-11.009793758392334,0.21428571428571427
40512,0,0,30111,-15.137684106826782,-11.009793758392334,0.21428571428571427
40513,0,0,30110,-15.137684106826782,-11.009793758392334,0.21428571428571427
40514,0,0,30109,-15.137684106826782,-11.009793758392334,0.21428571428571427
40515,0,0,30108,-15.137684106826782,-11.009793758392334,0.21428571428571427
40516,0,0,30107,-15.137684106826782,-11.009793758392334,0.21428571428571427
40517,0,0,30106,-15.137684106826782,-11.009793758392334,0.21428571428571427
40518,0,0,30175,-15.137684106826782,-11.009793758392334,0.21428571428571427
40519,0,0,30176,-15.137684106826782,-11.009793758392334,0.21428571428571427
40520,0,0,30177,-15.137684106826782,-11.009793758392334,0.21428571428571427
40521,0,0,30178,-15.137684106826782,-11.009793758392334,0.21428571428571427
40522,0,0,30247,-15.137684106826782,-11.009793758392334,0.21428571428571427
40523,0,0,30246,-15.137684106826782,-11.009793758392334,0.21428571428571427
40524,0,0,30245,-15.137684106826782,-11.009793758392334,0.21428571428571427
40525,0,0,30244,-15.137684106826782,-11.009793758392334,0.21428571428571427
40526,0,0,30243,-15.137684106826782,-11.009793758392334,0.21428571428571427
40527,0,0,30242,-15.137684106826782,-11.009793758392334,0.21428571428571427
40528,0,0,30241,-15.137684106826782,-11.009793758392334,0.21428571428571427
40529,0,0,30240,-15.137684106826782,-11.009793758392334,0.21428571428571427
40530,0,0,30239,-15.137684106826782,-11.009793758392334,0.21428571428571427
40531,0,0,30237,-15.137684106826782,-11.009793758392334,0.21428571428571427
40532,0,0,30227,-15.137684106826782,-11.009793758392334,0.21428571428571427
40533,0,0,30236,-15.137684106826782,-11.009793758392334,0.21428571428571427
40534,0,0,30235,-15.137684106826782,-11.009793758392334,0.21428571428571427
40535,0,0,30234,-15.137684106826782,-11.009793758392334,0.21428571428571427
40536,0,0,30233,-15.137684106826782,-11.009793758392334,0.21428571428571427
40537,0,0,30232,-15.137684106826782,-11.009793758392334,0.21428571428571427
40538,0,0,30231,-15.137684106826782,-11.009793758392334,0.21428571428571427
40539,0,0,30230,-15.137684106826782,-11.009793758392334,0.21428571428571427
40540,0,0,30229,-15.137684106826782,-11.009793758392334,0.21428571428571427
40541,0,0,30228,-15.137684106826782,-11.009793758392334,0.21428571428571427
40542,0,0,30248,-15.137684106826782,-11.009793758392334,0.21428571428571427
40543,0,0,30238,-15.137684106826782,-11.009793758392334,0.21428571428571427
40544,0,0,30249,-15.137684106826782,-11.009793758392334,0.21428571428571427
40545,0,0,30262,-15.137684106826782,-11.009793758392334,0.21428571428571427
40546,0,0,30271,-15.137684106826782,-11.009793758392334,0.21428571428571427
40547,0,0,30270,-15.137684106826782,-11.009793758392334,0.21428571428571427
40548,0,0,30269,-15.137684106826782,-11.009793758392334,0.21428571428571427
40549,0,0,30268,-15.137684106826782,-11.009793758392334,0.21428571428571427
40550,0,0,30267,-15.137684106826782,-11.009793758392334,0.21428571428571427
40551,0,0,30266,-15.137684106826782,-11.009793758392334,0.21428571428571427
40552,0,0,30265,-15.137684106826782,-11.009793758392334,0.21428571428571427
40553,0,0,30264,-15.137684106826782,-11.009793758392334,0.21428571428571427
40554,0,0,30263,-15.137684106826782,-11.009793758392334,0.21428571428571427
40555,0,0,30261,-15.137684106826782,-11.009793758392334,0.21428571428571427
40556,0,0,30251,-15.137684106826782,-11.009793758392334,0.21428571428571427
40557,0,0,30260,-15.137684106826782,-11.009793758392334,0.21428571428571427
40558,0,0,30259,-15.137684106826782,-11.009793758392334,0.21428571428571427
40559,0,0,30258,-15.137684106826782,-11.009793758392334,0.21428571428571427
40560,0,0,30257,-15.137684106826782,-11.009793758392334,0.21428571428571427
40561,0,0,30256,-15.137684106826782,-11.009793758392334,0.21428571428571427
40562,0,0,30255,-15.137684106826782,-11.009793758392334,0.21428571428571427
40563,0,0,30254,-15.137684106826782,-11.009793758392334,0.21428571428571427
40564,0,0,30253,-15.137684106826782,-11.009793758392334,0.21428571428571427
40565,0,0,30252,-15.137684106826782,-11.009793758392334,0.21428571428571427
40566,0,0,30250,-15.137684106826782,-11.009793758392334,0.21428571428571427
40567,0,0,30226,-15.137684106826782,-11.009793758392334,0.21428571428571427
40568,0,0,30225,-15.137684106826782,-11.009793758392334,0.21428571428571427
40569,0,0,30224,-15.137684106826782,-11.009793758392334,0.21428571428571427
40570,0,0,30199,-15.137684106826782,-11.009793758392334,0.21428571428571427
40571,0,0,30198,-15.137684106826782,-11.009793758392334,0.21428571428571427
40572,0,0,30197,-15.137684106826782,-11.009793758392334,0.21428571428571427
40573,0,0,30196,-15.137684106826782,-11.009793758392334,0.21428571428571427
40574,0,0,30195,-15.137684106826782,-11.009793758392334,0.21428571428571427
40575,0,0,30194,-15.137684106826782,-11.009793758392334,0.21428571428571427
40576,0,0,30193,-15.137684106826782,-11.009793758392334,0.21428571428571427
40577,0,0,30192,-15.137684106826782,-11.009793758392334,0.21428571428571427
40578,0,0,30191,-15.137684106826782,-11.009793758392334,0.21428571428571427
40579,0,0,30190,-15.137684106826782,-11.009793758392334,0.21428571428571427
40580,0,0,30189,-15.137684106826782,-11.009793758392334,0.21428571428571427
40581,0,0,30188,-15.137684106826782,-11.009793758392334,0.21428571428571427
40582,0,0,30187,-15.137684106826782,-11.009793758392334,0.21428571428571427
40583,0,0,30186,-15.137684106826782,-11.009793758392334,0.21428571428571427
40584,0,0,30185,-15.137684106826782,-11.009793758392334,0.21428571428571427
40585,0,0,30184,-15.137684106826782,-11.009793758392334,0.21428571428571427
40586,0,0,30183,-15.137684106826782,-11.009793758392334,0.21428571428571427
40587,0,0,30182,-15.137684106826782,-11.009793758392334,0.21428571428571427
40588,0,0,30181,-15.137684106826782,-11.009793758392334,0.21428571428571427
40589,0,0,30180,-15.137684106826782,-11.009793758392334,0.21428571428571427
40590,0,0,30179,-15.137684106826782,-11.009793758392334,0.21428571428571427
40591,0,0,30200,-15.137684106826782,-11.009793758392334,0.21428571428571427
40592,0,0,30201,-15.137684106826782,-11.009793758392334,0.21428571428571427
40593,0,0,30202,-15.137684106826782,-11.009793758392334,0.21428571428571427
40594,0,0,30214,-15.137684106826782,-11.009793758392334,0.21428571428571427
40595,0,0,30223,-15.137684106826782,-11.009793758392334,0.21428571428571427
40596,0,0,30222,-15.137684106826782,-11.009793758392334,0.21428571428571427
40597,0,0,30221,-15.137684106826782,-11.009793758392334,0.21428571428571427
40598,0,0,30220,-15.137684106826782,-11.009793758392334,0.21428571428571427
40599,0,0,30219,-15.137684106826782,-11.009793758392334,0.21428571428571427
40600,0,0,30218,-15.137684106826782,-11.009793758392334,0.21428571428571427
40601,0,0,30217,-15.137684106826782,-11.009793758392334,0.21428571428571427
40602,0,0,30216,-15.137684106826782,-11.009793758392334,0.21428571428571427
40603,0,0,30215,-15.137684106826782,-11.009793758392334,0.21428571428571427
40604,0,0,30213,-15.137684106826782,-11.009793758392334,0.21428571428571427
40605,0,0,30203,-15.137684106826782,-11.009793758392334,0.21428571428571427
40606,0,0,30212,-15.137684106826782,-11.009793758392334,0.21428571428571427
40607,0,0,30211,-15.137684106826782,-11.009793758392334,0.21428571428571427
40608,0,0,30210,-15.137684106826782,-11.009793758392334,0.21428571428571427
40609,0,0,30209,-15.137684106826782,-11.009793758392334,0.21428571428571427
40610,0,0,30208,-15.137684106826782,-11.009793758392334,0.21428571428571427
40611,0,0,30207,-15.137684106826782,-11.009793758392334,0.21428571428571427
40612,0,0,30206,-15.137684106826782,-11.009793758392334,0.21428571428571427
40613,0,0,30205,-15.137684106826782,-11.009793758392334,0.21428571428571427
40614,0,0,30204,-15.137684106826782,-11.009793758392334,0.21428571428571427
40615,0,0,29688,-15.137684106826782,-11.009793758392334,0.21428571428571427
40616,0,0,28126,-15.137684106826782,-11.009793758392334,0.21428571428571427
40617,0,0,28125,-15.137684106826782,-11.009793758392334,0.21428571428571427
40618,0,0,28124,-15.137684106826782,-11.009793758392334,0.21428571428571427
40619,0,0,26050,-15.137684106826782,-11.009793758392334,0.21428571428571427
40620,0,0,26049,-15.137684106826782,-11.009793758392334,0.21428571428571427
40621,0,0,26048,-15.137684106826782,-11.009793758392334,0.21428571428571427
40622,0,0,26047,-15.137684106826782,-11.009793758392334,0.21428571428571427
40623,0,0,26046,-15.137684106826782,-11.009793758392334,0.21428571428571427
40624,0,0,26045,-15.137684106826782,-11.009793758392334,0.21428571428571427
40625,0,0,26044,-15.137684106826782,-11.009793758392334,0.21428571428571427
40626,0,0,26043,-15.137684106826782,-11.009793758392334,0.21428571428571427
40627,0,0,26042,-15.137684106826782,-11.009793758392334,0.21428571428571427
40628,0,0,26041,-15.137684106826782,-11.009793758392334,0.21428571428571427
40629,0,0,26040,-15.137684106826782,-11.009793758392334,0.21428571428571427
40630,0,0,26039,-15.137684106826782,-11.009793758392334,0.21428571428571427
40631,0,0,26038,-15.137684106826782,-11.009793758392334,0.21428571428571427
40632,0,0,26037,-15.137684106826782,-11.009793758392334,0.21428571428571427
40633,0,0,26036,-15.137684106826782,-11.009793758392334,0.21428571428571427
40634,0,0,26035,-15.137684106826782,-11.009793758392334,0.21428571428571427
40635,0,0,26034,-15.137684106826782,-11.009793758392334,0.21428571428571427
40636,0,0,26033,-15.137684106826782,-11.009793758392334,0.21428571428571427
40637,0,0,26032,-15.137684106826782,-11.009793758392334,0.21428571428571427
40638,0,0,26031,-15.137684106826782,-11.009793758392334,0.21428571428571427
40639,0,0,26030,-15.137684106826782,-11.009793758392334,0.21428571428571427
40640,0,0,26051,-15.137684106826782,-11.009793758392334,0.21428571428571427
40641,0,0,26052,-15.137684106826782,-11.009793758392334,0.21428571428571427
40642,0,0,26053,-15.137684106826782,-11.009793758392334,0.21428571428571427
40643,0,0,26065,-15.137684106826782,-11.009793758392334,0.21428571428571427
40644,0,0,26074,-15.137684106826782,-11.009793758392334,0.21428571428571427
40645,0,0,26073,-15.137684106826782,-11.009793758392334,0.21428571428571427
40646,0,0,26072,-15.137684106826782,-11.009793758392334,0.21428571428571427
40647,0,0,26071,-15.137684106826782,-11.009793758392334,0.21428571428571427
40648,0,0,26070,-15.137684106826782,-11.009793758392334,0.21428571428571427
40649,0,0,26069,-15.137684106826782,-11.009793758392334,0.21428571428571427
40650,0,0,26068,-15.137684106826782,-11.009793758392334,0.21428571428571427
40651,0,0,26067,-15.137684106826782,-11.009793758392334,0.21428571428571427
40652,0,0,26066,-15.137684106826782,-11.009793758392334,0.21428571428571427
40653,0,0,26064,-15.137684106826782,-11.009793758392334,0.21428571428571427
40654,0,0,26054,-15.137684106826782,-11.009793758392334,0.21428571428571427
40655,0,0,26063,-15.137684106826782,-11.009793758392334,0.21428571428571427
40656,0,0,26062,-15.137684106826782,-11.009793758392334,0.21428571428571427
40657,0,0,26061,-15.137684106826782,-11.009793758392334,0.21428571428571427
40658,0,0,26060,-15.137684106826782,-11.009793758392334,0.21428571428571427
40659,0,0,26059,-15.137684106826782,-11.009793758392334,0.21428571428571427
40660,0,0,26058,-15.137684106826782,-11.009793758392334,0.21428571428571427
40661,0,0,26057,-15.137684106826782,-11.009793758392334,0.21428571428571427
40662,0,0,26056,-15.137684106826782,-11.009793758392334,0.21428571428571427
40663,0,0,26055,-15.137684106826782,-11.009793758392334,0.21428571428571427
40664,0,0,26029,-15.137684106826782,-11.009793758392334,0.21428571428571427
40665,0,0,26027,-15.137684106826782,-11.009793758392334,0.21428571428571427
40666,0,0,25980,-15.137684106826782,-11.009793758392334,0.21428571428571427
40667,0,0,26026,-15.137684106826782,-11.009793758392334,0.21428571428571427
40668,0,0,26001,-15.137684106826782,-11.009793758392334,0.21428571428571427
40669,0,0,26000,-15.137684106826782,-11.009793758392334,0.21428571428571427
40670,0,0,25999,-15.137684106826782,-11.009793758392334,0.21428571428571427
40671,0,0,25998,-15.137684106826782,-11.009793758392334,0.21428571428571427
40672,0,0,25997,-15.137684106826782,-11.009793758392334,0.21428571428571427
40673,0,0,25996,-15.137684106826782,-11.009793758392334,0.21428571428571427
40674,0,0,25995,-15.137684106826782,-11.009793758392334,0.21428571428571427
40675,0,0,25994,-15.137684106826782,-11.009793758392334,0.21428571428571427
40676,0,0,25993,-15.137684106826782,-11.009793758392334,0.21428571428571427
40677,0,0,25992,-15.137684106826782,-11.009793758392334,0.21428571428571427
40678,0,0,25991,-15.137684106826782,-11.009793758392334,0.21428571428571427
40679,0,0,25990,-15.137684106826782,-11.009793758392334,0.21428571428571427
40680,0,0,25989,-15.137684106826782,-11.009793758392334,0.21428571428571427
40681,0,0,25988,-15.137684106826782,-11.009793758392334,0.21428571428571427
40682,0,0,25987,-15.137684106826782,-11.009793758392334,0.21428571428571427
40683,0,0,25986,-15.137684106826782,-11.009793758392334,0.21428571428571427
40684,0,0,25985,-15.137684106826782,-11.009793758392334,0.21428571428571427
40685,0,0,25984,-15.137684106826782,-11.009793758392334,0.21428571428571427
40686,0,0,25983,-15.137684106826782,-11.009793758392334,0.21428571428571427
40687,0,0,25982,-15.137684106826782,-11.009793758392334,0.21428571428571427
40688,0,0,25981,-15.137684106826782,-11.009793758392334,0.21428571428571427
40689,0,0,26002,-15.137684106826782,-11.009793758392334,0.21428571428571427
40690,0,0,26003,-15.137684106826782,-11.009793758392334,0.21428571428571427
40691,0,0,26004,-15.137684106826782,-11.009793758392334,0.21428571428571427
40692,0,0,26016,-15.137684106826782,-11.009793758392334,0.21428571428571427
40693,0,0,26025,-15.137684106826782,-11.009793758392334,0.21428571428571427
40694,0,0,26024,-15.137684106826782,-11.009793758392334,0.21428571428571427
40695,0,0,26023,-15.137684106826782,-11.009793758392334,0.21428571428571427
40696,0,0,26022,-15.137684106826782,-11.009793758392334,0.21428571428571427
40697,0,0,26021,-15.137684106826782,-11.009793758392334,0.21428571428571427
40698,0,0,26020,-15.137684106826782,-11.009793758392334,0.21428571428571427
40699,0,0,26019,-15.137684106826782,-11.009793758392334,0.21428571428571427
40700,0,0,26018,-15.137684106826782,-11.009793758392334,0.21428571428571427
40701,0,0,26017,-15.137684106826782,-11.009793758392334,0.21428571428571427
40702,0,0,26015,-15.137684106826782,-11.009793758392334,0.21428571428571427
40703,0,0,26005,-15.137684106826782,-11.009793758392334,0.21428571428571427
40704,0,0,26014,-15.137684106826782,-11.009793758392334,0.21428571428571427
40705,0,0,26013,-15.137684106826782,-11.009793758392334,0.21428571428571427
40706,0,0,26012,-15.137684106826782,-11.009793758392334,0.21428571428571427
40707,0,0,26011,-15.137684106826782,-11.009793758392334,0.21428571428571427
40708,0,0,26010,-15.137684106826782,-11.009793758392334,0.21428571428571427
40709,0,0,26009,-15.137684106826782,-11.009793758392334,0.21428571428571427
40710,0,0,26008,-15.137684106826782,-11.009793758392334,0.21428571428571427
40711,0,0,26007,-15.137684106826782,-11.009793758392334,0.21428571428571427
40712,0,0,26006,-15.137684106826782,-11.009793758392334,0.21428571428571427
40713,0,0,26075,-15.137684106826782,-11.009793758392334,0.21428571428571427
40714,0,0,26076,-15.137684106826782,-11.009793758392334,0.21428571428571427
40715,1,0,26077,-15.137684106826782,-11.009793758392334,0.21428571428571427
40716,0,0,26078,-15.137684106826782,-11.009793758392334,0.21428571428571427
40717,0,0,26147,-15.137684106826782,-11.009793758392334,0.21428571428571427
40718,0,0,26146,-15.137684106826782,-11.009793758392334,0.21428571428571427
40719,0,0,26145,-15.137684106826782,-11.009793758392334,0.21428571428571427
40720,0,0,26144,-15.137684106826782,-11.009793758392334,0.21428571428571427
40721,0,0,26143,-15.137684106826782,-11.009793758392334,0.21428571428571427
40722,0,0,26142,-15.137684106826782,-11.009793758392334,0.21428571428571427
40723,0,0,26141,-15.137684106826782,-11.009793758392334,0.21428571428571427
40724,0,0,26140,-15.137684106826782,-11.009793758392334,0.21428571428571427
40725,0,0,26139,-15.137684106826782,-11.009793758392334,0.21428571428571427
40726,0,0,26137,-15.137684106826782,-11.009793758392334,0.21428571428571427
40727,0,0,26127,-15.137684106826782,-11.009793758392334,0.21428571428571427
40728,0,0,26136,-15.137684106826782,-11.009793758392334,0.21428571428571427
40729,0,0,26135,-15.137684106826782,-11.009793758392334,0.21428571428571427
40730,0,0,26134,-15.137684106826782,-11.009793758392334,0.21428571428571427
40731,0,0,26133,-15.137684106826782,-11.009793758392334,0.21428571428571427
40732,0,0,26132,-15.137684106826782,-11.009793758392334,0.21428571428571427
40733,0,0,26131,-15.137684106826782,-11.009793758392334,0.21428571428571427
40734,0,0,26130,-15.137684106826782,-11.009793758392334,0.21428571428571427
40735,0,0,26129,-15.137684106826782,-11.009793758392334,0.21428571428571427
40736,0,0,26128,-15.137684106826782,-11.009793758392334,0.21428571428571427
40737,0,0,26148,-15.137684106826782,-11.009793758392334,0.21428571428571427
40738,0,0,26138,-15.137684106826782,-11.009793758392334,0.21428571428571427
40739,0,0,26149,-15.137684106826782,-11.009793758392334,0.21428571428571427
40740,0,0,26162,-15.137684106826782,-11.009793758392334,0.21428571428571427
40741,0,0,26171,-15.137684106826782,-11.009793758392334,0.21428571428571427
40742,0,0,26170,-15.137684106826782,-11.009793758392334,0.21428571428571427
40743,0,0,26169,-15.137684106826782,-11.009793758392334,0.21428571428571427
40744,0,0,26168,-15.137684106826782,-11.009793758392334,0.21428571428571427
40745,0,0,26167,-15.137684106826782,-11.009793758392334,0.21428571428571427
40746,0,0,26166,-15.137684106826782,-11.009793758392334,0.21428571428571427
40747,0,0,26165,-15.137684106826782,-11.009793758392334,0.21428571428571427
40748,0,0,26164,-15.137684106826782,-11.009793758392334,0.21428571428571427
40749,0,0,26163,-15.137684106826782,-11.009793758392334,0.21428571428571427
40750,0,0,26161,-15.137684106826782,-11.009793758392334,0.21428571428571427
40751,0,0,26151,-15.137684106826782,-11.009793758392334,0.21428571428571427
40752,0,0,26160,-15.137684106826782,-11.009793758392334,0.21428571428571427
40753,0,0,26159,-15.137684106826782,-11.009793758392334,0.21428571428571427
40754,0,0,26158,-15.137684106826782,-11.009793758392334,0.21428571428571427
40755,0,0,26157,-15.137684106826782,-11.009793758392334,0.21428571428571427
40756,0,0,26156,-15.137684106826782,-11.009793758392334,0.21428571428571427
40757,0,0,26155,-15.137684106826782,-11.009793758392334,0.21428571428571427
40758,0,0,26154,-15.137684106826782,-11.009793758392334,0.21428571428571427
40759,0,0,26153,-15.137684106826782,-11.009793758392334,0.21428571428571427
40760,0,0,26152,-15.137684106826782,-11.009793758392334,0.21428571428571427
40761,0,0,26150,-15.137684106826782,-11.009793758392334,0.21428571428571427
40762,0,0,26126,-15.137684106826782,-11.009793758392334,0.21428571428571427
40763,0,0,26125,-15.137684106826782,-11.009793758392334,0.21428571428571427
40764,0,0,26124,-15.137684106826782,-11.009793758392334,0.21428571428571427
40765,0,0,26099,-15.137684106826782,-11.009793758392334,0.21428571428571427
40766,0,0,26098,-15.137684106826782,-11.009793758392334,0.21428571428571427
40767,0,0,26097,-15.137684106826782,-11.009793758392334,0.21428571428571427
40768,0,0,26096,-15.137684106826782,-11.009793758392334,0.21428571428571427
40769,0,0,26095,-15.137684106826782,-11.009793758392334,0.21428571428571427
40770,0,0,26094,-15.137684106826782,-11.009793758392334,0.21428571428571427
40771,0,0,26093,-15.137684106826782,-11.009793758392334,0.21428571428571427
40772,0,0,26092,-15.137684106826782,-11.009793758392334,0.21428571428571427
40773,0,0,26091,-15.137684106826782,-11.009793758392334,0.21428571428571427
40774,0,0,26090,-15.137684106826782,-11.009793758392334,0.21428571428571427
40775,0,0,26089,-15.137684106826782,-11.009793758392334,0.21428571428571427
40776,0,0,26088,-15.137684106826782,-11.009793758392334,0.21428571428571427
40777,0,0,26087,-15.137684106826782,-11.009793758392334,0.21428571428571427
40778,0,0,26086,-15.137684106826782,-11.009793758392334,0.21428571428571427
40779,0,0,26085,-15.137684106826782,-11.009793758392334,0.21428571428571427
40780,0,0,26084,-15.137684106826782,-11.009793758392334,0.21428571428571427
40781,0,0,26083,-15.137684106826782,-11.009793758392334,0.21428571428571427
40782,0,0,26082,-15.137684106826782,-11.009793758392334,0.21428571428571427
40783,0,0,26081,-15.137684106826782,-11.009793758392334,0.21428571428571427
40784,0,0,26080,-15.137684106826782,-11.009793758392334,0.21428571428571427
40785,0,0,26079,-15.137684106826782,-11.009793758392334,0.21428571428571427
40786,0,0,26100,-15.137684106826782,-11.009793758392334,0.21428571428571427
40787,0,0,26101,-15.137684106826782,-11.009793758392334,0.21428571428571427
40788,0,0,26102,-15.137684106826782,-11.009793758392334,0.21428571428571427
40789,0,0,26114,-15.137684106826782,-11.009793758392334,0.21428571428571427
40790,0,0,26123,-15.137684106826782,-11.009793758392334,0.21428571428571427
40791,0,0,26122,-15.137684106826782,-11.009793758392334,0.21428571428571427
40792,0,0,26121,-15.137684106826782,-11.009793758392334,0.21428571428571427
40793,0,0,26120,-15.137684106826782,-11.009793758392334,0.21428571428571427
40794,0,0,26119,-15.137684106826782,-11.009793758392334,0.21428571428571427
40795,0,0,26118,-15.137684106826782,-11.009793758392334,0.21428571428571427
40796,0,0,26117,-15.137684106826782,-11.009793758392334,0.21428571428571427
40797,0,0,26116,-15.137684106826782,-11.009793758392334,0.21428571428571427
40798,0,0,26115,-15.137684106826782,-11.009793758392334,0.21428571428571427
40799,0,0,26113,-15.137684106826782,-11.009793758392334,0.21428571428571427
40800,0,0,26103,-15.137684106826782,-11.009793758392334,0.21428571428571427
40801,0,0,26112,-15.137684106826782,-11.009793758392334,0.21428571428571427
40802,0,0,26111,-15.137684106826782,-11.009793758392334,0.21428571428571427
40803,0,0,26110,-15.137684106826782,-11.009793758392334,0.21428571428571427
40804,0,0,26109,-15.137684106826782,-11.009793758392334,0.21428571428571427
40805,0,0,26108,-15.137684106826782,-11.009793758392334,0.21428571428571427
40806,0,0,26107,-15.137684106826782,-11.009793758392334,0.21428571428571427
40807,0,0,26106,-15.137684106826782,-11.009793758392334,0.21428571428571427
40808,0,0,26105,-15.137684106826782,-11.009793758392334,0.21428571428571427
40809,0,0,26104,-15.137684106826782,-11.009793758392334,0.21428571428571427
40810,0,0,26028,-15.137684106826782,-11.009793758392334,0.21428571428571427
40811,0,0,25979,-15.137684106826782,-11.009793758392334,0.21428571428571427
40812,0,0,25978,-15.137684106826782,-11.009793758392334,0.21428571428571427
40813,0,0,25977,-15.137684106826782,-11.009793758392334,0.21428571428571427
40814,0,0,25854,-15.137684106826782,-11.009793758392334,0.21428571428571427
40815,0,0,25853,-15.137684106826782,-11.009793758392334,0.21428571428571427
40816,0,0,25852,-15.137684106826782,-11.009793758392334,0.21428571428571427
40817,0,0,25851,-15.137684106826782,-11.009793758392334,0.21428571428571427
40818,0,0,25850,-15.137684106826782,-11.009793758392334,0.21428571428571427
40819,0,0,25849,-15.137684106826782,-11.009793758392334,0.21428571428571427
40820,0,0,25848,-15.137684106826782,-11.009793758392334,0.21428571428571427
40821,0,0,25847,-15.137684106826782,-11.009793758392334,0.21428571428571427
40822,0,0,25846,-15.137684106826782,-11.009793758392334,0.21428571428571427
40823,0,0,25845,-15.137684106826782,-11.009793758392334,0.21428571428571427
40824,0,0,25844,-15.137684106826782,-11.009793758392334,0.21428571428571427
40825,0,0,25843,-15.137684106826782,-11.009793758392334,0.21428571428571427
40826,0,0,25842,-15.137684106826782,-11.009793758392334,0.21428571428571427
40827,0,0,25841,-15.137684106826782,-11.009793758392334,0.21428571428571427
40828,0,0,25840,-15.137684106826782,-11.009793758392334,0.21428571428571427
40829,0,0,25839,-15.137684106826782,-11.009793758392334,0.21428571428571427
40830,0,0,25838,-15.137684106826782,-11.009793758392334,0.21428571428571427
40831,0,0,25837,-15.137684106826782,-11.009793758392334,0.21428571428571427
40832,0,0,25836,-15.137684106826782,-11.009793758392334,0.21428571428571427
40833,0,0,25835,-15.137684106826782,-11.009793758392334,0.21428571428571427
40834,0,0,25834,-15.137684106826782,-11.009793758392334,0.21428571428571427
40835,0,0,25855,-15.137684106826782,-11.009793758392334,0.21428571428571427
40836,0,0,25856,-15.137684106826782,-11.009793758392334,0.21428571428571427
40837,0,0,25857,-15.137684106826782,-11.009793758392334,0.21428571428571427
40838,0,0,25869,-15.137684106826782,-11.009793758392334,0.21428571428571427
40839,0,0,25878,-15.137684106826782,-11.009793758392334,0.21428571428571427
40840,1,0,25877,-15.137684106826782,-11.009793758392334,0.21428571428571427
40841,0,0,25876,-15.137684106826782,-11.009793758392334,0.21428571428571427
40842,0,0,25875,-15.137684106826782,-11.009793758392334,0.21428571428571427
40843,0,0,25874,-15.137684106826782,-11.009793758392334,0.21428571428571427
40844,0,0,25873,-15.137684106826782,-11.009793758392334,0.21428571428571427
40845,0,0,25872,-15.137684106826782,-11.009793758392334,0.21428571428571427
40846,0,0,25871,-15.137684106826782,-11.009793758392334,0.21428571428571427
40847,0,0,25870,-15.137684106826782,-11.009793758392334,0.21428571428571427
40848,0,0,25868,-15.137684106826782,-11.009793758392334,0.21428571428571427
40849,0,0,25858,-15.137684106826782,-11.009793758392334,0.21428571428571427
40850,0,0,25867,-15.137684106826782,-11.009793758392334,0.21428571428571427
40851,0,0,25866,-15.137684106826782,-11.009793758392334,0.21428571428571427
40852,0,0,25865,-15.137684106826782,-11.009793758392334,0.21428571428571427
40853,0,0,25864,-15.137684106826782,-11.009793758392334,0.21428571428571427
40854,0,0,25863,-15.137684106826782,-11.009793758392334,0.21428571428571427
40855,0,0,25862,-15.137684106826782,-11.009793758392334,0.21428571428571427
40856,0,0,25861,-15.137684106826782,-11.009793758392334,0.21428571428571427
40857,0,0,25860,-15.137684106826782,-11.009793758392334,0.21428571428571427
40858,0,0,25859,-15.137684106826782,-11.009793758392334,0.21428571428571427
40859,0,0,25833,-15.137684106826782,-11.009793758392334,0.21428571428571427
40860,1,0,25831,-15.137684106826782,-11.009793758392334,0.21428571428571427
40861,0,0,25784,-15.137684106826782,-11.009793758392334,0.21428571428571427
40862,0,0,25830,-15.137684106826782,-11.009793758392334,0.21428571428571427
40863,0,0,25805,-15.137684106826782,-11.009793758392334,0.21428571428571427
40864,0,0,25804,-15.137684106826782,-11.009793758392334,0.21428571428571427
40865,0,0,25803,-15.137684106826782,-11.009793758392334,0.21428571428571427
40866,0,0,25802,-15.137684106826782,-11.009793758392334,0.21428571428571427
40867,0,0,25801,-15.137684106826782,-11.009793758392334,0.21428571428571427
40868,0,0,25800,-15.137684106826782,-11.009793758392334,0.21428571428571427
40869,0,0,25799,-15.137684106826782,-11.009793758392334,0.21428571428571427
40870,0,0,25798,-15.137684106826782,-11.009793758392334,0.21428571428571427
40871,0,0,25797,-15.137684106826782,-11.009793758392334,0.21428571428571427
40872,0,0,25796,-15.137684106826782,-11.009793758392334,0.21428571428571427
40873,0,0,25795,-15.137684106826782,-11.009793758392334,0.21428571428571427
40874,0,0,25794,-15.137684106826782,-11.009793758392334,0.21428571428571427
40875,0,0,25793,-15.137684106826782,-11.009793758392334,0.21428571428571427
40876,0,0,25792,-15.137684106826782,-11.009793758392334,0.21428571428571427
40877,0,0,25791,-15.137684106826782,-11.009793758392334,0.21428571428571427
40878,0,0,25790,-15.137684106826782,-11.009793758392334,0.21428571428571427
40879,0,0,25789,-15.137684106826782,-11.009793758392334,0.21428571428571427
40880,0,0,25788,-15.137684106826782,-11.009793758392334,0.21428571428571427
40881,0,0,25787,-15.137684106826782,-11.009793758392334,0.21428571428571427
40882,0,0,25786,-15.137684106826782,-11.009793758392334,0.21428571428571427
40883,0,0,25785,-15.137684106826782,-11.009793758392334,0.21428571428571427
40884,0,0,25806,-15.137684106826782,-11.009793758392334,0.21428571428571427
40885,0,0,25807,-15.137684106826782,-11.009793758392334,0.21428571428571427
40886,0,0,25808,-15.137684106826782,-11.009793758392334,0.21428571428571427
40887,0,0,25820,-15.137684106826782,-11.009793758392334,0.21428571428571427
40888,0,0,25829,-15.137684106826782,-11.009793758392334,0.21428571428571427
40889,0,0,25828,-15.137684106826782,-11.009793758392334,0.21428571428571427
40890,0,0,25827,-15.137684106826782,-11.009793758392334,0.21428571428571427
40891,0,0,25826,-15.137684106826782,-11.009793758392334,0.21428571428571427
40892,0,0,25825,-15.137684106826782,-11.009793758392334,0.21428571428571427
40893,0,0,25824,-15.137684106826782,-11.009793758392334,0.21428571428571427
40894,0,0,25823,-15.137684106826782,-11.009793758392334,0.21428571428571427
40895,0,0,25822,-15.137684106826782,-11.009793758392334,0.21428571428571427
40896,0,0,25821,-15.137684106826782,-11.009793758392334,0.21428571428571427
40897,0,0,25819,-15.137684106826782,-11.009793758392334,0.21428571428571427
40898,0,0,25809,-15.137684106826782,-11.009793758392334,0.21428571428571427
40899,0,0,25818,-15.137684106826782,-11.009793758392334,0.21428571428571427
40900,0,0,25817,-15.137684106826782,-11.009793758392334,0.21428571428571427
40901,0,0,25816,-15.137684106826782,-11.009793758392334,0.21428571428571427
40902,0,0,25815,-15.137684106826782,-11.009793758392334,0.21428571428571427
40903,0,0,25814,-15.137684106826782,-11.009793758392334,0.21428571428571427
40904,0,0,25813,-15.137684106826782,-11.009793758392334,0.21428571428571427
40905,0,0,25812,-15.137684106826782,-11.009793758392334,0.21428571428571427
40906,0,0,25811,-15.137684106826782,-11.009793758392334,0.21428571428571427
40907,0,0,25810,-15.137684106826782,-11.009793758392334,0.21428571428571427
40908,0,0,25879,-15.137684106826782,-11.009793758392334,0.21428571428571427
40909,0,0,25832,-15.137684106826782,-11.009793758392334,0.21428571428571427
40910,0,0,25880,-15.137684106826782,-11.009793758392334,0.21428571428571427
40911,0,0,25930,-15.137684106826782,-11.009793758392334,0.21428571428571427
40912,0,0,25952,-15.137684106826782,-11.009793758392334,0.21428571428571427
40913,0,0,25951,-15.137684106826782,-11.009793758392334,0.21428571428571427
40914,0,0,25950,-15.137684106826782,-11.009793758392334,0.21428571428571427
40915,0,0,25949,-15.137684106826782,-11.009793758392334,0.21428571428571427
40916,0,0,25948,-15.137684106826782,-11.009793758392334,0.21428571428571427
40917,0,0,25947,-15.137684106826782,-11.009793758392334,0.21428571428571427
40918,0,0,25946,-15.137684106826782,-11.009793758392334,0.21428571428571427
40919,0,0,25945,-15.137684106826782,-11.009793758392334,0.21428571428571427
40920,0,0,25944,-15.137684106826782,-11.009793758392334,0.21428571428571427
40921,0,0,25943,-15.137684106826782,-11.009793758392334,0.21428571428571427
40922,0,0,25942,-15.137684106826782,-11.009793758392334,0.21428571428571427
40923,0,0,25941,-15.137684106826782,-11.009793758392334,0.21428571428571427
40924,0,0,25940,-15.137684106826782,-11.009793758392334,0.21428571428571427
40925,0,0,25939,-15.137684106826782,-11.009793758392334,0.21428571428571427
40926,0,0,25938,-15.137684106826782,-11.009793758392334,0.21428571428571427
40927,0,0,25937,-15.137684106826782,-11.009793758392334,0.21428571428571427
40928,0,0,25936,-15.137684106826782,-11.009793758392334,0.21428571428571427
40929,0,0,25935,-15.137684106826782,-11.009793758392334,0.21428571428571427
40930,0,0,25934,-15.137684106826782,-11.009793758392334,0.21428571428571427
40931,0,0,25933,-15.137684106826782,-11.009793758392334,0.21428571428571427
40932,0,0,25932,-15.137684106826782,-11.009793758392334,0.21428571428571427
40933,0,0,25953,-15.137684106826782,-11.009793758392334,0.21428571428571427
40934,0,0,25954,-15.137684106826782,-11.009793758392334,0.21428571428571427
40935,0,0,25955,-15.137684106826782,-11.009793758392334,0.21428571428571427
40936,0,0,25967,-15.137684106826782,-11.009793758392334,0.21428571428571427
40937,0,0,25976,-15.137684106826782,-11.009793758392334,0.21428571428571427
40938,0,0,25975,-15.137684106826782,-11.009793758392334,0.21428571428571427
40939,0,0,25974,-15.137684106826782,-11.009793758392334,0.21428571428571427
40940,0,0,25973,-15.137684106826782,-11.009793758392334,0.21428571428571427
40941,0,0,25972,-15.137684106826782,-11.009793758392334,0.21428571428571427
40942,0,0,25971,-15.137684106826782,-11.009793758392334,0.21428571428571427
40943,0,0,25970,-15.137684106826782,-11.009793758392334,0.21428571428571427
40944,0,0,25969,-15.137684106826782,-11.009793758392334,0.21428571428571427
40945,0,0,25968,-15.137684106826782,-11.009793758392334,0.21428571428571427
40946,0,0,25966,-15.137684106826782,-11.009793758392334,0.21428571428571427
40947,0,0,25956,-15.137684106826782,-11.009793758392334,0.21428571428571427
40948,0,0,25965,-15.137684106826782,-11.009793758392334,0.21428571428571427
40949,0,0,25964,-15.137684106826782,-11.009793758392334,0.21428571428571427
40950,0,0,25963,-15.137684106826782,-11.009793758392334,0.21428571428571427
40951,0,0,25962,-15.137684106826782,-11.009793758392334,0.21428571428571427
40952,0,0,25961,-15.137684106826782,-11.009793758392334,0.21428571428571427
40953,0,0,25960,-15.137684106826782,-11.009793758392334,0.21428571428571427
40954,0,0,25959,-15.137684106826782,-11.009793758392334,0.21428571428571427
40955,0,0,25958,-15.137684106826782,-11.009793758392334,0.21428571428571427
40956,0,0,25957,-15.137684106826782,-11.009793758392334,0.21428571428571427
40957,0,0,25931,-15.137684106826782,-11.009793758392334,0.21428571428571427
40958,0,0,25929,-15.137684106826782,-11.009793758392334,0.21428571428571427
40959,0,0,25882,-15.137684106826782,-11.009793758392334,0.21428571428571427
40960,0,0,25928,-15.137684106826782,-11.009793758392334,0.21428571428571427
40961,0,0,25903,-15.137684106826782,-11.009793758392334,0.21428571428571427
40962,0,0,25902,-15.137684106826782,-11.009793758392334,0.21428571428571427
40963,0,0,25901,-15.137684106826782,-11.009793758392334,0.21428571428571427
40964,0,0,25900,-15.137684106826782,-11.009793758392334,0.21428571428571427
40965,0,0,25899,-15.137684106826782,-11.009793758392334,0.21428571428571427
40966,0,0,25898,-15.137684106826782,-11.009793758392334,0.21428571428571427
40967,0,0,25897,-15.137684106826782,-11.009793758392334,0.21428571428571427
40968,0,0,25896,-15.137684106826782,-11.009793758392334,0.21428571428571427
40969,0,0,25895,-15.137684106826782,-11.009793758392334,0.21428571428571427
40970,0,0,25894,-15.137684106826782,-11.009793758392334,0.21428571428571427
40971,0,0,25893,-15.137684106826782,-11.009793758392334,0.21428571428571427
40972,0,0,25892,-15.137684106826782,-11.009793758392334,0.21428571428571427
40973,0,0,25891,-15.137684106826782,-11.009793758392334,0.21428571428571427
40974,0,0,25890,-15.137684106826782,-11.009793758392334,0.21428571428571427
40975,0,0,25889,-15.137684106826782,-11.009793758392334,0.21428571428571427
40976,0,0,25888,-15.137684106826782,-11.009793758392334,0.21428571428571427
40977,0,0,25887,-15.137684106826782,-11.009793758392334,0.21428571428571427
40978,0,0,25886,-15.137684106826782,-11.009793758392334,0.21428571428571427
40979,0,0,25885,-15.137684106826782,-11.009793758392334,0.21428571428571427
40980,0,0,25884,-15.137684106826782,-11.009793758392334,0.21428571428571427
40981,0,0,25883,-15.137684106826782,-11.009793758392334,0.21428571428571427
40982,0,0,25904,-15.137684106826782,-11.009793758392334,0.21428571428571427
40983,0,0,25905,-15.137684106826782,-11.009793758392334,0.21428571428571427
40984,0,0,25906,-15.137684106826782,-11.009793758392334,0.21428571428571427
40985,0,0,25918,-15.137684106826782,-11.009793758392334,0.21428571428571427
40986,0,0,25927,-15.137684106826782,-11.009793758392334,0.21428571428571427
40987,0,0,25926,-15.137684106826782,-11.009793758392334,0.21428571428571427
40988,0,0,25925,-15.137684106826782,-11.009793758392334,0.21428571428571427
40989,0,0,25924,-15.137684106826782,-11.009793758392334,0.21428571428571427
40990,0,0,25923,-15.137684106826782,-11.009793758392334,0.21428571428571427
40991,0,0,25922,-15.137684106826782,-11.009793758392334,0.21428571428571427
40992,0,0,25921,-15.137684106826782,-11.009793758392334,0.21428571428571427
40993,0,0,25920,-15.137684106826782,-11.009793758392334,0.21428571428571427
40994,0,0,25919,-15.137684106826782,-11.009793758392334,0.21428571428571427
40995,0,0,25917,-15.137684106826782,-11.009793758392334,0.21428571428571427
40996,0,0,25907,-15.137684106826782,-11.009793758392334,0.21428571428571427
40997,0,0,25916,-15.137684106826782,-11.009793758392334,0.21428571428571427
40998,0,0,25915,-15.137684106826782,-11.009793758392334,0.21428571428571427
40999,0,0,25914,-15.137684106826782,-11.009793758392334,0.21428571428571427
41000,0,0,25913,-15.137684106826782,-11.009793758392334,0.21428571428571427
41001,0,0,25912,-15.137684106826782,-11.009793758392334,0.21428571428571427
41002,0,0,25911,-15.137684106826782,-11.009793758392334,0.21428571428571427
41003,0,0,25910,-15.137684106826782,-11.009793758392334,0.21428571428571427
41004,0,0,25909,-15.137684106826782,-11.009793758392334,0.21428571428571427
41005,0,0,25908,-15.137684106826782,-11.009793758392334,0.21428571428571427
41006,0,0,26172,-15.137684106826782,-11.009793758392334,0.21428571428571427
41007,0,0,26173,-15.137684106826782,-11.009793758392334,0.21428571428571427
41008,0,0,26174,-15.137684106826782,-11.009793758392334,0.21428571428571427
41009,0,0,26369,-15.137684106826782,-11.009793758392334,0.21428571428571427
41010,0,0,26440,-15.137684106826782,-11.009793758392334,0.21428571428571427
41011,0,0,26439,-15.137684106826782,-11.009793758392334,0.21428571428571427
41012,0,0,26438,-15.137684106826782,-11.009793758392334,0.21428571428571427
41013,0,0,26437,-15.137684106826782,-11.009793758392334,0.21428571428571427
41014,0,0,26436,-15.137684106826782,-11.009793758392334,0.21428571428571427
41015,0,0,26435,-15.137684106826782,-11.009793758392334,0.21428571428571427
41016,0,0,26434,-15.137684106826782,-11.009793758392334,0.21428571428571427
41017,0,0,26433,-15.137684106826782,-11.009793758392334,0.21428571428571427
41018,0,0,26432,-15.137684106826782,-11.009793758392334,0.21428571428571427
41019,0,0,26431,-15.137684106826782,-11.009793758392334,0.21428571428571427
41020,0,0,26430,-15.137684106826782,-11.009793758392334,0.21428571428571427
41021,0,0,26429,-15.137684106826782,-11.009793758392334,0.21428571428571427
41022,0,0,26428,-15.137684106826782,-11.009793758392334,0.21428571428571427
41023,0,0,26427,-15.137684106826782,-11.009793758392334,0.21428571428571427
41024,0,0,26426,-15.137684106826782,-11.009793758392334,0.21428571428571427
41025,0,0,26425,-15.137684106826782,-11.009793758392334,0.21428571428571427
41026,0,0,26424,-15.137684106826782,-11.009793758392334,0.21428571428571427
41027,0,0,26423,-15.137684106826782,-11.009793758392334,0.21428571428571427
41028,0,0,26422,-15.137684106826782,-11.009793758392334,0.21428571428571427
41029,0,0,26421,-15.137684106826782,-11.009793758392334,0.21428571428571427
41030,0,0,26420,-15.137684106826782,-11.009793758392334,0.21428571428571427
41031,0,0,26441,-15.137684106826782,-11.009793758392334,0.21428571428571427
41032,0,0,26442,-15.137684106826782,-11.009793758392334,0.21428571428571427
41033,0,0,26443,-15.137684106826782,-11.009793758392334,0.21428571428571427
41034,0,0,26455,-15.137684106826782,-11.009793758392334,0.21428571428571427
41035,0,0,26464,-15.137684106826782,-11.009793758392334,0.21428571428571427
41036,0,0,26463,-15.137684106826782,-11.009793758392334,0.21428571428571427
41037,0,0,26462,-15.137684106826782,-11.009793758392334,0.21428571428571427
41038,0,0,26461,-15.137684106826782,-11.009793758392334,0.21428571428571427
41039,0,0,26460,-15.137684106826782,-11.009793758392334,0.21428571428571427
41040,0,0,26459,-15.137684106826782,-11.009793758392334,0.21428571428571427
41041,0,0,26458,-15.137684106826782,-11.009793758392334,0.21428571428571427
41042,0,0,26457,-15.137684106826782,-11.009793758392334,0.21428571428571427
41043,0,0,26456,-15.137684106826782,-11.009793758392334,0.21428571428571427
41044,0,0,26454,-15.137684106826782,-11.009793758392334,0.21428571428571427
41045,0,0,26444,-15.137684106826782,-11.009793758392334,0.21428571428571427
41046,0,0,26453,-15.137684106826782,-11.009793758392334,0.21428571428571427
41047,0,0,26452,-15.137684106826782,-11.009793758392334,0.21428571428571427
41048,0,0,26451,-15.137684106826782,-11.009793758392334,0.21428571428571427
41049,0,0,26450,-15.137684106826782,-11.009793758392334,0.21428571428571427
41050,0,0,26449,-15.137684106826782,-11.009793758392334,0.21428571428571427
41051,0,0,26448,-15.137684106826782,-11.009793758392334,0.21428571428571427
41052,0,0,26447,-15.137684106826782,-11.009793758392334,0.21428571428571427
41053,0,0,26446,-15.137684106826782,-11.009793758392334,0.21428571428571427
41054,0,0,26445,-15.137684106826782,-11.009793758392334,0.21428571428571427
41055,0,0,26419,-15.137684106826782,-11.009793758392334,0.21428571428571427
41056,0,0,26417,-15.137684106826782,-11.009793758392334,0.21428571428571427
41057,0,0,26370,-15.137684106826782,-11.009793758392334,0.21428571428571427
41058,0,0,26416,-15.137684106826782,-11.009793758392334,0.21428571428571427
41059,0,0,26391,-15.137684106826782,-11.009793758392334,0.21428571428571427
41060,0,0,26390,-15.137684106826782,-11.009793758392334,0.21428571428571427
41061,0,0,26389,-15.137684106826782,-11.009793758392334,0.21428571428571427
41062,0,0,26388,-15.137684106826782,-11.009793758392334,0.21428571428571427
41063,0,0,26387,-15.137684106826782,-11.009793758392334,0.21428571428571427
41064,0,0,26386,-15.137684106826782,-11.009793758392334,0.21428571428571427
41065,0,0,26385,-15.137684106826782,-11.009793758392334,0.21428571428571427
41066,0,0,26384,-15.137684106826782,-11.009793758392334,0.21428571428571427
41067,0,0,26383,-15.137684106826782,-11.009793758392334,0.21428571428571427
41068,0,0,26382,-15.137684106826782,-11.009793758392334,0.21428571428571427
41069,0,0,26381,-15.137684106826782,-11.009793758392334,0.21428571428571427
41070,0,0,26380,-15.137684106826782,-11.009793758392334,0.21428571428571427
41071,0,0,26379,-15.137684106826782,-11.009793758392334,0.21428571428571427
41072,0,0,26378,-15.137684106826782,-11.009793758392334,0.21428571428571427
41073,0,0,26377,-15.137684106826782,-11.009793758392334,0.21428571428571427
41074,0,0,26376,-15.137684106826782,-11.009793758392334,0.21428571428571427
41075,0,0,26375,-15.137684106826782,-11.009793758392334,0.21428571428571427
41076,0,0,26374,-15.137684106826782,-11.009793758392334,0.21428571428571427
41077,0,0,26373,-15.137684106826782,-11.009793758392334,0.21428571428571427
41078,0,0,26372,-15.137684106826782,-11.009793758392334,0.21428571428571427
41079,0,0,26371,-15.137684106826782,-11.009793758392334,0.21428571428571427
41080,0,0,26392,-15.137684106826782,-11.009793758392334,0.21428571428571427
41081,0,0,26393,-15.137684106826782,-11.009793758392334,0.21428571428571427
41082,0,0,26394,-15.137684106826782,-11.009793758392334,0.21428571428571427
41083,0,0,26406,-15.137684106826782,-11.009793758392334,0.21428571428571427
41084,0,0,26415,-15.137684106826782,-11.009793758392334,0.21428571428571427
41085,0,0,26414,-15.137684106826782,-11.009793758392334,0.21428571428571427
41086,0,0,26413,-15.137684106826782,-11.009793758392334,0.21428571428571427
41087,0,0,26412,-15.137684106826782,-11.009793758392334,0.21428571428571427
41088,0,0,26411,-15.137684106826782,-11.009793758392334,0.21428571428571427
41089,0,0,26410,-15.137684106826782,-11.009793758392334,0.21428571428571427
41090,0,0,26409,-15.137684106826782,-11.009793758392334,0.21428571428571427
41091,0,0,26408,-15.137684106826782,-11.009793758392334,0.21428571428571427
41092,0,0,26407,-15.137684106826782,-11.009793758392334,0.21428571428571427
41093,0,0,26405,-15.137684106826782,-11.009793758392334,0.21428571428571427
41094,0,0,26395,-15.137684106826782,-11.009793758392334,0.21428571428571427
41095,0,0,26404,-15.137684106826782,-11.009793758392334,0.21428571428571427
41096,0,0,26403,-15.137684106826782,-11.009793758392334,0.21428571428571427
41097,0,0,26402,-15.137684106826782,-11.009793758392334,0.21428571428571427
41098,0,0,26401,-15.137684106826782,-11.009793758392334,0.21428571428571427
41099,0,0,26400,-15.137684106826782,-11.009793758392334,0.21428571428571427
41100,0,0,26399,-15.137684106826782,-11.009793758392334,0.21428571428571427
41101,0,0,26398,-15.137684106826782,-11.009793758392334,0.21428571428571427
41102,0,0,26397,-15.137684106826782,-11.009793758392334,0.21428571428571427
41103,0,0,26396,-15.137684106826782,-11.009793758392334,0.21428571428571427
41104,0,0,26465,-15.137684106826782,-11.009793758392334,0.21428571428571427
41105,0,0,26466,-15.137684106826782,-11.009793758392334,0.21428571428571427
41106,0,0,26467,-15.137684106826782,-11.009793758392334,0.21428571428571427
41107,0,0,26468,-15.137684106826782,-11.009793758392334,0.21428571428571427
41108,0,0,26537,-15.137684106826782,-11.009793758392334,0.21428571428571427
41109,0,0,26536,-15.137684106826782,-11.009793758392334,0.21428571428571427
41110,0,0,26535,-15.137684106826782,-11.009793758392334,0.21428571428571427
41111,0,0,26534,-15.137684106826782,-11.009793758392334,0.21428571428571427
41112,0,0,26533,-15.137684106826782,-11.009793758392334,0.21428571428571427
41113,0,0,26532,-15.137684106826782,-11.009793758392334,0.21428571428571427
41114,0,0,26531,-15.137684106826782,-11.009793758392334,0.21428571428571427
41115,0,0,26530,-15.137684106826782,-11.009793758392334,0.21428571428571427
41116,0,0,26529,-15.137684106826782,-11.009793758392334,0.21428571428571427
41117,0,0,26527,-15.137684106826782,-11.009793758392334,0.21428571428571427
41118,0,0,26517,-15.137684106826782,-11.009793758392334,0.21428571428571427
41119,0,0,26526,-15.137684106826782,-11.009793758392334,0.21428571428571427
41120,0,0,26525,-15.137684106826782,-11.009793758392334,0.21428571428571427
41121,0,0,26524,-15.137684106826782,-11.009793758392334,0.21428571428571427
41122,0,0,26523,-15.137684106826782,-11.009793758392334,0.21428571428571427
41123,0,0,26522,-15.137684106826782,-11.009793758392334,0.21428571428571427
41124,0,0,26521,-15.137684106826782,-11.009793758392334,0.21428571428571427
41125,0,0,26520,-15.137684106826782,-11.009793758392334,0.21428571428571427
41126,0,0,26519,-15.137684106826782,-11.009793758392334,0.21428571428571427
41127,0,0,26518,-15.137684106826782,-11.009793758392334,0.21428571428571427
41128,0,0,26538,-15.137684106826782,-11.009793758392334,0.21428571428571427
41129,0,0,26528,-15.137684106826782,-11.009793758392334,0.21428571428571427
41130,0,0,26539,-15.137684106826782,-11.009793758392334,0.21428571428571427
41131,0,0,26552,-15.137684106826782,-11.009793758392334,0.21428571428571427
41132,0,0,26561,-15.137684106826782,-11.009793758392334,0.21428571428571427
41133,0,0,26560,-15.137684106826782,-11.009793758392334,0.21428571428571427
41134,0,0,26559,-15.137684106826782,-11.009793758392334,0.21428571428571427
41135,0,0,26558,-15.137684106826782,-11.009793758392334,0.21428571428571427
41136,0,0,26557,-15.137684106826782,-11.009793758392334,0.21428571428571427
41137,0,0,26556,-15.137684106826782,-11.009793758392334,0.21428571428571427
41138,0,0,26555,-15.137684106826782,-11.009793758392334,0.21428571428571427
41139,0,0,26554,-15.137684106826782,-11.009793758392334,0.21428571428571427
41140,0,0,26553,-15.137684106826782,-11.009793758392334,0.21428571428571427
41141,0,0,26551,-15.137684106826782,-11.009793758392334,0.21428571428571427
41142,0,0,26541,-15.137684106826782,-11.009793758392334,0.21428571428571427
41143,0,0,26550,-15.137684106826782,-11.009793758392334,0.21428571428571427
41144,0,0,26549,-15.137684106826782,-11.009793758392334,0.21428571428571427
41145,0,0,26548,-15.137684106826782,-11.009793758392334,0.21428571428571427
41146,0,0,26547,-15.137684106826782,-11.009793758392334,0.21428571428571427
41147,0,0,26546,-15.137684106826782,-11.009793758392334,0.21428571428571427
41148,0,0,26545,-15.137684106826782,-11.009793758392334,0.21428571428571427
41149,0,0,26544,-15.137684106826782,-11.009793758392334,0.21428571428571427
41150,0,0,26543,-15.137684106826782,-11.009793758392334,0.21428571428571427
41151,0,0,26542,-15.137684106826782,-11.009793758392334,0.21428571428571427
41152,0,0,26540,-15.137684106826782,-11.009793758392334,0.21428571428571427
41153,0,0,26516,-15.137684106826782,-11.009793758392334,0.21428571428571427
41154,0,0,26515,-15.137684106826782,-11.009793758392334,0.21428571428571427
41155,0,0,26514,-15.137684106826782,-11.009793758392334,0.21428571428571427
41156,0,0,26489,-15.137684106826782,-11.009793758392334,0.21428571428571427
41157,0,0,26488,-15.137684106826782,-11.009793758392334,0.21428571428571427
41158,0,0,26487,-15.137684106826782,-11.009793758392334,0.21428571428571427
41159,0,0,26486,-15.137684106826782,-11.009793758392334,0.21428571428571427
41160,0,0,26485,-15.137684106826782,-11.009793758392334,0.21428571428571427
41161,0,0,26484,-15.137684106826782,-11.009793758392334,0.21428571428571427
41162,0,0,26483,-15.137684106826782,-11.009793758392334,0.21428571428571427
41163,0,0,26482,-15.137684106826782,-11.009793758392334,0.21428571428571427
41164,0,0,26481,-15.137684106826782,-11.009793758392334,0.21428571428571427
41165,0,0,26480,-15.137684106826782,-11.009793758392334,0.21428571428571427
41166,0,0,26479,-15.137684106826782,-11.009793758392334,0.21428571428571427
41167,0,0,26478,-15.137684106826782,-11.009793758392334,0.21428571428571427
41168,0,0,26477,-15.137684106826782,-11.009793758392334,0.21428571428571427
41169,0,0,26476,-15.137684106826782,-11.009793758392334,0.21428571428571427
41170,0,0,26475,-15.137684106826782,-11.009793758392334,0.21428571428571427
41171,0,0,26474,-15.137684106826782,-11.009793758392334,0.21428571428571427
41172,0,0,26473,-15.137684106826782,-11.009793758392334,0.21428571428571427
41173,0,0,26472,-15.137684106826782,-11.009793758392334,0.21428571428571427
41174,0,0,26471,-15.137684106826782,-11.009793758392334,0.21428571428571427
41175,0,0,26470,-15.137684106826782,-11.009793758392334,0.21428571428571427
41176,0,0,26469,-15.137684106826782,-11.009793758392334,0.21428571428571427
41177,0,0,26490,-15.137684106826782,-11.009793758392334,0.21428571428571427
41178,0,0,26491,-15.137684106826782,-11.009793758392334,0.21428571428571427
41179,0,0,26492,-15.137684106826782,-11.009793758392334,0.21428571428571427
41180,0,0,26504,-15.137684106826782,-11.009793758392334,0.21428571428571427
41181,0,0,26513,-15.137684106826782,-11.009793758392334,0.21428571428571427
41182,0,0,26512,-15.137684106826782,-11.009793758392334,0.21428571428571427
41183,0,0,26511,-15.137684106826782,-11.009793758392334,0.21428571428571427
41184,0,0,26510,-15.137684106826782,-11.009793758392334,0.21428571428571427
41185,0,0,26509,-15.137684106826782,-11.009793758392334,0.21428571428571427
41186,0,0,26508,-15.137684106826782,-11.009793758392334,0.21428571428571427
41187,0,0,26507,-15.137684106826782,-11.009793758392334,0.21428571428571427
41188,0,0,26506,-15.137684106826782,-11.009793758392334,0.21428571428571427
41189,0,0,26505,-15.137684106826782,-11.009793758392334,0.21428571428571427
41190,0,0,26503,-15.137684106826782,-11.009793758392334,0.21428571428571427
41191,0,0,26493,-15.137684106826782,-11.009793758392334,0.21428571428571427
41192,0,0,26502,-15.137684106826782,-11.009793758392334,0.21428571428571427
41193,0,0,26501,-15.137684106826782,-11.009793758392334,0.21428571428571427
41194,0,0,26500,-15.137684106826782,-11.009793758392334,0.21428571428571427
41195,0,0,26499,-15.137684106826782,-11.009793758392334,0.21428571428571427
41196,0,0,26498,-15.137684106826782,-11.009793758392334,0.21428571428571427
41197,0,0,26497,-15.137684106826782,-11.009793758392334,0.21428571428571427
41198,0,0,26496,-15.137684106826782,-11.009793758392334,0.21428571428571427
41199,0,0,26495,-15.137684106826782,-11.009793758392334,0.21428571428571427
41200,0,0,26494,-15.137684106826782,-11.009793758392334,0.21428571428571427
41201,0,0,26418,-15.137684106826782,-11.009793758392334,0.21428571428571427
41202,0,0,26368,-15.137684106826782,-11.009793758392334,0.21428571428571427
41203,0,0,26223,-15.137684106826782,-11.009793758392334,0.21428571428571427
41204,0,0,26367,-15.137684106826782,-11.009793758392334,0.21428571428571427
41205,0,0,26245,-15.137684106826782,-11.009793758392334,0.21428571428571427
41206,0,0,26244,-15.137684106826782,-11.009793758392334,0.21428571428571427
41207,0,0,26243,-15.137684106826782,-11.009793758392334,0.21428571428571427
41208,0,0,26242,-15.137684106826782,-11.009793758392334,0.21428571428571427
41209,0,0,26241,-15.137684106826782,-11.009793758392334,0.21428571428571427
41210,0,0,26240,-15.137684106826782,-11.009793758392334,0.21428571428571427
41211,0,0,26239,-15.137684106826782,-11.009793758392334,0.21428571428571427
41212,0,0,26238,-15.137684106826782,-11.009793758392334,0.21428571428571427
41213,0,0,26237,-15.137684106826782,-11.009793758392334,0.21428571428571427
41214,0,0,26236,-15.137684106826782,-11.009793758392334,0.21428571428571427
41215,0,0,26235,-15.137684106826782,-11.009793758392334,0.21428571428571427
41216,0,0,26234,-15.137684106826782,-11.009793758392334,0.21428571428571427
41217,0,0,26233,-15.137684106826782,-11.009793758392334,0.21428571428571427
41218,0,0,26232,-15.137684106826782,-11.009793758392334,0.21428571428571427
41219,0,0,26231,-15.137684106826782,-11.009793758392334,0.21428571428571427
41220,0,0,26230,-15.137684106826782,-11.009793758392334,0.21428571428571427
41221,0,0,26229,-15.137684106826782,-11.009793758392334,0.21428571428571427
41222,0,0,26228,-15.137684106826782,-11.009793758392334,0.21428571428571427
41223,0,0,26227,-15.137684106826782,-11.009793758392334,0.21428571428571427
41224,0,0,26226,-15.137684106826782,-11.009793758392334,0.21428571428571427
41225,0,0,26225,-15.137684106826782,-11.009793758392334,0.21428571428571427
41226,0,0,26246,-15.137684106826782,-11.009793758392334,0.21428571428571427
41227,0,0,26247,-15.137684106826782,-11.009793758392334,0.21428571428571427
41228,0,0,26248,-15.137684106826782,-11.009793758392334,0.21428571428571427
41229,0,0,26260,-15.137684106826782,-11.009793758392334,0.21428571428571427
41230,0,0,26269,-15.137684106826782,-11.009793758392334,0.21428571428571427
41231,0,0,26268,-15.137684106826782,-11.009793758392334,0.21428571428571427
41232,0,0,26267,-15.137684106826782,-11.009793758392334,0.21428571428571427
41233,0,0,26266,-15.137684106826782,-11.009793758392334,0.21428571428571427
41234,0,0,26265,-15.137684106826782,-11.009793758392334,0.21428571428571427
41235,0,0,26264,-15.137684106826782,-11.009793758392334,0.21428571428571427
41236,0,0,26263,-15.137684106826782,-11.009793758392334,0.21428571428571427
41237,0,0,26262,-15.137684106826782,-11.009793758392334,0.21428571428571427
41238,0,0,26261,-15.137684106826782,-11.009793758392334,0.21428571428571427
41239,0,0,26259,-15.137684106826782,-11.009793758392334,0.21428571428571427
41240,0,0,26249,-15.137684106826782,-11.009793758392334,0.21428571428571427
41241,0,0,26258,-15.137684106826782,-11.009793758392334,0.21428571428571427
41242,0,0,26257,-15.137684106826782,-11.009793758392334,0.21428571428571427
41243,0,0,26256,-15.137684106826782,-11.009793758392334,0.21428571428571427
41244,0,0,26255,-15.137684106826782,-11.009793758392334,0.21428571428571427
41245,0,0,26254,-15.137684106826782,-11.009793758392334,0.21428571428571427
41246,0,0,26253,-15.137684106826782,-11.009793758392334,0.21428571428571427
41247,0,0,26252,-15.137684106826782,-11.009793758392334,0.21428571428571427
41248,0,0,26251,-15.137684106826782,-11.009793758392334,0.21428571428571427
41249,0,0,26250,-15.137684106826782,-11.009793758392334,0.21428571428571427
41250,0,0,26224,-15.137684106826782,-11.009793758392334,0.21428571428571427
41251,0,0,26222,-15.137684106826782,-11.009793758392334,0.21428571428571427
41252,0,0,26175,-15.137684106826782,-11.009793758392334,0.21428571428571427
41253,0,0,26221,-15.137684106826782,-11.009793758392334,0.21428571428571427
41254,0,0,26196,-15.137684106826782,-11.009793758392334,0.21428571428571427
41255,0,0,26195,-15.137684106826782,-11.009793758392334,0.21428571428571427
41256,0,0,26194,-15.137684106826782,-11.009793758392334,0.21428571428571427
41257,0,0,26193,-15.137684106826782,-11.009793758392334,0.21428571428571427
41258,0,0,26192,-15.137684106826782,-11.009793758392334,0.21428571428571427
41259,0,0,26191,-15.137684106826782,-11.009793758392334,0.21428571428571427
41260,0,0,26190,-15.137684106826782,-11.009793758392334,0.21428571428571427
41261,0,0,26189,-15.137684106826782,-11.009793758392334,0.21428571428571427
41262,0,0,26188,-15.137684106826782,-11.009793758392334,0.21428571428571427
41263,0,0,26187,-15.137684106826782,-11.009793758392334,0.21428571428571427
41264,0,0,26186,-15.137684106826782,-11.009793758392334,0.21428571428571427
41265,0,0,26185,-15.137684106826782,-11.009793758392334,0.21428571428571427
41266,0,0,26184,-15.137684106826782,-11.009793758392334,0.21428571428571427
41267,0,0,26183,-15.137684106826782,-11.009793758392334,0.21428571428571427
41268,0,0,26182,-15.137684106826782,-11.009793758392334,0.21428571428571427
41269,0,0,26181,-15.137684106826782,-11.009793758392334,0.21428571428571427
41270,0,0,26180,-15.137684106826782,-11.009793758392334,0.21428571428571427
41271,0,0,26179,-15.137684106826782,-11.009793758392334,0.21428571428571427
41272,0,0,26178,-15.137684106826782,-11.009793758392334,0.21428571428571427
41273,0,0,26177,-15.137684106826782,-11.009793758392334,0.21428571428571427
41274,0,0,26176,-15.137684106826782,-11.009793758392334,0.21428571428571427
41275,0,0,26197,-15.137684106826782,-11.009793758392334,0.21428571428571427
41276,0,0,26198,-15.137684106826782,-11.009793758392334,0.21428571428571427
41277,0,0,26199,-15.137684106826782,-11.009793758392334,0.21428571428571427
41278,0,0,26211,-15.137684106826782,-11.009793758392334,0.21428571428571427
41279,0,0,26220,-15.137684106826782,-11.009793758392334,0.21428571428571427
41280,0,0,26219,-15.137684106826782,-11.009793758392334,0.21428571428571427
41281,0,0,26218,-15.137684106826782,-11.009793758392334,0.21428571428571427
41282,0,0,26217,-15.137684106826782,-11.009793758392334,0.21428571428571427
41283,0,0,26216,-15.137684106826782,-11.009793758392334,0.21428571428571427
41284,0,0,26215,-15.137684106826782,-11.009793758392334,0.21428571428571427
41285,0,0,26214,-15.137684106826782,-11.009793758392334,0.21428571428571427
41286,0,0,26213,-15.137684106826782,-11.009793758392334,0.21428571428571427
41287,0,0,26212,-15.137684106826782,-11.009793758392334,0.21428571428571427
41288,0,0,26210,-15.137684106826782,-11.009793758392334,0.21428571428571427
41289,0,0,26200,-15.137684106826782,-11.009793758392334,0.21428571428571427
41290,0,0,26209,-15.137684106826782,-11.009793758392334,0.21428571428571427
41291,0,0,26208,-15.137684106826782,-11.009793758392334,0.21428571428571427
41292,0,0,26207,-15.137684106826782,-11.009793758392334,0.21428571428571427
41293,0,0,26206,-15.137684106826782,-11.009793758392334,0.21428571428571427
41294,0,0,26205,-15.137684106826782,-11.009793758392334,0.21428571428571427
41295,0,0,26204,-15.137684106826782,-11.009793758392334,0.21428571428571427
41296,0,0,26203,-15.137684106826782,-11.009793758392334,0.21428571428571427
41297,0,0,26202,-15.137684106826782,-11.009793758392334,0.21428571428571427
41298,0,0,26201,-15.137684106826782,-11.009793758392334,0.21428571428571427
41299,0,0,26270,-15.137684106826782,-11.009793758392334,0.21428571428571427
41300,0,0,26271,-15.137684106826782,-11.009793758392334,0.21428571428571427
41301,0,0,26272,-15.137684106826782,-11.009793758392334,0.21428571428571427
41302,0,0,26273,-15.137684106826782,-11.009793758392334,0.21428571428571427
41303,0,0,26342,-15.137684106826782,-11.009793758392334,0.21428571428571427
41304,0,0,26341,-15.137684106826782,-11.009793758392334,0.21428571428571427
41305,0,0,26340,-15.137684106826782,-11.009793758392334,0.21428571428571427
41306,0,0,26339,-15.137684106826782,-11.009793758392334,0.21428571428571427
41307,0,0,26338,-15.137684106826782,-11.009793758392334,0.21428571428571427
41308,0,0,26337,-15.137684106826782,-11.009793758392334,0.21428571428571427
41309,0,0,26336,-15.137684106826782,-11.009793758392334,0.21428571428571427
41310,0,0,26335,-15.137684106826782,-11.009793758392334,0.21428571428571427
41311,0,0,26334,-15.137684106826782,-11.009793758392334,0.21428571428571427
41312,0,0,26332,-15.137684106826782,-11.009793758392334,0.21428571428571427
41313,0,0,26322,-15.137684106826782,-11.009793758392334,0.21428571428571427
41314,0,0,26331,-15.137684106826782,-11.009793758392334,0.21428571428571427
41315,0,0,26330,-15.137684106826782,-11.009793758392334,0.21428571428571427
41316,0,0,26329,-15.137684106826782,-11.009793758392334,0.21428571428571427
41317,0,0,26328,-15.137684106826782,-11.009793758392334,0.21428571428571427
41318,0,0,26327,-15.137684106826782,-11.009793758392334,0.21428571428571427
41319,0,0,26326,-15.137684106826782,-11.009793758392334,0.21428571428571427
41320,0,0,26325,-15.137684106826782,-11.009793758392334,0.21428571428571427
41321,0,0,26324,-15.137684106826782,-11.009793758392334,0.21428571428571427
41322,0,0,26323,-15.137684106826782,-11.009793758392334,0.21428571428571427
41323,0,0,26343,-15.137684106826782,-11.009793758392334,0.21428571428571427
41324,0,0,26333,-15.137684106826782,-11.009793758392334,0.21428571428571427
41325,0,0,26344,-15.137684106826782,-11.009793758392334,0.21428571428571427
41326,0,0,26357,-15.137684106826782,-11.009793758392334,0.21428571428571427
41327,0,0,26366,-15.137684106826782,-11.009793758392334,0.21428571428571427
41328,0,0,26365,-15.137684106826782,-11.009793758392334,0.21428571428571427
41329,0,0,26364,-15.137684106826782,-11.009793758392334,0.21428571428571427
41330,0,0,26363,-15.137684106826782,-11.009793758392334,0.21428571428571427
41331,0,0,26362,-15.137684106826782,-11.009793758392334,0.21428571428571427
41332,0,0,26361,-15.137684106826782,-11.009793758392334,0.21428571428571427
41333,0,0,26360,-15.137684106826782,-11.009793758392334,0.21428571428571427
41334,0,0,26359,-15.137684106826782,-11.009793758392334,0.21428571428571427
41335,0,0,26358,-15.137684106826782,-11.009793758392334,0.21428571428571427
41336,0,0,26356,-15.137684106826782,-11.009793758392334,0.21428571428571427
41337,0,0,26346,-15.137684106826782,-11.009793758392334,0.21428571428571427
41338,0,0,26355,-15.137684106826782,-11.009793758392334,0.21428571428571427
41339,0,0,26354,-15.137684106826782,-11.009793758392334,0.21428571428571427
41340,0,0,26353,-15.137684106826782,-11.009793758392334,0.21428571428571427
41341,0,0,26352,-15.137684106826782,-11.009793758392334,0.21428571428571427
41342,0,0,26351,-15.137684106826782,-11.009793758392334,0.21428571428571427
41343,0,0,26350,-15.137684106826782,-11.009793758392334,0.21428571428571427
41344,0,0,26349,-15.137684106826782,-11.009793758392334,0.21428571428571427
41345,0,0,26348,-15.137684106826782,-11.009793758392334,0.21428571428571427
41346,0,0,26347,-15.137684106826782,-11.009793758392334,0.21428571428571427
41347,0,0,26345,-15.137684106826782,-11.009793758392334,0.21428571428571427
41348,0,0,26321,-15.137684106826782,-11.009793758392334,0.21428571428571427
41349,0,0,26320,-15.137684106826782,-11.009793758392334,0.21428571428571427
41350,0,0,26319,-15.137684106826782,-11.009793758392334,0.21428571428571427
41351,0,0,26294,-15.137684106826782,-11.009793758392334,0.21428571428571427
41352,0,0,26293,-15.137684106826782,-11.009793758392334,0.21428571428571427
41353,0,0,26292,-15.137684106826782,-11.009793758392334,0.21428571428571427
41354,0,0,26291,-15.137684106826782,-11.009793758392334,0.21428571428571427
41355,0,0,26290,-15.137684106826782,-11.009793758392334,0.21428571428571427
41356,0,0,26289,-15.137684106826782,-11.009793758392334,0.21428571428571427
41357,0,0,26288,-15.137684106826782,-11.009793758392334,0.21428571428571427
41358,0,0,26287,-15.137684106826782,-11.009793758392334,0.21428571428571427
41359,0,0,26286,-15.137684106826782,-11.009793758392334,0.21428571428571427
41360,0,0,26285,-15.137684106826782,-11.009793758392334,0.21428571428571427
41361,0,0,26284,-15.137684106826782,-11.009793758392334,0.21428571428571427
41362,0,0,26283,-15.137684106826782,-11.009793758392334,0.21428571428571427
41363,0,0,26282,-15.137684106826782,-11.009793758392334,0.21428571428571427
41364,0,0,26281,-15.137684106826782,-11.009793758392334,0.21428571428571427
41365,0,0,26280,-15.137684106826782,-11.009793758392334,0.21428571428571427
41366,0,0,26279,-15.137684106826782,-11.009793758392334,0.21428571428571427
41367,0,0,26278,-15.137684106826782,-11.009793758392334,0.21428571428571427
41368,1,0,26277,-15.137684106826782,-11.009793758392334,0.21428571428571427
41369,0,0,26276,-15.137684106826782,-11.009793758392334,0.21428571428571427
41370,0,0,26275,-15.137684106826782,-11.009793758392334,0.21428571428571427
41371,0,0,26274,-15.137684106826782,-11.009793758392334,0.21428571428571427
41372,0,0,26295,-15.137684106826782,-11.009793758392334,0.21428571428571427
41373,0,0,26296,-15.137684106826782,-11.009793758392334,0.21428571428571427
41374,0,0,26297,-15.137684106826782,-11.009793758392334,0.21428571428571427
41375,0,0,26309,-15.137684106826782,-11.009793758392334,0.21428571428571427
41376,0,0,26318,-15.137684106826782,-11.009793758392334,0.21428571428571427
41377,0,0,26317,-15.137684106826782,-11.009793758392334,0.21428571428571427
41378,0,0,26316,-15.137684106826782,-11.009793758392334,0.21428571428571427
41379,0,0,26315,-15.137684106826782,-11.009793758392334,0.21428571428571427
41380,0,0,26314,-15.137684106826782,-11.009793758392334,0.21428571428571427
41381,0,0,26313,-15.137684106826782,-11.009793758392334,0.21428571428571427
41382,0,0,26312,-15.137684106826782,-11.009793758392334,0.21428571428571427
41383,0,0,26311,-15.137684106826782,-11.009793758392334,0.21428571428571427
41384,0,0,26310,-15.137684106826782,-11.009793758392334,0.21428571428571427
41385,0,0,26308,-15.137684106826782,-11.009793758392334,0.21428571428571427
41386,0,0,26298,-15.137684106826782,-11.009793758392334,0.21428571428571427
41387,0,0,26307,-15.137684106826782,-11.009793758392334,0.21428571428571427
41388,0,0,26306,-15.137684106826782,-11.009793758392334,0.21428571428571427
41389,0,0,26305,-15.137684106826782,-11.009793758392334,0.21428571428571427
41390,0,0,26304,-15.137684106826782,-11.009793758392334,0.21428571428571427
41391,0,0,26303,-15.137684106826782,-11.009793758392334,0.21428571428571427
41392,0,0,26302,-15.137684106826782,-11.009793758392334,0.21428571428571427
41393,0,0,26301,-15.137684106826782,-11.009793758392334,0.21428571428571427
41394,0,0,26300,-15.137684106826782,-11.009793758392334,0.21428571428571427
41395,0,0,26299,-15.137684106826782,-11.009793758392334,0.21428571428571427
41396,0,0,25881,-15.137684106826782,-11.009793758392334,0.21428571428571427
41397,0,0,25783,-15.137684106826782,-11.009793758392334,0.21428571428571427
41398,0,0,25782,-15.137684106826782,-11.009793758392334,0.21428571428571427
41399,0,0,25781,-15.137684106826782,-11.009793758392334,0.21428571428571427
41400,0,0,25268,-15.137684106826782,-11.009793758392334,0.21428571428571427
41401,0,0,25267,-15.137684106826782,-11.009793758392334,0.21428571428571427
41402,0,0,25266,-15.137684106826782,-11.009793758392334,0.21428571428571427
41403,0,0,25265,-15.137684106826782,-11.009793758392334,0.21428571428571427
41404,0,0,25264,-15.137684106826782,-11.009793758392334,0.21428571428571427
41405,0,0,25263,-15.137684106826782,-11.009793758392334,0.21428571428571427
41406,0,0,25262,-15.137684106826782,-11.009793758392334,0.21428571428571427
41407,0,0,25261,-15.137684106826782,-11.009793758392334,0.21428571428571427
41408,0,0,25260,-15.137684106826782,-11.009793758392334,0.21428571428571427
41409,0,0,25259,-15.137684106826782,-11.009793758392334,0.21428571428571427
41410,0,0,25258,-15.137684106826782,-11.009793758392334,0.21428571428571427
41411,0,0,25257,-15.137684106826782,-11.009793758392334,0.21428571428571427
41412,0,0,25256,-15.137684106826782,-11.009793758392334,0.21428571428571427
41413,0,0,25255,-15.137684106826782,-11.009793758392334,0.21428571428571427
41414,0,0,25254,-15.137684106826782,-11.009793758392334,0.21428571428571427
41415,0,0,25253,-15.137684106826782,-11.009793758392334,0.21428571428571427
41416,0,0,25252,-15.137684106826782,-11.009793758392334,0.21428571428571427
41417,0,0,25251,-15.137684106826782,-11.009793758392334,0.21428571428571427
41418,0,0,25250,-15.137684106826782,-11.009793758392334,0.21428571428571427
41419,0,0,25249,-15.137684106826782,-11.009793758392334,0.21428571428571427
41420,0,0,25248,-15.137684106826782,-11.009793758392334,0.21428571428571427
41421,0,0,25269,-15.137684106826782,-11.009793758392334,0.21428571428571427
41422,0,0,25270,-15.137684106826782,-11.009793758392334,0.21428571428571427
41423,0,0,25271,-15.137684106826782,-11.009793758392334,0.21428571428571427
41424,0,0,25283,-15.137684106826782,-11.009793758392334,0.21428571428571427
41425,0,0,25292,-15.137684106826782,-11.009793758392334,0.21428571428571427
41426,0,0,25291,-15.137684106826782,-11.009793758392334,0.21428571428571427
41427,0,0,25290,-15.137684106826782,-11.009793758392334,0.21428571428571427
41428,0,0,25289,-15.137684106826782,-11.009793758392334,0.21428571428571427
41429,0,0,25288,-15.137684106826782,-11.009793758392334,0.21428571428571427
41430,0,0,25287,-15.137684106826782,-11.009793758392334,0.21428571428571427
41431,0,0,25286,-15.137684106826782,-11.009793758392334,0.21428571428571427
41432,0,0,25285,-15.137684106826782,-11.009793758392334,0.21428571428571427
41433,0,0,25284,-15.137684106826782,-11.009793758392334,0.21428571428571427
41434,0,0,25282,-15.137684106826782,-11.009793758392334,0.21428571428571427
41435,0,0,25272,-15.137684106826782,-11.009793758392334,0.21428571428571427
41436,0,0,25281,-15.137684106826782,-11.009793758392334,0.21428571428571427
41437,0,0,25280,-15.137684106826782,-11.009793758392334,0.21428571428571427
41438,0,0,25279,-15.137684106826782,-11.009793758392334,0.21428571428571427
41439,0,0,25278,-15.137684106826782,-11.009793758392334,0.21428571428571427
41440,0,0,25277,-15.137684106826782,-11.009793758392334,0.21428571428571427
41441,0,0,25276,-15.137684106826782,-11.009793758392334,0.21428571428571427
41442,0,0,25275,-15.137684106826782,-11.009793758392334,0.21428571428571427
41443,0,0,25274,-15.137684106826782,-11.009793758392334,0.21428571428571427
41444,0,0,25273,-15.137684106826782,-11.009793758392334,0.21428571428571427
41445,0,0,25247,-15.137684106826782,-11.009793758392334,0.21428571428571427
41446,0,0,25245,-15.137684106826782,-11.009793758392334,0.21428571428571427
41447,0,0,25198,-15.137684106826782,-11.009793758392334,0.21428571428571427
41448,0,0,25244,-15.137684106826782,-11.009793758392334,0.21428571428571427
41449,0,0,25219,-15.137684106826782,-11.009793758392334,0.21428571428571427
41450,0,0,25218,-15.137684106826782,-11.009793758392334,0.21428571428571427
41451,0,0,25217,-15.137684106826782,-11.009793758392334,0.21428571428571427
41452,0,0,25216,-15.137684106826782,-11.009793758392334,0.21428571428571427
41453,0,0,25215,-15.137684106826782,-11.009793758392334,0.21428571428571427
41454,0,0,25214,-15.137684106826782,-11.009793758392334,0.21428571428571427
41455,0,0,25213,-15.137684106826782,-11.009793758392334,0.21428571428571427
41456,0,0,25212,-15.137684106826782,-11.009793758392334,0.21428571428571427
41457,0,0,25211,-15.137684106826782,-11.009793758392334,0.21428571428571427
41458,0,0,25210,-15.137684106826782,-11.009793758392334,0.21428571428571427
41459,0,0,25209,-15.137684106826782,-11.009793758392334,0.21428571428571427
41460,0,0,25208,-15.137684106826782,-11.009793758392334,0.21428571428571427
41461,0,0,25207,-15.137684106826782,-11.009793758392334,0.21428571428571427
41462,0,0,25206,-15.137684106826782,-11.009793758392334,0.21428571428571427
41463,0,0,25205,-15.137684106826782,-11.009793758392334,0.21428571428571427
41464,0,0,25204,-15.137684106826782,-11.009793758392334,0.21428571428571427
41465,1,0,25203,-15.137684106826782,-11.009793758392334,0.21428571428571427
41466,0,0,25202,-15.137684106826782,-11.009793758392334,0.21428571428571427
41467,0,0,25201,-15.137684106826782,-11.009793758392334,0.21428571428571427
41468,0,0,25200,-15.137684106826782,-11.009793758392334,0.21428571428571427
41469,0,0,25199,-15.137684106826782,-11.009793758392334,0.21428571428571427
41470,0,0,25220,-15.137684106826782,-11.009793758392334,0.21428571428571427
41471,0,0,25221,-15.137684106826782,-11.009793758392334,0.21428571428571427
41472,0,0,25222,-15.137684106826782,-11.009793758392334,0.21428571428571427
41473,0,0,25234,-15.137684106826782,-11.009793758392334,0.21428571428571427
41474,0,0,25243,-15.137684106826782,-11.009793758392334,0.21428571428571427
41475,0,0,25242,-15.137684106826782,-11.009793758392334,0.21428571428571427
41476,0,0,25241,-15.137684106826782,-11.009793758392334,0.21428571428571427
41477,0,0,25240,-15.137684106826782,-11.009793758392334,0.21428571428571427
41478,0,0,25239,-15.137684106826782,-11.009793758392334,0.21428571428571427
41479,0,0,25238,-15.137684106826782,-11.009793758392334,0.21428571428571427
41480,0,0,25237,-15.137684106826782,-11.009793758392334,0.21428571428571427
41481,0,0,25236,-15.137684106826782,-11.009793758392334,0.21428571428571427
41482,0,0,25235,-15.137684106826782,-11.009793758392334,0.21428571428571427
41483,0,0,25233,-15.137684106826782,-11.009793758392334,0.21428571428571427
41484,0,0,25223,-15.137684106826782,-11.009793758392334,0.21428571428571427
41485,0,0,25232,-15.137684106826782,-11.009793758392334,0.21428571428571427
41486,0,0,25231,-15.137684106826782,-11.009793758392334,0.21428571428571427
41487,0,0,25230,-15.137684106826782,-11.009793758392334,0.21428571428571427
41488,0,0,25229,-15.137684106826782,-11.009793758392334,0.21428571428571427
41489,0,0,25228,-15.137684106826782,-11.009793758392334,0.21428571428571427
41490,0,0,25227,-15.137684106826782,-11.009793758392334,0.21428571428571427
41491,0,0,25226,-15.137684106826782,-11.009793758392334,0.21428571428571427
41492,0,0,25225,-15.137684106826782,-11.009793758392334,0.21428571428571427
41493,0,0,25224,-15.137684106826782,-11.009793758392334,0.21428571428571427
41494,0,0,25293,-15.137684106826782,-11.009793758392334,0.21428571428571427
41495,0,0,25294,-15.137684106826782,-11.009793758392334,0.21428571428571427
41496,0,0,25295,-15.137684106826782,-11.009793758392334,0.21428571428571427
41497,0,0,25296,-15.137684106826782,-11.009793758392334,0.21428571428571427
41498,0,0,25365,-15.137684106826782,-11.009793758392334,0.21428571428571427
41499,0,0,25364,-15.137684106826782,-11.009793758392334,0.21428571428571427
41500,0,0,25363,-15.137684106826782,-11.009793758392334,0.21428571428571427
41501,0,0,25362,-15.137684106826782,-11.009793758392334,0.21428571428571427
41502,0,0,25361,-15.137684106826782,-11.009793758392334,0.21428571428571427
41503,0,0,25360,-15.137684106826782,-11.009793758392334,0.21428571428571427
41504,0,0,25359,-15.137684106826782,-11.009793758392334,0.21428571428571427
41505,0,0,25358,-15.137684106826782,-11.009793758392334,0.21428571428571427
41506,0,0,25357,-15.137684106826782,-11.009793758392334,0.21428571428571427
41507,0,0,25355,-15.137684106826782,-11.009793758392334,0.21428571428571427
41508,0,0,25345,-15.137684106826782,-11.009793758392334,0.21428571428571427
41509,0,0,25354,-15.137684106826782,-11.009793758392334,0.21428571428571427
41510,0,0,25353,-15.137684106826782,-11.009793758392334,0.21428571428571427
41511,0,0,25352,-15.137684106826782,-11.009793758392334,0.21428571428571427
41512,0,0,25351,-15.137684106826782,-11.009793758392334,0.21428571428571427
41513,0,0,25350,-15.137684106826782,-11.009793758392334,0.21428571428571427
41514,0,0,25349,-15.137684106826782,-11.009793758392334,0.21428571428571427
41515,0,0,25348,-15.137684106826782,-11.009793758392334,0.21428571428571427
41516,0,0,25347,-15.137684106826782,-11.009793758392334,0.21428571428571427
41517,0,0,25346,-15.137684106826782,-11.009793758392334,0.21428571428571427
41518,0,0,25366,-15.137684106826782,-11.009793758392334,0.21428571428571427
41519,0,0,25356,-15.137684106826782,-11.009793758392334,0.21428571428571427
41520,0,0,25367,-15.137684106826782,-11.009793758392334,0.21428571428571427
41521,0,0,25380,-15.137684106826782,-11.009793758392334,0.21428571428571427
41522,0,0,25389,-15.137684106826782,-11.009793758392334,0.21428571428571427
41523,0,0,25388,-15.137684106826782,-11.009793758392334,0.21428571428571427
41524,0,0,25387,-15.137684106826782,-11.009793758392334,0.21428571428571427
41525,0,0,25386,-15.137684106826782,-11.009793758392334,0.21428571428571427
41526,0,0,25385,-15.137684106826782,-11.009793758392334,0.21428571428571427
41527,0,0,25384,-15.137684106826782,-11.009793758392334,0.21428571428571427
41528,0,0,25383,-15.137684106826782,-11.009793758392334,0.21428571428571427
41529,0,0,25382,-15.137684106826782,-11.009793758392334,0.21428571428571427
41530,0,0,25381,-15.137684106826782,-11.009793758392334,0.21428571428571427
41531,0,0,25379,-15.137684106826782,-11.009793758392334,0.21428571428571427
41532,0,0,25369,-15.137684106826782,-11.009793758392334,0.21428571428571427
41533,0,0,25378,-15.137684106826782,-11.009793758392334,0.21428571428571427
41534,0,0,25377,-15.137684106826782,-11.009793758392334,0.21428571428571427
41535,0,0,25376,-15.137684106826782,-11.009793758392334,0.21428571428571427
41536,0,0,25375,-15.137684106826782,-11.009793758392334,0.21428571428571427
41537,0,0,25374,-15.137684106826782,-11.009793758392334,0.21428571428571427
41538,0,0,25373,-15.137684106826782,-11.009793758392334,0.21428571428571427
41539,0,0,25372,-15.137684106826782,-11.009793758392334,0.21428571428571427
41540,0,0,25371,-15.137684106826782,-11.009793758392334,0.21428571428571427
41541,0,0,25370,-15.137684106826782,-11.009793758392334,0.21428571428571427
41542,0,0,25368,-15.137684106826782,-11.009793758392334,0.21428571428571427
41543,0,0,25344,-15.137684106826782,-11.009793758392334,0.21428571428571427
41544,0,0,25343,-15.137684106826782,-11.009793758392334,0.21428571428571427
41545,0,0,25342,-15.137684106826782,-11.009793758392334,0.21428571428571427
41546,0,0,25317,-15.137684106826782,-11.009793758392334,0.21428571428571427
41547,0,0,25316,-15.137684106826782,-11.009793758392334,0.21428571428571427
41548,0,0,25315,-15.137684106826782,-11.009793758392334,0.21428571428571427
41549,0,0,25314,-15.137684106826782,-11.009793758392334,0.21428571428571427
41550,0,0,25313,-15.137684106826782,-11.009793758392334,0.21428571428571427
41551,0,0,25312,-15.137684106826782,-11.009793758392334,0.21428571428571427
41552,0,0,25311,-15.137684106826782,-11.009793758392334,0.21428571428571427
41553,0,0,25310,-15.137684106826782,-11.009793758392334,0.21428571428571427
41554,0,0,25309,-15.137684106826782,-11.009793758392334,0.21428571428571427
41555,0,0,25308,-15.137684106826782,-11.009793758392334,0.21428571428571427
41556,0,0,25307,-15.137684106826782,-11.009793758392334,0.21428571428571427
41557,0,0,25306,-15.137684106826782,-11.009793758392334,0.21428571428571427
41558,0,0,25305,-15.137684106826782,-11.009793758392334,0.21428571428571427
41559,0,0,25304,-15.137684106826782,-11.009793758392334,0.21428571428571427
41560,0,0,25303,-15.137684106826782,-11.009793758392334,0.21428571428571427
41561,0,0,25302,-15.137684106826782,-11.009793758392334,0.21428571428571427
41562,0,0,25301,-15.137684106826782,-11.009793758392334,0.21428571428571427
41563,0,0,25300,-15.137684106826782,-11.009793758392334,0.21428571428571427
41564,0,0,25299,-15.137684106826782,-11.009793758392334,0.21428571428571427
41565,0,0,25298,-15.137684106826782,-11.009793758392334,0.21428571428571427
41566,0,0,25297,-15.137684106826782,-11.009793758392334,0.21428571428571427
41567,0,0,25318,-15.137684106826782,-11.009793758392334,0.21428571428571427
41568,0,0,25319,-15.137684106826782,-11.009793758392334,0.21428571428571427
41569,0,0,25320,-15.137684106826782,-11.009793758392334,0.21428571428571427
41570,0,0,25332,-15.137684106826782,-11.009793758392334,0.21428571428571427
41571,0,0,25341,-15.137684106826782,-11.009793758392334,0.21428571428571427
41572,0,0,25340,-15.137684106826782,-11.009793758392334,0.21428571428571427
41573,0,0,25339,-15.137684106826782,-11.009793758392334,0.21428571428571427
41574,0,0,25338,-15.137684106826782,-11.009793758392334,0.21428571428571427
41575,0,0,25337,-15.137684106826782,-11.009793758392334,0.21428571428571427
41576,0,0,25336,-15.137684106826782,-11.009793758392334,0.21428571428571427
41577,0,0,25335,-15.137684106826782,-11.009793758392334,0.21428571428571427
41578,0,0,25334,-15.137684106826782,-11.009793758392334,0.21428571428571427
41579,0,0,25333,-15.137684106826782,-11.009793758392334,0.21428571428571427
41580,0,0,25331,-15.137684106826782,-11.009793758392334,0.21428571428571427
41581,0,0,25321,-15.137684106826782,-11.009793758392334,0.21428571428571427
41582,0,0,25330,-15.137684106826782,-11.009793758392334,0.21428571428571427
41583,0,0,25329,-15.137684106826782,-11.009793758392334,0.21428571428571427
41584,0,0,25328,-15.137684106826782,-11.009793758392334,0.21428571428571427
41585,0,0,25327,-15.137684106826782,-11.009793758392334,0.21428571428571427
41586,0,0,25326,-15.137684106826782,-11.009793758392334,0.21428571428571427
41587,0,0,25325,-15.137684106826782,-11.009793758392334,0.21428571428571427
41588,0,0,25324,-15.137684106826782,-11.009793758392334,0.21428571428571427
41589,0,0,25323,-15.137684106826782,-11.009793758392334,0.21428571428571427
41590,0,0,25322,-15.137684106826782,-11.009793758392334,0.21428571428571427
41591,0,0,25246,-15.137684106826782,-11.009793758392334,0.21428571428571427
41592,0,0,25197,-15.137684106826782,-11.009793758392334,0.21428571428571427
41593,0,0,25196,-15.137684106826782,-11.009793758392334,0.21428571428571427
41594,0,0,25195,-15.137684106826782,-11.009793758392334,0.21428571428571427
41595,0,0,25072,-15.137684106826782,-11.009793758392334,0.21428571428571427
41596,0,0,25071,-15.137684106826782,-11.009793758392334,0.21428571428571427
41597,0,0,25070,-15.137684106826782,-11.009793758392334,0.21428571428571427
41598,0,0,25069,-15.137684106826782,-11.009793758392334,0.21428571428571427
41599,0,0,25068,-15.137684106826782,-11.009793758392334,0.21428571428571427
41600,0,0,25067,-15.137684106826782,-11.009793758392334,0.21428571428571427
41601,0,0,25066,-15.137684106826782,-11.009793758392334,0.21428571428571427
41602,0,0,25065,-15.137684106826782,-11.009793758392334,0.21428571428571427
41603,0,0,25064,-15.137684106826782,-11.009793758392334,0.21428571428571427
41604,0,0,25063,-15.137684106826782,-11.009793758392334,0.21428571428571427
41605,0,0,25062,-15.137684106826782,-11.009793758392334,0.21428571428571427
41606,0,0,25061,-15.137684106826782,-11.009793758392334,0.21428571428571427
41607,0,0,25060,-15.137684106826782,-11.009793758392334,0.21428571428571427
41608,0,0,25059,-15.137684106826782,-11.009793758392334,0.21428571428571427
41609,0,0,25058,-15.137684106826782,-11.009793758392334,0.21428571428571427
41610,0,0,25057,-15.137684106826782,-11.009793758392334,0.21428571428571427
41611,0,0,25056,-15.137684106826782,-11.009793758392334,0.21428571428571427
41612,0,0,25055,-15.137684106826782,-11.009793758392334,0.21428571428571427
41613,0,0,25054,-15.137684106826782,-11.009793758392334,0.21428571428571427
41614,0,0,25053,-15.137684106826782,-11.009793758392334,0.21428571428571427
41615,0,0,25052,-15.137684106826782,-11.009793758392334,0.21428571428571427
41616,0,0,25073,-15.137684106826782,-11.009793758392334,0.21428571428571427
41617,0,0,25074,-15.137684106826782,-11.009793758392334,0.21428571428571427
41618,0,0,25075,-15.137684106826782,-11.009793758392334,0.21428571428571427
41619,0,0,25087,-15.137684106826782,-11.009793758392334,0.21428571428571427
41620,0,0,25096,-15.137684106826782,-11.009793758392334,0.21428571428571427
41621,0,0,25095,-15.137684106826782,-11.009793758392334,0.21428571428571427
41622,0,0,25094,-15.137684106826782,-11.009793758392334,0.21428571428571427
41623,0,0,25093,-15.137684106826782,-11.009793758392334,0.21428571428571427
41624,0,0,25092,-15.137684106826782,-11.009793758392334,0.21428571428571427
41625,0,0,25091,-15.137684106826782,-11.009793758392334,0.21428571428571427
41626,0,0,25090,-15.137684106826782,-11.009793758392334,0.21428571428571427
41627,0,0,25089,-15.137684106826782,-11.009793758392334,0.21428571428571427
41628,0,0,25088,-15.137684106826782,-11.009793758392334,0.21428571428571427
41629,0,0,25086,-15.137684106826782,-11.009793758392334,0.21428571428571427
41630,0,0,25076,-15.137684106826782,-11.009793758392334,0.21428571428571427
41631,0,0,25085,-15.137684106826782,-11.009793758392334,0.21428571428571427
41632,0,0,25084,-15.137684106826782,-11.009793758392334,0.21428571428571427
41633,0,0,25083,-15.137684106826782,-11.009793758392334,0.21428571428571427
41634,0,0,25082,-15.137684106826782,-11.009793758392334,0.21428571428571427
41635,0,0,25081,-15.137684106826782,-11.009793758392334,0.21428571428571427
41636,0,0,25080,-15.137684106826782,-11.009793758392334,0.21428571428571427
41637,0,0,25079,-15.137684106826782,-11.009793758392334,0.21428571428571427
41638,0,0,25078,-15.137684106826782,-11.009793758392334,0.21428571428571427
41639,0,0,25077,-15.137684106826782,-11.009793758392334,0.21428571428571427
41640,0,0,25051,-15.137684106826782,-11.009793758392334,0.21428571428571427
41641,0,0,25049,-15.137684106826782,-11.009793758392334,0.21428571428571427
41642,0,0,25002,-15.137684106826782,-11.009793758392334,0.21428571428571427
41643,0,0,25048,-15.137684106826782,-11.009793758392334,0.21428571428571427
41644,0,0,25023,-15.137684106826782,-11.009793758392334,0.21428571428571427
41645,0,0,25022,-15.137684106826782,-11.009793758392334,0.21428571428571427
41646,0,0,25021,-15.137684106826782,-11.009793758392334,0.21428571428571427
41647,0,0,25020,-15.137684106826782,-11.009793758392334,0.21428571428571427
41648,0,0,25019,-15.137684106826782,-11.009793758392334,0.21428571428571427
41649,0,0,25018,-15.137684106826782,-11.009793758392334,0.21428571428571427
41650,0,0,25017,-15.137684106826782,-11.009793758392334,0.21428571428571427
41651,0,0,25016,-15.137684106826782,-11.009793758392334,0.21428571428571427
41652,0,0,25015,-15.137684106826782,-11.009793758392334,0.21428571428571427
41653,0,0,25014,-15.137684106826782,-11.009793758392334,0.21428571428571427
41654,0,0,25013,-15.137684106826782,-11.009793758392334,0.21428571428571427
41655,0,0,25012,-15.137684106826782,-11.009793758392334,0.21428571428571427
41656,0,0,25011,-15.137684106826782,-11.009793758392334,0.21428571428571427
41657,0,0,25010,-15.137684106826782,-11.009793758392334,0.21428571428571427
41658,0,0,25009,-15.137684106826782,-11.009793758392334,0.21428571428571427
41659,0,0,25008,-15.137684106826782,-11.009793758392334,0.21428571428571427
41660,0,0,25007,-15.137684106826782,-11.009793758392334,0.21428571428571427
41661,0,0,25006,-15.137684106826782,-11.009793758392334,0.21428571428571427
41662,0,0,25005,-15.137684106826782,-11.009793758392334,0.21428571428571427
41663,0,0,25004,-15.137684106826782,-11.009793758392334,0.21428571428571427
41664,0,0,25003,-15.137684106826782,-11.009793758392334,0.21428571428571427
41665,0,0,25024,-15.137684106826782,-11.009793758392334,0.21428571428571427
41666,0,0,25025,-15.137684106826782,-11.009793758392334,0.21428571428571427
41667,0,0,25026,-15.137684106826782,-11.009793758392334,0.21428571428571427
41668,0,0,25038,-15.137684106826782,-11.009793758392334,0.21428571428571427
41669,0,0,25047,-15.137684106826782,-11.009793758392334,0.21428571428571427
41670,0,0,25046,-15.137684106826782,-11.009793758392334,0.21428571428571427
41671,0,0,25045,-15.137684106826782,-11.009793758392334,0.21428571428571427
41672,0,0,25044,-15.137684106826782,-11.009793758392334,0.21428571428571427
41673,0,0,25043,-15.137684106826782,-11.009793758392334,0.21428571428571427
41674,0,0,25042,-15.137684106826782,-11.009793758392334,0.21428571428571427
41675,0,0,25041,-15.137684106826782,-11.009793758392334,0.21428571428571427
41676,0,0,25040,-15.137684106826782,-11.009793758392334,0.21428571428571427
41677,0,0,25039,-15.137684106826782,-11.009793758392334,0.21428571428571427
41678,0,0,25037,-15.137684106826782,-11.009793758392334,0.21428571428571427
41679,0,0,25027,-15.137684106826782,-11.009793758392334,0.21428571428571427
41680,0,0,25036,-15.137684106826782,-11.009793758392334,0.21428571428571427
41681,0,0,25035,-15.137684106826782,-11.009793758392334,0.21428571428571427
41682,0,0,25034,-15.137684106826782,-11.009793758392334,0.21428571428571427
41683,0,0,25033,-15.137684106826782,-11.009793758392334,0.21428571428571427
41684,0,0,25032,-15.137684106826782,-11.009793758392334,0.21428571428571427
41685,0,0,25031,-15.137684106826782,-11.009793758392334,0.21428571428571427
41686,0,0,25030,-15.137684106826782,-11.009793758392334,0.21428571428571427
41687,0,0,25029,-15.137684106826782,-11.009793758392334,0.21428571428571427
41688,0,0,25028,-15.137684106826782,-11.009793758392334,0.21428571428571427
41689,0,0,25097,-15.137684106826782,-11.009793758392334,0.21428571428571427
41690,0,0,25050,-15.137684106826782,-11.009793758392334,0.21428571428571427
41691,0,0,25098,-15.137684106826782,-11.009793758392334,0.21428571428571427
41692,0,0,25148,-15.137684106826782,-11.009793758392334,0.21428571428571427
41693,0,0,25170,-15.137684106826782,-11.009793758392334,0.21428571428571427
41694,0,0,25169,-15.137684106826782,-11.009793758392334,0.21428571428571427
41695,0,0,25168,-15.137684106826782,-11.009793758392334,0.21428571428571427
41696,0,0,25167,-15.137684106826782,-11.009793758392334,0.21428571428571427
41697,0,0,25166,-15.137684106826782,-11.009793758392334,0.21428571428571427
41698,0,0,25165,-15.137684106826782,-11.009793758392334,0.21428571428571427
41699,0,0,25164,-15.137684106826782,-11.009793758392334,0.21428571428571427
41700,0,0,25163,-15.137684106826782,-11.009793758392334,0.21428571428571427
41701,0,0,25162,-15.137684106826782,-11.009793758392334,0.21428571428571427
41702,0,0,25161,-15.137684106826782,-11.009793758392334,0.21428571428571427
41703,1,0,25160,-15.137684106826782,-11.009793758392334,0.21428571428571427
41704,0,0,25159,-15.137684106826782,-11.009793758392334,0.21428571428571427
41705,0,0,25158,-15.137684106826782,-11.009793758392334,0.21428571428571427
41706,0,0,25157,-15.137684106826782,-11.009793758392334,0.21428571428571427
41707,0,0,25156,-15.137684106826782,-11.009793758392334,0.21428571428571427
41708,0,0,25155,-15.137684106826782,-11.009793758392334,0.21428571428571427
41709,0,0,25154,-15.137684106826782,-11.009793758392334,0.21428571428571427
41710,0,0,25153,-15.137684106826782,-11.009793758392334,0.21428571428571427
41711,0,0,25152,-15.137684106826782,-11.009793758392334,0.21428571428571427
41712,0,0,25151,-15.137684106826782,-11.009793758392334,0.21428571428571427
41713,0,0,25150,-15.137684106826782,-11.009793758392334,0.21428571428571427
41714,0,0,25171,-15.137684106826782,-11.009793758392334,0.21428571428571427
41715,0,0,25172,-15.137684106826782,-11.009793758392334,0.21428571428571427
41716,0,0,25173,-15.137684106826782,-11.009793758392334,0.21428571428571427
41717,0,0,25185,-15.137684106826782,-11.009793758392334,0.21428571428571427
41718,0,0,25194,-15.137684106826782,-11.009793758392334,0.21428571428571427
41719,0,0,25193,-15.137684106826782,-11.009793758392334,0.21428571428571427
41720,0,0,25192,-15.137684106826782,-11.009793758392334,0.21428571428571427
41721,0,0,25191,-15.137684106826782,-11.009793758392334,0.21428571428571427
41722,0,0,25190,-15.137684106826782,-11.009793758392334,0.21428571428571427
41723,0,0,25189,-15.137684106826782,-11.009793758392334,0.21428571428571427
41724,0,0,25188,-15.137684106826782,-11.009793758392334,0.21428571428571427
41725,0,0,25187,-15.137684106826782,-11.009793758392334,0.21428571428571427
41726,0,0,25186,-15.137684106826782,-11.009793758392334,0.21428571428571427
41727,0,0,25184,-15.137684106826782,-11.009793758392334,0.21428571428571427
41728,0,0,25174,-15.137684106826782,-11.009793758392334,0.21428571428571427
41729,0,0,25183,-15.137684106826782,-11.009793758392334,0.21428571428571427
41730,0,0,25182,-15.137684106826782,-11.009793758392334,0.21428571428571427
41731,0,0,25181,-15.137684106826782,-11.009793758392334,0.21428571428571427
41732,0,0,25180,-15.137684106826782,-11.009793758392334,0.21428571428571427
41733,0,0,25179,-15.137684106826782,-11.009793758392334,0.21428571428571427
41734,0,0,25178,-15.137684106826782,-11.009793758392334,0.21428571428571427
41735,0,0,25177,-15.137684106826782,-11.009793758392334,0.21428571428571427
41736,0,0,25176,-15.137684106826782,-11.009793758392334,0.21428571428571427
41737,0,0,25175,-15.137684106826782,-11.009793758392334,0.21428571428571427
41738,0,0,25149,-15.137684106826782,-11.009793758392334,0.21428571428571427
41739,0,0,25147,-15.137684106826782,-11.009793758392334,0.21428571428571427
41740,0,0,25100,-15.137684106826782,-11.009793758392334,0.21428571428571427
41741,0,0,25146,-15.137684106826782,-11.009793758392334,0.21428571428571427
41742,0,0,25121,-15.137684106826782,-11.009793758392334,0.21428571428571427
41743,0,0,25120,-15.137684106826782,-11.009793758392334,0.21428571428571427
41744,0,0,25119,-15.137684106826782,-11.009793758392334,0.21428571428571427
41745,0,0,25118,-15.137684106826782,-11.009793758392334,0.21428571428571427
41746,0,0,25117,-15.137684106826782,-11.009793758392334,0.21428571428571427
41747,0,0,25116,-15.137684106826782,-11.009793758392334,0.21428571428571427
41748,0,0,25115,-15.137684106826782,-11.009793758392334,0.21428571428571427
41749,0,0,25114,-15.137684106826782,-11.009793758392334,0.21428571428571427
41750,0,0,25113,-15.137684106826782,-11.009793758392334,0.21428571428571427
41751,0,0,25112,-15.137684106826782,-11.009793758392334,0.21428571428571427
41752,0,0,25111,-15.137684106826782,-11.009793758392334,0.21428571428571427
41753,0,0,25110,-15.137684106826782,-11.009793758392334,0.21428571428571427
41754,0,0,25109,-15.137684106826782,-11.009793758392334,0.21428571428571427
41755,0,0,25108,-15.137684106826782,-11.009793758392334,0.21428571428571427
41756,0,0,25107,-15.137684106826782,-11.009793758392334,0.21428571428571427
41757,0,0,25106,-15.137684106826782,-11.009793758392334,0.21428571428571427
41758,0,0,25105,-15.137684106826782,-11.009793758392334,0.21428571428571427
41759,0,0,25104,-15.137684106826782,-11.009793758392334,0.21428571428571427
41760,0,0,25103,-15.137684106826782,-11.009793758392334,0.21428571428571427
41761,0,0,25102,-15.137684106826782,-11.009793758392334,0.21428571428571427
41762,0,0,25101,-15.137684106826782,-11.009793758392334,0.21428571428571427
41763,0,0,25122,-15.137684106826782,-11.009793758392334,0.21428571428571427
41764,0,0,25123,-15.137684106826782,-11.009793758392334,0.21428571428571427
41765,0,0,25124,-15.137684106826782,-11.009793758392334,0.21428571428571427
41766,0,0,25136,-15.137684106826782,-11.009793758392334,0.21428571428571427
41767,0,0,25145,-15.137684106826782,-11.009793758392334,0.21428571428571427
41768,0,0,25144,-15.137684106826782,-11.009793758392334,0.21428571428571427
41769,0,0,25143,-15.137684106826782,-11.009793758392334,0.21428571428571427
41770,0,0,25142,-15.137684106826782,-11.009793758392334,0.21428571428571427
41771,0,0,25141,-15.137684106826782,-11.009793758392334,0.21428571428571427
41772,0,0,25140,-15.137684106826782,-11.009793758392334,0.21428571428571427
41773,0,0,25139,-15.137684106826782,-11.009793758392334,0.21428571428571427
41774,0,0,25138,-15.137684106826782,-11.009793758392334,0.21428571428571427
41775,0,0,25137,-15.137684106826782,-11.009793758392334,0.21428571428571427
41776,0,0,25135,-15.137684106826782,-11.009793758392334,0.21428571428571427
41777,0,0,25125,-15.137684106826782,-11.009793758392334,0.21428571428571427
41778,0,0,25134,-15.137684106826782,-11.009793758392334,0.21428571428571427
41779,0,0,25133,-15.137684106826782,-11.009793758392334,0.21428571428571427
41780,0,0,25132,-15.137684106826782,-11.009793758392334,0.21428571428571427
41781,0,0,25131,-15.137684106826782,-11.009793758392334,0.21428571428571427
41782,0,0,25130,-15.137684106826782,-11.009793758392334,0.21428571428571427
41783,0,0,25129,-15.137684106826782,-11.009793758392334,0.21428571428571427
41784,0,0,25128,-15.137684106826782,-11.009793758392334,0.21428571428571427
41785,0,0,25127,-15.137684106826782,-11.009793758392334,0.21428571428571427
41786,0,0,25126,-15.137684106826782,-11.009793758392334,0.21428571428571427
41787,0,0,25390,-15.137684106826782,-11.009793758392334,0.21428571428571427
41788,0,0,25099,-15.137684106826782,-11.009793758392334,0.21428571428571427
41789,0,0,25391,-15.137684106826782,-11.009793758392334,0.21428571428571427
41790,0,0,25490,-15.137684106826782,-11.009793758392334,0.21428571428571427
41791,0,0,25659,-15.137684106826782,-11.009793758392334,0.21428571428571427
41792,0,0,25658,-15.137684106826782,-11.009793758392334,0.21428571428571427
41793,0,0,25657,-15.137684106826782,-11.009793758392334,0.21428571428571427
41794,0,0,25656,-15.137684106826782,-11.009793758392334,0.21428571428571427
41795,0,0,25655,-15.137684106826782,-11.009793758392334,0.21428571428571427
41796,0,0,25654,-15.137684106826782,-11.009793758392334,0.21428571428571427
41797,0,0,25653,-15.137684106826782,-11.009793758392334,0.21428571428571427
41798,0,0,25652,-15.137684106826782,-11.009793758392334,0.21428571428571427
41799,0,0,25651,-15.137684106826782,-11.009793758392334,0.21428571428571427
41800,0,0,25650,-15.137684106826782,-11.009793758392334,0.21428571428571427
41801,0,0,25649,-15.137684106826782,-11.009793758392334,0.21428571428571427
41802,0,0,25648,-15.137684106826782,-11.009793758392334,0.21428571428571427
41803,0,0,25647,-15.137684106826782,-11.009793758392334,0.21428571428571427
41804,0,0,25646,-15.137684106826782,-11.009793758392334,0.21428571428571427
41805,0,0,25645,-15.137684106826782,-11.009793758392334,0.21428571428571427
41806,0,0,25644,-15.137684106826782,-11.009793758392334,0.21428571428571427
41807,0,0,25643,-15.137684106826782,-11.009793758392334,0.21428571428571427
41808,0,0,25642,-15.137684106826782,-11.009793758392334,0.21428571428571427
41809,0,0,25641,-15.137684106826782,-11.009793758392334,0.21428571428571427
41810,0,0,25640,-15.137684106826782,-11.009793758392334,0.21428571428571427
41811,0,0,25639,-15.137684106826782,-11.009793758392334,0.21428571428571427
41812,0,0,25660,-15.137684106826782,-11.009793758392334,0.21428571428571427
41813,0,0,25661,-15.137684106826782,-11.009793758392334,0.21428571428571427
41814,0,0,25662,-15.137684106826782,-11.009793758392334,0.21428571428571427
41815,0,0,25674,-15.137684106826782,-11.009793758392334,0.21428571428571427
41816,0,0,25683,-15.137684106826782,-11.009793758392334,0.21428571428571427
41817,0,0,25682,-15.137684106826782,-11.009793758392334,0.21428571428571427
41818,0,0,25681,-15.137684106826782,-11.009793758392334,0.21428571428571427
41819,0,0,25680,-15.137684106826782,-11.009793758392334,0.21428571428571427
41820,0,0,25679,-15.137684106826782,-11.009793758392334,0.21428571428571427
41821,0,0,25678,-15.137684106826782,-11.009793758392334,0.21428571428571427
41822,0,0,25677,-15.137684106826782,-11.009793758392334,0.21428571428571427
41823,0,0,25676,-15.137684106826782,-11.009793758392334,0.21428571428571427
41824,0,0,25675,-15.137684106826782,-11.009793758392334,0.21428571428571427
41825,0,0,25673,-15.137684106826782,-11.009793758392334,0.21428571428571427
41826,0,0,25663,-15.137684106826782,-11.009793758392334,0.21428571428571427
41827,0,0,25672,-15.137684106826782,-11.009793758392334,0.21428571428571427
41828,0,0,25671,-15.137684106826782,-11.009793758392334,0.21428571428571427
41829,0,0,25670,-15.137684106826782,-11.009793758392334,0.21428571428571427
41830,0,0,25669,-15.137684106826782,-11.009793758392334,0.21428571428571427
41831,0,0,25668,-15.137684106826782,-11.009793758392334,0.21428571428571427
41832,0,0,25667,-15.137684106826782,-11.009793758392334,0.21428571428571427
41833,0,0,25666,-15.137684106826782,-11.009793758392334,0.21428571428571427
41834,0,0,25665,-15.137684106826782,-11.009793758392334,0.21428571428571427
41835,0,0,25664,-15.137684106826782,-11.009793758392334,0.21428571428571427
41836,0,0,25638,-15.137684106826782,-11.009793758392334,0.21428571428571427
41837,0,0,25636,-15.137684106826782,-11.009793758392334,0.21428571428571427
41838,0,0,25589,-15.137684106826782,-11.009793758392334,0.21428571428571427
41839,0,0,25635,-15.137684106826782,-11.009793758392334,0.21428571428571427
41840,0,0,25610,-15.137684106826782,-11.009793758392334,0.21428571428571427
41841,0,0,25609,-15.137684106826782,-11.009793758392334,0.21428571428571427
41842,0,0,25608,-15.137684106826782,-11.009793758392334,0.21428571428571427
41843,0,0,25607,-15.137684106826782,-11.009793758392334,0.21428571428571427
41844,0,0,25606,-15.137684106826782,-11.009793758392334,0.21428571428571427
41845,0,0,25605,-15.137684106826782,-11.009793758392334,0.21428571428571427
41846,0,0,25604,-15.137684106826782,-11.009793758392334,0.21428571428571427
41847,0,0,25603,-15.137684106826782,-11.009793758392334,0.21428571428571427
41848,0,0,25602,-15.137684106826782,-11.009793758392334,0.21428571428571427
41849,0,0,25601,-15.137684106826782,-11.009793758392334,0.21428571428571427
41850,0,0,25600,-15.137684106826782,-11.009793758392334,0.21428571428571427
41851,0,0,25599,-15.137684106826782,-11.009793758392334,0.21428571428571427
41852,0,0,25598,-15.137684106826782,-11.009793758392334,0.21428571428571427
41853,0,0,25597,-15.137684106826782,-11.009793758392334,0.21428571428571427
41854,0,0,25596,-15.137684106826782,-11.009793758392334,0.21428571428571427
41855,0,0,25595,-15.137684106826782,-11.009793758392334,0.21428571428571427
41856,0,0,25594,-15.137684106826782,-11.009793758392334,0.21428571428571427
41857,0,0,25593,-15.137684106826782,-11.009793758392334,0.21428571428571427
41858,0,0,25592,-15.137684106826782,-11.009793758392334,0.21428571428571427
41859,0,0,25591,-15.137684106826782,-11.009793758392334,0.21428571428571427
41860,0,0,25590,-15.137684106826782,-11.009793758392334,0.21428571428571427
41861,0,0,25611,-15.137684106826782,-11.009793758392334,0.21428571428571427
41862,0,0,25612,-15.137684106826782,-11.009793758392334,0.21428571428571427
41863,0,0,25613,-15.137684106826782,-11.009793758392334,0.21428571428571427
41864,0,0,25625,-15.137684106826782,-11.009793758392334,0.21428571428571427
41865,0,0,25634,-15.137684106826782,-11.009793758392334,0.21428571428571427
41866,0,0,25633,-15.137684106826782,-11.009793758392334,0.21428571428571427
41867,0,0,25632,-15.137684106826782,-11.009793758392334,0.21428571428571427
41868,0,0,25631,-15.137684106826782,-11.009793758392334,0.21428571428571427
41869,0,0,25630,-15.137684106826782,-11.009793758392334,0.21428571428571427
41870,0,0,25629,-15.137684106826782,-11.009793758392334,0.21428571428571427
41871,0,0,25628,-15.137684106826782,-11.009793758392334,0.21428571428571427
41872,0,0,25627,-15.137684106826782,-11.009793758392334,0.21428571428571427
41873,0,0,25626,-15.137684106826782,-11.009793758392334,0.21428571428571427
41874,0,0,25624,-15.137684106826782,-11.009793758392334,0.21428571428571427
41875,1,0,25614,-15.137684106826782,-11.009793758392334,0.21428571428571427
41876,0,0,25623,-15.137684106826782,-11.009793758392334,0.21428571428571427
41877,0,0,25622,-15.137684106826782,-11.009793758392334,0.21428571428571427
41878,0,0,25621,-15.137684106826782,-11.009793758392334,0.21428571428571427
41879,0,0,25620,-15.137684106826782,-11.009793758392334,0.21428571428571427
41880,0,0,25619,-15.137684106826782,-11.009793758392334,0.21428571428571427
41881,0,0,25618,-15.137684106826782,-11.009793758392334,0.21428571428571427
41882,0,0,25617,-15.137684106826782,-11.009793758392334,0.21428571428571427
41883,0,0,25616,-15.137684106826782,-11.009793758392334,0.21428571428571427
41884,0,0,25615,-15.137684106826782,-11.009793758392334,0.21428571428571427
41885,0,0,25684,-15.137684106826782,-11.009793758392334,0.21428571428571427
41886,0,0,25685,-15.137684106826782,-11.009793758392334,0.21428571428571427
41887,0,0,25686,-15.137684106826782,-11.009793758392334,0.21428571428571427
41888,0,0,25687,-15.137684106826782,-11.009793758392334,0.21428571428571427
41889,0,0,25756,-15.137684106826782,-11.009793758392334,0.21428571428571427
41890,0,0,25755,-15.137684106826782,-11.009793758392334,0.21428571428571427
41891,0,0,25754,-15.137684106826782,-11.009793758392334,0.21428571428571427
41892,0,0,25753,-15.137684106826782,-11.009793758392334,0.21428571428571427
41893,0,0,25752,-15.137684106826782,-11.009793758392334,0.21428571428571427
41894,0,0,25751,-15.137684106826782,-11.009793758392334,0.21428571428571427
41895,0,0,25750,-15.137684106826782,-11.009793758392334,0.21428571428571427
41896,0,0,25749,-15.137684106826782,-11.009793758392334,0.21428571428571427
41897,0,0,25748,-15.137684106826782,-11.009793758392334,0.21428571428571427
41898,0,0,25746,-15.137684106826782,-11.009793758392334,0.21428571428571427
41899,0,0,25736,-15.137684106826782,-11.009793758392334,0.21428571428571427
41900,0,0,25745,-15.137684106826782,-11.009793758392334,0.21428571428571427
41901,0,0,25744,-15.137684106826782,-11.009793758392334,0.21428571428571427
41902,0,0,25743,-15.137684106826782,-11.009793758392334,0.21428571428571427
41903,0,0,25742,-15.137684106826782,-11.009793758392334,0.21428571428571427
41904,0,0,25741,-15.137684106826782,-11.009793758392334,0.21428571428571427
41905,0,0,25740,-15.137684106826782,-11.009793758392334,0.21428571428571427
41906,0,0,25739,-15.137684106826782,-11.009793758392334,0.21428571428571427
41907,0,0,25738,-15.137684106826782,-11.009793758392334,0.21428571428571427
41908,0,0,25737,-15.137684106826782,-11.009793758392334,0.21428571428571427
41909,0,0,25757,-15.137684106826782,-11.009793758392334,0.21428571428571427
41910,0,0,25747,-15.137684106826782,-11.009793758392334,0.21428571428571427
41911,0,0,25758,-15.137684106826782,-11.009793758392334,0.21428571428571427
41912,0,0,25771,-15.137684106826782,-11.009793758392334,0.21428571428571427
41913,0,0,25780,-15.137684106826782,-11.009793758392334,0.21428571428571427
41914,0,0,25779,-15.137684106826782,-11.009793758392334,0.21428571428571427
41915,0,0,25778,-15.137684106826782,-11.009793758392334,0.21428571428571427
41916,0,0,25777,-15.137684106826782,-11.009793758392334,0.21428571428571427
41917,0,0,25776,-15.137684106826782,-11.009793758392334,0.21428571428571427
41918,0,0,25775,-15.137684106826782,-11.009793758392334,0.21428571428571427
41919,0,0,25774,-15.137684106826782,-11.009793758392334,0.21428571428571427
41920,0,0,25773,-15.137684106826782,-11.009793758392334,0.21428571428571427
41921,0,0,25772,-15.137684106826782,-11.009793758392334,0.21428571428571427
41922,0,0,25770,-15.137684106826782,-11.009793758392334,0.21428571428571427
41923,0,0,25760,-15.137684106826782,-11.009793758392334,0.21428571428571427
41924,0,0,25769,-15.137684106826782,-11.009793758392334,0.21428571428571427
41925,0,0,25768,-15.137684106826782,-11.009793758392334,0.21428571428571427
41926,0,0,25767,-15.137684106826782,-11.009793758392334,0.21428571428571427
41927,0,0,25766,-15.137684106826782,-11.009793758392334,0.21428571428571427
41928,0,0,25765,-15.137684106826782,-11.009793758392334,0.21428571428571427
41929,0,0,25764,-15.137684106826782,-11.009793758392334,0.21428571428571427
41930,0,0,25763,-15.137684106826782,-11.009793758392334,0.21428571428571427
41931,0,0,25762,-15.137684106826782,-11.009793758392334,0.21428571428571427
41932,0,0,25761,-15.137684106826782,-11.009793758392334,0.21428571428571427
41933,0,0,25759,-15.137684106826782,-11.009793758392334,0.21428571428571427
41934,0,0,25735,-15.137684106826782,-11.009793758392334,0.21428571428571427
41935,0,0,25734,-15.137684106826782,-11.009793758392334,0.21428571428571427
41936,0,0,25733,-15.137684106826782,-11.009793758392334,0.21428571428571427
41937,0,0,25708,-15.137684106826782,-11.009793758392334,0.21428571428571427
41938,0,0,25707,-15.137684106826782,-11.009793758392334,0.21428571428571427
41939,0,0,25706,-15.137684106826782,-11.009793758392334,0.21428571428571427
41940,0,0,25705,-15.137684106826782,-11.009793758392334,0.21428571428571427
41941,0,0,25704,-15.137684106826782,-11.009793758392334,0.21428571428571427
41942,0,0,25703,-15.137684106826782,-11.009793758392334,0.21428571428571427
41943,0,0,25702,-15.137684106826782,-11.009793758392334,0.21428571428571427
41944,0,0,25701,-15.137684106826782,-11.009793758392334,0.21428571428571427
41945,0,0,25700,-15.137684106826782,-11.009793758392334,0.21428571428571427
41946,0,0,25699,-15.137684106826782,-11.009793758392334,0.21428571428571427
41947,0,0,25698,-15.137684106826782,-11.009793758392334,0.21428571428571427
41948,0,0,25697,-15.137684106826782,-11.009793758392334,0.21428571428571427
41949,0,0,25696,-15.137684106826782,-11.009793758392334,0.21428571428571427
41950,0,0,25695,-15.137684106826782,-11.009793758392334,0.21428571428571427
41951,0,0,25694,-15.137684106826782,-11.009793758392334,0.21428571428571427
41952,0,0,25693,-15.137684106826782,-11.009793758392334,0.21428571428571427
41953,0,0,25692,-15.137684106826782,-11.009793758392334,0.21428571428571427
41954,0,0,25691,-15.137684106826782,-11.009793758392334,0.21428571428571427
41955,0,0,25690,-15.137684106826782,-11.009793758392334,0.21428571428571427
41956,0,0,25689,-15.137684106826782,-11.009793758392334,0.21428571428571427
41957,0,0,25688,-15.137684106826782,-11.009793758392334,0.21428571428571427
41958,0,0,25709,-15.137684106826782,-11.009793758392334,0.21428571428571427
41959,0,0,25710,-15.137684106826782,-11.009793758392334,0.21428571428571427
41960,0,0,25711,-15.137684106826782,-11.009793758392334,0.21428571428571427
41961,0,0,25723,-15.137684106826782,-11.009793758392334,0.21428571428571427
41962,0,0,25732,-15.137684106826782,-11.009793758392334,0.21428571428571427
41963,0,0,25731,-15.137684106826782,-11.009793758392334,0.21428571428571427
41964,0,0,25730,-15.137684106826782,-11.009793758392334,0.21428571428571427
41965,0,0,25729,-15.137684106826782,-11.009793758392334,0.21428571428571427
41966,0,0,25728,-15.137684106826782,-11.009793758392334,0.21428571428571427
41967,0,0,25727,-15.137684106826782,-11.009793758392334,0.21428571428571427
41968,0,0,25726,-15.137684106826782,-11.009793758392334,0.21428571428571427
41969,0,0,25725,-15.137684106826782,-11.009793758392334,0.21428571428571427
41970,0,0,25724,-15.137684106826782,-11.009793758392334,0.21428571428571427
41971,0,0,25722,-15.137684106826782,-11.009793758392334,0.21428571428571427
41972,0,0,25712,-15.137684106826782,-11.009793758392334,0.21428571428571427
41973,0,0,25721,-15.137684106826782,-11.009793758392334,0.21428571428571427
41974,0,0,25720,-15.137684106826782,-11.009793758392334,0.21428571428571427
41975,0,0,25719,-15.137684106826782,-11.009793758392334,0.21428571428571427
41976,0,0,25718,-15.137684106826782,-11.009793758392334,0.21428571428571427
41977,0,0,25717,-15.137684106826782,-11.009793758392334,0.21428571428571427
41978,0,0,25716,-15.137684106826782,-11.009793758392334,0.21428571428571427
41979,0,0,25715,-15.137684106826782,-11.009793758392334,0.21428571428571427
41980,0,0,25714,-15.137684106826782,-11.009793758392334,0.21428571428571427
41981,0,0,25713,-15.137684106826782,-11.009793758392334,0.21428571428571427
41982,0,0,25637,-15.137684106826782,-11.009793758392334,0.21428571428571427
41983,0,0,25588,-15.137684106826782,-11.009793758392334,0.21428571428571427
41984,0,0,25587,-15.137684106826782,-11.009793758392334,0.21428571428571427
41985,0,0,25586,-15.137684106826782,-11.009793758392334,0.21428571428571427
41986,0,0,25463,-15.137684106826782,-11.009793758392334,0.21428571428571427
41987,0,0,25462,-15.137684106826782,-11.009793758392334,0.21428571428571427
41988,0,0,25461,-15.137684106826782,-11.009793758392334,0.21428571428571427
41989,0,0,25460,-15.137684106826782,-11.009793758392334,0.21428571428571427
41990,0,0,25459,-15.137684106826782,-11.009793758392334,0.21428571428571427
41991,0,0,25458,-15.137684106826782,-11.009793758392334,0.21428571428571427
41992,0,0,25457,-15.137684106826782,-11.009793758392334,0.21428571428571427
41993,0,0,25456,-15.137684106826782,-11.009793758392334,0.21428571428571427
41994,0,0,25455,-15.137684106826782,-11.009793758392334,0.21428571428571427
41995,0,0,25454,-15.137684106826782,-11.009793758392334,0.21428571428571427
41996,0,0,25453,-15.137684106826782,-11.009793758392334,0.21428571428571427
41997,0,0,25452,-15.137684106826782,-11.009793758392334,0.21428571428571427
41998,0,0,25451,-15.137684106826782,-11.009793758392334,0.21428571428571427
41999,0,0,25450,-15.137684106826782,-11.009793758392334,0.21428571428571427
42000,0,0,25449,-15.137684106826782,-11.009793758392334,0.21428571428571427
42001,0,0,25448,-15.137684106826782,-11.009793758392334,0.21428571428571427
42002,0,0,25447,-15.137684106826782,-11.009793758392334,0.21428571428571427
42003,0,0,25446,-15.137684106826782,-11.009793758392334,0.21428571428571427
42004,0,0,25445,-15.137684106826782,-11.009793758392334,0.21428571428571427
42005,0,0,25444,-15.137684106826782,-11.009793758392334,0.21428571428571427
42006,0,0,25443,-15.137684106826782,-11.009793758392334,0.21428571428571427
42007,0,0,25464,-15.137684106826782,-11.009793758392334,0.21428571428571427
42008,0,0,25465,-15.137684106826782,-11.009793758392334,0.21428571428571427
42009,0,0,25466,-15.137684106826782,-11.009793758392334,0.21428571428571427
42010,0,0,25478,-15.137684106826782,-11.009793758392334,0.21428571428571427
42011,0,0,25487,-15.137684106826782,-11.009793758392334,0.21428571428571427
42012,0,0,25486,-15.137684106826782,-11.009793758392334,0.21428571428571427
42013,0,0,25485,-15.137684106826782,-11.009793758392334,0.21428571428571427
42014,0,0,25484,-15.137684106826782,-11.009793758392334,0.21428571428571427
42015,0,0,25483,-15.137684106826782,-11.009793758392334,0.21428571428571427
42016,0,0,25482,-15.137684106826782,-11.009793758392334,0.21428571428571427
42017,0,0,25481,-15.137684106826782,-11.009793758392334,0.21428571428571427
42018,0,0,25480,-15.137684106826782,-11.009793758392334,0.21428571428571427
42019,0,0,25479,-15.137684106826782,-11.009793758392334,0.21428571428571427
42020,0,0,25477,-15.137684106826782,-11.009793758392334,0.21428571428571427
42021,0,0,25467,-15.137684106826782,-11.009793758392334,0.21428571428571427
42022,0,0,25476,-15.137684106826782,-11.009793758392334,0.21428571428571427
42023,0,0,25475,-15.137684106826782,-11.009793758392334,0.21428571428571427
42024,0,0,25474,-15.137684106826782,-11.009793758392334,0.21428571428571427
42025,0,0,25473,-15.137684106826782,-11.009793758392334,0.21428571428571427
42026,0,0,25472,-15.137684106826782,-11.009793758392334,0.21428571428571427
42027,0,0,25471,-15.137684106826782,-11.009793758392334,0.21428571428571427
42028,0,0,25470,-15.137684106826782,-11.009793758392334,0.21428571428571427
42029,0,0,25469,-15.137684106826782,-11.009793758392334,0.21428571428571427
42030,0,0,25468,-15.137684106826782,-11.009793758392334,0.21428571428571427
42031,0,0,25442,-15.137684106826782,-11.009793758392334,0.21428571428571427
42032,0,0,25440,-15.137684106826782,-11.009793758392334,0.21428571428571427
42033,0,0,25393,-15.137684106826782,-11.009793758392334,0.21428571428571427
42034,0,0,25439,-15.137684106826782,-11.009793758392334,0.21428571428571427
42035,0,0,25414,-15.137684106826782,-11.009793758392334,0.21428571428571427
42036,0,0,25413,-15.137684106826782,-11.009793758392334,0.21428571428571427
42037,0,0,25412,-15.137684106826782,-11.009793758392334,0.21428571428571427
42038,0,0,25411,-15.137684106826782,-11.009793758392334,0.21428571428571427
42039,0,0,25410,-15.137684106826782,-11.009793758392334,0.21428571428571427
42040,0,0,25409,-15.137684106826782,-11.009793758392334,0.21428571428571427
42041,0,0,25408,-15.137684106826782,-11.009793758392334,0.21428571428571427
42042,0,0,25407,-15.137684106826782,-11.009793758392334,0.21428571428571427
42043,0,0,25406,-15.137684106826782,-11.009793758392334,0.21428571428571427
42044,0,0,25405,-15.137684106826782,-11.009793758392334,0.21428571428571427
42045,0,0,25404,-15.137684106826782,-11.009793758392334,0.21428571428571427
42046,0,0,25403,-15.137684106826782,-11.009793758392334,0.21428571428571427
42047,0,0,25402,-15.137684106826782,-11.009793758392334,0.21428571428571427
42048,0,0,25401,-15.137684106826782,-11.009793758392334,0.21428571428571427
42049,0,0,25400,-15.137684106826782,-11.009793758392334,0.21428571428571427
42050,0,0,25399,-15.137684106826782,-11.009793758392334,0.21428571428571427
42051,0,0,25398,-15.137684106826782,-11.009793758392334,0.21428571428571427
42052,0,0,25397,-15.137684106826782,-11.009793758392334,0.21428571428571427
42053,0,0,25396,-15.137684106826782,-11.009793758392334,0.21428571428571427
42054,0,0,25395,-15.137684106826782,-11.009793758392334,0.21428571428571427
42055,0,0,25394,-15.137684106826782,-11.009793758392334,0.21428571428571427
42056,0,0,25415,-15.137684106826782,-11.009793758392334,0.21428571428571427
42057,0,0,25416,-15.137684106826782,-11.009793758392334,0.21428571428571427
42058,0,0,25417,-15.137684106826782,-11.009793758392334,0.21428571428571427
42059,0,0,25429,-15.137684106826782,-11.009793758392334,0.21428571428571427
42060,0,0,25438,-15.137684106826782,-11.009793758392334,0.21428571428571427
42061,0,0,25437,-15.137684106826782,-11.009793758392334,0.21428571428571427
42062,0,0,25436,-15.137684106826782,-11.009793758392334,0.21428571428571427
42063,0,0,25435,-15.137684106826782,-11.009793758392334,0.21428571428571427
42064,0,0,25434,-15.137684106826782,-11.009793758392334,0.21428571428571427
42065,0,0,25433,-15.137684106826782,-11.009793758392334,0.21428571428571427
42066,0,0,25432,-15.137684106826782,-11.009793758392334,0.21428571428571427
42067,0,0,25431,-15.137684106826782,-11.009793758392334,0.21428571428571427
42068,0,0,25430,-15.137684106826782,-11.009793758392334,0.21428571428571427
42069,0,0,25428,-15.137684106826782,-11.009793758392334,0.21428571428571427
42070,0,0,25418,-15.137684106826782,-11.009793758392334,0.21428571428571427
42071,0,0,25427,-15.137684106826782,-11.009793758392334,0.21428571428571427
42072,0,0,25426,-15.137684106826782,-11.009793758392334,0.21428571428571427
42073,0,0,25425,-15.137684106826782,-11.009793758392334,0.21428571428571427
42074,0,0,25424,-15.137684106826782,-11.009793758392334,0.21428571428571427
42075,0,0,25423,-15.137684106826782,-11.009793758392334,0.21428571428571427
42076,0,0,25422,-15.137684106826782,-11.009793758392334,0.21428571428571427
42077,0,0,25421,-15.137684106826782,-11.009793758392334,0.21428571428571427
42078,0,0,25420,-15.137684106826782,-11.009793758392334,0.21428571428571427
42079,0,0,25419,-15.137684106826782,-11.009793758392334,0.21428571428571427
42080,0,0,25488,-15.137684106826782,-11.009793758392334,0.21428571428571427
42081,0,0,25441,-15.137684106826782,-11.009793758392334,0.21428571428571427
42082,0,0,25489,-15.137684106826782,-11.009793758392334,0.21428571428571427
42083,1,0,25539,-15.137684106826782,-11.009793758392334,0.21428571428571427
42084,0,0,25561,-15.137684106826782,-11.009793758392334,0.21428571428571427
42085,0,0,25560,-15.137684106826782,-11.009793758392334,0.21428571428571427
42086,0,0,25559,-15.137684106826782,-11.009793758392334,0.21428571428571427
42087,0,0,25558,-15.137684106826782,-11.009793758392334,0.21428571428571427
42088,0,0,25557,-15.137684106826782,-11.009793758392334,0.21428571428571427
42089,0,0,25556,-15.137684106826782,-11.009793758392334,0.21428571428571427
42090,0,0,25555,-15.137684106826782,-11.009793758392334,0.21428571428571427
42091,0,0,25554,-15.137684106826782,-11.009793758392334,0.21428571428571427
42092,0,0,25553,-15.137684106826782,-11.009793758392334,0.21428571428571427
42093,0,0,25552,-15.137684106826782,-11.009793758392334,0.21428571428571427
42094,0,0,25551,-15.137684106826782,-11.009793758392334,0.21428571428571427
42095,0,0,25550,-15.137684106826782,-11.009793758392334,0.21428571428571427
42096,0,0,25549,-15.137684106826782,-11.009793758392334,0.21428571428571427
42097,0,0,25548,-15.137684106826782,-11.009793758392334,0.21428571428571427
42098,0,0,25547,-15.137684106826782,-11.009793758392334,0.21428571428571427
42099,0,0,25546,-15.137684106826782,-11.009793758392334,0.21428571428571427
42100,0,0,25545,-15.137684106826782,-11.009793758392334,0.21428571428571427
42101,0,0,25544,-15.137684106826782,-11.009793758392334,0.21428571428571427
42102,0,0,25543,-15.137684106826782,-11.009793758392334,0.21428571428571427
42103,0,0,25542,-15.137684106826782,-11.009793758392334,0.21428571428571427
42104,0,0,25541,-15.137684106826782,-11.009793758392334,0.21428571428571427
42105,0,0,25562,-15.137684106826782,-11.009793758392334,0.21428571428571427
42106,0,0,25563,-15.137684106826782,-11.009793758392334,0.21428571428571427
42107,0,0,25564,-15.137684106826782,-11.009793758392334,0.21428571428571427
42108,0,0,25576,-15.137684106826782,-11.009793758392334,0.21428571428571427
42109,0,0,25585,-15.137684106826782,-11.009793758392334,0.21428571428571427
42110,0,0,25584,-15.137684106826782,-11.009793758392334,0.21428571428571427
42111,0,0,25583,-15.137684106826782,-11.009793758392334,0.21428571428571427
42112,0,0,25582,-15.137684106826782,-11.009793758392334,0.21428571428571427
42113,0,0,25581,-15.137684106826782,-11.009793758392334,0.21428571428571427
42114,0,0,25580,-15.137684106826782,-11.009793758392334,0.21428571428571427
42115,0,0,25579,-15.137684106826782,-11.009793758392334,0.21428571428571427
42116,0,0,25578,-15.137684106826782,-11.009793758392334,0.21428571428571427
42117,0,0,25577,-15.137684106826782,-11.009793758392334,0.21428571428571427
42118,0,0,25575,-15.137684106826782,-11.009793758392334,0.21428571428571427
42119,0,0,25565,-15.137684106826782,-11.009793758392334,0.21428571428571427
42120,0,0,25574,-15.137684106826782,-11.009793758392334,0.21428571428571427
42121,0,0,25573,-15.137684106826782,-11.009793758392334,0.21428571428571427
42122,0,0,25572,-15.137684106826782,-11.009793758392334,0.21428571428571427
42123,0,0,25571,-15.137684106826782,-11.009793758392334,0.21428571428571427
42124,0,0,25570,-15.137684106826782,-11.009793758392334,0.21428571428571427
42125,0,0,25569,-15.137684106826782,-11.009793758392334,0.21428571428571427
42126,0,0,25568,-15.137684106826782,-11.009793758392334,0.21428571428571427
42127,0,0,25567,-15.137684106826782,-11.009793758392334,0.21428571428571427
42128,0,0,25566,-15.137684106826782,-11.009793758392334,0.21428571428571427
42129,0,0,25540,-15.137684106826782,-11.009793758392334,0.21428571428571427
42130,0,0,25538,-15.137684106826782,-11.009793758392334,0.21428571428571427
42131,0,0,25491,-15.137684106826782,-11.009793758392334,0.21428571428571427
42132,0,0,25537,-15.137684106826782,-11.009793758392334,0.21428571428571427
42133,0,0,25512,-15.137684106826782,-11.009793758392334,0.21428571428571427
42134,0,0,25511,-15.137684106826782,-11.009793758392334,0.21428571428571427
42135,0,0,25510,-15.137684106826782,-11.009793758392334,0.21428571428571427
42136,0,0,25509,-15.137684106826782,-11.009793758392334,0.21428571428571427
42137,0,0,25508,-15.137684106826782,-11.009793758392334,0.21428571428571427
42138,0,0,25507,-15.137684106826782,-11.009793758392334,0.21428571428571427
42139,0,0,25506,-15.137684106826782,-11.009793758392334,0.21428571428571427
42140,0,0,25505,-15.137684106826782,-11.009793758392334,0.21428571428571427
42141,0,0,25504,-15.137684106826782,-11.009793758392334,0.21428571428571427
42142,0,0,25503,-15.137684106826782,-11.009793758392334,0.21428571428571427
42143,0,0,25502,-15.137684106826782,-11.009793758392334,0.21428571428571427
42144,0,0,25501,-15.137684106826782,-11.009793758392334,0.21428571428571427
42145,0,0,25500,-15.137684106826782,-11.009793758392334,0.21428571428571427
42146,0,0,25499,-15.137684106826782,-11.009793758392334,0.21428571428571427
42147,0,0,25498,-15.137684106826782,-11.009793758392334,0.21428571428571427
42148,0,0,25497,-15.137684106826782,-11.009793758392334,0.21428571428571427
42149,0,0,25496,-15.137684106826782,-11.009793758392334,0.21428571428571427
42150,0,0,25495,-15.137684106826782,-11.009793758392334,0.21428571428571427
42151,0,0,25494,-15.137684106826782,-11.009793758392334,0.21428571428571427
42152,0,0,25493,-15.137684106826782,-11.009793758392334,0.21428571428571427
42153,0,0,25492,-15.137684106826782,-11.009793758392334,0.21428571428571427
42154,0,0,25513,-15.137684106826782,-11.009793758392334,0.21428571428571427
42155,0,0,25514,-15.137684106826782,-11.009793758392334,0.21428571428571427
42156,0,0,25515,-15.137684106826782,-11.009793758392334,0.21428571428571427
42157,0,0,25527,-15.137684106826782,-11.009793758392334,0.21428571428571427
42158,0,0,25536,-15.137684106826782,-11.009793758392334,0.21428571428571427
42159,0,0,25535,-15.137684106826782,-11.009793758392334,0.21428571428571427
42160,1,0,25534,-15.137684106826782,-11.009793758392334,0.21428571428571427
42161,0,0,25533,-15.137684106826782,-11.009793758392334,0.21428571428571427
42162,0,0,25532,-15.137684106826782,-11.009793758392334,0.21428571428571427
42163,0,0,25531,-15.137684106826782,-11.009793758392334,0.21428571428571427
42164,0,0,25530,-15.137684106826782,-11.009793758392334,0.21428571428571427
42165,0,0,25529,-15.137684106826782,-11.009793758392334,0.21428571428571427
42166,0,0,25528,-15.137684106826782,-11.009793758392334,0.21428571428571427
42167,0,0,25526,-15.137684106826782,-11.009793758392334,0.21428571428571427
42168,0,0,25516,-15.137684106826782,-11.009793758392334,0.21428571428571427
42169,0,0,25525,-15.137684106826782,-11.009793758392334,0.21428571428571427
42170,0,0,25524,-15.137684106826782,-11.009793758392334,0.21428571428571427
42171,0,0,25523,-15.137684106826782,-11.009793758392334,0.21428571428571427
42172,0,0,25522,-15.137684106826782,-11.009793758392334,0.21428571428571427
42173,0,0,25521,-15.137684106826782,-11.009793758392334,0.21428571428571427
42174,0,0,25520,-15.137684106826782,-11.009793758392334,0.21428571428571427
42175,0,0,25519,-15.137684106826782,-11.009793758392334,0.21428571428571427
42176,0,0,25518,-15.137684106826782,-11.009793758392334,0.21428571428571427
42177,0,0,25517,-15.137684106826782,-11.009793758392334,0.21428571428571427
42178,0,0,26562,-15.137684106826782,-11.009793758392334,0.21428571428571427
42179,0,0,26563,-15.137684106826782,-11.009793758392334,0.21428571428571427
42180,0,0,26564,-15.137684106826782,-11.009793758392334,0.21428571428571427
42181,0,0,27345,-15.137684106826782,-11.009793758392334,0.21428571428571427
42182,0,0,27612,-15.137684106826782,-11.009793758392334,0.21428571428571427
42183,0,0,27611,-15.137684106826782,-11.009793758392334,0.21428571428571427
42184,0,0,27610,-15.137684106826782,-11.009793758392334,0.21428571428571427
42185,0,0,27609,-15.137684106826782,-11.009793758392334,0.21428571428571427
42186,0,0,27608,-15.137684106826782,-11.009793758392334,0.21428571428571427
42187,0,0,27607,-15.137684106826782,-11.009793758392334,0.21428571428571427
42188,0,0,27606,-15.137684106826782,-11.009793758392334,0.21428571428571427
42189,0,0,27605,-15.137684106826782,-11.009793758392334,0.21428571428571427
42190,0,0,27604,-15.137684106826782,-11.009793758392334,0.21428571428571427
42191,0,0,27603,-15.137684106826782,-11.009793758392334,0.21428571428571427
42192,0,0,27602,-15.137684106826782,-11.009793758392334,0.21428571428571427
42193,0,0,27601,-15.137684106826782,-11.009793758392334,0.21428571428571427
42194,0,0,27600,-15.137684106826782,-11.009793758392334,0.21428571428571427
42195,0,0,27599,-15.137684106826782,-11.009793758392334,0.21428571428571427
42196,0,0,27598,-15.137684106826782,-11.009793758392334,0.21428571428571427
42197,0,0,27597,-15.137684106826782,-11.009793758392334,0.21428571428571427
42198,0,0,27596,-15.137684106826782,-11.009793758392334,0.21428571428571427
42199,0,0,27595,-15.137684106826782,-11.009793758392334,0.21428571428571427
42200,0,0,27594,-15.137684106826782,-11.009793758392334,0.21428571428571427
42201,0,0,27593,-15.137684106826782,-11.009793758392334,0.21428571428571427
42202,0,0,27592,-15.137684106826782,-11.009793758392334,0.21428571428571427
42203,0,0,27613,-15.137684106826782,-11.009793758392334,0.21428571428571427
42204,0,0,27614,-15.137684106826782,-11.009793758392334,0.21428571428571427
42205,0,0,27615,-15.137684106826782,-11.009793758392334,0.21428571428571427
42206,0,0,27627,-15.137684106826782,-11.009793758392334,0.21428571428571427
42207,0,0,27636,-15.137684106826782,-11.009793758392334,0.21428571428571427
42208,0,0,27635,-15.137684106826782,-11.009793758392334,0.21428571428571427
42209,0,0,27634,-15.137684106826782,-11.009793758392334,0.21428571428571427
42210,0,0,27633,-15.137684106826782,-11.009793758392334,0.21428571428571427
42211,0,0,27632,-15.137684106826782,-11.009793758392334,0.21428571428571427
42212,0,0,27631,-15.137684106826782,-11.009793758392334,0.21428571428571427
42213,0,0,27630,-15.137684106826782,-11.009793758392334,0.21428571428571427
42214,0,0,27629,-15.137684106826782,-11.009793758392334,0.21428571428571427
42215,0,0,27628,-15.137684106826782,-11.009793758392334,0.21428571428571427
42216,0,0,27626,-15.137684106826782,-11.009793758392334,0.21428571428571427
42217,0,0,27616,-15.137684106826782,-11.009793758392334,0.21428571428571427
42218,0,0,27625,-15.137684106826782,-11.009793758392334,0.21428571428571427
42219,0,0,27624,-15.137684106826782,-11.009793758392334,0.21428571428571427
42220,0,0,27623,-15.137684106826782,-11.009793758392334,0.21428571428571427
42221,0,0,27622,-15.137684106826782,-11.009793758392334,0.21428571428571427
42222,0,0,27621,-15.137684106826782,-11.009793758392334,0.21428571428571427
42223,0,0,27620,-15.137684106826782,-11.009793758392334,0.21428571428571427
42224,0,0,27619,-15.137684106826782,-11.009793758392334,0.21428571428571427
42225,0,0,27618,-15.137684106826782,-11.009793758392334,0.21428571428571427
42226,0,0,27617,-15.137684106826782,-11.009793758392334,0.21428571428571427
42227,0,0,27591,-15.137684106826782,-11.009793758392334,0.21428571428571427
42228,0,0,27589,-15.137684106826782,-11.009793758392334,0.21428571428571427
42229,0,0,27542,-15.137684106826782,-11.009793758392334,0.21428571428571427
42230,0,0,27588,-15.137684106826782,-11.009793758392334,0.21428571428571427
42231,0,0,27563,-15.137684106826782,-11.009793758392334,0.21428571428571427
42232,0,0,27562,-15.137684106826782,-11.009793758392334,0.21428571428571427
42233,0,0,27561,-15.137684106826782,-11.009793758392334,0.21428571428571427
42234,0,0,27560,-15.137684106826782,-11.009793758392334,0.21428571428571427
42235,0,0,27559,-15.137684106826782,-11.009793758392334,0.21428571428571427
42236,0,0,27558,-15.137684106826782,-11.009793758392334,0.21428571428571427
42237,0,0,27557,-15.137684106826782,-11.009793758392334,0.21428571428571427
42238,0,0,27556,-15.137684106826782,-11.009793758392334,0.21428571428571427
42239,0,0,27555,-15.137684106826782,-11.009793758392334,0.21428571428571427
42240,0,0,27554,-15.137684106826782,-11.009793758392334,0.21428571428571427
42241,0,0,27553,-15.137684106826782,-11.009793758392334,0.21428571428571427
42242,0,0,27552,-15.137684106826782,-11.009793758392334,0.21428571428571427
42243,0,0,27551,-15.137684106826782,-11.009793758392334,0.21428571428571427
42244,0,0,27550,-15.137684106826782,-11.009793758392334,0.21428571428571427
42245,0,0,27549,-15.137684106826782,-11.009793758392334,0.21428571428571427
42246,0,0,27548,-15.137684106826782,-11.009793758392334,0.21428571428571427
42247,1,0,27547,-15.137684106826782,-11.009793758392334,0.21428571428571427
42248,0,0,27546,-15.137684106826782,-11.009793758392334,0.21428571428571427
42249,0,0,27545,-15.137684106826782,-11.009793758392334,0.21428571428571427
42250,0,0,27544,-15.137684106826782,-11.009793758392334,0.21428571428571427
42251,0,0,27543,-15.137684106826782,-11.009793758392334,0.21428571428571427
42252,0,0,27564,-15.137684106826782,-11.009793758392334,0.21428571428571427
42253,0,0,27565,-15.137684106826782,-11.009793758392334,0.21428571428571427
42254,0,0,27566,-15.137684106826782,-11.009793758392334,0.21428571428571427
42255,0,0,27578,-15.137684106826782,-11.009793758392334,0.21428571428571427
42256,0,0,27587,-15.137684106826782,-11.009793758392334,0.21428571428571427
42257,0,0,27586,-15.137684106826782,-11.009793758392334,0.21428571428571427
42258,0,0,27585,-15.137684106826782,-11.009793758392334,0.21428571428571427
42259,0,0,27584,-15.137684106826782,-11.009793758392334,0.21428571428571427
42260,0,0,27583,-15.137684106826782,-11.009793758392334,0.21428571428571427
42261,0,0,27582,-15.137684106826782,-11.009793758392334,0.21428571428571427
42262,0,0,27581,-15.137684106826782,-11.009793758392334,0.21428571428571427
42263,0,0,27580,-15.137684106826782,-11.009793758392334,0.21428571428571427
42264,0,0,27579,-15.137684106826782,-11.009793758392334,0.21428571428571427
42265,0,0,27577,-15.137684106826782,-11.009793758392334,0.21428571428571427
42266,0,0,27567,-15.137684106826782,-11.009793758392334,0.21428571428571427
42267,0,0,27576,-15.137684106826782,-11.009793758392334,0.21428571428571427
42268,0,0,27575,-15.137684106826782,-11.009793758392334,0.21428571428571427
42269,0,0,27574,-15.137684106826782,-11.009793758392334,0.21428571428571427
42270,0,0,27573,-15.137684106826782,-11.009793758392334,0.21428571428571427
42271,0,0,27572,-15.137684106826782,-11.009793758392334,0.21428571428571427
42272,0,0,27571,-15.137684106826782,-11.009793758392334,0.21428571428571427
42273,0,0,27570,-15.137684106826782,-11.009793758392334,0.21428571428571427
42274,0,0,27569,-15.137684106826782,-11.009793758392334,0.21428571428571427
42275,0,0,27568,-15.137684106826782,-11.009793758392334,0.21428571428571427
42276,0,0,27637,-15.137684106826782,-11.009793758392334,0.21428571428571427
42277,0,0,27638,-15.137684106826782,-11.009793758392334,0.21428571428571427
42278,0,0,27639,-15.137684106826782,-11.009793758392334,0.21428571428571427
42279,0,0,27640,-15.137684106826782,-11.009793758392334,0.21428571428571427
42280,0,0,27709,-15.137684106826782,-11.009793758392334,0.21428571428571427
42281,0,0,27708,-15.137684106826782,-11.009793758392334,0.21428571428571427
42282,0,0,27707,-15.137684106826782,-11.009793758392334,0.21428571428571427
42283,0,0,27706,-15.137684106826782,-11.009793758392334,0.21428571428571427
42284,0,0,27705,-15.137684106826782,-11.009793758392334,0.21428571428571427
42285,0,0,27704,-15.137684106826782,-11.009793758392334,0.21428571428571427
42286,0,0,27703,-15.137684106826782,-11.009793758392334,0.21428571428571427
42287,0,0,27702,-15.137684106826782,-11.009793758392334,0.21428571428571427
42288,0,0,27701,-15.137684106826782,-11.009793758392334,0.21428571428571427
42289,0,0,27699,-15.137684106826782,-11.009793758392334,0.21428571428571427
42290,0,0,27689,-15.137684106826782,-11.009793758392334,0.21428571428571427
42291,0,0,27698,-15.137684106826782,-11.009793758392334,0.21428571428571427
42292,0,0,27697,-15.137684106826782,-11.009793758392334,0.21428571428571427
42293,0,0,27696,-15.137684106826782,-11.009793758392334,0.21428571428571427
42294,0,0,27695,-15.137684106826782,-11.009793758392334,0.21428571428571427
42295,0,0,27694,-15.137684106826782,-11.009793758392334,0.21428571428571427
42296,0,0,27693,-15.137684106826782,-11.009793758392334,0.21428571428571427
42297,0,0,27692,-15.137684106826782,-11.009793758392334,0.21428571428571427
42298,0,0,27691,-15.137684106826782,-11.009793758392334,0.21428571428571427
42299,0,0,27690,-15.137684106826782,-11.009793758392334,0.21428571428571427
42300,0,0,27710,-15.137684106826782,-11.009793758392334,0.21428571428571427
42301,0,0,27700,-15.137684106826782,-11.009793758392334,0.21428571428571427
42302,0,0,27711,-15.137684106826782,-11.009793758392334,0.21428571428571427
42303,0,0,27724,-15.137684106826782,-11.009793758392334,0.21428571428571427
42304,0,0,27733,-15.137684106826782,-11.009793758392334,0.21428571428571427
42305,0,0,27732,-15.137684106826782,-11.009793758392334,0.21428571428571427
42306,0,0,27731,-15.137684106826782,-11.009793758392334,0.21428571428571427
42307,0,0,27730,-15.137684106826782,-11.009793758392334,0.21428571428571427
42308,1,0,27729,-15.137684106826782,-11.009793758392334,0.21428571428571427
42309,0,0,27728,-15.137684106826782,-11.009793758392334,0.21428571428571427
42310,0,0,27727,-15.137684106826782,-11.009793758392334,0.21428571428571427
42311,0,0,27726,-15.137684106826782,-11.009793758392334,0.21428571428571427
42312,0,0,27725,-15.137684106826782,-11.009793758392334,0.21428571428571427
42313,0,0,27723,-15.137684106826782,-11.009793758392334,0.21428571428571427
42314,0,0,27713,-15.137684106826782,-11.009793758392334,0.21428571428571427
42315,0,0,27722,-15.137684106826782,-11.009793758392334,0.21428571428571427
42316,0,0,27721,-15.137684106826782,-11.009793758392334,0.21428571428571427
42317,0,0,27720,-15.137684106826782,-11.009793758392334,0.21428571428571427
42318,0,0,27719,-15.137684106826782,-11.009793758392334,0.21428571428571427
42319,0,0,27718,-15.137684106826782,-11.009793758392334,0.21428571428571427
42320,0,0,27717,-15.137684106826782,-11.009793758392334,0.21428571428571427
42321,0,0,27716,-15.137684106826782,-11.009793758392334,0.21428571428571427
42322,0,0,27715,-15.137684106826782,-11.009793758392334,0.21428571428571427
42323,0,0,27714,-15.137684106826782,-11.009793758392334,0.21428571428571427
42324,0,0,27712,-15.137684106826782,-11.009793758392334,0.21428571428571427
42325,0,0,27688,-15.137684106826782,-11.009793758392334,0.21428571428571427
42326,0,0,27687,-15.137684106826782,-11.009793758392334,0.21428571428571427
42327,0,0,27686,-15.137684106826782,-11.009793758392334,0.21428571428571427
42328,0,0,27661,-15.137684106826782,-11.009793758392334,0.21428571428571427
42329,0,0,27660,-15.137684106826782,-11.009793758392334,0.21428571428571427
42330,0,0,27659,-15.137684106826782,-11.009793758392334,0.21428571428571427
42331,0,0,27658,-15.137684106826782,-11.009793758392334,0.21428571428571427
42332,0,0,27657,-15.137684106826782,-11.009793758392334,0.21428571428571427
42333,0,0,27656,-15.137684106826782,-11.009793758392334,0.21428571428571427
42334,0,0,27655,-15.137684106826782,-11.009793758392334,0.21428571428571427
42335,0,0,27654,-15.137684106826782,-11.009793758392334,0.21428571428571427
42336,0,0,27653,-15.137684106826782,-11.009793758392334,0.21428571428571427
42337,0,0,27652,-15.137684106826782,-11.009793758392334,0.21428571428571427
42338,0,0,27651,-15.137684106826782,-11.009793758392334,0.21428571428571427
42339,0,0,27650,-15.137684106826782,-11.009793758392334,0.21428571428571427
42340,0,0,27649,-15.137684106826782,-11.009793758392334,0.21428571428571427
42341,0,0,27648,-15.137684106826782,-11.009793758392334,0.21428571428571427
42342,0,0,27647,-15.137684106826782,-11.009793758392334,0.21428571428571427
42343,0,0,27646,-15.137684106826782,-11.009793758392334,0.21428571428571427
42344,0,0,27645,-15.137684106826782,-11.009793758392334,0.21428571428571427
42345,0,0,27644,-15.137684106826782,-11.009793758392334,0.21428571428571427
42346,0,0,27643,-15.137684106826782,-11.009793758392334,0.21428571428571427
42347,0,0,27642,-15.137684106826782,-11.009793758392334,0.21428571428571427
42348,0,0,27641,-15.137684106826782,-11.009793758392334,0.21428571428571427
42349,0,0,27662,-15.137684106826782,-11.009793758392334,0.21428571428571427
42350,0,0,27663,-15.137684106826782,-11.009793758392334,0.21428571428571427
42351,0,0,27664,-15.137684106826782,-11.009793758392334,0.21428571428571427
42352,0,0,27676,-15.137684106826782,-11.009793758392334,0.21428571428571427
42353,0,0,27685,-15.137684106826782,-11.009793758392334,0.21428571428571427
42354,0,0,27684,-15.137684106826782,-11.009793758392334,0.21428571428571427
42355,0,0,27683,-15.137684106826782,-11.009793758392334,0.21428571428571427
42356,0,0,27682,-15.137684106826782,-11.009793758392334,0.21428571428571427
42357,0,0,27681,-15.137684106826782,-11.009793758392334,0.21428571428571427
42358,0,0,27680,-15.137684106826782,-11.009793758392334,0.21428571428571427
42359,0,0,27679,-15.137684106826782,-11.009793758392334,0.21428571428571427
42360,0,0,27678,-15.137684106826782,-11.009793758392334,0.21428571428571427
42361,0,0,27677,-15.137684106826782,-11.009793758392334,0.21428571428571427
42362,0,0,27675,-15.137684106826782,-11.009793758392334,0.21428571428571427
42363,0,0,27665,-15.137684106826782,-11.009793758392334,0.21428571428571427
42364,0,0,27674,-15.137684106826782,-11.009793758392334,0.21428571428571427
42365,0,0,27673,-15.137684106826782,-11.009793758392334,0.21428571428571427
42366,0,0,27672,-15.137684106826782,-11.009793758392334,0.21428571428571427
42367,0,0,27671,-15.137684106826782,-11.009793758392334,0.21428571428571427
42368,0,0,27670,-15.137684106826782,-11.009793758392334,0.21428571428571427
42369,0,0,27669,-15.137684106826782,-11.009793758392334,0.21428571428571427
42370,0,0,27668,-15.137684106826782,-11.009793758392334,0.21428571428571427
42371,1,0,27667,-15.137684106826782,-11.009793758392334,0.21428571428571427
42372,0,0,27666,-15.137684106826782,-11.009793758392334,0.21428571428571427
42373,0,0,27590,-15.137684106826782,-11.009793758392334,0.21428571428571427
42374,0,0,27541,-15.137684106826782,-11.009793758392334,0.21428571428571427
42375,0,0,27540,-15.137684106826782,-11.009793758392334,0.21428571428571427
42376,0,0,27539,-15.137684106826782,-11.009793758392334,0.21428571428571427
42377,0,0,27416,-15.137684106826782,-11.009793758392334,0.21428571428571427
42378,0,0,27415,-15.137684106826782,-11.009793758392334,0.21428571428571427
42379,0,0,27414,-15.137684106826782,-11.009793758392334,0.21428571428571427
42380,0,0,27413,-15.137684106826782,-11.009793758392334,0.21428571428571427
42381,0,0,27412,-15.137684106826782,-11.009793758392334,0.21428571428571427
42382,0,0,27411,-15.137684106826782,-11.009793758392334,0.21428571428571427
42383,0,0,27410,-15.137684106826782,-11.009793758392334,0.21428571428571427
42384,0,0,27409,-15.137684106826782,-11.009793758392334,0.21428571428571427
42385,0,0,27408,-15.137684106826782,-11.009793758392334,0.21428571428571427
42386,0,0,27407,-15.137684106826782,-11.009793758392334,0.21428571428571427
42387,0,0,27406,-15.137684106826782,-11.009793758392334,0.21428571428571427
42388,0,0,27405,-15.137684106826782,-11.009793758392334,0.21428571428571427
42389,0,0,27404,-15.137684106826782,-11.009793758392334,0.21428571428571427
42390,0,0,27403,-15.137684106826782,-11.009793758392334,0.21428571428571427
42391,0,0,27402,-15.137684106826782,-11.009793758392334,0.21428571428571427
42392,0,0,27401,-15.137684106826782,-11.009793758392334,0.21428571428571427
42393,0,0,27400,-15.137684106826782,-11.009793758392334,0.21428571428571427
42394,0,0,27399,-15.137684106826782,-11.009793758392334,0.21428571428571427
42395,0,0,27398,-15.137684106826782,-11.009793758392334,0.21428571428571427
42396,0,0,27397,-15.137684106826782,-11.009793758392334,0.21428571428571427
42397,1,0,27396,-15.137684106826782,-11.009793758392334,0.21428571428571427
42398,0,0,27417,-15.137684106826782,-11.009793758392334,0.21428571428571427
42399,0,0,27418,-15.137684106826782,-11.009793758392334,0.21428571428571427
42400,0,0,27419,-15.137684106826782,-11.009793758392334,0.21428571428571427
42401,0,0,27431,-15.137684106826782,-11.009793758392334,0.21428571428571427
42402,0,0,27440,-15.137684106826782,-11.009793758392334,0.21428571428571427
42403,0,0,27439,-15.137684106826782,-11.009793758392334,0.21428571428571427
42404,0,0,27438,-15.137684106826782,-11.009793758392334,0.21428571428571427
42405,0,0,27437,-15.137684106826782,-11.009793758392334,0.21428571428571427
42406,0,0,27436,-15.137684106826782,-11.009793758392334,0.21428571428571427
42407,0,0,27435,-15.137684106826782,-11.009793758392334,0.21428571428571427
42408,0,0,27434,-15.137684106826782,-11.009793758392334,0.21428571428571427
42409,0,0,27433,-15.137684106826782,-11.009793758392334,0.21428571428571427
42410,0,0,27432,-15.137684106826782,-11.009793758392334,0.21428571428571427
42411,0,0,27430,-15.137684106826782,-11.009793758392334,0.21428571428571427
42412,0,0,27420,-15.137684106826782,-11.009793758392334,0.21428571428571427
42413,0,0,27429,-15.137684106826782,-11.009793758392334,0.21428571428571427
42414,0,0,27428,-15.137684106826782,-11.009793758392334,0.21428571428571427
42415,0,0,27427,-15.137684106826782,-11.009793758392334,0.21428571428571427
42416,0,0,27426,-15.137684106826782,-11.009793758392334,0.21428571428571427
42417,0,0,27425,-15.137684106826782,-11.009793758392334,0.21428571428571427
42418,0,0,27424,-15.137684106826782,-11.009793758392334,0.21428571428571427
42419,0,0,27423,-15.137684106826782,-11.009793758392334,0.21428571428571427
42420,0,0,27422,-15.137684106826782,-11.009793758392334,0.21428571428571427
42421,0,0,27421,-15.137684106826782,-11.009793758392334,0.21428571428571427
42422,0,0,27395,-15.137684106826782,-11.009793758392334,0.21428571428571427
42423,0,0,27393,-15.137684106826782,-11.009793758392334,0.21428571428571427
42424,0,0,27346,-15.137684106826782,-11.009793758392334,0.21428571428571427
42425,0,0,27392,-15.137684106826782,-11.009793758392334,0.21428571428571427
42426,0,0,27367,-15.137684106826782,-11.009793758392334,0.21428571428571427
42427,0,0,27366,-15.137684106826782,-11.009793758392334,0.21428571428571427
42428,0,0,27365,-15.137684106826782,-11.009793758392334,0.21428571428571427
42429,0,0,27364,-15.137684106826782,-11.009793758392334,0.21428571428571427
42430,0,0,27363,-15.137684106826782,-11.009793758392334,0.21428571428571427
42431,0,0,27362,-15.137684106826782,-11.009793758392334,0.21428571428571427
42432,0,0,27361,-15.137684106826782,-11.009793758392334,0.21428571428571427
42433,0,0,27360,-15.137684106826782,-11.009793758392334,0.21428571428571427
42434,0,0,27359,-15.137684106826782,-11.009793758392334,0.21428571428571427
42435,0,0,27358,-15.137684106826782,-11.009793758392334,0.21428571428571427
42436,0,0,27357,-15.137684106826782,-11.009793758392334,0.21428571428571427
42437,0,0,27356,-15.137684106826782,-11.009793758392334,0.21428571428571427
42438,0,0,27355,-15.137684106826782,-11.009793758392334,0.21428571428571427
42439,0,0,27354,-15.137684106826782,-11.009793758392334,0.21428571428571427
42440,0,0,27353,-15.137684106826782,-11.009793758392334,0.21428571428571427
42441,0,0,27352,-15.137684106826782,-11.009793758392334,0.21428571428571427
42442,0,0,27351,-15.137684106826782,-11.009793758392334,0.21428571428571427
42443,0,0,27350,-15.137684106826782,-11.009793758392334,0.21428571428571427
42444,0,0,27349,-15.137684106826782,-11.009793758392334,0.21428571428571427
42445,0,0,27348,-15.137684106826782,-11.009793758392334,0.21428571428571427
42446,0,0,27347,-15.137684106826782,-11.009793758392334,0.21428571428571427
42447,0,0,27368,-15.137684106826782,-11.009793758392334,0.21428571428571427
42448,0,0,27369,-15.137684106826782,-11.009793758392334,0.21428571428571427
42449,0,0,27370,-15.137684106826782,-11.009793758392334,0.21428571428571427
42450,0,0,27382,-15.137684106826782,-11.009793758392334,0.21428571428571427
42451,0,0,27391,-15.137684106826782,-11.009793758392334,0.21428571428571427
42452,0,0,27390,-15.137684106826782,-11.009793758392334,0.21428571428571427
42453,0,0,27389,-15.137684106826782,-11.009793758392334,0.21428571428571427
42454,0,0,27388,-15.137684106826782,-11.009793758392334,0.21428571428571427
42455,0,0,27387,-15.137684106826782,-11.009793758392334,0.21428571428571427
42456,0,0,27386,-15.137684106826782,-11.009793758392334,0.21428571428571427
42457,0,0,27385,-15.137684106826782,-11.009793758392334,0.21428571428571427
42458,0,0,27384,-15.137684106826782,-11.009793758392334,0.21428571428571427
42459,0,0,27383,-15.137684106826782,-11.009793758392334,0.21428571428571427
42460,0,0,27381,-15.137684106826782,-11.009793758392334,0.21428571428571427
42461,0,0,27371,-15.137684106826782,-11.009793758392334,0.21428571428571427
42462,0,0,27380,-15.137684106826782,-11.009793758392334,0.21428571428571427
42463,0,0,27379,-15.137684106826782,-11.009793758392334,0.21428571428571427
42464,0,0,27378,-15.137684106826782,-11.009793758392334,0.21428571428571427
42465,0,0,27377,-15.137684106826782,-11.009793758392334,0.21428571428571427
42466,0,0,27376,-15.137684106826782,-11.009793758392334,0.21428571428571427
42467,0,0,27375,-15.137684106826782,-11.009793758392334,0.21428571428571427
42468,0,0,27374,-15.137684106826782,-11.009793758392334,0.21428571428571427
42469,0,0,27373,-15.137684106826782,-11.009793758392334,0.21428571428571427
42470,0,0,27372,-15.137684106826782,-11.009793758392334,0.21428571428571427
42471,0,0,27441,-15.137684106826782,-11.009793758392334,0.21428571428571427
42472,0,0,27394,-15.137684106826782,-11.009793758392334,0.21428571428571427
42473,0,0,27442,-15.137684106826782,-11.009793758392334,0.21428571428571427
42474,0,0,27492,-15.137684106826782,-11.009793758392334,0.21428571428571427
42475,0,0,27514,-15.137684106826782,-11.009793758392334,0.21428571428571427
42476,0,0,27513,-15.137684106826782,-11.009793758392334,0.21428571428571427
42477,0,0,27512,-15.137684106826782,-11.009793758392334,0.21428571428571427
42478,0,0,27511,-15.137684106826782,-11.009793758392334,0.21428571428571427
42479,0,0,27510,-15.137684106826782,-11.009793758392334,0.21428571428571427
42480,0,0,27509,-15.137684106826782,-11.009793758392334,0.21428571428571427
42481,0,0,27508,-15.137684106826782,-11.009793758392334,0.21428571428571427
42482,0,0,27507,-15.137684106826782,-11.009793758392334,0.21428571428571427
42483,0,0,27506,-15.137684106826782,-11.009793758392334,0.21428571428571427
42484,0,0,27505,-15.137684106826782,-11.009793758392334,0.21428571428571427
42485,0,0,27504,-15.137684106826782,-11.009793758392334,0.21428571428571427
42486,0,0,27503,-15.137684106826782,-11.009793758392334,0.21428571428571427
42487,0,0,27502,-15.137684106826782,-11.009793758392334,0.21428571428571427
42488,0,0,27501,-15.137684106826782,-11.009793758392334,0.21428571428571427
42489,0,0,27500,-15.137684106826782,-11.009793758392334,0.21428571428571427
42490,0,0,27499,-15.137684106826782,-11.009793758392334,0.21428571428571427
42491,0,0,27498,-15.137684106826782,-11.009793758392334,0.21428571428571427
42492,0,0,27497,-15.137684106826782,-11.009793758392334,0.21428571428571427
42493,0,0,27496,-15.137684106826782,-11.009793758392334,0.21428571428571427
42494,0,0,27495,-15.137684106826782,-11.009793758392334,0.21428571428571427
42495,0,0,27494,-15.137684106826782,-11.009793758392334,0.21428571428571427
42496,0,0,27515,-15.137684106826782,-11.009793758392334,0.21428571428571427
42497,0,0,27516,-15.137684106826782,-11.009793758392334,0.21428571428571427
42498,0,0,27517,-15.137684106826782,-11.009793758392334,0.21428571428571427
42499,0,0,27529,-15.137684106826782,-11.009793758392334,0.21428571428571427
42500,0,0,27538,-15.137684106826782,-11.009793758392334,0.21428571428571427
42501,0,0,27537,-15.137684106826782,-11.009793758392334,0.21428571428571427
42502,0,0,27536,-15.137684106826782,-11.009793758392334,0.21428571428571427
42503,0,0,27535,-15.137684106826782,-11.009793758392334,0.21428571428571427
42504,0,0,27534,-15.137684106826782,-11.009793758392334,0.21428571428571427
42505,0,0,27533,-15.137684106826782,-11.009793758392334,0.21428571428571427
42506,0,0,27532,-15.137684106826782,-11.009793758392334,0.21428571428571427
42507,0,0,27531,-15.137684106826782,-11.009793758392334,0.21428571428571427
42508,0,0,27530,-15.137684106826782,-11.009793758392334,0.21428571428571427
42509,0,0,27528,-15.137684106826782,-11.009793758392334,0.21428571428571427
42510,0,0,27518,-15.137684106826782,-11.009793758392334,0.21428571428571427
42511,0,0,27527,-15.137684106826782,-11.009793758392334,0.21428571428571427
42512,0,0,27526,-15.137684106826782,-11.009793758392334,0.21428571428571427
42513,0,0,27525,-15.137684106826782,-11.009793758392334,0.21428571428571427
42514,0,0,27524,-15.137684106826782,-11.009793758392334,0.21428571428571427
42515,0,0,27523,-15.137684106826782,-11.009793758392334,0.21428571428571427
42516,0,0,27522,-15.137684106826782,-11.009793758392334,0.21428571428571427
42517,0,0,27521,-15.137684106826782,-11.009793758392334,0.21428571428571427
42518,0,0,27520,-15.137684106826782,-11.009793758392334,0.21428571428571427
42519,0,0,27519,-15.137684106826782,-11.009793758392334,0.21428571428571427
42520,0,0,27493,-15.137684106826782,-11.009793758392334,0.21428571428571427
42521,0,0,27491,-15.137684106826782,-11.009793758392334,0.21428571428571427
42522,0,0,27444,-15.137684106826782,-11.009793758392334,0.21428571428571427
42523,0,0,27490,-15.137684106826782,-11.009793758392334,0.21428571428571427
42524,0,0,27465,-15.137684106826782,-11.009793758392334,0.21428571428571427
42525,0,0,27464,-15.137684106826782,-11.009793758392334,0.21428571428571427
42526,0,0,27463,-15.137684106826782,-11.009793758392334,0.21428571428571427
42527,0,0,27462,-15.137684106826782,-11.009793758392334,0.21428571428571427
42528,0,0,27461,-15.137684106826782,-11.009793758392334,0.21428571428571427
42529,0,0,27460,-15.137684106826782,-11.009793758392334,0.21428571428571427
42530,0,0,27459,-15.137684106826782,-11.009793758392334,0.21428571428571427
42531,0,0,27458,-15.137684106826782,-11.009793758392334,0.21428571428571427
42532,0,0,27457,-15.137684106826782,-11.009793758392334,0.21428571428571427
42533,0,0,27456,-15.137684106826782,-11.009793758392334,0.21428571428571427
42534,0,0,27455,-15.137684106826782,-11.009793758392334,0.21428571428571427
42535,0,0,27454,-15.137684106826782,-11.009793758392334,0.21428571428571427
42536,0,0,27453,-15.137684106826782,-11.009793758392334,0.21428571428571427
42537,0,0,27452,-15.137684106826782,-11.009793758392334,0.21428571428571427
42538,0,0,27451,-15.137684106826782,-11.009793758392334,0.21428571428571427
42539,0,0,27450,-15.137684106826782,-11.009793758392334,0.21428571428571427
42540,0,0,27449,-15.137684106826782,-11.009793758392334,0.21428571428571427
42541,0,0,27448,-15.137684106826782,-11.009793758392334,0.21428571428571427
42542,0,0,27447,-15.137684106826782,-11.009793758392334,0.21428571428571427
42543,0,0,27446,-15.137684106826782,-11.009793758392334,0.21428571428571427
42544,0,0,27445,-15.137684106826782,-11.009793758392334,0.21428571428571427
42545,0,0,27466,-15.137684106826782,-11.009793758392334,0.21428571428571427
42546,0,0,27467,-15.137684106826782,-11.009793758392334,0.21428571428571427
42547,0,0,27468,-15.137684106826782,-11.009793758392334,0.21428571428571427
42548,0,0,27480,-15.137684106826782,-11.009793758392334,0.21428571428571427
42549,0,0,27489,-15.137684106826782,-11.009793758392334,0.21428571428571427
42550,0,0,27488,-15.137684106826782,-11.009793758392334,0.21428571428571427
42551,0,0,27487,-15.137684106826782,-11.009793758392334,0.21428571428571427
42552,0,0,27486,-15.137684106826782,-11.009793758392334,0.21428571428571427
42553,0,0,27485,-15.137684106826782,-11.009793758392334,0.21428571428571427
42554,0,0,27484,-15.137684106826782,-11.009793758392334,0.21428571428571427
42555,0,0,27483,-15.137684106826782,-11.009793758392334,0.21428571428571427
42556,0,0,27482,-15.137684106826782,-11.009793758392334,0.21428571428571427
42557,0,0,27481,-15.137684106826782,-11.009793758392334,0.21428571428571427
42558,0,0,27479,-15.137684106826782,-11.009793758392334,0.21428571428571427
42559,0,0,27469,-15.137684106826782,-11.009793758392334,0.21428571428571427
42560,0,0,27478,-15.137684106826782,-11.009793758392334,0.21428571428571427
42561,0,0,27477,-15.137684106826782,-11.009793758392334,0.21428571428571427
42562,0,0,27476,-15.137684106826782,-11.009793758392334,0.21428571428571427
42563,0,0,27475,-15.137684106826782,-11.009793758392334,0.21428571428571427
42564,0,0,27474,-15.137684106826782,-11.009793758392334,0.21428571428571427
42565,0,0,27473,-15.137684106826782,-11.009793758392334,0.21428571428571427
42566,0,0,27472,-15.137684106826782,-11.009793758392334,0.21428571428571427
42567,0,0,27471,-15.137684106826782,-11.009793758392334,0.21428571428571427
42568,0,0,27470,-15.137684106826782,-11.009793758392334,0.21428571428571427
42569,0,0,27734,-15.137684106826782,-11.009793758392334,0.21428571428571427
42570,0,0,27735,-15.137684106826782,-11.009793758392334,0.21428571428571427
42571,0,0,27736,-15.137684106826782,-11.009793758392334,0.21428571428571427
42572,0,0,27931,-15.137684106826782,-11.009793758392334,0.21428571428571427
42573,0,0,28002,-15.137684106826782,-11.009793758392334,0.21428571428571427
42574,0,0,28001,-15.137684106826782,-11.009793758392334,0.21428571428571427
42575,0,0,28000,-15.137684106826782,-11.009793758392334,0.21428571428571427
42576,0,0,27999,-15.137684106826782,-11.009793758392334,0.21428571428571427
42577,0,0,27998,-15.137684106826782,-11.009793758392334,0.21428571428571427
42578,0,0,27997,-15.137684106826782,-11.009793758392334,0.21428571428571427
42579,0,0,27996,-15.137684106826782,-11.009793758392334,0.21428571428571427
42580,0,0,27995,-15.137684106826782,-11.009793758392334,0.21428571428571427
42581,0,0,27994,-15.137684106826782,-11.009793758392334,0.21428571428571427
42582,0,0,27993,-15.137684106826782,-11.009793758392334,0.21428571428571427
42583,0,0,27992,-15.137684106826782,-11.009793758392334,0.21428571428571427
42584,0,0,27991,-15.137684106826782,-11.009793758392334,0.21428571428571427
42585,0,0,27990,-15.137684106826782,-11.009793758392334,0.21428571428571427
42586,0,0,27989,-15.137684106826782,-11.009793758392334,0.21428571428571427
42587,0,0,27988,-15.137684106826782,-11.009793758392334,0.21428571428571427
42588,0,0,27987,-15.137684106826782,-11.009793758392334,0.21428571428571427
42589,0,0,27986,-15.137684106826782,-11.009793758392334,0.21428571428571427
42590,0,0,27985,-15.137684106826782,-11.009793758392334,0.21428571428571427
42591,0,0,27984,-15.137684106826782,-11.009793758392334,0.21428571428571427
42592,0,0,27983,-15.137684106826782,-11.009793758392334,0.21428571428571427
42593,0,0,27982,-15.137684106826782,-11.009793758392334,0.21428571428571427
42594,0,0,28003,-15.137684106826782,-11.009793758392334,0.21428571428571427
42595,0,0,28004,-15.137684106826782,-11.009793758392334,0.21428571428571427
42596,0,0,28005,-15.137684106826782,-11.009793758392334,0.21428571428571427
42597,0,0,28017,-15.137684106826782,-11.009793758392334,0.21428571428571427
42598,0,0,28026,-15.137684106826782,-11.009793758392334,0.21428571428571427
42599,0,0,28025,-15.137684106826782,-11.009793758392334,0.21428571428571427
42600,0,0,28024,-15.137684106826782,-11.009793758392334,0.21428571428571427
42601,0,0,28023,-15.137684106826782,-11.009793758392334,0.21428571428571427
42602,0,0,28022,-15.137684106826782,-11.009793758392334,0.21428571428571427
42603,0,0,28021,-15.137684106826782,-11.009793758392334,0.21428571428571427
42604,0,0,28020,-15.137684106826782,-11.009793758392334,0.21428571428571427
42605,0,0,28019,-15.137684106826782,-11.009793758392334,0.21428571428571427
42606,0,0,28018,-15.137684106826782,-11.009793758392334,0.21428571428571427
42607,0,0,28016,-15.137684106826782,-11.009793758392334,0.21428571428571427
42608,0,0,28006,-15.137684106826782,-11.009793758392334,0.21428571428571427
42609,0,0,28015,-15.137684106826782,-11.009793758392334,0.21428571428571427
42610,0,0,28014,-15.137684106826782,-11.009793758392334,0.21428571428571427
42611,0,0,28013,-15.137684106826782,-11.009793758392334,0.21428571428571427
42612,0,0,28012,-15.137684106826782,-11.009793758392334,0.21428571428571427
42613,0,0,28011,-15.137684106826782,-11.009793758392334,0.21428571428571427
42614,0,0,28010,-15.137684106826782,-11.009793758392334,0.21428571428571427
42615,0,0,28009,-15.137684106826782,-11.009793758392334,0.21428571428571427
42616,0,0,28008,-15.137684106826782,-11.009793758392334,0.21428571428571427
42617,0,0,28007,-15.137684106826782,-11.009793758392334,0.21428571428571427
42618,0,0,27981,-15.137684106826782,-11.009793758392334,0.21428571428571427
42619,0,0,27979,-15.137684106826782,-11.009793758392334,0.21428571428571427
42620,0,0,27932,-15.137684106826782,-11.009793758392334,0.21428571428571427
42621,0,0,27978,-15.137684106826782,-11.009793758392334,0.21428571428571427
42622,0,0,27953,-15.137684106826782,-11.009793758392334,0.21428571428571427
42623,0,0,27952,-15.137684106826782,-11.009793758392334,0.21428571428571427
42624,0,0,27951,-15.137684106826782,-11.009793758392334,0.21428571428571427
42625,0,0,27950,-15.137684106826782,-11.009793758392334,0.21428571428571427
42626,0,0,27949,-15.137684106826782,-11.009793758392334,0.21428571428571427
42627,0,0,27948,-15.137684106826782,-11.009793758392334,0.21428571428571427
42628,0,0,27947,-15.137684106826782,-11.009793758392334,0.21428571428571427
42629,0,0,27946,-15.137684106826782,-11.009793758392334,0.21428571428571427
42630,0,0,27945,-15.137684106826782,-11.009793758392334,0.21428571428571427
42631,0,0,27944,-15.137684106826782,-11.009793758392334,0.21428571428571427
42632,0,0,27943,-15.137684106826782,-11.009793758392334,0.21428571428571427
42633,0,0,27942,-15.137684106826782,-11.009793758392334,0.21428571428571427
42634,0,0,27941,-15.137684106826782,-11.009793758392334,0.21428571428571427
42635,0,0,27940,-15.137684106826782,-11.009793758392334,0.21428571428571427
42636,0,0,27939,-15.137684106826782,-11.009793758392334,0.21428571428571427
42637,0,0,27938,-15.137684106826782,-11.009793758392334,0.21428571428571427
42638,0,0,27937,-15.137684106826782,-11.009793758392334,0.21428571428571427
42639,0,0,27936,-15.137684106826782,-11.009793758392334,0.21428571428571427
42640,0,0,27935,-15.137684106826782,-11.009793758392334,0.21428571428571427
42641,0,0,27934,-15.137684106826782,-11.009793758392334,0.21428571428571427
42642,0,0,27933,-15.137684106826782,-11.009793758392334,0.21428571428571427
42643,0,0,27954,-15.137684106826782,-11.009793758392334,0.21428571428571427
42644,0,0,27955,-15.137684106826782,-11.009793758392334,0.21428571428571427
42645,0,0,27956,-15.137684106826782,-11.009793758392334,0.21428571428571427
42646,0,0,27968,-15.137684106826782,-11.009793758392334,0.21428571428571427
42647,0,0,27977,-15.137684106826782,-11.009793758392334,0.21428571428571427
42648,0,0,27976,-15.137684106826782,-11.009793758392334,0.21428571428571427
42649,0,0,27975,-15.137684106826782,-11.009793758392334,0.21428571428571427
42650,0,0,27974,-15.137684106826782,-11.009793758392334,0.21428571428571427
42651,0,0,27973,-15.137684106826782,-11.009793758392334,0.21428571428571427
42652,0,0,27972,-15.137684106826782,-11.009793758392334,0.21428571428571427
42653,0,0,27971,-15.137684106826782,-11.009793758392334,0.21428571428571427
42654,0,0,27970,-15.137684106826782,-11.009793758392334,0.21428571428571427
42655,0,0,27969,-15.137684106826782,-11.009793758392334,0.21428571428571427
42656,0,0,27967,-15.137684106826782,-11.009793758392334,0.21428571428571427
42657,1,0,27957,-15.137684106826782,-11.009793758392334,0.21428571428571427
42658,0,0,27966,-15.137684106826782,-11.009793758392334,0.21428571428571427
42659,0,0,27965,-15.137684106826782,-11.009793758392334,0.21428571428571427
42660,0,0,27964,-15.137684106826782,-11.009793758392334,0.21428571428571427
42661,0,0,27963,-15.137684106826782,-11.009793758392334,0.21428571428571427
42662,0,0,27962,-15.137684106826782,-11.009793758392334,0.21428571428571427
42663,0,0,27961,-15.137684106826782,-11.009793758392334,0.21428571428571427
42664,0,0,27960,-15.137684106826782,-11.009793758392334,0.21428571428571427
42665,0,0,27959,-15.137684106826782,-11.009793758392334,0.21428571428571427
42666,0,0,27958,-15.137684106826782,-11.009793758392334,0.21428571428571427
42667,0,0,28027,-15.137684106826782,-11.009793758392334,0.21428571428571427
42668,0,0,28028,-15.137684106826782,-11.009793758392334,0.21428571428571427
42669,0,0,28029,-15.137684106826782,-11.009793758392334,0.21428571428571427
42670,0,0,28030,-15.137684106826782,-11.009793758392334,0.21428571428571427
42671,0,0,28099,-15.137684106826782,-11.009793758392334,0.21428571428571427
42672,0,0,28098,-15.137684106826782,-11.009793758392334,0.21428571428571427
42673,0,0,28097,-15.137684106826782,-11.009793758392334,0.21428571428571427
42674,0,0,28096,-15.137684106826782,-11.009793758392334,0.21428571428571427
42675,0,0,28095,-15.137684106826782,-11.009793758392334,0.21428571428571427
42676,0,0,28094,-15.137684106826782,-11.009793758392334,0.21428571428571427
42677,0,0,28093,-15.137684106826782,-11.009793758392334,0.21428571428571427
42678,0,0,28092,-15.137684106826782,-11.009793758392334,0.21428571428571427
42679,0,0,28091,-15.137684106826782,-11.009793758392334,0.21428571428571427
42680,0,0,28089,-15.137684106826782,-11.009793758392334,0.21428571428571427
42681,0,0,28079,-15.137684106826782,-11.009793758392334,0.21428571428571427
42682,0,0,28088,-15.137684106826782,-11.009793758392334,0.21428571428571427
42683,0,0,28087,-15.137684106826782,-11.009793758392334,0.21428571428571427
42684,0,0,28086,-15.137684106826782,-11.009793758392334,0.21428571428571427
42685,0,0,28085,-15.137684106826782,-11.009793758392334,0.21428571428571427
42686,0,0,28084,-15.137684106826782,-11.009793758392334,0.21428571428571427
42687,0,0,28083,-15.137684106826782,-11.009793758392334,0.21428571428571427
42688,0,0,28082,-15.137684106826782,-11.009793758392334,0.21428571428571427
42689,0,0,28081,-15.137684106826782,-11.009793758392334,0.21428571428571427
42690,0,0,28080,-15.137684106826782,-11.009793758392334,0.21428571428571427
42691,0,0,28100,-15.137684106826782,-11.009793758392334,0.21428571428571427
42692,0,0,28090,-15.137684106826782,-11.009793758392334,0.21428571428571427
42693,0,0,28101,-15.137684106826782,-11.009793758392334,0.21428571428571427
42694,0,0,28114,-15.137684106826782,-11.009793758392334,0.21428571428571427
42695,0,0,28123,-15.137684106826782,-11.009793758392334,0.21428571428571427
42696,0,0,28122,-15.137684106826782,-11.009793758392334,0.21428571428571427
42697,0,0,28121,-15.137684106826782,-11.009793758392334,0.21428571428571427
42698,0,0,28120,-15.137684106826782,-11.009793758392334,0.21428571428571427
42699,0,0,28119,-15.137684106826782,-11.009793758392334,0.21428571428571427
42700,0,0,28118,-15.137684106826782,-11.009793758392334,0.21428571428571427
42701,0,0,28117,-15.137684106826782,-11.009793758392334,0.21428571428571427
42702,0,0,28116,-15.137684106826782,-11.009793758392334,0.21428571428571427
42703,0,0,28115,-15.137684106826782,-11.009793758392334,0.21428571428571427
42704,0,0,28113,-15.137684106826782,-11.009793758392334,0.21428571428571427
42705,0,0,28103,-15.137684106826782,-11.009793758392334,0.21428571428571427
42706,0,0,28112,-15.137684106826782,-11.009793758392334,0.21428571428571427
42707,0,0,28111,-15.137684106826782,-11.009793758392334,0.21428571428571427
42708,0,0,28110,-15.137684106826782,-11.009793758392334,0.21428571428571427
42709,0,0,28109,-15.137684106826782,-11.009793758392334,0.21428571428571427
42710,0,0,28108,-15.137684106826782,-11.009793758392334,0.21428571428571427
42711,0,0,28107,-15.137684106826782,-11.009793758392334,0.21428571428571427
42712,0,0,28106,-15.137684106826782,-11.009793758392334,0.21428571428571427
42713,0,0,28105,-15.137684106826782,-11.009793758392334,0.21428571428571427
42714,0,0,28104,-15.137684106826782,-11.009793758392334,0.21428571428571427
42715,0,0,28102,-15.137684106826782,-11.009793758392334,0.21428571428571427
42716,0,0,28078,-15.137684106826782,-11.009793758392334,0.21428571428571427
42717,0,0,28077,-15.137684106826782,-11.009793758392334,0.21428571428571427
42718,0,0,28076,-15.137684106826782,-11.009793758392334,0.21428571428571427
42719,0,0,28051,-15.137684106826782,-11.009793758392334,0.21428571428571427
42720,0,0,28050,-15.137684106826782,-11.009793758392334,0.21428571428571427
42721,0,0,28049,-15.137684106826782,-11.009793758392334,0.21428571428571427
42722,0,0,28048,-15.137684106826782,-11.009793758392334,0.21428571428571427
42723,0,0,28047,-15.137684106826782,-11.009793758392334,0.21428571428571427
42724,0,0,28046,-15.137684106826782,-11.009793758392334,0.21428571428571427
42725,0,0,28045,-15.137684106826782,-11.009793758392334,0.21428571428571427
42726,0,0,28044,-15.137684106826782,-11.009793758392334,0.21428571428571427
42727,0,0,28043,-15.137684106826782,-11.009793758392334,0.21428571428571427
42728,0,0,28042,-15.137684106826782,-11.009793758392334,0.21428571428571427
42729,0,0,28041,-15.137684106826782,-11.009793758392334,0.21428571428571427
42730,0,0,28040,-15.137684106826782,-11.009793758392334,0.21428571428571427
42731,0,0,28039,-15.137684106826782,-11.009793758392334,0.21428571428571427
42732,0,0,28038,-15.137684106826782,-11.009793758392334,0.21428571428571427
42733,0,0,28037,-15.137684106826782,-11.009793758392334,0.21428571428571427
42734,0,0,28036,-15.137684106826782,-11.009793758392334,0.21428571428571427
42735,0,0,28035,-15.137684106826782,-11.009793758392334,0.21428571428571427
42736,0,0,28034,-15.137684106826782,-11.009793758392334,0.21428571428571427
42737,0,0,28033,-15.137684106826782,-11.009793758392334,0.21428571428571427
42738,0,0,28032,-15.137684106826782,-11.009793758392334,0.21428571428571427
42739,0,0,28031,-15.137684106826782,-11.009793758392334,0.21428571428571427
42740,0,0,28052,-15.137684106826782,-11.009793758392334,0.21428571428571427
42741,0,0,28053,-15.137684106826782,-11.009793758392334,0.21428571428571427
42742,0,0,28054,-15.137684106826782,-11.009793758392334,0.21428571428571427
42743,0,0,28066,-15.137684106826782,-11.009793758392334,0.21428571428571427
42744,0,0,28075,-15.137684106826782,-11.009793758392334,0.21428571428571427
42745,0,0,28074,-15.137684106826782,-11.009793758392334,0.21428571428571427
42746,0,0,28073,-15.137684106826782,-11.009793758392334,0.21428571428571427
42747,0,0,28072,-15.137684106826782,-11.009793758392334,0.21428571428571427
42748,0,0,28071,-15.137684106826782,-11.009793758392334,0.21428571428571427
42749,0,0,28070,-15.137684106826782,-11.009793758392334,0.21428571428571427
42750,0,0,28069,-15.137684106826782,-11.009793758392334,0.21428571428571427
42751,0,0,28068,-15.137684106826782,-11.009793758392334,0.21428571428571427
42752,0,0,28067,-15.137684106826782,-11.009793758392334,0.21428571428571427
42753,0,0,28065,-15.137684106826782,-11.009793758392334,0.21428571428571427
42754,0,0,28055,-15.137684106826782,-11.009793758392334,0.21428571428571427
42755,0,0,28064,-15.137684106826782,-11.009793758392334,0.21428571428571427
42756,0,0,28063,-15.137684106826782,-11.009793758392334,0.21428571428571427
42757,0,0,28062,-15.137684106826782,-11.009793758392334,0.21428571428571427
42758,0,0,28061,-15.137684106826782,-11.009793758392334,0.21428571428571427
42759,0,0,28060,-15.137684106826782,-11.009793758392334,0.21428571428571427
42760,0,0,28059,-15.137684106826782,-11.009793758392334,0.21428571428571427
42761,0,0,28058,-15.137684106826782,-11.009793758392334,0.21428571428571427
42762,0,0,28057,-15.137684106826782,-11.009793758392334,0.21428571428571427
42763,0,0,28056,-15.137684106826782,-11.009793758392334,0.21428571428571427
42764,0,0,27980,-15.137684106826782,-11.009793758392334,0.21428571428571427
42765,0,0,27930,-15.137684106826782,-11.009793758392334,0.21428571428571427
42766,0,0,27785,-15.137684106826782,-11.009793758392334,0.21428571428571427
42767,0,0,27929,-15.137684106826782,-11.009793758392334,0.21428571428571427
42768,0,0,27807,-15.137684106826782,-11.009793758392334,0.21428571428571427
42769,0,0,27806,-15.137684106826782,-11.009793758392334,0.21428571428571427
42770,0,0,27805,-15.137684106826782,-11.009793758392334,0.21428571428571427
42771,0,0,27804,-15.137684106826782,-11.009793758392334,0.21428571428571427
42772,0,0,27803,-15.137684106826782,-11.009793758392334,0.21428571428571427
42773,0,0,27802,-15.137684106826782,-11.009793758392334,0.21428571428571427
42774,0,0,27801,-15.137684106826782,-11.009793758392334,0.21428571428571427
42775,0,0,27800,-15.137684106826782,-11.009793758392334,0.21428571428571427
42776,0,0,27799,-15.137684106826782,-11.009793758392334,0.21428571428571427
42777,0,0,27798,-15.137684106826782,-11.009793758392334,0.21428571428571427
42778,0,0,27797,-15.137684106826782,-11.009793758392334,0.21428571428571427
42779,0,0,27796,-15.137684106826782,-11.009793758392334,0.21428571428571427
42780,0,0,27795,-15.137684106826782,-11.009793758392334,0.21428571428571427
42781,0,0,27794,-15.137684106826782,-11.009793758392334,0.21428571428571427
42782,0,0,27793,-15.137684106826782,-11.009793758392334,0.21428571428571427
42783,0,0,27792,-15.137684106826782,-11.009793758392334,0.21428571428571427
42784,0,0,27791,-15.137684106826782,-11.009793758392334,0.21428571428571427
42785,0,0,27790,-15.137684106826782,-11.009793758392334,0.21428571428571427
42786,0,0,27789,-15.137684106826782,-11.009793758392334,0.21428571428571427
42787,0,0,27788,-15.137684106826782,-11.009793758392334,0.21428571428571427
42788,0,0,27787,-15.137684106826782,-11.009793758392334,0.21428571428571427
42789,0,0,27808,-15.137684106826782,-11.009793758392334,0.21428571428571427
42790,0,0,27809,-15.137684106826782,-11.009793758392334,0.21428571428571427
42791,0,0,27810,-15.137684106826782,-11.009793758392334,0.21428571428571427
42792,0,0,27822,-15.137684106826782,-11.009793758392334,0.21428571428571427
42793,0,0,27831,-15.137684106826782,-11.009793758392334,0.21428571428571427
42794,0,0,27830,-15.137684106826782,-11.009793758392334,0.21428571428571427
42795,1,0,27829,-15.137684106826782,-11.009793758392334,0.21428571428571427
42796,0,0,27828,-15.137684106826782,-11.009793758392334,0.21428571428571427
42797,0,0,27827,-15.137684106826782,-11.009793758392334,0.21428571428571427
42798,0,0,27826,-15.137684106826782,-11.009793758392334,0.21428571428571427
42799,0,0,27825,-15.137684106826782,-11.009793758392334,0.21428571428571427
42800,0,0,27824,-15.137684106826782,-11.009793758392334,0.21428571428571427
42801,0,0,27823,-15.137684106826782,-11.009793758392334,0.21428571428571427
42802,0,0,27821,-15.137684106826782,-11.009793758392334,0.21428571428571427
42803,0,0,27811,-15.137684106826782,-11.009793758392334,0.21428571428571427
42804,0,0,27820,-15.137684106826782,-11.009793758392334,0.21428571428571427
42805,0,0,27819,-15.137684106826782,-11.009793758392334,0.21428571428571427
42806,0,0,27818,-15.137684106826782,-11.009793758392334,0.21428571428571427
42807,0,0,27817,-15.137684106826782,-11.009793758392334,0.21428571428571427
42808,0,0,27816,-15.137684106826782,-11.009793758392334,0.21428571428571427
42809,0,0,27815,-15.137684106826782,-11.009793758392334,0.21428571428571427
42810,0,0,27814,-15.137684106826782,-11.009793758392334,0.21428571428571427
42811,0,0,27813,-15.137684106826782,-11.009793758392334,0.21428571428571427
42812,0,0,27812,-15.137684106826782,-11.009793758392334,0.21428571428571427
42813,0,0,27786,-15.137684106826782,-11.009793758392334,0.21428571428571427
42814,0,0,27784,-15.137684106826782,-11.009793758392334,0.21428571428571427
42815,0,0,27737,-15.137684106826782,-11.009793758392334,0.21428571428571427
42816,0,0,27783,-15.137684106826782,-11.009793758392334,0.21428571428571427
42817,0,0,27758,-15.137684106826782,-11.009793758392334,0.21428571428571427
42818,0,0,27757,-15.137684106826782,-11.009793758392334,0.21428571428571427
42819,0,0,27756,-15.137684106826782,-11.009793758392334,0.21428571428571427
42820,0,0,27755,-15.137684106826782,-11.009793758392334,0.21428571428571427
42821,0,0,27754,-15.137684106826782,-11.009793758392334,0.21428571428571427
42822,0,0,27753,-15.137684106826782,-11.009793758392334,0.21428571428571427
42823,0,0,27752,-15.137684106826782,-11.009793758392334,0.21428571428571427
42824,0,0,27751,-15.137684106826782,-11.009793758392334,0.21428571428571427
42825,0,0,27750,-15.137684106826782,-11.009793758392334,0.21428571428571427
42826,0,0,27749,-15.137684106826782,-11.009793758392334,0.21428571428571427
42827,0,0,27748,-15.137684106826782,-11.009793758392334,0.21428571428571427
42828,0,0,27747,-15.137684106826782,-11.009793758392334,0.21428571428571427
42829,0,0,27746,-15.137684106826782,-11.009793758392334,0.21428571428571427
42830,0,0,27745,-15.137684106826782,-11.009793758392334,0.21428571428571427
42831,0,0,27744,-15.137684106826782,-11.009793758392334,0.21428571428571427
42832,0,0,27743,-15.137684106826782,-11.009793758392334,0.21428571428571427
42833,0,0,27742,-15.137684106826782,-11.009793758392334,0.21428571428571427
42834,0,0,27741,-15.137684106826782,-11.009793758392334,0.21428571428571427
42835,0,0,27740,-15.137684106826782,-11.009793758392334,0.21428571428571427
42836,0,0,27739,-15.137684106826782,-11.009793758392334,0.21428571428571427
42837,0,0,27738,-15.137684106826782,-11.009793758392334,0.21428571428571427
42838,0,0,27759,-15.137684106826782,-11.009793758392334,0.21428571428571427
42839,1,0,27760,-15.137684106826782,-11.009793758392334,0.21428571428571427
42840,0,0,27761,-15.137684106826782,-11.009793758392334,0.21428571428571427
42841,0,0,27773,-15.137684106826782,-11.009793758392334,0.21428571428571427
42842,0,0,27782,-15.137684106826782,-11.009793758392334,0.21428571428571427
42843,0,0,27781,-15.137684106826782,-11.009793758392334,0.21428571428571427
42844,0,0,27780,-15.137684106826782,-11.009793758392334,0.21428571428571427
42845,0,0,27779,-15.137684106826782,-11.009793758392334,0.21428571428571427
42846,0,0,27778,-15.137684106826782,-11.009793758392334,0.21428571428571427
42847,0,0,27777,-15.137684106826782,-11.009793758392334,0.21428571428571427
42848,0,0,27776,-15.137684106826782,-11.009793758392334,0.21428571428571427
42849,0,0,27775,-15.137684106826782,-11.009793758392334,0.21428571428571427
42850,0,0,27774,-15.137684106826782,-11.009793758392334,0.21428571428571427
42851,0,0,27772,-15.137684106826782,-11.009793758392334,0.21428571428571427
42852,0,0,27762,-15.137684106826782,-11.009793758392334,0.21428571428571427
42853,0,0,27771,-15.137684106826782,-11.009793758392334,0.21428571428571427
42854,0,0,27770,-15.137684106826782,-11.009793758392334,0.21428571428571427
42855,0,0,27769,-15.137684106826782,-11.009793758392334,0.21428571428571427
42856,0,0,27768,-15.137684106826782,-11.009793758392334,0.21428571428571427
42857,0,0,27767,-15.137684106826782,-11.009793758392334,0.21428571428571427
42858,0,0,27766,-15.137684106826782,-11.009793758392334,0.21428571428571427
42859,0,0,27765,-15.137684106826782,-11.009793758392334,0.21428571428571427
42860,0,0,27764,-15.137684106826782,-11.009793758392334,0.21428571428571427
42861,0,0,27763,-15.137684106826782,-11.009793758392334,0.21428571428571427
42862,0,0,27832,-15.137684106826782,-11.009793758392334,0.21428571428571427
42863,0,0,27833,-15.137684106826782,-11.009793758392334,0.21428571428571427
42864,0,0,27834,-15.137684106826782,-11.009793758392334,0.21428571428571427
42865,0,0,27835,-15.137684106826782,-11.009793758392334,0.21428571428571427
42866,0,0,27904,-15.137684106826782,-11.009793758392334,0.21428571428571427
42867,0,0,27903,-15.137684106826782,-11.009793758392334,0.21428571428571427
42868,0,0,27902,-15.137684106826782,-11.009793758392334,0.21428571428571427
42869,0,0,27901,-15.137684106826782,-11.009793758392334,0.21428571428571427
42870,0,0,27900,-15.137684106826782,-11.009793758392334,0.21428571428571427
42871,0,0,27899,-15.137684106826782,-11.009793758392334,0.21428571428571427
42872,0,0,27898,-15.137684106826782,-11.009793758392334,0.21428571428571427
42873,0,0,27897,-15.137684106826782,-11.009793758392334,0.21428571428571427
42874,0,0,27896,-15.137684106826782,-11.009793758392334,0.21428571428571427
42875,0,0,27894,-15.137684106826782,-11.009793758392334,0.21428571428571427
42876,0,0,27884,-15.137684106826782,-11.009793758392334,0.21428571428571427
42877,0,0,27893,-15.137684106826782,-11.009793758392334,0.21428571428571427
42878,0,0,27892,-15.137684106826782,-11.009793758392334,0.21428571428571427
42879,0,0,27891,-15.137684106826782,-11.009793758392334,0.21428571428571427
42880,0,0,27890,-15.137684106826782,-11.009793758392334,0.21428571428571427
42881,0,0,27889,-15.137684106826782,-11.009793758392334,0.21428571428571427
42882,0,0,27888,-15.137684106826782,-11.009793758392334,0.21428571428571427
42883,0,0,27887,-15.137684106826782,-11.009793758392334,0.21428571428571427
42884,0,0,27886,-15.137684106826782,-11.009793758392334,0.21428571428571427
42885,0,0,27885,-15.137684106826782,-11.009793758392334,0.21428571428571427
42886,0,0,27905,-15.137684106826782,-11.009793758392334,0.21428571428571427
42887,0,0,27895,-15.137684106826782,-11.009793758392334,0.21428571428571427
42888,0,0,27906,-15.137684106826782,-11.009793758392334,0.21428571428571427
42889,0,0,27919,-15.137684106826782,-11.009793758392334,0.21428571428571427
42890,0,0,27928,-15.137684106826782,-11.009793758392334,0.21428571428571427
42891,0,0,27927,-15.137684106826782,-11.009793758392334,0.21428571428571427
42892,0,0,27926,-15.137684106826782,-11.009793758392334,0.21428571428571427
42893,0,0,27925,-15.137684106826782,-11.009793758392334,0.21428571428571427
42894,0,0,27924,-15.137684106826782,-11.009793758392334,0.21428571428571427
42895,0,0,27923,-15.137684106826782,-11.009793758392334,0.21428571428571427
42896,0,0,27922,-15.137684106826782,-11.009793758392334,0.21428571428571427
42897,0,0,27921,-15.137684106826782,-11.009793758392334,0.21428571428571427
42898,0,0,27920,-15.137684106826782,-11.009793758392334,0.21428571428571427
42899,0,0,27918,-15.137684106826782,-11.009793758392334,0.21428571428571427
42900,0,0,27908,-15.137684106826782,-11.009793758392334,0.21428571428571427
42901,0,0,27917,-15.137684106826782,-11.009793758392334,0.21428571428571427
42902,0,0,27916,-15.137684106826782,-11.009793758392334,0.21428571428571427
42903,0,0,27915,-15.137684106826782,-11.009793758392334,0.21428571428571427
42904,0,0,27914,-15.137684106826782,-11.009793758392334,0.21428571428571427
42905,0,0,27913,-15.137684106826782,-11.009793758392334,0.21428571428571427
42906,0,0,27912,-15.137684106826782,-11.009793758392334,0.21428571428571427
42907,0,0,27911,-15.137684106826782,-11.009793758392334,0.21428571428571427
42908,0,0,27910,-15.137684106826782,-11.009793758392334,0.21428571428571427
42909,0,0,27909,-15.137684106826782,-11.009793758392334,0.21428571428571427
42910,0,0,27907,-15.137684106826782,-11.009793758392334,0.21428571428571427
42911,0,0,27883,-15.137684106826782,-11.009793758392334,0.21428571428571427
42912,0,0,27882,-15.137684106826782,-11.009793758392334,0.21428571428571427
42913,0,0,27881,-15.137684106826782,-11.009793758392334,0.21428571428571427
42914,0,0,27856,-15.137684106826782,-11.009793758392334,0.21428571428571427
42915,0,0,27855,-15.137684106826782,-11.009793758392334,0.21428571428571427
42916,0,0,27854,-15.137684106826782,-11.009793758392334,0.21428571428571427
42917,0,0,27853,-15.137684106826782,-11.009793758392334,0.21428571428571427
42918,0,0,27852,-15.137684106826782,-11.009793758392334,0.21428571428571427
42919,0,0,27851,-15.137684106826782,-11.009793758392334,0.21428571428571427
42920,0,0,27850,-15.137684106826782,-11.009793758392334,0.21428571428571427
42921,0,0,27849,-15.137684106826782,-11.009793758392334,0.21428571428571427
42922,0,0,27848,-15.137684106826782,-11.009793758392334,0.21428571428571427
42923,0,0,27847,-15.137684106826782,-11.009793758392334,0.21428571428571427
42924,0,0,27846,-15.137684106826782,-11.009793758392334,0.21428571428571427
42925,0,0,27845,-15.137684106826782,-11.009793758392334,0.21428571428571427
42926,0,0,27844,-15.137684106826782,-11.009793758392334,0.21428571428571427
42927,0,0,27843,-15.137684106826782,-11.009793758392334,0.21428571428571427
42928,0,0,27842,-15.137684106826782,-11.009793758392334,0.21428571428571427
42929,0,0,27841,-15.137684106826782,-11.009793758392334,0.21428571428571427
42930,0,0,27840,-15.137684106826782,-11.009793758392334,0.21428571428571427
42931,0,0,27839,-15.137684106826782,-11.009793758392334,0.21428571428571427
42932,0,0,27838,-15.137684106826782,-11.009793758392334,0.21428571428571427
42933,0,0,27837,-15.137684106826782,-11.009793758392334,0.21428571428571427
42934,0,0,27836,-15.137684106826782,-11.009793758392334,0.21428571428571427
42935,0,0,27857,-15.137684106826782,-11.009793758392334,0.21428571428571427
42936,0,0,27858,-15.137684106826782,-11.009793758392334,0.21428571428571427
42937,0,0,27859,-15.137684106826782,-11.009793758392334,0.21428571428571427
42938,0,0,27871,-15.137684106826782,-11.009793758392334,0.21428571428571427
42939,0,0,27880,-15.137684106826782,-11.009793758392334,0.21428571428571427
42940,0,0,27879,-15.137684106826782,-11.009793758392334,0.21428571428571427
42941,0,0,27878,-15.137684106826782,-11.009793758392334,0.21428571428571427
42942,0,0,27877,-15.137684106826782,-11.009793758392334,0.21428571428571427
42943,0,0,27876,-15.137684106826782,-11.009793758392334,0.21428571428571427
42944,0,0,27875,-15.137684106826782,-11.009793758392334,0.21428571428571427
42945,0,0,27874,-15.137684106826782,-11.009793758392334,0.21428571428571427
42946,0,0,27873,-15.137684106826782,-11.009793758392334,0.21428571428571427
42947,0,0,27872,-15.137684106826782,-11.009793758392334,0.21428571428571427
42948,0,0,27870,-15.137684106826782,-11.009793758392334,0.21428571428571427
42949,0,0,27860,-15.137684106826782,-11.009793758392334,0.21428571428571427
42950,0,0,27869,-15.137684106826782,-11.009793758392334,0.21428571428571427
42951,0,0,27868,-15.137684106826782,-11.009793758392334,0.21428571428571427
42952,0,0,27867,-15.137684106826782,-11.009793758392334,0.21428571428571427
42953,0,0,27866,-15.137684106826782,-11.009793758392334,0.21428571428571427
42954,0,0,27865,-15.137684106826782,-11.009793758392334,0.21428571428571427
42955,0,0,27864,-15.137684106826782,-11.009793758392334,0.21428571428571427
42956,0,0,27863,-15.137684106826782,-11.009793758392334,0.21428571428571427
42957,0,0,27862,-15.137684106826782,-11.009793758392334,0.21428571428571427
42958,0,0,27861,-15.137684106826782,-11.009793758392334,0.21428571428571427
42959,0,0,27443,-15.137684106826782,-11.009793758392334,0.21428571428571427
42960,0,0,27344,-15.137684106826782,-11.009793758392334,0.21428571428571427
42961,0,0,26662,-15.137684106826782,-11.009793758392334,0.21428571428571427
42962,0,0,27343,-15.137684106826782,-11.009793758392334,0.21428571428571427
42963,0,0,26831,-15.137684106826782,-11.009793758392334,0.21428571428571427
42964,0,0,26830,-15.137684106826782,-11.009793758392334,0.21428571428571427
42965,0,0,26829,-15.137684106826782,-11.009793758392334,0.21428571428571427
42966,0,0,26828,-15.137684106826782,-11.009793758392334,0.21428571428571427
42967,0,0,26827,-15.137684106826782,-11.009793758392334,0.21428571428571427
42968,0,0,26826,-15.137684106826782,-11.009793758392334,0.21428571428571427
42969,0,0,26825,-15.137684106826782,-11.009793758392334,0.21428571428571427
42970,0,0,26824,-15.137684106826782,-11.009793758392334,0.21428571428571427
42971,0,0,26823,-15.137684106826782,-11.009793758392334,0.21428571428571427
42972,0,0,26822,-15.137684106826782,-11.009793758392334,0.21428571428571427
42973,0,0,26821,-15.137684106826782,-11.009793758392334,0.21428571428571427
42974,0,0,26820,-15.137684106826782,-11.009793758392334,0.21428571428571427
42975,0,0,26819,-15.137684106826782,-11.009793758392334,0.21428571428571427
42976,0,0,26818,-15.137684106826782,-11.009793758392334,0.21428571428571427
42977,0,0,26817,-15.137684106826782,-11.009793758392334,0.21428571428571427
42978,0,0,26816,-15.137684106826782,-11.009793758392334,0.21428571428571427
42979,0,0,26815,-15.137684106826782,-11.009793758392334,0.21428571428571427
42980,0,0,26814,-15.137684106826782,-11.009793758392334,0.21428571428571427
42981,0,0,26813,-15.137684106826782,-11.009793758392334,0.21428571428571427
42982,0,0,26812,-15.137684106826782,-11.009793758392334,0.21428571428571427
42983,0,0,26811,-15.137684106826782,-11.009793758392334,0.21428571428571427
42984,0,0,26832,-15.137684106826782,-11.009793758392334,0.21428571428571427
42985,0,0,26833,-15.137684106826782,-11.009793758392334,0.21428571428571427
42986,0,0,26834,-15.137684106826782,-11.009793758392334,0.21428571428571427
42987,0,0,26846,-15.137684106826782,-11.009793758392334,0.21428571428571427
42988,0,0,26855,-15.137684106826782,-11.009793758392334,0.21428571428571427
42989,0,0,26854,-15.137684106826782,-11.009793758392334,0.21428571428571427
42990,0,0,26853,-15.137684106826782,-11.009793758392334,0.21428571428571427
42991,0,0,26852,-15.137684106826782,-11.009793758392334,0.21428571428571427
42992,0,0,26851,-15.137684106826782,-11.009793758392334,0.21428571428571427
42993,0,0,26850,-15.137684106826782,-11.009793758392334,0.21428571428571427
42994,0,0,26849,-15.137684106826782,-11.009793758392334,0.21428571428571427
42995,0,0,26848,-15.137684106826782,-11.009793758392334,0.21428571428571427
42996,0,0,26847,-15.137684106826782,-11.009793758392334,0.21428571428571427
42997,0,0,26845,-15.137684106826782,-11.009793758392334,0.21428571428571427
42998,0,0,26835,-15.137684106826782,-11.009793758392334,0.21428571428571427
42999,0,0,26844,-15.137684106826782,-11.009793758392334,0.21428571428571427
43000,0,0,26843,-15.137684106826782,-11.009793758392334,0.21428571428571427
43001,0,0,26842,-15.137684106826782,-11.009793758392334,0.21428571428571427
43002,0,0,26841,-15.137684106826782,-11.009793758392334,0.21428571428571427
43003,0,0,26840,-15.137684106826782,-11.009793758392334,0.21428571428571427
43004,0,0,26839,-15.137684106826782,-11.009793758392334,0.21428571428571427
43005,0,0,26838,-15.137684106826782,-11.009793758392334,0.21428571428571427
43006,0,0,26837,-15.137684106826782,-11.009793758392334,0.21428571428571427
43007,0,0,26836,-15.137684106826782,-11.009793758392334,0.21428571428571427
43008,0,0,26810,-15.137684106826782,-11.009793758392334,0.21428571428571427
43009,0,0,26808,-15.137684106826782,-11.009793758392334,0.21428571428571427
43010,0,0,26761,-15.137684106826782,-11.009793758392334,0.21428571428571427
43011,0,0,26807,-15.137684106826782,-11.009793758392334,0.21428571428571427
43012,0,0,26782,-15.137684106826782,-11.009793758392334,0.21428571428571427
43013,0,0,26781,-15.137684106826782,-11.009793758392334,0.21428571428571427
43014,0,0,26780,-15.137684106826782,-11.009793758392334,0.21428571428571427
43015,0,0,26779,-15.137684106826782,-11.009793758392334,0.21428571428571427
43016,0,0,26778,-15.137684106826782,-11.009793758392334,0.21428571428571427
43017,0,0,26777,-15.137684106826782,-11.009793758392334,0.21428571428571427
43018,0,0,26776,-15.137684106826782,-11.009793758392334,0.21428571428571427
43019,0,0,26775,-15.137684106826782,-11.009793758392334,0.21428571428571427
43020,0,0,26774,-15.137684106826782,-11.009793758392334,0.21428571428571427
43021,0,0,26773,-15.137684106826782,-11.009793758392334,0.21428571428571427
43022,0,0,26772,-15.137684106826782,-11.009793758392334,0.21428571428571427
43023,0,0,26771,-15.137684106826782,-11.009793758392334,0.21428571428571427
43024,0,0,26770,-15.137684106826782,-11.009793758392334,0.21428571428571427
43025,0,0,26769,-15.137684106826782,-11.009793758392334,0.21428571428571427
43026,0,0,26768,-15.137684106826782,-11.009793758392334,0.21428571428571427
43027,0,0,26767,-15.137684106826782,-11.009793758392334,0.21428571428571427
43028,0,0,26766,-15.137684106826782,-11.009793758392334,0.21428571428571427
43029,0,0,26765,-15.137684106826782,-11.009793758392334,0.21428571428571427
43030,0,0,26764,-15.137684106826782,-11.009793758392334,0.21428571428571427
43031,0,0,26763,-15.137684106826782,-11.009793758392334,0.21428571428571427
43032,0,0,26762,-15.137684106826782,-11.009793758392334,0.21428571428571427
43033,0,0,26783,-15.137684106826782,-11.009793758392334,0.21428571428571427
43034,0,0,26784,-15.137684106826782,-11.009793758392334,0.21428571428571427
43035,0,0,26785,-15.137684106826782,-11.009793758392334,0.21428571428571427
43036,0,0,26797,-15.137684106826782,-11.009793758392334,0.21428571428571427
43037,0,0,26806,-15.137684106826782,-11.009793758392334,0.21428571428571427
43038,0,0,26805,-15.137684106826782,-11.009793758392334,0.21428571428571427
43039,0,0,26804,-15.137684106826782,-11.009793758392334,0.21428571428571427
43040,0,0,26803,-15.137684106826782,-11.009793758392334,0.21428571428571427
43041,0,0,26802,-15.137684106826782,-11.009793758392334,0.21428571428571427
43042,0,0,26801,-15.137684106826782,-11.009793758392334,0.21428571428571427
43043,0,0,26800,-15.137684106826782,-11.009793758392334,0.21428571428571427
43044,0,0,26799,-15.137684106826782,-11.009793758392334,0.21428571428571427
43045,0,0,26798,-15.137684106826782,-11.009793758392334,0.21428571428571427
43046,0,0,26796,-15.137684106826782,-11.009793758392334,0.21428571428571427
43047,0,0,26786,-15.137684106826782,-11.009793758392334,0.21428571428571427
43048,0,0,26795,-15.137684106826782,-11.009793758392334,0.21428571428571427
43049,0,0,26794,-15.137684106826782,-11.009793758392334,0.21428571428571427
43050,0,0,26793,-15.137684106826782,-11.009793758392334,0.21428571428571427
43051,0,0,26792,-15.137684106826782,-11.009793758392334,0.21428571428571427
43052,0,0,26791,-15.137684106826782,-11.009793758392334,0.21428571428571427
43053,0,0,26790,-15.137684106826782,-11.009793758392334,0.21428571428571427
43054,0,0,26789,-15.137684106826782,-11.009793758392334,0.21428571428571427
43055,0,0,26788,-15.137684106826782,-11.009793758392334,0.21428571428571427
43056,0,0,26787,-15.137684106826782,-11.009793758392334,0.21428571428571427
43057,0,0,26856,-15.137684106826782,-11.009793758392334,0.21428571428571427
43058,0,0,26857,-15.137684106826782,-11.009793758392334,0.21428571428571427
43059,0,0,26858,-15.137684106826782,-11.009793758392334,0.21428571428571427
43060,0,0,26859,-15.137684106826782,-11.009793758392334,0.21428571428571427
43061,0,0,26928,-15.137684106826782,-11.009793758392334,0.21428571428571427
43062,0,0,26927,-15.137684106826782,-11.009793758392334,0.21428571428571427
43063,0,0,26926,-15.137684106826782,-11.009793758392334,0.21428571428571427
43064,0,0,26925,-15.137684106826782,-11.009793758392334,0.21428571428571427
43065,0,0,26924,-15.137684106826782,-11.009793758392334,0.21428571428571427
43066,0,0,26923,-15.137684106826782,-11.009793758392334,0.21428571428571427
43067,0,0,26922,-15.137684106826782,-11.009793758392334,0.21428571428571427
43068,0,0,26921,-15.137684106826782,-11.009793758392334,0.21428571428571427
43069,0,0,26920,-15.137684106826782,-11.009793758392334,0.21428571428571427
43070,0,0,26918,-15.137684106826782,-11.009793758392334,0.21428571428571427
43071,0,0,26908,-15.137684106826782,-11.009793758392334,0.21428571428571427
43072,0,0,26917,-15.137684106826782,-11.009793758392334,0.21428571428571427
43073,0,0,26916,-15.137684106826782,-11.009793758392334,0.21428571428571427
43074,0,0,26915,-15.137684106826782,-11.009793758392334,0.21428571428571427
43075,0,0,26914,-15.137684106826782,-11.009793758392334,0.21428571428571427
43076,0,0,26913,-15.137684106826782,-11.009793758392334,0.21428571428571427
43077,0,0,26912,-15.137684106826782,-11.009793758392334,0.21428571428571427
43078,0,0,26911,-15.137684106826782,-11.009793758392334,0.21428571428571427
43079,0,0,26910,-15.137684106826782,-11.009793758392334,0.21428571428571427
43080,0,0,26909,-15.137684106826782,-11.009793758392334,0.21428571428571427
43081,0,0,26929,-15.137684106826782,-11.009793758392334,0.21428571428571427
43082,0,0,26919,-15.137684106826782,-11.009793758392334,0.21428571428571427
43083,0,0,26930,-15.137684106826782,-11.009793758392334,0.21428571428571427
43084,0,0,26943,-15.137684106826782,-11.009793758392334,0.21428571428571427
43085,0,0,26952,-15.137684106826782,-11.009793758392334,0.21428571428571427
43086,0,0,26951,-15.137684106826782,-11.009793758392334,0.21428571428571427
43087,0,0,26950,-15.137684106826782,-11.009793758392334,0.21428571428571427
43088,0,0,26949,-15.137684106826782,-11.009793758392334,0.21428571428571427
43089,0,0,26948,-15.137684106826782,-11.009793758392334,0.21428571428571427
43090,0,0,26947,-15.137684106826782,-11.009793758392334,0.21428571428571427
43091,0,0,26946,-15.137684106826782,-11.009793758392334,0.21428571428571427
43092,0,0,26945,-15.137684106826782,-11.009793758392334,0.21428571428571427
43093,0,0,26944,-15.137684106826782,-11.009793758392334,0.21428571428571427
43094,0,0,26942,-15.137684106826782,-11.009793758392334,0.21428571428571427
43095,0,0,26932,-15.137684106826782,-11.009793758392334,0.21428571428571427
43096,0,0,26941,-15.137684106826782,-11.009793758392334,0.21428571428571427
43097,0,0,26940,-15.137684106826782,-11.009793758392334,0.21428571428571427
43098,0,0,26939,-15.137684106826782,-11.009793758392334,0.21428571428571427
43099,0,0,26938,-15.137684106826782,-11.009793758392334,0.21428571428571427
43100,0,0,26937,-15.137684106826782,-11.009793758392334,0.21428571428571427
43101,0,0,26936,-15.137684106826782,-11.009793758392334,0.21428571428571427
43102,0,0,26935,-15.137684106826782,-11.009793758392334,0.21428571428571427
43103,0,0,26934,-15.137684106826782,-11.009793758392334,0.21428571428571427
43104,0,0,26933,-15.137684106826782,-11.009793758392334,0.21428571428571427
43105,0,0,26931,-15.137684106826782,-11.009793758392334,0.21428571428571427
43106,0,0,26907,-15.137684106826782,-11.009793758392334,0.21428571428571427
43107,0,0,26906,-15.137684106826782,-11.009793758392334,0.21428571428571427
43108,0,0,26905,-15.137684106826782,-11.009793758392334,0.21428571428571427
43109,0,0,26880,-15.137684106826782,-11.009793758392334,0.21428571428571427
43110,0,0,26879,-15.137684106826782,-11.009793758392334,0.21428571428571427
43111,0,0,26878,-15.137684106826782,-11.009793758392334,0.21428571428571427
43112,0,0,26877,-15.137684106826782,-11.009793758392334,0.21428571428571427
43113,0,0,26876,-15.137684106826782,-11.009793758392334,0.21428571428571427
43114,0,0,26875,-15.137684106826782,-11.009793758392334,0.21428571428571427
43115,0,0,26874,-15.137684106826782,-11.009793758392334,0.21428571428571427
43116,0,0,26873,-15.137684106826782,-11.009793758392334,0.21428571428571427
43117,0,0,26872,-15.137684106826782,-11.009793758392334,0.21428571428571427
43118,0,0,26871,-15.137684106826782,-11.009793758392334,0.21428571428571427
43119,0,0,26870,-15.137684106826782,-11.009793758392334,0.21428571428571427
43120,0,0,26869,-15.137684106826782,-11.009793758392334,0.21428571428571427
43121,0,0,26868,-15.137684106826782,-11.009793758392334,0.21428571428571427
43122,0,0,26867,-15.137684106826782,-11.009793758392334,0.21428571428571427
43123,0,0,26866,-15.137684106826782,-11.009793758392334,0.21428571428571427
43124,0,0,26865,-15.137684106826782,-11.009793758392334,0.21428571428571427
43125,0,0,26864,-15.137684106826782,-11.009793758392334,0.21428571428571427
43126,0,0,26863,-15.137684106826782,-11.009793758392334,0.21428571428571427
43127,0,0,26862,-15.137684106826782,-11.009793758392334,0.21428571428571427
43128,0,0,26861,-15.137684106826782,-11.009793758392334,0.21428571428571427
43129,0,0,26860,-15.137684106826782,-11.009793758392334,0.21428571428571427
43130,0,0,26881,-15.137684106826782,-11.009793758392334,0.21428571428571427
43131,0,0,26882,-15.137684106826782,-11.009793758392334,0.21428571428571427
43132,0,0,26883,-15.137684106826782,-11.009793758392334,0.21428571428571427
43133,0,0,26895,-15.137684106826782,-11.009793758392334,0.21428571428571427
43134,0,0,26904,-15.137684106826782,-11.009793758392334,0.21428571428571427
43135,0,0,26903,-15.137684106826782,-11.009793758392334,0.21428571428571427
43136,0,0,26902,-15.137684106826782,-11.009793758392334,0.21428571428571427
43137,0,0,26901,-15.137684106826782,-11.009793758392334,0.21428571428571427
43138,0,0,26900,-15.137684106826782,-11.009793758392334,0.21428571428571427
43139,0,0,26899,-15.137684106826782,-11.009793758392334,0.21428571428571427
43140,0,0,26898,-15.137684106826782,-11.009793758392334,0.21428571428571427
43141,0,0,26897,-15.137684106826782,-11.009793758392334,0.21428571428571427
43142,0,0,26896,-15.137684106826782,-11.009793758392334,0.21428571428571427
43143,1,0,26894,-15.137684106826782,-11.009793758392334,0.21428571428571427
43144,0,0,26884,-15.137684106826782,-11.009793758392334,0.21428571428571427
43145,0,0,26893,-15.137684106826782,-11.009793758392334,0.21428571428571427
43146,0,0,26892,-15.137684106826782,-11.009793758392334,0.21428571428571427
43147,0,0,26891,-15.137684106826782,-11.009793758392334,0.21428571428571427
43148,0,0,26890,-15.137684106826782,-11.009793758392334,0.21428571428571427
43149,0,0,26889,-15.137684106826782,-11.009793758392334,0.21428571428571427
43150,0,0,26888,-15.137684106826782,-11.009793758392334,0.21428571428571427
43151,0,0,26887,-15.137684106826782,-11.009793758392334,0.21428571428571427
43152,0,0,26886,-15.137684106826782,-11.009793758392334,0.21428571428571427
43153,0,0,26885,-15.137684106826782,-11.009793758392334,0.21428571428571427
43154,0,0,26809,-15.137684106826782,-11.009793758392334,0.21428571428571427
43155,0,0,26760,-15.137684106826782,-11.009793758392334,0.21428571428571427
43156,0,0,26759,-15.137684106826782,-11.009793758392334,0.21428571428571427
43157,0,0,26758,-15.137684106826782,-11.009793758392334,0.21428571428571427
43158,0,0,26635,-15.137684106826782,-11.009793758392334,0.21428571428571427
43159,0,0,26634,-15.137684106826782,-11.009793758392334,0.21428571428571427
43160,0,0,26633,-15.137684106826782,-11.009793758392334,0.21428571428571427
43161,0,0,26632,-15.137684106826782,-11.009793758392334,0.21428571428571427
43162,0,0,26631,-15.137684106826782,-11.009793758392334,0.21428571428571427
43163,0,0,26630,-15.137684106826782,-11.009793758392334,0.21428571428571427
43164,0,0,26629,-15.137684106826782,-11.009793758392334,0.21428571428571427
43165,0,0,26628,-15.137684106826782,-11.009793758392334,0.21428571428571427
43166,0,0,26627,-15.137684106826782,-11.009793758392334,0.21428571428571427
43167,0,0,26626,-15.137684106826782,-11.009793758392334,0.21428571428571427
43168,0,0,26625,-15.137684106826782,-11.009793758392334,0.21428571428571427
43169,0,0,26624,-15.137684106826782,-11.009793758392334,0.21428571428571427
43170,0,0,26623,-15.137684106826782,-11.009793758392334,0.21428571428571427
43171,0,0,26622,-15.137684106826782,-11.009793758392334,0.21428571428571427
43172,0,0,26621,-15.137684106826782,-11.009793758392334,0.21428571428571427
43173,0,0,26620,-15.137684106826782,-11.009793758392334,0.21428571428571427
43174,0,0,26619,-15.137684106826782,-11.009793758392334,0.21428571428571427
43175,0,0,26618,-15.137684106826782,-11.009793758392334,0.21428571428571427
43176,0,0,26617,-15.137684106826782,-11.009793758392334,0.21428571428571427
43177,0,0,26616,-15.137684106826782,-11.009793758392334,0.21428571428571427
43178,0,0,26615,-15.137684106826782,-11.009793758392334,0.21428571428571427
43179,0,0,26636,-15.137684106826782,-11.009793758392334,0.21428571428571427
43180,0,0,26637,-15.137684106826782,-11.009793758392334,0.21428571428571427
43181,0,0,26638,-15.137684106826782,-11.009793758392334,0.21428571428571427
43182,0,0,26650,-15.137684106826782,-11.009793758392334,0.21428571428571427
43183,0,0,26659,-15.137684106826782,-11.009793758392334,0.21428571428571427
43184,0,0,26658,-15.137684106826782,-11.009793758392334,0.21428571428571427
43185,0,0,26657,-15.137684106826782,-11.009793758392334,0.21428571428571427
43186,0,0,26656,-15.137684106826782,-11.009793758392334,0.21428571428571427
43187,0,0,26655,-15.137684106826782,-11.009793758392334,0.21428571428571427
43188,0,0,26654,-15.137684106826782,-11.009793758392334,0.21428571428571427
43189,0,0,26653,-15.137684106826782,-11.009793758392334,0.21428571428571427
43190,0,0,26652,-15.137684106826782,-11.009793758392334,0.21428571428571427
43191,0,0,26651,-15.137684106826782,-11.009793758392334,0.21428571428571427
43192,0,0,26649,-15.137684106826782,-11.009793758392334,0.21428571428571427
43193,0,0,26639,-15.137684106826782,-11.009793758392334,0.21428571428571427
43194,0,0,26648,-15.137684106826782,-11.009793758392334,0.21428571428571427
43195,0,0,26647,-15.137684106826782,-11.009793758392334,0.21428571428571427
43196,1,0,26646,-15.137684106826782,-11.009793758392334,0.21428571428571427
43197,0,0,26645,-15.137684106826782,-11.009793758392334,0.21428571428571427
43198,0,0,26644,-15.137684106826782,-11.009793758392334,0.21428571428571427
43199,0,0,26643,-15.137684106826782,-11.009793758392334,0.21428571428571427
43200,0,0,26642,-15.137684106826782,-11.009793758392334,0.21428571428571427
43201,0,0,26641,-15.137684106826782,-11.009793758392334,0.21428571428571427
43202,0,0,26640,-15.137684106826782,-11.009793758392334,0.21428571428571427
43203,0,0,26614,-15.137684106826782,-11.009793758392334,0.21428571428571427
43204,0,0,26612,-15.137684106826782,-11.009793758392334,0.21428571428571427
43205,0,0,26565,-15.137684106826782,-11.009793758392334,0.21428571428571427
43206,0,0,26611,-15.137684106826782,-11.009793758392334,0.21428571428571427
43207,0,0,26586,-15.137684106826782,-11.009793758392334,0.21428571428571427
43208,0,0,26585,-15.137684106826782,-11.009793758392334,0.21428571428571427
43209,0,0,26584,-15.137684106826782,-11.009793758392334,0.21428571428571427
43210,0,0,26583,-15.137684106826782,-11.009793758392334,0.21428571428571427
43211,0,0,26582,-15.137684106826782,-11.009793758392334,0.21428571428571427
43212,0,0,26581,-15.137684106826782,-11.009793758392334,0.21428571428571427
43213,0,0,26580,-15.137684106826782,-11.009793758392334,0.21428571428571427
43214,0,0,26579,-15.137684106826782,-11.009793758392334,0.21428571428571427
43215,0,0,26578,-15.137684106826782,-11.009793758392334,0.21428571428571427
43216,0,0,26577,-15.137684106826782,-11.009793758392334,0.21428571428571427
43217,0,0,26576,-15.137684106826782,-11.009793758392334,0.21428571428571427
43218,0,0,26575,-15.137684106826782,-11.009793758392334,0.21428571428571427
43219,0,0,26574,-15.137684106826782,-11.009793758392334,0.21428571428571427
43220,0,0,26573,-15.137684106826782,-11.009793758392334,0.21428571428571427
43221,0,0,26572,-15.137684106826782,-11.009793758392334,0.21428571428571427
43222,0,0,26571,-15.137684106826782,-11.009793758392334,0.21428571428571427
43223,0,0,26570,-15.137684106826782,-11.009793758392334,0.21428571428571427
43224,0,0,26569,-15.137684106826782,-11.009793758392334,0.21428571428571427
43225,0,0,26568,-15.137684106826782,-11.009793758392334,0.21428571428571427
43226,0,0,26567,-15.137684106826782,-11.009793758392334,0.21428571428571427
43227,0,0,26566,-15.137684106826782,-11.009793758392334,0.21428571428571427
43228,0,0,26587,-15.137684106826782,-11.009793758392334,0.21428571428571427
43229,0,0,26588,-15.137684106826782,-11.009793758392334,0.21428571428571427
43230,0,0,26589,-15.137684106826782,-11.009793758392334,0.21428571428571427
43231,0,0,26601,-15.137684106826782,-11.009793758392334,0.21428571428571427
43232,0,0,26610,-15.137684106826782,-11.009793758392334,0.21428571428571427
43233,0,0,26609,-15.137684106826782,-11.009793758392334,0.21428571428571427
43234,0,0,26608,-15.137684106826782,-11.009793758392334,0.21428571428571427
43235,0,0,26607,-15.137684106826782,-11.009793758392334,0.21428571428571427
43236,0,0,26606,-15.137684106826782,-11.009793758392334,0.21428571428571427
43237,0,0,26605,-15.137684106826782,-11.009793758392334,0.21428571428571427
43238,0,0,26604,-15.137684106826782,-11.009793758392334,0.21428571428571427
43239,0,0,26603,-15.137684106826782,-11.009793758392334,0.21428571428571427
43240,0,0,26602,-15.137684106826782,-11.009793758392334,0.21428571428571427
43241,0,0,26600,-15.137684106826782,-11.009793758392334,0.21428571428571427
43242,0,0,26590,-15.137684106826782,-11.009793758392334,0.21428571428571427
43243,0,0,26599,-15.137684106826782,-11.009793758392334,0.21428571428571427
43244,0,0,26598,-15.137684106826782,-11.009793758392334,0.21428571428571427
43245,0,0,26597,-15.137684106826782,-11.009793758392334,0.21428571428571427
43246,0,0,26596,-15.137684106826782,-11.009793758392334,0.21428571428571427
43247,0,0,26595,-15.137684106826782,-11.009793758392334,0.21428571428571427
43248,0,0,26594,-15.137684106826782,-11.009793758392334,0.21428571428571427
43249,0,0,26593,-15.137684106826782,-11.009793758392334,0.21428571428571427
43250,0,0,26592,-15.137684106826782,-11.009793758392334,0.21428571428571427
43251,0,0,26591,-15.137684106826782,-11.009793758392334,0.21428571428571427
43252,0,0,26660,-15.137684106826782,-11.009793758392334,0.21428571428571427
43253,0,0,26613,-15.137684106826782,-11.009793758392334,0.21428571428571427
43254,0,0,26661,-15.137684106826782,-11.009793758392334,0.21428571428571427
43255,0,0,26711,-15.137684106826782,-11.009793758392334,0.21428571428571427
43256,0,0,26733,-15.137684106826782,-11.009793758392334,0.21428571428571427
43257,0,0,26732,-15.137684106826782,-11.009793758392334,0.21428571428571427
43258,0,0,26731,-15.137684106826782,-11.009793758392334,0.21428571428571427
43259,0,0,26730,-15.137684106826782,-11.009793758392334,0.21428571428571427
43260,0,0,26729,-15.137684106826782,-11.009793758392334,0.21428571428571427
43261,0,0,26728,-15.137684106826782,-11.009793758392334,0.21428571428571427
43262,0,0,26727,-15.137684106826782,-11.009793758392334,0.21428571428571427
43263,0,0,26726,-15.137684106826782,-11.009793758392334,0.21428571428571427
43264,0,0,26725,-15.137684106826782,-11.009793758392334,0.21428571428571427
43265,0,0,26724,-15.137684106826782,-11.009793758392334,0.21428571428571427
43266,0,0,26723,-15.137684106826782,-11.009793758392334,0.21428571428571427
43267,0,0,26722,-15.137684106826782,-11.009793758392334,0.21428571428571427
43268,0,0,26721,-15.137684106826782,-11.009793758392334,0.21428571428571427
43269,0,0,26720,-15.137684106826782,-11.009793758392334,0.21428571428571427
43270,0,0,26719,-15.137684106826782,-11.009793758392334,0.21428571428571427
43271,0,0,26718,-15.137684106826782,-11.009793758392334,0.21428571428571427
43272,0,0,26717,-15.137684106826782,-11.009793758392334,0.21428571428571427
43273,0,0,26716,-15.137684106826782,-11.009793758392334,0.21428571428571427
43274,0,0,26715,-15.137684106826782,-11.009793758392334,0.21428571428571427
43275,0,0,26714,-15.137684106826782,-11.009793758392334,0.21428571428571427
43276,0,0,26713,-15.137684106826782,-11.009793758392334,0.21428571428571427
43277,0,0,26734,-15.137684106826782,-11.009793758392334,0.21428571428571427
43278,0,0,26735,-15.137684106826782,-11.009793758392334,0.21428571428571427
43279,0,0,26736,-15.137684106826782,-11.009793758392334,0.21428571428571427
43280,0,0,26748,-15.137684106826782,-11.009793758392334,0.21428571428571427
43281,0,0,26757,-15.137684106826782,-11.009793758392334,0.21428571428571427
43282,0,0,26756,-15.137684106826782,-11.009793758392334,0.21428571428571427
43283,0,0,26755,-15.137684106826782,-11.009793758392334,0.21428571428571427
43284,0,0,26754,-15.137684106826782,-11.009793758392334,0.21428571428571427
43285,0,0,26753,-15.137684106826782,-11.009793758392334,0.21428571428571427
43286,0,0,26752,-15.137684106826782,-11.009793758392334,0.21428571428571427
43287,0,0,26751,-15.137684106826782,-11.009793758392334,0.21428571428571427
43288,0,0,26750,-15.137684106826782,-11.009793758392334,0.21428571428571427
43289,0,0,26749,-15.137684106826782,-11.009793758392334,0.21428571428571427
43290,0,0,26747,-15.137684106826782,-11.009793758392334,0.21428571428571427
43291,0,0,26737,-15.137684106826782,-11.009793758392334,0.21428571428571427
43292,0,0,26746,-15.137684106826782,-11.009793758392334,0.21428571428571427
43293,0,0,26745,-15.137684106826782,-11.009793758392334,0.21428571428571427
43294,0,0,26744,-15.137684106826782,-11.009793758392334,0.21428571428571427
43295,0,0,26743,-15.137684106826782,-11.009793758392334,0.21428571428571427
43296,0,0,26742,-15.137684106826782,-11.009793758392334,0.21428571428571427
43297,0,0,26741,-15.137684106826782,-11.009793758392334,0.21428571428571427
43298,0,0,26740,-15.137684106826782,-11.009793758392334,0.21428571428571427
43299,0,0,26739,-15.137684106826782,-11.009793758392334,0.21428571428571427
43300,0,0,26738,-15.137684106826782,-11.009793758392334,0.21428571428571427
43301,0,0,26712,-15.137684106826782,-11.009793758392334,0.21428571428571427
43302,0,0,26710,-15.137684106826782,-11.009793758392334,0.21428571428571427
43303,0,0,26663,-15.137684106826782,-11.009793758392334,0.21428571428571427
43304,0,0,26709,-15.137684106826782,-11.009793758392334,0.21428571428571427
43305,0,0,26684,-15.137684106826782,-11.009793758392334,0.21428571428571427
43306,0,0,26683,-15.137684106826782,-11.009793758392334,0.21428571428571427
43307,0,0,26682,-15.137684106826782,-11.009793758392334,0.21428571428571427
43308,0,0,26681,-15.137684106826782,-11.009793758392334,0.21428571428571427
43309,0,0,26680,-15.137684106826782,-11.009793758392334,0.21428571428571427
43310,0,0,26679,-15.137684106826782,-11.009793758392334,0.21428571428571427
43311,0,0,26678,-15.137684106826782,-11.009793758392334,0.21428571428571427
43312,0,0,26677,-15.137684106826782,-11.009793758392334,0.21428571428571427
43313,0,0,26676,-15.137684106826782,-11.009793758392334,0.21428571428571427
43314,0,0,26675,-15.137684106826782,-11.009793758392334,0.21428571428571427
43315,0,0,26674,-15.137684106826782,-11.009793758392334,0.21428571428571427
43316,0,0,26673,-15.137684106826782,-11.009793758392334,0.21428571428571427
43317,0,0,26672,-15.137684106826782,-11.009793758392334,0.21428571428571427
43318,0,0,26671,-15.137684106826782,-11.009793758392334,0.21428571428571427
43319,0,0,26670,-15.137684106826782,-11.009793758392334,0.21428571428571427
43320,0,0,26669,-15.137684106826782,-11.009793758392334,0.21428571428571427
43321,0,0,26668,-15.137684106826782,-11.009793758392334,0.21428571428571427
43322,0,0,26667,-15.137684106826782,-11.009793758392334,0.21428571428571427
43323,0,0,26666,-15.137684106826782,-11.009793758392334,0.21428571428571427
43324,0,0,26665,-15.137684106826782,-11.009793758392334,0.21428571428571427
43325,0,0,26664,-15.137684106826782,-11.009793758392334,0.21428571428571427
43326,0,0,26685,-15.137684106826782,-11.009793758392334,0.21428571428571427
43327,0,0,26686,-15.137684106826782,-11.009793758392334,0.21428571428571427
43328,0,0,26687,-15.137684106826782,-11.009793758392334,0.21428571428571427
43329,0,0,26699,-15.137684106826782,-11.009793758392334,0.21428571428571427
43330,0,0,26708,-15.137684106826782,-11.009793758392334,0.21428571428571427
43331,0,0,26707,-15.137684106826782,-11.009793758392334,0.21428571428571427
43332,0,0,26706,-15.137684106826782,-11.009793758392334,0.21428571428571427
43333,0,0,26705,-15.137684106826782,-11.009793758392334,0.21428571428571427
43334,0,0,26704,-15.137684106826782,-11.009793758392334,0.21428571428571427
43335,0,0,26703,-15.137684106826782,-11.009793758392334,0.21428571428571427
43336,0,0,26702,-15.137684106826782,-11.009793758392334,0.21428571428571427
43337,0,0,26701,-15.137684106826782,-11.009793758392334,0.21428571428571427
43338,0,0,26700,-15.137684106826782,-11.009793758392334,0.21428571428571427
43339,0,0,26698,-15.137684106826782,-11.009793758392334,0.21428571428571427
43340,0,0,26688,-15.137684106826782,-11.009793758392334,0.21428571428571427
43341,0,0,26697,-15.137684106826782,-11.009793758392334,0.21428571428571427
43342,0,0,26696,-15.137684106826782,-11.009793758392334,0.21428571428571427
43343,0,0,26695,-15.137684106826782,-11.009793758392334,0.21428571428571427
43344,0,0,26694,-15.137684106826782,-11.009793758392334,0.21428571428571427
43345,0,0,26693,-15.137684106826782,-11.009793758392334,0.21428571428571427
43346,0,0,26692,-15.137684106826782,-11.009793758392334,0.21428571428571427
43347,0,0,26691,-15.137684106826782,-11.009793758392334,0.21428571428571427
43348,0,0,26690,-15.137684106826782,-11.009793758392334,0.21428571428571427
43349,0,0,26689,-15.137684106826782,-11.009793758392334,0.21428571428571427
43350,0,0,26953,-15.137684106826782,-11.009793758392334,0.21428571428571427
43351,0,0,26954,-15.137684106826782,-11.009793758392334,0.21428571428571427
43352,0,0,26955,-15.137684106826782,-11.009793758392334,0.21428571428571427
43353,0,0,27150,-15.137684106826782,-11.009793758392334,0.21428571428571427
43354,0,0,27221,-15.137684106826782,-11.009793758392334,0.21428571428571427
43355,0,0,27220,-15.137684106826782,-11.009793758392334,0.21428571428571427
43356,0,0,27219,-15.137684106826782,-11.009793758392334,0.21428571428571427
43357,0,0,27218,-15.137684106826782,-11.009793758392334,0.21428571428571427
43358,0,0,27217,-15.137684106826782,-11.009793758392334,0.21428571428571427
43359,0,0,27216,-15.137684106826782,-11.009793758392334,0.21428571428571427
43360,0,0,27215,-15.137684106826782,-11.009793758392334,0.21428571428571427
43361,0,0,27214,-15.137684106826782,-11.009793758392334,0.21428571428571427
43362,0,0,27213,-15.137684106826782,-11.009793758392334,0.21428571428571427
43363,0,0,27212,-15.137684106826782,-11.009793758392334,0.21428571428571427
43364,0,0,27211,-15.137684106826782,-11.009793758392334,0.21428571428571427
43365,0,0,27210,-15.137684106826782,-11.009793758392334,0.21428571428571427
43366,0,0,27209,-15.137684106826782,-11.009793758392334,0.21428571428571427
43367,0,0,27208,-15.137684106826782,-11.009793758392334,0.21428571428571427
43368,0,0,27207,-15.137684106826782,-11.009793758392334,0.21428571428571427
43369,0,0,27206,-15.137684106826782,-11.009793758392334,0.21428571428571427
43370,0,0,27205,-15.137684106826782,-11.009793758392334,0.21428571428571427
43371,0,0,27204,-15.137684106826782,-11.009793758392334,0.21428571428571427
43372,0,0,27203,-15.137684106826782,-11.009793758392334,0.21428571428571427
43373,0,0,27202,-15.137684106826782,-11.009793758392334,0.21428571428571427
43374,0,0,27201,-15.137684106826782,-11.009793758392334,0.21428571428571427
43375,0,0,27222,-15.137684106826782,-11.009793758392334,0.21428571428571427
43376,0,0,27223,-15.137684106826782,-11.009793758392334,0.21428571428571427
43377,0,0,27224,-15.137684106826782,-11.009793758392334,0.21428571428571427
43378,0,0,27236,-15.137684106826782,-11.009793758392334,0.21428571428571427
43379,0,0,27245,-15.137684106826782,-11.009793758392334,0.21428571428571427
43380,0,0,27244,-15.137684106826782,-11.009793758392334,0.21428571428571427
43381,0,0,27243,-15.137684106826782,-11.009793758392334,0.21428571428571427
43382,0,0,27242,-15.137684106826782,-11.009793758392334,0.21428571428571427
43383,0,0,27241,-15.137684106826782,-11.009793758392334,0.21428571428571427
43384,0,0,27240,-15.137684106826782,-11.009793758392334,0.21428571428571427
43385,0,0,27239,-15.137684106826782,-11.009793758392334,0.21428571428571427
43386,0,0,27238,-15.137684106826782,-11.009793758392334,0.21428571428571427
43387,0,0,27237,-15.137684106826782,-11.009793758392334,0.21428571428571427
43388,0,0,27235,-15.137684106826782,-11.009793758392334,0.21428571428571427
43389,0,0,27225,-15.137684106826782,-11.009793758392334,0.21428571428571427
43390,0,0,27234,-15.137684106826782,-11.009793758392334,0.21428571428571427
43391,0,0,27233,-15.137684106826782,-11.009793758392334,0.21428571428571427
43392,0,0,27232,-15.137684106826782,-11.009793758392334,0.21428571428571427
43393,0,0,27231,-15.137684106826782,-11.009793758392334,0.21428571428571427
43394,0,0,27230,-15.137684106826782,-11.009793758392334,0.21428571428571427
43395,0,0,27229,-15.137684106826782,-11.009793758392334,0.21428571428571427
43396,0,0,27228,-15.137684106826782,-11.009793758392334,0.21428571428571427
43397,0,0,27227,-15.137684106826782,-11.009793758392334,0.21428571428571427
43398,0,0,27226,-15.137684106826782,-11.009793758392334,0.21428571428571427
43399,0,0,27200,-15.137684106826782,-11.009793758392334,0.21428571428571427
43400,1,0,27198,-15.137684106826782,-11.009793758392334,0.21428571428571427
43401,0,0,27151,-15.137684106826782,-11.009793758392334,0.21428571428571427
43402,0,0,27197,-15.137684106826782,-11.009793758392334,0.21428571428571427
43403,0,0,27172,-15.137684106826782,-11.009793758392334,0.21428571428571427
43404,0,0,27171,-15.137684106826782,-11.009793758392334,0.21428571428571427
43405,0,0,27170,-15.137684106826782,-11.009793758392334,0.21428571428571427
43406,0,0,27169,-15.137684106826782,-11.009793758392334,0.21428571428571427
43407,0,0,27168,-15.137684106826782,-11.009793758392334,0.21428571428571427
43408,0,0,27167,-15.137684106826782,-11.009793758392334,0.21428571428571427
43409,0,0,27166,-15.137684106826782,-11.009793758392334,0.21428571428571427
43410,0,0,27165,-15.137684106826782,-11.009793758392334,0.21428571428571427
43411,0,0,27164,-15.137684106826782,-11.009793758392334,0.21428571428571427
43412,0,0,27163,-15.137684106826782,-11.009793758392334,0.21428571428571427
43413,0,0,27162,-15.137684106826782,-11.009793758392334,0.21428571428571427
43414,0,0,27161,-15.137684106826782,-11.009793758392334,0.21428571428571427
43415,0,0,27160,-15.137684106826782,-11.009793758392334,0.21428571428571427
43416,0,0,27159,-15.137684106826782,-11.009793758392334,0.21428571428571427
43417,0,0,27158,-15.137684106826782,-11.009793758392334,0.21428571428571427
43418,0,0,27157,-15.137684106826782,-11.009793758392334,0.21428571428571427
43419,0,0,27156,-15.137684106826782,-11.009793758392334,0.21428571428571427
43420,0,0,27155,-15.137684106826782,-11.009793758392334,0.21428571428571427
43421,0,0,27154,-15.137684106826782,-11.009793758392334,0.21428571428571427
43422,0,0,27153,-15.137684106826782,-11.009793758392334,0.21428571428571427
43423,0,0,27152,-15.137684106826782,-11.009793758392334,0.21428571428571427
43424,0,0,27173,-15.137684106826782,-11.009793758392334,0.21428571428571427
43425,0,0,27174,-15.137684106826782,-11.009793758392334,0.21428571428571427
43426,0,0,27175,-15.137684106826782,-11.009793758392334,0.21428571428571427
43427,0,0,27187,-15.137684106826782,-11.009793758392334,0.21428571428571427
43428,0,0,27196,-15.137684106826782,-11.009793758392334,0.21428571428571427
43429,0,0,27195,-15.137684106826782,-11.009793758392334,0.21428571428571427
43430,0,0,27194,-15.137684106826782,-11.009793758392334,0.21428571428571427
43431,0,0,27193,-15.137684106826782,-11.009793758392334,0.21428571428571427
43432,0,0,27192,-15.137684106826782,-11.009793758392334,0.21428571428571427
43433,0,0,27191,-15.137684106826782,-11.009793758392334,0.21428571428571427
43434,0,0,27190,-15.137684106826782,-11.009793758392334,0.21428571428571427
43435,0,0,27189,-15.137684106826782,-11.009793758392334,0.21428571428571427
43436,0,0,27188,-15.137684106826782,-11.009793758392334,0.21428571428571427
43437,0,0,27186,-15.137684106826782,-11.009793758392334,0.21428571428571427
43438,0,0,27176,-15.137684106826782,-11.009793758392334,0.21428571428571427
43439,0,0,27185,-15.137684106826782,-11.009793758392334,0.21428571428571427
43440,0,0,27184,-15.137684106826782,-11.009793758392334,0.21428571428571427
43441,0,0,27183,-15.137684106826782,-11.009793758392334,0.21428571428571427
43442,0,0,27182,-15.137684106826782,-11.009793758392334,0.21428571428571427
43443,0,0,27181,-15.137684106826782,-11.009793758392334,0.21428571428571427
43444,0,0,27180,-15.137684106826782,-11.009793758392334,0.21428571428571427
43445,0,0,27179,-15.137684106826782,-11.009793758392334,0.21428571428571427
43446,0,0,27178,-15.137684106826782,-11.009793758392334,0.21428571428571427
43447,0,0,27177,-15.137684106826782,-11.009793758392334,0.21428571428571427
43448,0,0,27246,-15.137684106826782,-11.009793758392334,0.21428571428571427
43449,0,0,27247,-15.137684106826782,-11.009793758392334,0.21428571428571427
43450,0,0,27248,-15.137684106826782,-11.009793758392334,0.21428571428571427
43451,0,0,27249,-15.137684106826782,-11.009793758392334,0.21428571428571427
43452,0,0,27318,-15.137684106826782,-11.009793758392334,0.21428571428571427
43453,0,0,27317,-15.137684106826782,-11.009793758392334,0.21428571428571427
43454,0,0,27316,-15.137684106826782,-11.009793758392334,0.21428571428571427
43455,0,0,27315,-15.137684106826782,-11.009793758392334,0.21428571428571427
43456,0,0,27314,-15.137684106826782,-11.009793758392334,0.21428571428571427
43457,0,0,27313,-15.137684106826782,-11.009793758392334,0.21428571428571427
43458,0,0,27312,-15.137684106826782,-11.009793758392334,0.21428571428571427
43459,0,0,27311,-15.137684106826782,-11.009793758392334,0.21428571428571427
43460,0,0,27310,-15.137684106826782,-11.009793758392334,0.21428571428571427
43461,1,0,27308,-15.137684106826782,-11.009793758392334,0.21428571428571427
43462,0,0,27298,-15.137684106826782,-11.009793758392334,0.21428571428571427
43463,0,0,27307,-15.137684106826782,-11.009793758392334,0.21428571428571427
43464,0,0,27306,-15.137684106826782,-11.009793758392334,0.21428571428571427
43465,0,0,27305,-15.137684106826782,-11.009793758392334,0.21428571428571427
43466,0,0,27304,-15.137684106826782,-11.009793758392334,0.21428571428571427
43467,0,0,27303,-15.137684106826782,-11.009793758392334,0.21428571428571427
43468,0,0,27302,-15.137684106826782,-11.009793758392334,0.21428571428571427
43469,0,0,27301,-15.137684106826782,-11.009793758392334,0.21428571428571427
43470,0,0,27300,-15.137684106826782,-11.009793758392334,0.21428571428571427
43471,0,0,27299,-15.137684106826782,-11.009793758392334,0.21428571428571427
43472,0,0,27319,-15.137684106826782,-11.009793758392334,0.21428571428571427
43473,0,0,27309,-15.137684106826782,-11.009793758392334,0.21428571428571427
43474,0,0,27320,-15.137684106826782,-11.009793758392334,0.21428571428571427
43475,0,0,27333,-15.137684106826782,-11.009793758392334,0.21428571428571427
43476,0,0,27342,-15.137684106826782,-11.009793758392334,0.21428571428571427
43477,0,0,27341,-15.137684106826782,-11.009793758392334,0.21428571428571427
43478,0,0,27340,-15.137684106826782,-11.009793758392334,0.21428571428571427
43479,0,0,27339,-15.137684106826782,-11.009793758392334,0.21428571428571427
43480,0,0,27338,-15.137684106826782,-11.009793758392334,0.21428571428571427
43481,0,0,27337,-15.137684106826782,-11.009793758392334,0.21428571428571427
43482,0,0,27336,-15.137684106826782,-11.009793758392334,0.21428571428571427
43483,0,0,27335,-15.137684106826782,-11.009793758392334,0.21428571428571427
43484,0,0,27334,-15.137684106826782,-11.009793758392334,0.21428571428571427
43485,0,0,27332,-15.137684106826782,-11.009793758392334,0.21428571428571427
43486,0,0,27322,-15.137684106826782,-11.009793758392334,0.21428571428571427
43487,0,0,27331,-15.137684106826782,-11.009793758392334,0.21428571428571427
43488,0,0,27330,-15.137684106826782,-11.009793758392334,0.21428571428571427
43489,0,0,27329,-15.137684106826782,-11.009793758392334,0.21428571428571427
43490,0,0,27328,-15.137684106826782,-11.009793758392334,0.21428571428571427
43491,0,0,27327,-15.137684106826782,-11.009793758392334,0.21428571428571427
43492,0,0,27326,-15.137684106826782,-11.009793758392334,0.21428571428571427
43493,0,0,27325,-15.137684106826782,-11.009793758392334,0.21428571428571427
43494,0,0,27324,-15.137684106826782,-11.009793758392334,0.21428571428571427
43495,0,0,27323,-15.137684106826782,-11.009793758392334,0.21428571428571427
43496,0,0,27321,-15.137684106826782,-11.009793758392334,0.21428571428571427
43497,0,0,27297,-15.137684106826782,-11.009793758392334,0.21428571428571427
43498,0,0,27296,-15.137684106826782,-11.009793758392334,0.21428571428571427
43499,0,0,27295,-15.137684106826782,-11.009793758392334,0.21428571428571427
43500,0,0,27270,-15.137684106826782,-11.009793758392334,0.21428571428571427
43501,0,0,27269,-15.137684106826782,-11.009793758392334,0.21428571428571427
43502,0,0,27268,-15.137684106826782,-11.009793758392334,0.21428571428571427
43503,0,0,27267,-15.137684106826782,-11.009793758392334,0.21428571428571427
43504,0,0,27266,-15.137684106826782,-11.009793758392334,0.21428571428571427
43505,0,0,27265,-15.137684106826782,-11.009793758392334,0.21428571428571427
43506,0,0,27264,-15.137684106826782,-11.009793758392334,0.21428571428571427
43507,0,0,27263,-15.137684106826782,-11.009793758392334,0.21428571428571427
43508,0,0,27262,-15.137684106826782,-11.009793758392334,0.21428571428571427
43509,0,0,27261,-15.137684106826782,-11.009793758392334,0.21428571428571427
43510,0,0,27260,-15.137684106826782,-11.009793758392334,0.21428571428571427
43511,0,0,27259,-15.137684106826782,-11.009793758392334,0.21428571428571427
43512,0,0,27258,-15.137684106826782,-11.009793758392334,0.21428571428571427
43513,0,0,27257,-15.137684106826782,-11.009793758392334,0.21428571428571427
43514,0,0,27256,-15.137684106826782,-11.009793758392334,0.21428571428571427
43515,0,0,27255,-15.137684106826782,-11.009793758392334,0.21428571428571427
43516,0,0,27254,-15.137684106826782,-11.009793758392334,0.21428571428571427
43517,0,0,27253,-15.137684106826782,-11.009793758392334,0.21428571428571427
43518,0,0,27252,-15.137684106826782,-11.009793758392334,0.21428571428571427
43519,0,0,27251,-15.137684106826782,-11.009793758392334,0.21428571428571427
43520,0,0,27250,-15.137684106826782,-11.009793758392334,0.21428571428571427
43521,0,0,27271,-15.137684106826782,-11.009793758392334,0.21428571428571427
43522,0,0,27272,-15.137684106826782,-11.009793758392334,0.21428571428571427
43523,0,0,27273,-15.137684106826782,-11.009793758392334,0.21428571428571427
43524,0,0,27285,-15.137684106826782,-11.009793758392334,0.21428571428571427
43525,0,0,27294,-15.137684106826782,-11.009793758392334,0.21428571428571427
43526,0,0,27293,-15.137684106826782,-11.009793758392334,0.21428571428571427
43527,0,0,27292,-15.137684106826782,-11.009793758392334,0.21428571428571427
43528,0,0,27291,-15.137684106826782,-11.009793758392334,0.21428571428571427
43529,0,0,27290,-15.137684106826782,-11.009793758392334,0.21428571428571427
43530,0,0,27289,-15.137684106826782,-11.009793758392334,0.21428571428571427
43531,0,0,27288,-15.137684106826782,-11.009793758392334,0.21428571428571427
43532,0,0,27287,-15.137684106826782,-11.009793758392334,0.21428571428571427
43533,0,0,27286,-15.137684106826782,-11.009793758392334,0.21428571428571427
43534,0,0,27284,-15.137684106826782,-11.009793758392334,0.21428571428571427
43535,0,0,27274,-15.137684106826782,-11.009793758392334,0.21428571428571427
43536,0,0,27283,-15.137684106826782,-11.009793758392334,0.21428571428571427
43537,0,0,27282,-15.137684106826782,-11.009793758392334,0.21428571428571427
43538,0,0,27281,-15.137684106826782,-11.009793758392334,0.21428571428571427
43539,0,0,27280,-15.137684106826782,-11.009793758392334,0.21428571428571427
43540,0,0,27279,-15.137684106826782,-11.009793758392334,0.21428571428571427
43541,0,0,27278,-15.137684106826782,-11.009793758392334,0.21428571428571427
43542,0,0,27277,-15.137684106826782,-11.009793758392334,0.21428571428571427
43543,0,0,27276,-15.137684106826782,-11.009793758392334,0.21428571428571427
43544,0,0,27275,-15.137684106826782,-11.009793758392334,0.21428571428571427
43545,0,0,27199,-15.137684106826782,-11.009793758392334,0.21428571428571427
43546,0,0,27149,-15.137684106826782,-11.009793758392334,0.21428571428571427
43547,0,0,27004,-15.137684106826782,-11.009793758392334,0.21428571428571427
43548,0,0,27148,-15.137684106826782,-11.009793758392334,0.21428571428571427
43549,0,0,27026,-15.137684106826782,-11.009793758392334,0.21428571428571427
43550,0,0,27025,-15.137684106826782,-11.009793758392334,0.21428571428571427
43551,0,0,27024,-15.137684106826782,-11.009793758392334,0.21428571428571427
43552,0,0,27023,-15.137684106826782,-11.009793758392334,0.21428571428571427
43553,0,0,27022,-15.137684106826782,-11.009793758392334,0.21428571428571427
43554,0,0,27021,-15.137684106826782,-11.009793758392334,0.21428571428571427
43555,0,0,27020,-15.137684106826782,-11.009793758392334,0.21428571428571427
43556,0,0,27019,-15.137684106826782,-11.009793758392334,0.21428571428571427
43557,0,0,27018,-15.137684106826782,-11.009793758392334,0.21428571428571427
43558,0,0,27017,-15.137684106826782,-11.009793758392334,0.21428571428571427
43559,0,0,27016,-15.137684106826782,-11.009793758392334,0.21428571428571427
43560,0,0,27015,-15.137684106826782,-11.009793758392334,0.21428571428571427
43561,0,0,27014,-15.137684106826782,-11.009793758392334,0.21428571428571427
43562,0,0,27013,-15.137684106826782,-11.009793758392334,0.21428571428571427
43563,0,0,27012,-15.137684106826782,-11.009793758392334,0.21428571428571427
43564,0,0,27011,-15.137684106826782,-11.009793758392334,0.21428571428571427
43565,0,0,27010,-15.137684106826782,-11.009793758392334,0.21428571428571427
43566,0,0,27009,-15.137684106826782,-11.009793758392334,0.21428571428571427
43567,0,0,27008,-15.137684106826782,-11.009793758392334,0.21428571428571427
43568,0,0,27007,-15.137684106826782,-11.009793758392334,0.21428571428571427
43569,0,0,27006,-15.137684106826782,-11.009793758392334,0.21428571428571427
43570,0,0,27027,-15.137684106826782,-11.009793758392334,0.21428571428571427
43571,0,0,27028,-15.137684106826782,-11.009793758392334,0.21428571428571427
43572,0,0,27029,-15.137684106826782,-11.009793758392334,0.21428571428571427
43573,0,0,27041,-15.137684106826782,-11.009793758392334,0.21428571428571427
43574,0,0,27050,-15.137684106826782,-11.009793758392334,0.21428571428571427
43575,0,0,27049,-15.137684106826782,-11.009793758392334,0.21428571428571427
43576,0,0,27048,-15.137684106826782,-11.009793758392334,0.21428571428571427
43577,0,0,27047,-15.137684106826782,-11.009793758392334,0.21428571428571427
43578,0,0,27046,-15.137684106826782,-11.009793758392334,0.21428571428571427
43579,0,0,27045,-15.137684106826782,-11.009793758392334,0.21428571428571427
43580,0,0,27044,-15.137684106826782,-11.009793758392334,0.21428571428571427
43581,0,0,27043,-15.137684106826782,-11.009793758392334,0.21428571428571427
43582,0,0,27042,-15.137684106826782,-11.009793758392334,0.21428571428571427
43583,0,0,27040,-15.137684106826782,-11.009793758392334,0.21428571428571427
43584,1,0,27030,-15.137684106826782,-11.009793758392334,0.21428571428571427
43585,0,0,27039,-15.137684106826782,-11.009793758392334,0.21428571428571427
43586,0,0,27038,-15.137684106826782,-11.009793758392334,0.21428571428571427
43587,0,0,27037,-15.137684106826782,-11.009793758392334,0.21428571428571427
43588,0,0,27036,-15.137684106826782,-11.009793758392334,0.21428571428571427
43589,0,0,27035,-15.137684106826782,-11.009793758392334,0.21428571428571427
43590,0,0,27034,-15.137684106826782,-11.009793758392334,0.21428571428571427
43591,0,0,27033,-15.137684106826782,-11.009793758392334,0.21428571428571427
43592,0,0,27032,-15.137684106826782,-11.009793758392334,0.21428571428571427
43593,0,0,27031,-15.137684106826782,-11.009793758392334,0.21428571428571427
43594,0,0,27005,-15.137684106826782,-11.009793758392334,0.21428571428571427
43595,0,0,27003,-15.137684106826782,-11.009793758392334,0.21428571428571427
43596,0,0,26956,-15.137684106826782,-11.009793758392334,0.21428571428571427
43597,0,0,27002,-15.137684106826782,-11.009793758392334,0.21428571428571427
43598,0,0,26977,-15.137684106826782,-11.009793758392334,0.21428571428571427
43599,0,0,26976,-15.137684106826782,-11.009793758392334,0.21428571428571427
43600,0,0,26975,-15.137684106826782,-11.009793758392334,0.21428571428571427
43601,0,0,26974,-15.137684106826782,-11.009793758392334,0.21428571428571427
43602,0,0,26973,-15.137684106826782,-11.009793758392334,0.21428571428571427
43603,0,0,26972,-15.137684106826782,-11.009793758392334,0.21428571428571427
43604,0,0,26971,-15.137684106826782,-11.009793758392334,0.21428571428571427
43605,0,0,26970,-15.137684106826782,-11.009793758392334,0.21428571428571427
43606,0,0,26969,-15.137684106826782,-11.009793758392334,0.21428571428571427
43607,0,0,26968,-15.137684106826782,-11.009793758392334,0.21428571428571427
43608,0,0,26967,-15.137684106826782,-11.009793758392334,0.21428571428571427
43609,0,0,26966,-15.137684106826782,-11.009793758392334,0.21428571428571427
43610,0,0,26965,-15.137684106826782,-11.009793758392334,0.21428571428571427
43611,0,0,26964,-15.137684106826782,-11.009793758392334,0.21428571428571427
43612,0,0,26963,-15.137684106826782,-11.009793758392334,0.21428571428571427
43613,0,0,26962,-15.137684106826782,-11.009793758392334,0.21428571428571427
43614,0,0,26961,-15.137684106826782,-11.009793758392334,0.21428571428571427
43615,0,0,26960,-15.137684106826782,-11.009793758392334,0.21428571428571427
43616,0,0,26959,-15.137684106826782,-11.009793758392334,0.21428571428571427
43617,0,0,26958,-15.137684106826782,-11.009793758392334,0.21428571428571427
43618,0,0,26957,-15.137684106826782,-11.009793758392334,0.21428571428571427
43619,0,0,26978,-15.137684106826782,-11.009793758392334,0.21428571428571427
43620,0,0,26979,-15.137684106826782,-11.009793758392334,0.21428571428571427
43621,0,0,26980,-15.137684106826782,-11.009793758392334,0.21428571428571427
43622,0,0,26992,-15.137684106826782,-11.009793758392334,0.21428571428571427
43623,0,0,27001,-15.137684106826782,-11.009793758392334,0.21428571428571427
43624,0,0,27000,-15.137684106826782,-11.009793758392334,0.21428571428571427
43625,0,0,26999,-15.137684106826782,-11.009793758392334,0.21428571428571427
43626,0,0,26998,-15.137684106826782,-11.009793758392334,0.21428571428571427
43627,0,0,26997,-15.137684106826782,-11.009793758392334,0.21428571428571427
43628,0,0,26996,-15.137684106826782,-11.009793758392334,0.21428571428571427
43629,0,0,26995,-15.137684106826782,-11.009793758392334,0.21428571428571427
43630,0,0,26994,-15.137684106826782,-11.009793758392334,0.21428571428571427
43631,0,0,26993,-15.137684106826782,-11.009793758392334,0.21428571428571427
43632,0,0,26991,-15.137684106826782,-11.009793758392334,0.21428571428571427
43633,0,0,26981,-15.137684106826782,-11.009793758392334,0.21428571428571427
43634,0,0,26990,-15.137684106826782,-11.009793758392334,0.21428571428571427
43635,0,0,26989,-15.137684106826782,-11.009793758392334,0.21428571428571427
43636,0,0,26988,-15.137684106826782,-11.009793758392334,0.21428571428571427
43637,0,0,26987,-15.137684106826782,-11.009793758392334,0.21428571428571427
43638,0,0,26986,-15.137684106826782,-11.009793758392334,0.21428571428571427
43639,0,0,26985,-15.137684106826782,-11.009793758392334,0.21428571428571427
43640,0,0,26984,-15.137684106826782,-11.009793758392334,0.21428571428571427
43641,0,0,26983,-15.137684106826782,-11.009793758392334,0.21428571428571427
43642,0,0,26982,-15.137684106826782,-11.009793758392334,0.21428571428571427
43643,0,0,27051,-15.137684106826782,-11.009793758392334,0.21428571428571427
43644,0,0,27052,-15.137684106826782,-11.009793758392334,0.21428571428571427
43645,0,0,27053,-15.137684106826782,-11.009793758392334,0.21428571428571427
43646,0,0,27054,-15.137684106826782,-11.009793758392334,0.21428571428571427
43647,0,0,27123,-15.137684106826782,-11.009793758392334,0.21428571428571427
43648,0,0,27122,-15.137684106826782,-11.009793758392334,0.21428571428571427
43649,0,0,27121,-15.137684106826782,-11.009793758392334,0.21428571428571427
43650,0,0,27120,-15.137684106826782,-11.009793758392334,0.21428571428571427
43651,0,0,27119,-15.137684106826782,-11.009793758392334,0.21428571428571427
43652,0,0,27118,-15.137684106826782,-11.009793758392334,0.21428571428571427
43653,0,0,27117,-15.137684106826782,-11.009793758392334,0.21428571428571427
43654,0,0,27116,-15.137684106826782,-11.009793758392334,0.21428571428571427
43655,0,0,27115,-15.137684106826782,-11.009793758392334,0.21428571428571427
43656,0,0,27113,-15.137684106826782,-11.009793758392334,0.21428571428571427
43657,0,0,27103,-15.137684106826782,-11.009793758392334,0.21428571428571427
43658,0,0,27112,-15.137684106826782,-11.009793758392334,0.21428571428571427
43659,0,0,27111,-15.137684106826782,-11.009793758392334,0.21428571428571427
43660,0,0,27110,-15.137684106826782,-11.009793758392334,0.21428571428571427
43661,0,0,27109,-15.137684106826782,-11.009793758392334,0.21428571428571427
43662,0,0,27108,-15.137684106826782,-11.009793758392334,0.21428571428571427
43663,0,0,27107,-15.137684106826782,-11.009793758392334,0.21428571428571427
43664,0,0,27106,-15.137684106826782,-11.009793758392334,0.21428571428571427
43665,0,0,27105,-15.137684106826782,-11.009793758392334,0.21428571428571427
43666,0,0,27104,-15.137684106826782,-11.009793758392334,0.21428571428571427
43667,0,0,27124,-15.137684106826782,-11.009793758392334,0.21428571428571427
43668,0,0,27114,-15.137684106826782,-11.009793758392334,0.21428571428571427
43669,0,0,27125,-15.137684106826782,-11.009793758392334,0.21428571428571427
43670,0,0,27138,-15.137684106826782,-11.009793758392334,0.21428571428571427
43671,0,0,27147,-15.137684106826782,-11.009793758392334,0.21428571428571427
43672,0,0,27146,-15.137684106826782,-11.009793758392334,0.21428571428571427
43673,0,0,27145,-15.137684106826782,-11.009793758392334,0.21428571428571427
43674,0,0,27144,-15.137684106826782,-11.009793758392334,0.21428571428571427
43675,0,0,27143,-15.137684106826782,-11.009793758392334,0.21428571428571427
43676,0,0,27142,-15.137684106826782,-11.009793758392334,0.21428571428571427
43677,0,0,27141,-15.137684106826782,-11.009793758392334,0.21428571428571427
43678,0,0,27140,-15.137684106826782,-11.009793758392334,0.21428571428571427
43679,0,0,27139,-15.137684106826782,-11.009793758392334,0.21428571428571427
43680,0,0,27137,-15.137684106826782,-11.009793758392334,0.21428571428571427
43681,0,0,27127,-15.137684106826782,-11.009793758392334,0.21428571428571427
43682,0,0,27136,-15.137684106826782,-11.009793758392334,0.21428571428571427
43683,0,0,27135,-15.137684106826782,-11.009793758392334,0.21428571428571427
43684,0,0,27134,-15.137684106826782,-11.009793758392334,0.21428571428571427
43685,0,0,27133,-15.137684106826782,-11.009793758392334,0.21428571428571427
43686,0,0,27132,-15.137684106826782,-11.009793758392334,0.21428571428571427
43687,0,0,27131,-15.137684106826782,-11.009793758392334,0.21428571428571427
43688,0,0,27130,-15.137684106826782,-11.009793758392334,0.21428571428571427
43689,0,0,27129,-15.137684106826782,-11.009793758392334,0.21428571428571427
43690,0,0,27128,-15.137684106826782,-11.009793758392334,0.21428571428571427
43691,0,0,27126,-15.137684106826782,-11.009793758392334,0.21428571428571427
43692,0,0,27102,-15.137684106826782,-11.009793758392334,0.21428571428571427
43693,0,0,27101,-15.137684106826782,-11.009793758392334,0.21428571428571427
43694,0,0,27100,-15.137684106826782,-11.009793758392334,0.21428571428571427
43695,0,0,27075,-15.137684106826782,-11.009793758392334,0.21428571428571427
43696,0,0,27074,-15.137684106826782,-11.009793758392334,0.21428571428571427
43697,0,0,27073,-15.137684106826782,-11.009793758392334,0.21428571428571427
43698,0,0,27072,-15.137684106826782,-11.009793758392334,0.21428571428571427
43699,0,0,27071,-15.137684106826782,-11.009793758392334,0.21428571428571427
43700,0,0,27070,-15.137684106826782,-11.009793758392334,0.21428571428571427
43701,0,0,27069,-15.137684106826782,-11.009793758392334,0.21428571428571427
43702,0,0,27068,-15.137684106826782,-11.009793758392334,0.21428571428571427
43703,0,0,27067,-15.137684106826782,-11.009793758392334,0.21428571428571427
43704,0,0,27066,-15.137684106826782,-11.009793758392334,0.21428571428571427
43705,0,0,27065,-15.137684106826782,-11.009793758392334,0.21428571428571427
43706,0,0,27064,-15.137684106826782,-11.009793758392334,0.21428571428571427
43707,0,0,27063,-15.137684106826782,-11.009793758392334,0.21428571428571427
43708,0,0,27062,-15.137684106826782,-11.009793758392334,0.21428571428571427
43709,0,0,27061,-15.137684106826782,-11.009793758392334,0.21428571428571427
43710,0,0,27060,-15.137684106826782,-11.009793758392334,0.21428571428571427
43711,0,0,27059,-15.137684106826782,-11.009793758392334,0.21428571428571427
43712,0,0,27058,-15.137684106826782,-11.009793758392334,0.21428571428571427
43713,0,0,27057,-15.137684106826782,-11.009793758392334,0.21428571428571427
43714,0,0,27056,-15.137684106826782,-11.009793758392334,0.21428571428571427
43715,0,0,27055,-15.137684106826782,-11.009793758392334,0.21428571428571427
43716,0,0,27076,-15.137684106826782,-11.009793758392334,0.21428571428571427
43717,0,0,27077,-15.137684106826782,-11.009793758392334,0.21428571428571427
43718,0,0,27078,-15.137684106826782,-11.009793758392334,0.21428571428571427
43719,0,0,27090,-15.137684106826782,-11.009793758392334,0.21428571428571427
43720,0,0,27099,-15.137684106826782,-11.009793758392334,0.21428571428571427
43721,0,0,27098,-15.137684106826782,-11.009793758392334,0.21428571428571427
43722,0,0,27097,-15.137684106826782,-11.009793758392334,0.21428571428571427
43723,0,0,27096,-15.137684106826782,-11.009793758392334,0.21428571428571427
43724,0,0,27095,-15.137684106826782,-11.009793758392334,0.21428571428571427
43725,0,0,27094,-15.137684106826782,-11.009793758392334,0.21428571428571427
43726,0,0,27093,-15.137684106826782,-11.009793758392334,0.21428571428571427
43727,0,0,27092,-15.137684106826782,-11.009793758392334,0.21428571428571427
43728,0,0,27091,-15.137684106826782,-11.009793758392334,0.21428571428571427
43729,0,0,27089,-15.137684106826782,-11.009793758392334,0.21428571428571427
43730,0,0,27079,-15.137684106826782,-11.009793758392334,0.21428571428571427
43731,0,0,27088,-15.137684106826782,-11.009793758392334,0.21428571428571427
43732,0,0,27087,-15.137684106826782,-11.009793758392334,0.21428571428571427
43733,0,0,27086,-15.137684106826782,-11.009793758392334,0.21428571428571427
43734,0,0,27085,-15.137684106826782,-11.009793758392334,0.21428571428571427
43735,0,0,27084,-15.137684106826782,-11.009793758392334,0.21428571428571427
43736,0,0,27083,-15.137684106826782,-11.009793758392334,0.21428571428571427
43737,0,0,27082,-15.137684106826782,-11.009793758392334,0.21428571428571427
43738,0,0,27081,-15.137684106826782,-11.009793758392334,0.21428571428571427
43739,0,0,27080,-15.137684106826782,-11.009793758392334,0.21428571428571427
43740,0,0,31248,-15.137684106826782,-11.009793758392334,0.21428571428571427
43741,0,0,31249,-15.137684106826782,-11.009793758392334,0.21428571428571427
43742,0,0,31250,-15.137684106826782,-11.009793758392334,0.21428571428571427
43743,0,0,34374,-15.137684106826782,-11.009793758392334,0.21428571428571427
43744,0,0,35422,-15.137684106826782,-11.009793758392334,0.21428571428571427
43745,0,0,35421,-15.137684106826782,-11.009793758392334,0.21428571428571427
43746,0,0,35420,-15.137684106826782,-11.009793758392334,0.21428571428571427
43747,0,0,35419,-15.137684106826782,-11.009793758392334,0.21428571428571427
43748,0,0,35418,-15.137684106826782,-11.009793758392334,0.21428571428571427
43749,0,0,35417,-15.137684106826782,-11.009793758392334,0.21428571428571427
43750,0,0,35416,-15.137684106826782,-11.009793758392334,0.21428571428571427
43751,0,0,35415,-15.137684106826782,-11.009793758392334,0.21428571428571427
43752,0,0,35414,-15.137684106826782,-11.009793758392334,0.21428571428571427
43753,0,0,35413,-15.137684106826782,-11.009793758392334,0.21428571428571427
43754,0,0,35412,-15.137684106826782,-11.009793758392334,0.21428571428571427
43755,0,0,35411,-15.137684106826782,-11.009793758392334,0.21428571428571427
43756,0,0,35410,-15.137684106826782,-11.009793758392334,0.21428571428571427
43757,0,0,35409,-15.137684106826782,-11.009793758392334,0.21428571428571427
43758,0,0,35408,-15.137684106826782,-11.009793758392334,0.21428571428571427
43759,0,0,35407,-15.137684106826782,-11.009793758392334,0.21428571428571427
43760,0,0,35406,-15.137684106826782,-11.009793758392334,0.21428571428571427
43761,0,0,35405,-15.137684106826782,-11.009793758392334,0.21428571428571427
43762,0,0,35404,-15.137684106826782,-11.009793758392334,0.21428571428571427
43763,0,0,35403,-15.137684106826782,-11.009793758392334,0.21428571428571427
43764,0,0,35402,-15.137684106826782,-11.009793758392334,0.21428571428571427
43765,0,0,35423,-15.137684106826782,-11.009793758392334,0.21428571428571427
43766,0,0,35424,-15.137684106826782,-11.009793758392334,0.21428571428571427
43767,0,0,35425,-15.137684106826782,-11.009793758392334,0.21428571428571427
43768,0,0,35437,-15.137684106826782,-11.009793758392334,0.21428571428571427
43769,0,0,35446,-15.137684106826782,-11.009793758392334,0.21428571428571427
43770,0,0,35445,-15.137684106826782,-11.009793758392334,0.21428571428571427
43771,0,0,35444,-15.137684106826782,-11.009793758392334,0.21428571428571427
43772,0,0,35443,-15.137684106826782,-11.009793758392334,0.21428571428571427
43773,0,0,35442,-15.137684106826782,-11.009793758392334,0.21428571428571427
43774,0,0,35441,-15.137684106826782,-11.009793758392334,0.21428571428571427
43775,0,0,35440,-15.137684106826782,-11.009793758392334,0.21428571428571427
43776,0,0,35439,-15.137684106826782,-11.009793758392334,0.21428571428571427
43777,0,0,35438,-15.137684106826782,-11.009793758392334,0.21428571428571427
43778,0,0,35436,-15.137684106826782,-11.009793758392334,0.21428571428571427
43779,0,0,35426,-15.137684106826782,-11.009793758392334,0.21428571428571427
43780,0,0,35435,-15.137684106826782,-11.009793758392334,0.21428571428571427
43781,0,0,35434,-15.137684106826782,-11.009793758392334,0.21428571428571427
43782,0,0,35433,-15.137684106826782,-11.009793758392334,0.21428571428571427
43783,0,0,35432,-15.137684106826782,-11.009793758392334,0.21428571428571427
43784,0,0,35431,-15.137684106826782,-11.009793758392334,0.21428571428571427
43785,0,0,35430,-15.137684106826782,-11.009793758392334,0.21428571428571427
43786,0,0,35429,-15.137684106826782,-11.009793758392334,0.21428571428571427
43787,0,0,35428,-15.137684106826782,-11.009793758392334,0.21428571428571427
43788,0,0,35427,-15.137684106826782,-11.009793758392334,0.21428571428571427
43789,0,0,35401,-15.137684106826782,-11.009793758392334,0.21428571428571427
43790,0,0,35399,-15.137684106826782,-11.009793758392334,0.21428571428571427
43791,0,0,35352,-15.137684106826782,-11.009793758392334,0.21428571428571427
43792,0,0,35398,-15.137684106826782,-11.009793758392334,0.21428571428571427
43793,0,0,35373,-15.137684106826782,-11.009793758392334,0.21428571428571427
43794,0,0,35372,-15.137684106826782,-11.009793758392334,0.21428571428571427
43795,0,0,35371,-15.137684106826782,-11.009793758392334,0.21428571428571427
43796,0,0,35370,-15.137684106826782,-11.009793758392334,0.21428571428571427
43797,0,0,35369,-15.137684106826782,-11.009793758392334,0.21428571428571427
43798,0,0,35368,-15.137684106826782,-11.009793758392334,0.21428571428571427
43799,0,0,35367,-15.137684106826782,-11.009793758392334,0.21428571428571427
43800,0,0,35366,-15.137684106826782,-11.009793758392334,0.21428571428571427
43801,0,0,35365,-15.137684106826782,-11.009793758392334,0.21428571428571427
43802,0,0,35364,-15.137684106826782,-11.009793758392334,0.21428571428571427
43803,0,0,35363,-15.137684106826782,-11.009793758392334,0.21428571428571427
43804,0,0,35362,-15.137684106826782,-11.009793758392334,0.21428571428571427
43805,0,0,35361,-15.137684106826782,-11.009793758392334,0.21428571428571427
43806,0,0,35360,-15.137684106826782,-11.009793758392334,0.21428571428571427
43807,0,0,35359,-15.137684106826782,-11.009793758392334,0.21428571428571427
43808,0,0,35358,-15.137684106826782,-11.009793758392334,0.21428571428571427
43809,0,0,35357,-15.137684106826782,-11.009793758392334,0.21428571428571427
43810,0,0,35356,-15.137684106826782,-11.009793758392334,0.21428571428571427
43811,0,0,35355,-15.137684106826782,-11.009793758392334,0.21428571428571427
43812,0,0,35354,-15.137684106826782,-11.009793758392334,0.21428571428571427
43813,0,0,35353,-15.137684106826782,-11.009793758392334,0.21428571428571427
43814,0,0,35374,-15.137684106826782,-11.009793758392334,0.21428571428571427
43815,0,0,35375,-15.137684106826782,-11.009793758392334,0.21428571428571427
43816,0,0,35376,-15.137684106826782,-11.009793758392334,0.21428571428571427
43817,0,0,35388,-15.137684106826782,-11.009793758392334,0.21428571428571427
43818,0,0,35397,-15.137684106826782,-11.009793758392334,0.21428571428571427
43819,0,0,35396,-15.137684106826782,-11.009793758392334,0.21428571428571427
43820,0,0,35395,-15.137684106826782,-11.009793758392334,0.21428571428571427
43821,0,0,35394,-15.137684106826782,-11.009793758392334,0.21428571428571427
43822,0,0,35393,-15.137684106826782,-11.009793758392334,0.21428571428571427
43823,0,0,35392,-15.137684106826782,-11.009793758392334,0.21428571428571427
43824,0,0,35391,-15.137684106826782,-11.009793758392334,0.21428571428571427
43825,0,0,35390,-15.137684106826782,-11.009793758392334,0.21428571428571427
43826,0,0,35389,-15.137684106826782,-11.009793758392334,0.21428571428571427
43827,0,0,35387,-15.137684106826782,-11.009793758392334,0.21428571428571427
43828,0,0,35377,-15.137684106826782,-11.009793758392334,0.21428571428571427
43829,0,0,35386,-15.137684106826782,-11.009793758392334,0.21428571428571427
43830,0,0,35385,-15.137684106826782,-11.009793758392334,0.21428571428571427
43831,0,0,35384,-15.137684106826782,-11.009793758392334,0.21428571428571427
43832,0,0,35383,-15.137684106826782,-11.009793758392334,0.21428571428571427
43833,0,0,35382,-15.137684106826782,-11.009793758392334,0.21428571428571427
43834,0,0,35381,-15.137684106826782,-11.009793758392334,0.21428571428571427
43835,0,0,35380,-15.137684106826782,-11.009793758392334,0.21428571428571427
43836,0,0,35379,-15.137684106826782,-11.009793758392334,0.21428571428571427
43837,0,0,35378,-15.137684106826782,-11.009793758392334,0.21428571428571427
43838,0,0,35447,-15.137684106826782,-11.009793758392334,0.21428571428571427
43839,0,0,35448,-15.137684106826782,-11.009793758392334,0.21428571428571427
43840,0,0,35449,-15.137684106826782,-11.009793758392334,0.21428571428571427
43841,0,0,35450,-15.137684106826782,-11.009793758392334,0.21428571428571427
43842,0,0,35519,-15.137684106826782,-11.009793758392334,0.21428571428571427
43843,0,0,35518,-15.137684106826782,-11.009793758392334,0.21428571428571427
43844,0,0,35517,-15.137684106826782,-11.009793758392334,0.21428571428571427
43845,0,0,35516,-15.137684106826782,-11.009793758392334,0.21428571428571427
43846,0,0,35515,-15.137684106826782,-11.009793758392334,0.21428571428571427
43847,0,0,35514,-15.137684106826782,-11.009793758392334,0.21428571428571427
43848,0,0,35513,-15.137684106826782,-11.009793758392334,0.21428571428571427
43849,0,0,35512,-15.137684106826782,-11.009793758392334,0.21428571428571427
43850,0,0,35511,-15.137684106826782,-11.009793758392334,0.21428571428571427
43851,0,0,35509,-15.137684106826782,-11.009793758392334,0.21428571428571427
43852,0,0,35499,-15.137684106826782,-11.009793758392334,0.21428571428571427
43853,0,0,35508,-15.137684106826782,-11.009793758392334,0.21428571428571427
43854,0,0,35507,-15.137684106826782,-11.009793758392334,0.21428571428571427
43855,0,0,35506,-15.137684106826782,-11.009793758392334,0.21428571428571427
43856,0,0,35505,-15.137684106826782,-11.009793758392334,0.21428571428571427
43857,0,0,35504,-15.137684106826782,-11.009793758392334,0.21428571428571427
43858,0,0,35503,-15.137684106826782,-11.009793758392334,0.21428571428571427
43859,0,0,35502,-15.137684106826782,-11.009793758392334,0.21428571428571427
43860,0,0,35501,-15.137684106826782,-11.009793758392334,0.21428571428571427
43861,0,0,35500,-15.137684106826782,-11.009793758392334,0.21428571428571427
43862,0,0,35520,-15.137684106826782,-11.009793758392334,0.21428571428571427
43863,0,0,35510,-15.137684106826782,-11.009793758392334,0.21428571428571427
43864,0,0,35521,-15.137684106826782,-11.009793758392334,0.21428571428571427
43865,0,0,35534,-15.137684106826782,-11.009793758392334,0.21428571428571427
43866,0,0,35543,-15.137684106826782,-11.009793758392334,0.21428571428571427
43867,0,0,35542,-15.137684106826782,-11.009793758392334,0.21428571428571427
43868,0,0,35541,-15.137684106826782,-11.009793758392334,0.21428571428571427
43869,0,0,35540,-15.137684106826782,-11.009793758392334,0.21428571428571427
43870,0,0,35539,-15.137684106826782,-11.009793758392334,0.21428571428571427
43871,0,0,35538,-15.137684106826782,-11.009793758392334,0.21428571428571427
43872,0,0,35537,-15.137684106826782,-11.009793758392334,0.21428571428571427
43873,0,0,35536,-15.137684106826782,-11.009793758392334,0.21428571428571427
43874,0,0,35535,-15.137684106826782,-11.009793758392334,0.21428571428571427
43875,0,0,35533,-15.137684106826782,-11.009793758392334,0.21428571428571427
43876,0,0,35523,-15.137684106826782,-11.009793758392334,0.21428571428571427
43877,0,0,35532,-15.137684106826782,-11.009793758392334,0.21428571428571427
43878,0,0,35531,-15.137684106826782,-11.009793758392334,0.21428571428571427
43879,0,0,35530,-15.137684106826782,-11.009793758392334,0.21428571428571427
43880,0,0,35529,-15.137684106826782,-11.009793758392334,0.21428571428571427
43881,0,0,35528,-15.137684106826782,-11.009793758392334,0.21428571428571427
43882,0,0,35527,-15.137684106826782,-11.009793758392334,0.21428571428571427
43883,0,0,35526,-15.137684106826782,-11.009793758392334,0.21428571428571427
43884,0,0,35525,-15.137684106826782,-11.009793758392334,0.21428571428571427
43885,0,0,35524,-15.137684106826782,-11.009793758392334,0.21428571428571427
43886,0,0,35522,-15.137684106826782,-11.009793758392334,0.21428571428571427
43887,0,0,35498,-15.137684106826782,-11.009793758392334,0.21428571428571427
43888,0,0,35497,-15.137684106826782,-11.009793758392334,0.21428571428571427
43889,0,0,35496,-15.137684106826782,-11.009793758392334,0.21428571428571427
43890,0,0,35471,-15.137684106826782,-11.009793758392334,0.21428571428571427
43891,0,0,35470,-15.137684106826782,-11.009793758392334,0.21428571428571427
43892,0,0,35469,-15.137684106826782,-11.009793758392334,0.21428571428571427
43893,0,0,35468,-15.137684106826782,-11.009793758392334,0.21428571428571427
43894,0,0,35467,-15.137684106826782,-11.009793758392334,0.21428571428571427
43895,0,0,35466,-15.137684106826782,-11.009793758392334,0.21428571428571427
43896,0,0,35465,-15.137684106826782,-11.009793758392334,0.21428571428571427
43897,0,0,35464,-15.137684106826782,-11.009793758392334,0.21428571428571427
43898,0,0,35463,-15.137684106826782,-11.009793758392334,0.21428571428571427
43899,0,0,35462,-15.137684106826782,-11.009793758392334,0.21428571428571427
43900,0,0,35461,-15.137684106826782,-11.009793758392334,0.21428571428571427
43901,0,0,35460,-15.137684106826782,-11.009793758392334,0.21428571428571427
43902,0,0,35459,-15.137684106826782,-11.009793758392334,0.21428571428571427
43903,0,0,35458,-15.137684106826782,-11.009793758392334,0.21428571428571427
43904,0,0,35457,-15.137684106826782,-11.009793758392334,0.21428571428571427
43905,0,0,35456,-15.137684106826782,-11.009793758392334,0.21428571428571427
43906,0,0,35455,-15.137684106826782,-11.009793758392334,0.21428571428571427
43907,0,0,35454,-15.137684106826782,-11.009793758392334,0.21428571428571427
43908,0,0,35453,-15.137684106826782,-11.009793758392334,0.21428571428571427
43909,0,0,35452,-15.137684106826782,-11.009793758392334,0.21428571428571427
43910,0,0,35451,-15.137684106826782,-11.009793758392334,0.21428571428571427
43911,0,0,35472,-15.137684106826782,-11.009793758392334,0.21428571428571427
43912,0,0,35473,-15.137684106826782,-11.009793758392334,0.21428571428571427
43913,0,0,35474,-15.137684106826782,-11.009793758392334,0.21428571428571427
43914,0,0,35486,-15.137684106826782,-11.009793758392334,0.21428571428571427
43915,0,0,35495,-15.137684106826782,-11.009793758392334,0.21428571428571427
43916,0,0,35494,-15.137684106826782,-11.009793758392334,0.21428571428571427
43917,0,0,35493,-15.137684106826782,-11.009793758392334,0.21428571428571427
43918,0,0,35492,-15.137684106826782,-11.009793758392334,0.21428571428571427
43919,0,0,35491,-15.137684106826782,-11.009793758392334,0.21428571428571427
43920,0,0,35490,-15.137684106826782,-11.009793758392334,0.21428571428571427
43921,0,0,35489,-15.137684106826782,-11.009793758392334,0.21428571428571427
43922,0,0,35488,-15.137684106826782,-11.009793758392334,0.21428571428571427
43923,0,0,35487,-15.137684106826782,-11.009793758392334,0.21428571428571427
43924,0,0,35485,-15.137684106826782,-11.009793758392334,0.21428571428571427
43925,0,0,35475,-15.137684106826782,-11.009793758392334,0.21428571428571427
43926,0,0,35484,-15.137684106826782,-11.009793758392334,0.21428571428571427
43927,0,0,35483,-15.137684106826782,-11.009793758392334,0.21428571428571427
43928,0,0,35482,-15.137684106826782,-11.009793758392334,0.21428571428571427
43929,0,0,35481,-15.137684106826782,-11.009793758392334,0.21428571428571427
43930,0,0,35480,-15.137684106826782,-11.009793758392334,0.21428571428571427
43931,0,0,35479,-15.137684106826782,-11.009793758392334,0.21428571428571427
43932,0,0,35478,-15.137684106826782,-11.009793758392334,0.21428571428571427
43933,0,0,35477,-15.137684106826782,-11.009793758392334,0.21428571428571427
43934,0,0,35476,-15.137684106826782,-11.009793758392334,0.21428571428571427
43935,0,0,35400,-15.137684106826782,-11.009793758392334,0.21428571428571427
43936,0,0,35351,-15.137684106826782,-11.009793758392334,0.21428571428571427
43937,0,0,35350,-15.137684106826782,-11.009793758392334,0.21428571428571427
43938,0,0,35349,-15.137684106826782,-11.009793758392334,0.21428571428571427
43939,0,0,35226,-15.137684106826782,-11.009793758392334,0.21428571428571427
43940,0,0,35225,-15.137684106826782,-11.009793758392334,0.21428571428571427
43941,0,0,35224,-15.137684106826782,-11.009793758392334,0.21428571428571427
43942,0,0,35223,-15.137684106826782,-11.009793758392334,0.21428571428571427
43943,0,0,35222,-15.137684106826782,-11.009793758392334,0.21428571428571427
43944,0,0,35221,-15.137684106826782,-11.009793758392334,0.21428571428571427
43945,0,0,35220,-15.137684106826782,-11.009793758392334,0.21428571428571427
43946,0,0,35219,-15.137684106826782,-11.009793758392334,0.21428571428571427
43947,0,0,35218,-15.137684106826782,-11.009793758392334,0.21428571428571427
43948,0,0,35217,-15.137684106826782,-11.009793758392334,0.21428571428571427
43949,0,0,35216,-15.137684106826782,-11.009793758392334,0.21428571428571427
43950,0,0,35215,-15.137684106826782,-11.009793758392334,0.21428571428571427
43951,0,0,35214,-15.137684106826782,-11.009793758392334,0.21428571428571427
43952,0,0,35213,-15.137684106826782,-11.009793758392334,0.21428571428571427
43953,0,0,35212,-15.137684106826782,-11.009793758392334,0.21428571428571427
43954,0,0,35211,-15.137684106826782,-11.009793758392334,0.21428571428571427
43955,0,0,35210,-15.137684106826782,-11.009793758392334,0.21428571428571427
43956,0,0,35209,-15.137684106826782,-11.009793758392334,0.21428571428571427
43957,0,0,35208,-15.137684106826782,-11.009793758392334,0.21428571428571427
43958,0,0,35207,-15.137684106826782,-11.009793758392334,0.21428571428571427
43959,0,0,35206,-15.137684106826782,-11.009793758392334,0.21428571428571427
43960,0,0,35227,-15.137684106826782,-11.009793758392334,0.21428571428571427
43961,0,0,35228,-15.137684106826782,-11.009793758392334,0.21428571428571427
43962,0,0,35229,-15.137684106826782,-11.009793758392334,0.21428571428571427
43963,0,0,35241,-15.137684106826782,-11.009793758392334,0.21428571428571427
43964,0,0,35250,-15.137684106826782,-11.009793758392334,0.21428571428571427
43965,0,0,35249,-15.137684106826782,-11.009793758392334,0.21428571428571427
43966,0,0,35248,-15.137684106826782,-11.009793758392334,0.21428571428571427
43967,0,0,35247,-15.137684106826782,-11.009793758392334,0.21428571428571427
43968,0,0,35246,-15.137684106826782,-11.009793758392334,0.21428571428571427
43969,0,0,35245,-15.137684106826782,-11.009793758392334,0.21428571428571427
43970,0,0,35244,-15.137684106826782,-11.009793758392334,0.21428571428571427
43971,0,0,35243,-15.137684106826782,-11.009793758392334,0.21428571428571427
43972,0,0,35242,-15.137684106826782,-11.009793758392334,0.21428571428571427
43973,0,0,35240,-15.137684106826782,-11.009793758392334,0.21428571428571427
43974,0,0,35230,-15.137684106826782,-11.009793758392334,0.21428571428571427
43975,0,0,35239,-15.137684106826782,-11.009793758392334,0.21428571428571427
43976,0,0,35238,-15.137684106826782,-11.009793758392334,0.21428571428571427
43977,0,0,35237,-15.137684106826782,-11.009793758392334,0.21428571428571427
43978,0,0,35236,-15.137684106826782,-11.009793758392334,0.21428571428571427
43979,0,0,35235,-15.137684106826782,-11.009793758392334,0.21428571428571427
43980,0,0,35234,-15.137684106826782,-11.009793758392334,0.21428571428571427
43981,0,0,35233,-15.137684106826782,-11.009793758392334,0.21428571428571427
43982,0,0,35232,-15.137684106826782,-11.009793758392334,0.21428571428571427
43983,0,0,35231,-15.137684106826782,-11.009793758392334,0.21428571428571427
43984,0,0,35205,-15.137684106826782,-11.009793758392334,0.21428571428571427
43985,0,0,35203,-15.137684106826782,-11.009793758392334,0.21428571428571427
43986,1,0,35156,-15.137684106826782,-11.009793758392334,0.21428571428571427
43987,0,0,35202,-15.137684106826782,-11.009793758392334,0.21428571428571427
43988,0,0,35177,-15.137684106826782,-11.009793758392334,0.21428571428571427
43989,0,0,35176,-15.137684106826782,-11.009793758392334,0.21428571428571427
43990,0,0,35175,-15.137684106826782,-11.009793758392334,0.21428571428571427
43991,0,0,35174,-15.137684106826782,-11.009793758392334,0.21428571428571427
43992,0,0,35173,-15.137684106826782,-11.009793758392334,0.21428571428571427
43993,0,0,35172,-15.137684106826782,-11.009793758392334,0.21428571428571427
43994,0,0,35171,-15.137684106826782,-11.009793758392334,0.21428571428571427
43995,0,0,35170,-15.137684106826782,-11.009793758392334,0.21428571428571427
43996,0,0,35169,-15.137684106826782,-11.009793758392334,0.21428571428571427
43997,0,0,35168,-15.137684106826782,-11.009793758392334,0.21428571428571427
43998,0,0,35167,-15.137684106826782,-11.009793758392334,0.21428571428571427
43999,0,0,35166,-15.137684106826782,-11.009793758392334,0.21428571428571427
44000,0,0,35165,-15.137684106826782,-11.009793758392334,0.21428571428571427
44001,0,0,35164,-15.137684106826782,-11.009793758392334,0.21428571428571427
44002,0,0,35163,-15.137684106826782,-11.009793758392334,0.21428571428571427
44003,0,0,35162,-15.137684106826782,-11.009793758392334,0.21428571428571427
44004,0,0,35161,-15.137684106826782,-11.009793758392334,0.21428571428571427
44005,0,0,35160,-15.137684106826782,-11.009793758392334,0.21428571428571427
44006,0,0,35159,-15.137684106826782,-11.009793758392334,0.21428571428571427
44007,0,0,35158,-15.137684106826782,-11.009793758392334,0.21428571428571427
44008,0,0,35157,-15.137684106826782,-11.009793758392334,0.21428571428571427
44009,0,0,35178,-15.137684106826782,-11.009793758392334,0.21428571428571427
44010,0,0,35179,-15.137684106826782,-11.009793758392334,0.21428571428571427
44011,0,0,35180,-15.137684106826782,-11.009793758392334,0.21428571428571427
44012,0,0,35192,-15.137684106826782,-11.009793758392334,0.21428571428571427
44013,0,0,35201,-15.137684106826782,-11.009793758392334,0.21428571428571427
44014,0,0,35200,-15.137684106826782,-11.009793758392334,0.21428571428571427
44015,0,0,35199,-15.137684106826782,-11.009793758392334,0.21428571428571427
44016,0,0,35198,-15.137684106826782,-11.009793758392334,0.21428571428571427
44017,0,0,35197,-15.137684106826782,-11.009793758392334,0.21428571428571427
44018,0,0,35196,-15.137684106826782,-11.009793758392334,0.21428571428571427
44019,0,0,35195,-15.137684106826782,-11.009793758392334,0.21428571428571427
44020,0,0,35194,-15.137684106826782,-11.009793758392334,0.21428571428571427
44021,0,0,35193,-15.137684106826782,-11.009793758392334,0.21428571428571427
44022,0,0,35191,-15.137684106826782,-11.009793758392334,0.21428571428571427
44023,0,0,35181,-15.137684106826782,-11.009793758392334,0.21428571428571427
44024,0,0,35190,-15.137684106826782,-11.009793758392334,0.21428571428571427
44025,0,0,35189,-15.137684106826782,-11.009793758392334,0.21428571428571427
44026,0,0,35188,-15.137684106826782,-11.009793758392334,0.21428571428571427
44027,0,0,35187,-15.137684106826782,-11.009793758392334,0.21428571428571427
44028,0,0,35186,-15.137684106826782,-11.009793758392334,0.21428571428571427
44029,0,0,35185,-15.137684106826782,-11.009793758392334,0.21428571428571427
44030,0,0,35184,-15.137684106826782,-11.009793758392334,0.21428571428571427
44031,0,0,35183,-15.137684106826782,-11.009793758392334,0.21428571428571427
44032,0,0,35182,-15.137684106826782,-11.009793758392334,0.21428571428571427
44033,0,0,35251,-15.137684106826782,-11.009793758392334,0.21428571428571427
44034,0,0,35204,-15.137684106826782,-11.009793758392334,0.21428571428571427
44035,0,0,35252,-15.137684106826782,-11.009793758392334,0.21428571428571427
44036,0,0,35302,-15.137684106826782,-11.009793758392334,0.21428571428571427
44037,0,0,35324,-15.137684106826782,-11.009793758392334,0.21428571428571427
44038,0,0,35323,-15.137684106826782,-11.009793758392334,0.21428571428571427
44039,0,0,35322,-15.137684106826782,-11.009793758392334,0.21428571428571427
44040,0,0,35321,-15.137684106826782,-11.009793758392334,0.21428571428571427
44041,0,0,35320,-15.137684106826782,-11.009793758392334,0.21428571428571427
44042,0,0,35319,-15.137684106826782,-11.009793758392334,0.21428571428571427
44043,0,0,35318,-15.137684106826782,-11.009793758392334,0.21428571428571427
44044,0,0,35317,-15.137684106826782,-11.009793758392334,0.21428571428571427
44045,0,0,35316,-15.137684106826782,-11.009793758392334,0.21428571428571427
44046,0,0,35315,-15.137684106826782,-11.009793758392334,0.21428571428571427
44047,0,0,35314,-15.137684106826782,-11.009793758392334,0.21428571428571427
44048,0,0,35313,-15.137684106826782,-11.009793758392334,0.21428571428571427
44049,0,0,35312,-15.137684106826782,-11.009793758392334,0.21428571428571427
44050,0,0,35311,-15.137684106826782,-11.009793758392334,0.21428571428571427
44051,0,0,35310,-15.137684106826782,-11.009793758392334,0.21428571428571427
44052,0,0,35309,-15.137684106826782,-11.009793758392334,0.21428571428571427
44053,0,0,35308,-15.137684106826782,-11.009793758392334,0.21428571428571427
44054,0,0,35307,-15.137684106826782,-11.009793758392334,0.21428571428571427
44055,0,0,35306,-15.137684106826782,-11.009793758392334,0.21428571428571427
44056,0,0,35305,-15.137684106826782,-11.009793758392334,0.21428571428571427
44057,0,0,35304,-15.137684106826782,-11.009793758392334,0.21428571428571427
44058,0,0,35325,-15.137684106826782,-11.009793758392334,0.21428571428571427
44059,0,0,35326,-15.137684106826782,-11.009793758392334,0.21428571428571427
44060,0,0,35327,-15.137684106826782,-11.009793758392334,0.21428571428571427
44061,0,0,35339,-15.137684106826782,-11.009793758392334,0.21428571428571427
44062,0,0,35348,-15.137684106826782,-11.009793758392334,0.21428571428571427
44063,0,0,35347,-15.137684106826782,-11.009793758392334,0.21428571428571427
44064,0,0,35346,-15.137684106826782,-11.009793758392334,0.21428571428571427
44065,0,0,35345,-15.137684106826782,-11.009793758392334,0.21428571428571427
44066,0,0,35344,-15.137684106826782,-11.009793758392334,0.21428571428571427
44067,0,0,35343,-15.137684106826782,-11.009793758392334,0.21428571428571427
44068,0,0,35342,-15.137684106826782,-11.009793758392334,0.21428571428571427
44069,0,0,35341,-15.137684106826782,-11.009793758392334,0.21428571428571427
44070,0,0,35340,-15.137684106826782,-11.009793758392334,0.21428571428571427
44071,0,0,35338,-15.137684106826782,-11.009793758392334,0.21428571428571427
44072,0,0,35328,-15.137684106826782,-11.009793758392334,0.21428571428571427
44073,0,0,35337,-15.137684106826782,-11.009793758392334,0.21428571428571427
44074,0,0,35336,-15.137684106826782,-11.009793758392334,0.21428571428571427
44075,0,0,35335,-15.137684106826782,-11.009793758392334,0.21428571428571427
44076,0,0,35334,-15.137684106826782,-11.009793758392334,0.21428571428571427
44077,0,0,35333,-15.137684106826782,-11.009793758392334,0.21428571428571427
44078,0,0,35332,-15.137684106826782,-11.009793758392334,0.21428571428571427
44079,0,0,35331,-15.137684106826782,-11.009793758392334,0.21428571428571427
44080,0,0,35330,-15.137684106826782,-11.009793758392334,0.21428571428571427
44081,0,0,35329,-15.137684106826782,-11.009793758392334,0.21428571428571427
44082,0,0,35303,-15.137684106826782,-11.009793758392334,0.21428571428571427
44083,0,0,35301,-15.137684106826782,-11.009793758392334,0.21428571428571427
44084,0,0,35254,-15.137684106826782,-11.009793758392334,0.21428571428571427
44085,0,0,35300,-15.137684106826782,-11.009793758392334,0.21428571428571427
44086,0,0,35275,-15.137684106826782,-11.009793758392334,0.21428571428571427
44087,0,0,35274,-15.137684106826782,-11.009793758392334,0.21428571428571427
44088,0,0,35273,-15.137684106826782,-11.009793758392334,0.21428571428571427
44089,0,0,35272,-15.137684106826782,-11.009793758392334,0.21428571428571427
44090,0,0,35271,-15.137684106826782,-11.009793758392334,0.21428571428571427
44091,0,0,35270,-15.137684106826782,-11.009793758392334,0.21428571428571427
44092,0,0,35269,-15.137684106826782,-11.009793758392334,0.21428571428571427
44093,0,0,35268,-15.137684106826782,-11.009793758392334,0.21428571428571427
44094,0,0,35267,-15.137684106826782,-11.009793758392334,0.21428571428571427
44095,0,0,35266,-15.137684106826782,-11.009793758392334,0.21428571428571427
44096,0,0,35265,-15.137684106826782,-11.009793758392334,0.21428571428571427
44097,0,0,35264,-15.137684106826782,-11.009793758392334,0.21428571428571427
44098,0,0,35263,-15.137684106826782,-11.009793758392334,0.21428571428571427
44099,0,0,35262,-15.137684106826782,-11.009793758392334,0.21428571428571427
44100,0,0,35261,-15.137684106826782,-11.009793758392334,0.21428571428571427
44101,0,0,35260,-15.137684106826782,-11.009793758392334,0.21428571428571427
44102,0,0,35259,-15.137684106826782,-11.009793758392334,0.21428571428571427
44103,0,0,35258,-15.137684106826782,-11.009793758392334,0.21428571428571427
44104,0,0,35257,-15.137684106826782,-11.009793758392334,0.21428571428571427
44105,0,0,35256,-15.137684106826782,-11.009793758392334,0.21428571428571427
44106,1,0,35255,-15.137684106826782,-11.009793758392334,0.21428571428571427
44107,0,0,35276,-15.137684106826782,-11.009793758392334,0.21428571428571427
44108,0,0,35277,-15.137684106826782,-11.009793758392334,0.21428571428571427
44109,0,0,35278,-15.137684106826782,-11.009793758392334,0.21428571428571427
44110,0,0,35290,-15.137684106826782,-11.009793758392334,0.21428571428571427
44111,0,0,35299,-15.137684106826782,-11.009793758392334,0.21428571428571427
44112,0,0,35298,-15.137684106826782,-11.009793758392334,0.21428571428571427
44113,0,0,35297,-15.137684106826782,-11.009793758392334,0.21428571428571427
44114,0,0,35296,-15.137684106826782,-11.009793758392334,0.21428571428571427
44115,0,0,35295,-15.137684106826782,-11.009793758392334,0.21428571428571427
44116,0,0,35294,-15.137684106826782,-11.009793758392334,0.21428571428571427
44117,0,0,35293,-15.137684106826782,-11.009793758392334,0.21428571428571427
44118,0,0,35292,-15.137684106826782,-11.009793758392334,0.21428571428571427
44119,0,0,35291,-15.137684106826782,-11.009793758392334,0.21428571428571427
44120,0,0,35289,-15.137684106826782,-11.009793758392334,0.21428571428571427
44121,0,0,35279,-15.137684106826782,-11.009793758392334,0.21428571428571427
44122,0,0,35288,-15.137684106826782,-11.009793758392334,0.21428571428571427
44123,0,0,35287,-15.137684106826782,-11.009793758392334,0.21428571428571427
44124,0,0,35286,-15.137684106826782,-11.009793758392334,0.21428571428571427
44125,0,0,35285,-15.137684106826782,-11.009793758392334,0.21428571428571427
44126,0,0,35284,-15.137684106826782,-11.009793758392334,0.21428571428571427
44127,0,0,35283,-15.137684106826782,-11.009793758392334,0.21428571428571427
44128,0,0,35282,-15.137684106826782,-11.009793758392334,0.21428571428571427
44129,0,0,35281,-15.137684106826782,-11.009793758392334,0.21428571428571427
44130,0,0,35280,-15.137684106826782,-11.009793758392334,0.21428571428571427
44131,0,0,35544,-15.137684106826782,-11.009793758392334,0.21428571428571427
44132,0,0,35545,-15.137684106826782,-11.009793758392334,0.21428571428571427
44133,0,0,35546,-15.137684106826782,-11.009793758392334,0.21428571428571427
44134,0,0,35741,-15.137684106826782,-11.009793758392334,0.21428571428571427
44135,0,0,35812,-15.137684106826782,-11.009793758392334,0.21428571428571427
44136,0,0,35811,-15.137684106826782,-11.009793758392334,0.21428571428571427
44137,0,0,35810,-15.137684106826782,-11.009793758392334,0.21428571428571427
44138,0,0,35809,-15.137684106826782,-11.009793758392334,0.21428571428571427
44139,0,0,35808,-15.137684106826782,-11.009793758392334,0.21428571428571427
44140,0,0,35807,-15.137684106826782,-11.009793758392334,0.21428571428571427
44141,0,0,35806,-15.137684106826782,-11.009793758392334,0.21428571428571427
44142,0,0,35805,-15.137684106826782,-11.009793758392334,0.21428571428571427
44143,0,0,35804,-15.137684106826782,-11.009793758392334,0.21428571428571427
44144,0,0,35803,-15.137684106826782,-11.009793758392334,0.21428571428571427
44145,0,0,35802,-15.137684106826782,-11.009793758392334,0.21428571428571427
44146,0,0,35801,-15.137684106826782,-11.009793758392334,0.21428571428571427
44147,0,0,35800,-15.137684106826782,-11.009793758392334,0.21428571428571427
44148,0,0,35799,-15.137684106826782,-11.009793758392334,0.21428571428571427
44149,1,0,35798,-15.137684106826782,-11.009793758392334,0.21428571428571427
44150,0,0,35797,-15.137684106826782,-11.009793758392334,0.21428571428571427
44151,0,0,35796,-15.137684106826782,-11.009793758392334,0.21428571428571427
44152,0,0,35795,-15.137684106826782,-11.009793758392334,0.21428571428571427
44153,0,0,35794,-15.137684106826782,-11.009793758392334,0.21428571428571427
44154,0,0,35793,-15.137684106826782,-11.009793758392334,0.21428571428571427
44155,0,0,35792,-15.137684106826782,-11.009793758392334,0.21428571428571427
44156,0,0,35813,-15.137684106826782,-11.009793758392334,0.21428571428571427
44157,0,0,35814,-15.137684106826782,-11.009793758392334,0.21428571428571427
44158,0,0,35815,-15.137684106826782,-11.009793758392334,0.21428571428571427
44159,0,0,35827,-15.137684106826782,-11.009793758392334,0.21428571428571427
44160,0,0,35836,-15.137684106826782,-11.009793758392334,0.21428571428571427
44161,0,0,35835,-15.137684106826782,-11.009793758392334,0.21428571428571427
44162,0,0,35834,-15.137684106826782,-11.009793758392334,0.21428571428571427
44163,0,0,35833,-15.137684106826782,-11.009793758392334,0.21428571428571427
44164,0,0,35832,-15.137684106826782,-11.009793758392334,0.21428571428571427
44165,0,0,35831,-15.137684106826782,-11.009793758392334,0.21428571428571427
44166,0,0,35830,-15.137684106826782,-11.009793758392334,0.21428571428571427
44167,0,0,35829,-15.137684106826782,-11.009793758392334,0.21428571428571427
44168,0,0,35828,-15.137684106826782,-11.009793758392334,0.21428571428571427
44169,0,0,35826,-15.137684106826782,-11.009793758392334,0.21428571428571427
44170,0,0,35816,-15.137684106826782,-11.009793758392334,0.21428571428571427
44171,0,0,35825,-15.137684106826782,-11.009793758392334,0.21428571428571427
44172,0,0,35824,-15.137684106826782,-11.009793758392334,0.21428571428571427
44173,0,0,35823,-15.137684106826782,-11.009793758392334,0.21428571428571427
44174,0,0,35822,-15.137684106826782,-11.009793758392334,0.21428571428571427
44175,0,0,35821,-15.137684106826782,-11.009793758392334,0.21428571428571427
44176,0,0,35820,-15.137684106826782,-11.009793758392334,0.21428571428571427
44177,0,0,35819,-15.137684106826782,-11.009793758392334,0.21428571428571427
44178,0,0,35818,-15.137684106826782,-11.009793758392334,0.21428571428571427
44179,0,0,35817,-15.137684106826782,-11.009793758392334,0.21428571428571427
44180,0,0,35791,-15.137684106826782,-11.009793758392334,0.21428571428571427
44181,0,0,35789,-15.137684106826782,-11.009793758392334,0.21428571428571427
44182,0,0,35742,-15.137684106826782,-11.009793758392334,0.21428571428571427
44183,0,0,35788,-15.137684106826782,-11.009793758392334,0.21428571428571427
44184,0,0,35763,-15.137684106826782,-11.009793758392334,0.21428571428571427
44185,0,0,35762,-15.137684106826782,-11.009793758392334,0.21428571428571427
44186,0,0,35761,-15.137684106826782,-11.009793758392334,0.21428571428571427
44187,0,0,35760,-15.137684106826782,-11.009793758392334,0.21428571428571427
44188,0,0,35759,-15.137684106826782,-11.009793758392334,0.21428571428571427
44189,0,0,35758,-15.137684106826782,-11.009793758392334,0.21428571428571427
44190,0,0,35757,-15.137684106826782,-11.009793758392334,0.21428571428571427
44191,0,0,35756,-15.137684106826782,-11.009793758392334,0.21428571428571427
44192,0,0,35755,-15.137684106826782,-11.009793758392334,0.21428571428571427
44193,0,0,35754,-15.137684106826782,-11.009793758392334,0.21428571428571427
44194,0,0,35753,-15.137684106826782,-11.009793758392334,0.21428571428571427
44195,0,0,35752,-15.137684106826782,-11.009793758392334,0.21428571428571427
44196,0,0,35751,-15.137684106826782,-11.009793758392334,0.21428571428571427
44197,0,0,35750,-15.137684106826782,-11.009793758392334,0.21428571428571427
44198,0,0,35749,-15.137684106826782,-11.009793758392334,0.21428571428571427
44199,0,0,35748,-15.137684106826782,-11.009793758392334,0.21428571428571427
44200,0,0,35747,-15.137684106826782,-11.009793758392334,0.21428571428571427
44201,0,0,35746,-15.137684106826782,-11.009793758392334,0.21428571428571427
44202,0,0,35745,-15.137684106826782,-11.009793758392334,0.21428571428571427
44203,0,0,35744,-15.137684106826782,-11.009793758392334,0.21428571428571427
44204,0,0,35743,-15.137684106826782,-11.009793758392334,0.21428571428571427
44205,0,0,35764,-15.137684106826782,-11.009793758392334,0.21428571428571427
44206,0,0,35765,-15.137684106826782,-11.009793758392334,0.21428571428571427
44207,0,0,35766,-15.137684106826782,-11.009793758392334,0.21428571428571427
44208,0,0,35778,-15.137684106826782,-11.009793758392334,0.21428571428571427
44209,0,0,35787,-15.137684106826782,-11.009793758392334,0.21428571428571427
44210,0,0,35786,-15.137684106826782,-11.009793758392334,0.21428571428571427
44211,0,0,35785,-15.137684106826782,-11.009793758392334,0.21428571428571427
44212,0,0,35784,-15.137684106826782,-11.009793758392334,0.21428571428571427
44213,0,0,35783,-15.137684106826782,-11.009793758392334,0.21428571428571427
44214,0,0,35782,-15.137684106826782,-11.009793758392334,0.21428571428571427
44215,0,0,35781,-15.137684106826782,-11.009793758392334,0.21428571428571427
44216,0,0,35780,-15.137684106826782,-11.009793758392334,0.21428571428571427
44217,0,0,35779,-15.137684106826782,-11.009793758392334,0.21428571428571427
44218,0,0,35777,-15.137684106826782,-11.009793758392334,0.21428571428571427
44219,0,0,35767,-15.137684106826782,-11.009793758392334,0.21428571428571427
44220,0,0,35776,-15.137684106826782,-11.009793758392334,0.21428571428571427
44221,0,0,35775,-15.137684106826782,-11.009793758392334,0.21428571428571427
44222,0,0,35774,-15.137684106826782,-11.009793758392334,0.21428571428571427
44223,0,0,35773,-15.137684106826782,-11.009793758392334,0.21428571428571427
44224,0,0,35772,-15.137684106826782,-11.009793758392334,0.21428571428571427
44225,0,0,35771,-15.137684106826782,-11.009793758392334,0.21428571428571427
44226,0,0,35770,-15.137684106826782,-11.009793758392334,0.21428571428571427
44227,0,0,35769,-15.137684106826782,-11.009793758392334,0.21428571428571427
44228,0,0,35768,-15.137684106826782,-11.009793758392334,0.21428571428571427
44229,0,0,35837,-15.137684106826782,-11.009793758392334,0.21428571428571427
44230,0,0,35838,-15.137684106826782,-11.009793758392334,0.21428571428571427
44231,0,0,35839,-15.137684106826782,-11.009793758392334,0.21428571428571427
44232,0,0,35840,-15.137684106826782,-11.009793758392334,0.21428571428571427
44233,0,0,35909,-15.137684106826782,-11.009793758392334,0.21428571428571427
44234,0,0,35908,-15.137684106826782,-11.009793758392334,0.21428571428571427
44235,0,0,35907,-15.137684106826782,-11.009793758392334,0.21428571428571427
44236,0,0,35906,-15.137684106826782,-11.009793758392334,0.21428571428571427
44237,0,0,35905,-15.137684106826782,-11.009793758392334,0.21428571428571427
44238,0,0,35904,-15.137684106826782,-11.009793758392334,0.21428571428571427
44239,0,0,35903,-15.137684106826782,-11.009793758392334,0.21428571428571427
44240,0,0,35902,-15.137684106826782,-11.009793758392334,0.21428571428571427
44241,0,0,35901,-15.137684106826782,-11.009793758392334,0.21428571428571427
44242,0,0,35899,-15.137684106826782,-11.009793758392334,0.21428571428571427
44243,0,0,35889,-15.137684106826782,-11.009793758392334,0.21428571428571427
44244,0,0,35898,-15.137684106826782,-11.009793758392334,0.21428571428571427
44245,0,0,35897,-15.137684106826782,-11.009793758392334,0.21428571428571427
44246,0,0,35896,-15.137684106826782,-11.009793758392334,0.21428571428571427
44247,0,0,35895,-15.137684106826782,-11.009793758392334,0.21428571428571427
44248,0,0,35894,-15.137684106826782,-11.009793758392334,0.21428571428571427
44249,0,0,35893,-15.137684106826782,-11.009793758392334,0.21428571428571427
44250,0,0,35892,-15.137684106826782,-11.009793758392334,0.21428571428571427
44251,0,0,35891,-15.137684106826782,-11.009793758392334,0.21428571428571427
44252,0,0,35890,-15.137684106826782,-11.009793758392334,0.21428571428571427
44253,0,0,35910,-15.137684106826782,-11.009793758392334,0.21428571428571427
44254,0,0,35900,-15.137684106826782,-11.009793758392334,0.21428571428571427
44255,0,0,35911,-15.137684106826782,-11.009793758392334,0.21428571428571427
44256,0,0,35924,-15.137684106826782,-11.009793758392334,0.21428571428571427
44257,0,0,35933,-15.137684106826782,-11.009793758392334,0.21428571428571427
44258,0,0,35932,-15.137684106826782,-11.009793758392334,0.21428571428571427
44259,0,0,35931,-15.137684106826782,-11.009793758392334,0.21428571428571427
44260,0,0,35930,-15.137684106826782,-11.009793758392334,0.21428571428571427
44261,0,0,35929,-15.137684106826782,-11.009793758392334,0.21428571428571427
44262,0,0,35928,-15.137684106826782,-11.009793758392334,0.21428571428571427
44263,0,0,35927,-15.137684106826782,-11.009793758392334,0.21428571428571427
44264,0,0,35926,-15.137684106826782,-11.009793758392334,0.21428571428571427
44265,0,0,35925,-15.137684106826782,-11.009793758392334,0.21428571428571427
44266,0,0,35923,-15.137684106826782,-11.009793758392334,0.21428571428571427
44267,0,0,35913,-15.137684106826782,-11.009793758392334,0.21428571428571427
44268,0,0,35922,-15.137684106826782,-11.009793758392334,0.21428571428571427
44269,0,0,35921,-15.137684106826782,-11.009793758392334,0.21428571428571427
44270,0,0,35920,-15.137684106826782,-11.009793758392334,0.21428571428571427
44271,0,0,35919,-15.137684106826782,-11.009793758392334,0.21428571428571427
44272,0,0,35918,-15.137684106826782,-11.009793758392334,0.21428571428571427
44273,0,0,35917,-15.137684106826782,-11.009793758392334,0.21428571428571427
44274,0,0,35916,-15.137684106826782,-11.009793758392334,0.21428571428571427
44275,0,0,35915,-15.137684106826782,-11.009793758392334,0.21428571428571427
44276,0,0,35914,-15.137684106826782,-11.009793758392334,0.21428571428571427
44277,0,0,35912,-15.137684106826782,-11.009793758392334,0.21428571428571427
44278,0,0,35888,-15.137684106826782,-11.009793758392334,0.21428571428571427
44279,0,0,35887,-15.137684106826782,-11.009793758392334,0.21428571428571427
44280,0,0,35886,-15.137684106826782,-11.009793758392334,0.21428571428571427
44281,0,0,35861,-15.137684106826782,-11.009793758392334,0.21428571428571427
44282,0,0,35860,-15.137684106826782,-11.009793758392334,0.21428571428571427
44283,0,0,35859,-15.137684106826782,-11.009793758392334,0.21428571428571427
44284,0,0,35858,-15.137684106826782,-11.009793758392334,0.21428571428571427
44285,0,0,35857,-15.137684106826782,-11.009793758392334,0.21428571428571427
44286,0,0,35856,-15.137684106826782,-11.009793758392334,0.21428571428571427
44287,0,0,35855,-15.137684106826782,-11.009793758392334,0.21428571428571427
44288,0,0,35854,-15.137684106826782,-11.009793758392334,0.21428571428571427
44289,0,0,35853,-15.137684106826782,-11.009793758392334,0.21428571428571427
44290,0,0,35852,-15.137684106826782,-11.009793758392334,0.21428571428571427
44291,0,0,35851,-15.137684106826782,-11.009793758392334,0.21428571428571427
44292,0,0,35850,-15.137684106826782,-11.009793758392334,0.21428571428571427
44293,0,0,35849,-15.137684106826782,-11.009793758392334,0.21428571428571427
44294,0,0,35848,-15.137684106826782,-11.009793758392334,0.21428571428571427
44295,0,0,35847,-15.137684106826782,-11.009793758392334,0.21428571428571427
44296,0,0,35846,-15.137684106826782,-11.009793758392334,0.21428571428571427
44297,0,0,35845,-15.137684106826782,-11.009793758392334,0.21428571428571427
44298,0,0,35844,-15.137684106826782,-11.009793758392334,0.21428571428571427
44299,0,0,35843,-15.137684106826782,-11.009793758392334,0.21428571428571427
44300,0,0,35842,-15.137684106826782,-11.009793758392334,0.21428571428571427
44301,0,0,35841,-15.137684106826782,-11.009793758392334,0.21428571428571427
44302,0,0,35862,-15.137684106826782,-11.009793758392334,0.21428571428571427
44303,0,0,35863,-15.137684106826782,-11.009793758392334,0.21428571428571427
44304,0,0,35864,-15.137684106826782,-11.009793758392334,0.21428571428571427
44305,0,0,35876,-15.137684106826782,-11.009793758392334,0.21428571428571427
44306,0,0,35885,-15.137684106826782,-11.009793758392334,0.21428571428571427
44307,0,0,35884,-15.137684106826782,-11.009793758392334,0.21428571428571427
44308,0,0,35883,-15.137684106826782,-11.009793758392334,0.21428571428571427
44309,0,0,35882,-15.137684106826782,-11.009793758392334,0.21428571428571427
44310,0,0,35881,-15.137684106826782,-11.009793758392334,0.21428571428571427
44311,0,0,35880,-15.137684106826782,-11.009793758392334,0.21428571428571427
44312,0,0,35879,-15.137684106826782,-11.009793758392334,0.21428571428571427
44313,0,0,35878,-15.137684106826782,-11.009793758392334,0.21428571428571427
44314,0,0,35877,-15.137684106826782,-11.009793758392334,0.21428571428571427
44315,0,0,35875,-15.137684106826782,-11.009793758392334,0.21428571428571427
44316,0,0,35865,-15.137684106826782,-11.009793758392334,0.21428571428571427
44317,0,0,35874,-15.137684106826782,-11.009793758392334,0.21428571428571427
44318,0,0,35873,-15.137684106826782,-11.009793758392334,0.21428571428571427
44319,0,0,35872,-15.137684106826782,-11.009793758392334,0.21428571428571427
44320,0,0,35871,-15.137684106826782,-11.009793758392334,0.21428571428571427
44321,0,0,35870,-15.137684106826782,-11.009793758392334,0.21428571428571427
44322,0,0,35869,-15.137684106826782,-11.009793758392334,0.21428571428571427
44323,0,0,35868,-15.137684106826782,-11.009793758392334,0.21428571428571427
44324,0,0,35867,-15.137684106826782,-11.009793758392334,0.21428571428571427
44325,0,0,35866,-15.137684106826782,-11.009793758392334,0.21428571428571427
44326,0,0,35790,-15.137684106826782,-11.009793758392334,0.21428571428571427
44327,0,0,35740,-15.137684106826782,-11.009793758392334,0.21428571428571427
44328,0,0,35595,-15.137684106826782,-11.009793758392334,0.21428571428571427
44329,0,0,35739,-15.137684106826782,-11.009793758392334,0.21428571428571427
44330,0,0,35617,-15.137684106826782,-11.009793758392334,0.21428571428571427
44331,0,0,35616,-15.137684106826782,-11.009793758392334,0.21428571428571427
44332,0,0,35615,-15.137684106826782,-11.009793758392334,0.21428571428571427
44333,0,0,35614,-15.137684106826782,-11.009793758392334,0.21428571428571427
44334,0,0,35613,-15.137684106826782,-11.009793758392334,0.21428571428571427
44335,0,0,35612,-15.137684106826782,-11.009793758392334,0.21428571428571427
44336,0,0,35611,-15.137684106826782,-11.009793758392334,0.21428571428571427
44337,0,0,35610,-15.137684106826782,-11.009793758392334,0.21428571428571427
44338,0,0,35609,-15.137684106826782,-11.009793758392334,0.21428571428571427
44339,0,0,35608,-15.137684106826782,-11.009793758392334,0.21428571428571427
44340,0,0,35607,-15.137684106826782,-11.009793758392334,0.21428571428571427
44341,0,0,35606,-15.137684106826782,-11.009793758392334,0.21428571428571427
44342,0,0,35605,-15.137684106826782,-11.009793758392334,0.21428571428571427
44343,0,0,35604,-15.137684106826782,-11.009793758392334,0.21428571428571427
44344,0,0,35603,-15.137684106826782,-11.009793758392334,0.21428571428571427
44345,0,0,35602,-15.137684106826782,-11.009793758392334,0.21428571428571427
44346,0,0,35601,-15.137684106826782,-11.009793758392334,0.21428571428571427
44347,0,0,35600,-15.137684106826782,-11.009793758392334,0.21428571428571427
44348,0,0,35599,-15.137684106826782,-11.009793758392334,0.21428571428571427
44349,0,0,35598,-15.137684106826782,-11.009793758392334,0.21428571428571427
44350,0,0,35597,-15.137684106826782,-11.009793758392334,0.21428571428571427
44351,0,0,35618,-15.137684106826782,-11.009793758392334,0.21428571428571427
44352,0,0,35619,-15.137684106826782,-11.009793758392334,0.21428571428571427
44353,0,0,35620,-15.137684106826782,-11.009793758392334,0.21428571428571427
44354,0,0,35632,-15.137684106826782,-11.009793758392334,0.21428571428571427
44355,0,0,35641,-15.137684106826782,-11.009793758392334,0.21428571428571427
44356,0,0,35640,-15.137684106826782,-11.009793758392334,0.21428571428571427
44357,0,0,35639,-15.137684106826782,-11.009793758392334,0.21428571428571427
44358,0,0,35638,-15.137684106826782,-11.009793758392334,0.21428571428571427
44359,0,0,35637,-15.137684106826782,-11.009793758392334,0.21428571428571427
44360,0,0,35636,-15.137684106826782,-11.009793758392334,0.21428571428571427
44361,0,0,35635,-15.137684106826782,-11.009793758392334,0.21428571428571427
44362,0,0,35634,-15.137684106826782,-11.009793758392334,0.21428571428571427
44363,0,0,35633,-15.137684106826782,-11.009793758392334,0.21428571428571427
44364,0,0,35631,-15.137684106826782,-11.009793758392334,0.21428571428571427
44365,0,0,35621,-15.137684106826782,-11.009793758392334,0.21428571428571427
44366,0,0,35630,-15.137684106826782,-11.009793758392334,0.21428571428571427
44367,0,0,35629,-15.137684106826782,-11.009793758392334,0.21428571428571427
44368,0,0,35628,-15.137684106826782,-11.009793758392334,0.21428571428571427
44369,0,0,35627,-15.137684106826782,-11.009793758392334,0.21428571428571427
44370,0,0,35626,-15.137684106826782,-11.009793758392334,0.21428571428571427
44371,0,0,35625,-15.137684106826782,-11.009793758392334,0.21428571428571427
44372,0,0,35624,-15.137684106826782,-11.009793758392334,0.21428571428571427
44373,0,0,35623,-15.137684106826782,-11.009793758392334,0.21428571428571427
44374,0,0,35622,-15.137684106826782,-11.009793758392334,0.21428571428571427
44375,0,0,35596,-15.137684106826782,-11.009793758392334,0.21428571428571427
44376,0,0,35594,-15.137684106826782,-11.009793758392334,0.21428571428571427
44377,0,0,35547,-15.137684106826782,-11.009793758392334,0.21428571428571427
44378,0,0,35593,-15.137684106826782,-11.009793758392334,0.21428571428571427
44379,0,0,35568,-15.137684106826782,-11.009793758392334,0.21428571428571427
44380,0,0,35567,-15.137684106826782,-11.009793758392334,0.21428571428571427
44381,0,0,35566,-15.137684106826782,-11.009793758392334,0.21428571428571427
44382,0,0,35565,-15.137684106826782,-11.009793758392334,0.21428571428571427
44383,0,0,35564,-15.137684106826782,-11.009793758392334,0.21428571428571427
44384,0,0,35563,-15.137684106826782,-11.009793758392334,0.21428571428571427
44385,0,0,35562,-15.137684106826782,-11.009793758392334,0.21428571428571427
44386,0,0,35561,-15.137684106826782,-11.009793758392334,0.21428571428571427
44387,0,0,35560,-15.137684106826782,-11.009793758392334,0.21428571428571427
44388,0,0,35559,-15.137684106826782,-11.009793758392334,0.21428571428571427
44389,0,0,35558,-15.137684106826782,-11.009793758392334,0.21428571428571427
44390,0,0,35557,-15.137684106826782,-11.009793758392334,0.21428571428571427
44391,0,0,35556,-15.137684106826782,-11.009793758392334,0.21428571428571427
44392,0,0,35555,-15.137684106826782,-11.009793758392334,0.21428571428571427
44393,0,0,35554,-15.137684106826782,-11.009793758392334,0.21428571428571427
44394,0,0,35553,-15.137684106826782,-11.009793758392334,0.21428571428571427
44395,0,0,35552,-15.137684106826782,-11.009793758392334,0.21428571428571427
44396,0,0,35551,-15.137684106826782,-11.009793758392334,0.21428571428571427
44397,0,0,35550,-15.137684106826782,-11.009793758392334,0.21428571428571427
44398,0,0,35549,-15.137684106826782,-11.009793758392334,0.21428571428571427
44399,0,0,35548,-15.137684106826782,-11.009793758392334,0.21428571428571427
44400,0,0,35569,-15.137684106826782,-11.009793758392334,0.21428571428571427
44401,0,0,35570,-15.137684106826782,-11.009793758392334,0.21428571428571427
44402,0,0,35571,-15.137684106826782,-11.009793758392334,0.21428571428571427
44403,0,0,35583,-15.137684106826782,-11.009793758392334,0.21428571428571427
44404,0,0,35592,-15.137684106826782,-11.009793758392334,0.21428571428571427
44405,0,0,35591,-15.137684106826782,-11.009793758392334,0.21428571428571427
44406,0,0,35590,-15.137684106826782,-11.009793758392334,0.21428571428571427
44407,0,0,35589,-15.137684106826782,-11.009793758392334,0.21428571428571427
44408,0,0,35588,-15.137684106826782,-11.009793758392334,0.21428571428571427
44409,0,0,35587,-15.137684106826782,-11.009793758392334,0.21428571428571427
44410,0,0,35586,-15.137684106826782,-11.009793758392334,0.21428571428571427
44411,0,0,35585,-15.137684106826782,-11.009793758392334,0.21428571428571427
44412,0,0,35584,-15.137684106826782,-11.009793758392334,0.21428571428571427
44413,0,0,35582,-15.137684106826782,-11.009793758392334,0.21428571428571427
44414,0,0,35572,-15.137684106826782,-11.009793758392334,0.21428571428571427
44415,0,0,35581,-15.137684106826782,-11.009793758392334,0.21428571428571427
44416,0,0,35580,-15.137684106826782,-11.009793758392334,0.21428571428571427
44417,0,0,35579,-15.137684106826782,-11.009793758392334,0.21428571428571427
44418,0,0,35578,-15.137684106826782,-11.009793758392334,0.21428571428571427
44419,0,0,35577,-15.137684106826782,-11.009793758392334,0.21428571428571427
44420,0,0,35576,-15.137684106826782,-11.009793758392334,0.21428571428571427
44421,0,0,35575,-15.137684106826782,-11.009793758392334,0.21428571428571427
44422,0,0,35574,-15.137684106826782,-11.009793758392334,0.21428571428571427
44423,0,0,35573,-15.137684106826782,-11.009793758392334,0.21428571428571427
44424,0,0,35642,-15.137684106826782,-11.009793758392334,0.21428571428571427
44425,0,0,35643,-15.137684106826782,-11.009793758392334,0.21428571428571427
44426,0,0,35644,-15.137684106826782,-11.009793758392334,0.21428571428571427
44427,0,0,35645,-15.137684106826782,-11.009793758392334,0.21428571428571427
44428,0,0,35714,-15.137684106826782,-11.009793758392334,0.21428571428571427
44429,0,0,35713,-15.137684106826782,-11.009793758392334,0.21428571428571427
44430,0,0,35712,-15.137684106826782,-11.009793758392334,0.21428571428571427
44431,0,0,35711,-15.137684106826782,-11.009793758392334,0.21428571428571427
44432,0,0,35710,-15.137684106826782,-11.009793758392334,0.21428571428571427
44433,0,0,35709,-15.137684106826782,-11.009793758392334,0.21428571428571427
44434,0,0,35708,-15.137684106826782,-11.009793758392334,0.21428571428571427
44435,0,0,35707,-15.137684106826782,-11.009793758392334,0.21428571428571427
44436,0,0,35706,-15.137684106826782,-11.009793758392334,0.21428571428571427
44437,0,0,35704,-15.137684106826782,-11.009793758392334,0.21428571428571427
44438,0,0,35694,-15.137684106826782,-11.009793758392334,0.21428571428571427
44439,0,0,35703,-15.137684106826782,-11.009793758392334,0.21428571428571427
44440,0,0,35702,-15.137684106826782,-11.009793758392334,0.21428571428571427
44441,0,0,35701,-15.137684106826782,-11.009793758392334,0.21428571428571427
44442,1,0,35700,-15.137684106826782,-11.009793758392334,0.21428571428571427
44443,0,0,35699,-15.137684106826782,-11.009793758392334,0.21428571428571427
44444,0,0,35698,-15.137684106826782,-11.009793758392334,0.21428571428571427
44445,0,0,35697,-15.137684106826782,-11.009793758392334,0.21428571428571427
44446,0,0,35696,-15.137684106826782,-11.009793758392334,0.21428571428571427
44447,0,0,35695,-15.137684106826782,-11.009793758392334,0.21428571428571427
44448,0,0,35715,-15.137684106826782,-11.009793758392334,0.21428571428571427
44449,0,0,35705,-15.137684106826782,-11.009793758392334,0.21428571428571427
44450,0,0,35716,-15.137684106826782,-11.009793758392334,0.21428571428571427
44451,0,0,35729,-15.137684106826782,-11.009793758392334,0.21428571428571427
44452,0,0,35738,-15.137684106826782,-11.009793758392334,0.21428571428571427
44453,0,0,35737,-15.137684106826782,-11.009793758392334,0.21428571428571427
44454,0,0,35736,-15.137684106826782,-11.009793758392334,0.21428571428571427
44455,0,0,35735,-15.137684106826782,-11.009793758392334,0.21428571428571427
44456,0,0,35734,-15.137684106826782,-11.009793758392334,0.21428571428571427
44457,0,0,35733,-15.137684106826782,-11.009793758392334,0.21428571428571427
44458,0,0,35732,-15.137684106826782,-11.009793758392334,0.21428571428571427
44459,0,0,35731,-15.137684106826782,-11.009793758392334,0.21428571428571427
44460,0,0,35730,-15.137684106826782,-11.009793758392334,0.21428571428571427
44461,0,0,35728,-15.137684106826782,-11.009793758392334,0.21428571428571427
44462,0,0,35718,-15.137684106826782,-11.009793758392334,0.21428571428571427
44463,0,0,35727,-15.137684106826782,-11.009793758392334,0.21428571428571427
44464,0,0,35726,-15.137684106826782,-11.009793758392334,0.21428571428571427
44465,0,0,35725,-15.137684106826782,-11.009793758392334,0.21428571428571427
44466,0,0,35724,-15.137684106826782,-11.009793758392334,0.21428571428571427
44467,0,0,35723,-15.137684106826782,-11.009793758392334,0.21428571428571427
44468,0,0,35722,-15.137684106826782,-11.009793758392334,0.21428571428571427
44469,0,0,35721,-15.137684106826782,-11.009793758392334,0.21428571428571427
44470,0,0,35720,-15.137684106826782,-11.009793758392334,0.21428571428571427
44471,0,0,35719,-15.137684106826782,-11.009793758392334,0.21428571428571427
44472,0,0,35717,-15.137684106826782,-11.009793758392334,0.21428571428571427
44473,0,0,35693,-15.137684106826782,-11.009793758392334,0.21428571428571427
44474,0,0,35692,-15.137684106826782,-11.009793758392334,0.21428571428571427
44475,0,0,35691,-15.137684106826782,-11.009793758392334,0.21428571428571427
44476,0,0,35666,-15.137684106826782,-11.009793758392334,0.21428571428571427
44477,0,0,35665,-15.137684106826782,-11.009793758392334,0.21428571428571427
44478,0,0,35664,-15.137684106826782,-11.009793758392334,0.21428571428571427
44479,0,0,35663,-15.137684106826782,-11.009793758392334,0.21428571428571427
44480,0,0,35662,-15.137684106826782,-11.009793758392334,0.21428571428571427
44481,0,0,35661,-15.137684106826782,-11.009793758392334,0.21428571428571427
44482,0,0,35660,-15.137684106826782,-11.009793758392334,0.21428571428571427
44483,0,0,35659,-15.137684106826782,-11.009793758392334,0.21428571428571427
44484,0,0,35658,-15.137684106826782,-11.009793758392334,0.21428571428571427
44485,0,0,35657,-15.137684106826782,-11.009793758392334,0.21428571428571427
44486,0,0,35656,-15.137684106826782,-11.009793758392334,0.21428571428571427
44487,0,0,35655,-15.137684106826782,-11.009793758392334,0.21428571428571427
44488,0,0,35654,-15.137684106826782,-11.009793758392334,0.21428571428571427
44489,0,0,35653,-15.137684106826782,-11.009793758392334,0.21428571428571427
44490,0,0,35652,-15.137684106826782,-11.009793758392334,0.21428571428571427
44491,0,0,35651,-15.137684106826782,-11.009793758392334,0.21428571428571427
44492,0,0,35650,-15.137684106826782,-11.009793758392334,0.21428571428571427
44493,0,0,35649,-15.137684106826782,-11.009793758392334,0.21428571428571427
44494,0,0,35648,-15.137684106826782,-11.009793758392334,0.21428571428571427
44495,0,0,35647,-15.137684106826782,-11.009793758392334,0.21428571428571427
44496,0,0,35646,-15.137684106826782,-11.009793758392334,0.21428571428571427
44497,0,0,35667,-15.137684106826782,-11.009793758392334,0.21428571428571427
44498,0,0,35668,-15.137684106826782,-11.009793758392334,0.21428571428571427
44499,0,0,35669,-15.137684106826782,-11.009793758392334,0.21428571428571427
44500,0,0,35681,-15.137684106826782,-11.009793758392334,0.21428571428571427
44501,0,0,35690,-15.137684106826782,-11.009793758392334,0.21428571428571427
44502,0,0,35689,-15.137684106826782,-11.009793758392334,0.21428571428571427
44503,0,0,35688,-15.137684106826782,-11.009793758392334,0.21428571428571427
44504,0,0,35687,-15.137684106826782,-11.009793758392334,0.21428571428571427
44505,0,0,35686,-15.137684106826782,-11.009793758392334,0.21428571428571427
44506,0,0,35685,-15.137684106826782,-11.009793758392334,0.21428571428571427
44507,0,0,35684,-15.137684106826782,-11.009793758392334,0.21428571428571427
44508,0,0,35683,-15.137684106826782,-11.009793758392334,0.21428571428571427
44509,0,0,35682,-15.137684106826782,-11.009793758392334,0.21428571428571427
44510,0,0,35680,-15.137684106826782,-11.009793758392334,0.21428571428571427
44511,0,0,35670,-15.137684106826782,-11.009793758392334,0.21428571428571427
44512,0,0,35679,-15.137684106826782,-11.009793758392334,0.21428571428571427
44513,0,0,35678,-15.137684106826782,-11.009793758392334,0.21428571428571427
44514,0,0,35677,-15.137684106826782,-11.009793758392334,0.21428571428571427
44515,0,0,35676,-15.137684106826782,-11.009793758392334,0.21428571428571427
44516,0,0,35675,-15.137684106826782,-11.009793758392334,0.21428571428571427
44517,0,0,35674,-15.137684106826782,-11.009793758392334,0.21428571428571427
44518,0,0,35673,-15.137684106826782,-11.009793758392334,0.21428571428571427
44519,0,0,35672,-15.137684106826782,-11.009793758392334,0.21428571428571427
44520,0,0,35671,-15.137684106826782,-11.009793758392334,0.21428571428571427
44521,0,0,35253,-15.137684106826782,-11.009793758392334,0.21428571428571427
44522,0,0,35154,-15.137684106826782,-11.009793758392334,0.21428571428571427
44523,0,0,34472,-15.137684106826782,-11.009793758392334,0.21428571428571427
44524,0,0,35153,-15.137684106826782,-11.009793758392334,0.21428571428571427
44525,0,0,34641,-15.137684106826782,-11.009793758392334,0.21428571428571427
44526,0,0,34640,-15.137684106826782,-11.009793758392334,0.21428571428571427
44527,0,0,34639,-15.137684106826782,-11.009793758392334,0.21428571428571427
44528,0,0,34638,-15.137684106826782,-11.009793758392334,0.21428571428571427
44529,0,0,34637,-15.137684106826782,-11.009793758392334,0.21428571428571427
44530,0,0,34636,-15.137684106826782,-11.009793758392334,0.21428571428571427
44531,0,0,34635,-15.137684106826782,-11.009793758392334,0.21428571428571427
44532,0,0,34634,-15.137684106826782,-11.009793758392334,0.21428571428571427
44533,0,0,34633,-15.137684106826782,-11.009793758392334,0.21428571428571427
44534,0,0,34632,-15.137684106826782,-11.009793758392334,0.21428571428571427
44535,0,0,34631,-15.137684106826782,-11.009793758392334,0.21428571428571427
44536,0,0,34630,-15.137684106826782,-11.009793758392334,0.21428571428571427
44537,0,0,34629,-15.137684106826782,-11.009793758392334,0.21428571428571427
44538,0,0,34628,-15.137684106826782,-11.009793758392334,0.21428571428571427
44539,0,0,34627,-15.137684106826782,-11.009793758392334,0.21428571428571427
44540,0,0,34626,-15.137684106826782,-11.009793758392334,0.21428571428571427
44541,0,0,34625,-15.137684106826782,-11.009793758392334,0.21428571428571427
44542,0,0,34624,-15.137684106826782,-11.009793758392334,0.21428571428571427
44543,0,0,34623,-15.137684106826782,-11.009793758392334,0.21428571428571427
44544,0,0,34622,-15.137684106826782,-11.009793758392334,0.21428571428571427
44545,0,0,34621,-15.137684106826782,-11.009793758392334,0.21428571428571427
44546,0,0,34642,-15.137684106826782,-11.009793758392334,0.21428571428571427
44547,0,0,34643,-15.137684106826782,-11.009793758392334,0.21428571428571427
44548,0,0,34644,-15.137684106826782,-11.009793758392334,0.21428571428571427
44549,0,0,34656,-15.137684106826782,-11.009793758392334,0.21428571428571427
44550,0,0,34665,-15.137684106826782,-11.009793758392334,0.21428571428571427
44551,0,0,34664,-15.137684106826782,-11.009793758392334,0.21428571428571427
44552,0,0,34663,-15.137684106826782,-11.009793758392334,0.21428571428571427
44553,0,0,34662,-15.137684106826782,-11.009793758392334,0.21428571428571427
44554,0,0,34661,-15.137684106826782,-11.009793758392334,0.21428571428571427
44555,0,0,34660,-15.137684106826782,-11.009793758392334,0.21428571428571427
44556,0,0,34659,-15.137684106826782,-11.009793758392334,0.21428571428571427
44557,0,0,34658,-15.137684106826782,-11.009793758392334,0.21428571428571427
44558,0,0,34657,-15.137684106826782,-11.009793758392334,0.21428571428571427
44559,0,0,34655,-15.137684106826782,-11.009793758392334,0.21428571428571427
44560,0,0,34645,-15.137684106826782,-11.009793758392334,0.21428571428571427
44561,0,0,34654,-15.137684106826782,-11.009793758392334,0.21428571428571427
44562,0,0,34653,-15.137684106826782,-11.009793758392334,0.21428571428571427
44563,0,0,34652,-15.137684106826782,-11.009793758392334,0.21428571428571427
44564,0,0,34651,-15.137684106826782,-11.009793758392334,0.21428571428571427
44565,0,0,34650,-15.137684106826782,-11.009793758392334,0.21428571428571427
44566,0,0,34649,-15.137684106826782,-11.009793758392334,0.21428571428571427
44567,0,0,34648,-15.137684106826782,-11.009793758392334,0.21428571428571427
44568,0,0,34647,-15.137684106826782,-11.009793758392334,0.21428571428571427
44569,0,0,34646,-15.137684106826782,-11.009793758392334,0.21428571428571427
44570,0,0,34620,-15.137684106826782,-11.009793758392334,0.21428571428571427
44571,0,0,34618,-15.137684106826782,-11.009793758392334,0.21428571428571427
44572,0,0,34571,-15.137684106826782,-11.009793758392334,0.21428571428571427
44573,0,0,34617,-15.137684106826782,-11.009793758392334,0.21428571428571427
44574,0,0,34592,-15.137684106826782,-11.009793758392334,0.21428571428571427
44575,0,0,34591,-15.137684106826782,-11.009793758392334,0.21428571428571427
44576,0,0,34590,-15.137684106826782,-11.009793758392334,0.21428571428571427
44577,0,0,34589,-15.137684106826782,-11.009793758392334,0.21428571428571427
44578,0,0,34588,-15.137684106826782,-11.009793758392334,0.21428571428571427
44579,0,0,34587,-15.137684106826782,-11.009793758392334,0.21428571428571427
44580,0,0,34586,-15.137684106826782,-11.009793758392334,0.21428571428571427
44581,0,0,34585,-15.137684106826782,-11.009793758392334,0.21428571428571427
44582,0,0,34584,-15.137684106826782,-11.009793758392334,0.21428571428571427
44583,0,0,34583,-15.137684106826782,-11.009793758392334,0.21428571428571427
44584,0,0,34582,-15.137684106826782,-11.009793758392334,0.21428571428571427
44585,0,0,34581,-15.137684106826782,-11.009793758392334,0.21428571428571427
44586,0,0,34580,-15.137684106826782,-11.009793758392334,0.21428571428571427
44587,0,0,34579,-15.137684106826782,-11.009793758392334,0.21428571428571427
44588,0,0,34578,-15.137684106826782,-11.009793758392334,0.21428571428571427
44589,0,0,34577,-15.137684106826782,-11.009793758392334,0.21428571428571427
44590,0,0,34576,-15.137684106826782,-11.009793758392334,0.21428571428571427
44591,0,0,34575,-15.137684106826782,-11.009793758392334,0.21428571428571427
44592,0,0,34574,-15.137684106826782,-11.009793758392334,0.21428571428571427
44593,0,0,34573,-15.137684106826782,-11.009793758392334,0.21428571428571427
44594,0,0,34572,-15.137684106826782,-11.009793758392334,0.21428571428571427
44595,0,0,34593,-15.137684106826782,-11.009793758392334,0.21428571428571427
44596,0,0,34594,-15.137684106826782,-11.009793758392334,0.21428571428571427
44597,0,0,34595,-15.137684106826782,-11.009793758392334,0.21428571428571427
44598,0,0,34607,-15.137684106826782,-11.009793758392334,0.21428571428571427
44599,0,0,34616,-15.137684106826782,-11.009793758392334,0.21428571428571427
44600,0,0,34615,-15.137684106826782,-11.009793758392334,0.21428571428571427
44601,0,0,34614,-15.137684106826782,-11.009793758392334,0.21428571428571427
44602,0,0,34613,-15.137684106826782,-11.009793758392334,0.21428571428571427
44603,0,0,34612,-15.137684106826782,-11.009793758392334,0.21428571428571427
44604,0,0,34611,-15.137684106826782,-11.009793758392334,0.21428571428571427
44605,0,0,34610,-15.137684106826782,-11.009793758392334,0.21428571428571427
44606,0,0,34609,-15.137684106826782,-11.009793758392334,0.21428571428571427
44607,0,0,34608,-15.137684106826782,-11.009793758392334,0.21428571428571427
44608,0,0,34606,-15.137684106826782,-11.009793758392334,0.21428571428571427
44609,0,0,34596,-15.137684106826782,-11.009793758392334,0.21428571428571427
44610,0,0,34605,-15.137684106826782,-11.009793758392334,0.21428571428571427
44611,0,0,34604,-15.137684106826782,-11.009793758392334,0.21428571428571427
44612,0,0,34603,-15.137684106826782,-11.009793758392334,0.21428571428571427
44613,0,0,34602,-15.137684106826782,-11.009793758392334,0.21428571428571427
44614,0,0,34601,-15.137684106826782,-11.009793758392334,0.21428571428571427
44615,0,0,34600,-15.137684106826782,-11.009793758392334,0.21428571428571427
44616,0,0,34599,-15.137684106826782,-11.009793758392334,0.21428571428571427
44617,0,0,34598,-15.137684106826782,-11.009793758392334,0.21428571428571427
44618,0,0,34597,-15.137684106826782,-11.009793758392334,0.21428571428571427
44619,0,0,34666,-15.137684106826782,-11.009793758392334,0.21428571428571427
44620,0,0,34667,-15.137684106826782,-11.009793758392334,0.21428571428571427
44621,0,0,34668,-15.137684106826782,-11.009793758392334,0.21428571428571427
44622,0,0,34669,-15.137684106826782,-11.009793758392334,0.21428571428571427
44623,0,0,34738,-15.137684106826782,-11.009793758392334,0.21428571428571427
44624,0,0,34737,-15.137684106826782,-11.009793758392334,0.21428571428571427
44625,0,0,34736,-15.137684106826782,-11.009793758392334,0.21428571428571427
44626,0,0,34735,-15.137684106826782,-11.009793758392334,0.21428571428571427
44627,0,0,34734,-15.137684106826782,-11.009793758392334,0.21428571428571427
44628,0,0,34733,-15.137684106826782,-11.009793758392334,0.21428571428571427
44629,0,0,34732,-15.137684106826782,-11.009793758392334,0.21428571428571427
44630,0,0,34731,-15.137684106826782,-11.009793758392334,0.21428571428571427
44631,0,0,34730,-15.137684106826782,-11.009793758392334,0.21428571428571427
44632,0,0,34728,-15.137684106826782,-11.009793758392334,0.21428571428571427
44633,0,0,34718,-15.137684106826782,-11.009793758392334,0.21428571428571427
44634,0,0,34727,-15.137684106826782,-11.009793758392334,0.21428571428571427
44635,0,0,34726,-15.137684106826782,-11.009793758392334,0.21428571428571427
44636,0,0,34725,-15.137684106826782,-11.009793758392334,0.21428571428571427
44637,0,0,34724,-15.137684106826782,-11.009793758392334,0.21428571428571427
44638,0,0,34723,-15.137684106826782,-11.009793758392334,0.21428571428571427
44639,0,0,34722,-15.137684106826782,-11.009793758392334,0.21428571428571427
44640,0,0,34721,-15.137684106826782,-11.009793758392334,0.21428571428571427
44641,0,0,34720,-15.137684106826782,-11.009793758392334,0.21428571428571427
44642,0,0,34719,-15.137684106826782,-11.009793758392334,0.21428571428571427
44643,0,0,34739,-15.137684106826782,-11.009793758392334,0.21428571428571427
44644,0,0,34729,-15.137684106826782,-11.009793758392334,0.21428571428571427
44645,0,0,34740,-15.137684106826782,-11.009793758392334,0.21428571428571427
44646,0,0,34753,-15.137684106826782,-11.009793758392334,0.21428571428571427
44647,0,0,34762,-15.137684106826782,-11.009793758392334,0.21428571428571427
44648,0,0,34761,-15.137684106826782,-11.009793758392334,0.21428571428571427
44649,0,0,34760,-15.137684106826782,-11.009793758392334,0.21428571428571427
44650,0,0,34759,-15.137684106826782,-11.009793758392334,0.21428571428571427
44651,0,0,34758,-15.137684106826782,-11.009793758392334,0.21428571428571427
44652,0,0,34757,-15.137684106826782,-11.009793758392334,0.21428571428571427
44653,0,0,34756,-15.137684106826782,-11.009793758392334,0.21428571428571427
44654,0,0,34755,-15.137684106826782,-11.009793758392334,0.21428571428571427
44655,0,0,34754,-15.137684106826782,-11.009793758392334,0.21428571428571427
44656,0,0,34752,-15.137684106826782,-11.009793758392334,0.21428571428571427
44657,0,0,34742,-15.137684106826782,-11.009793758392334,0.21428571428571427
44658,0,0,34751,-15.137684106826782,-11.009793758392334,0.21428571428571427
44659,0,0,34750,-15.137684106826782,-11.009793758392334,0.21428571428571427
44660,0,0,34749,-15.137684106826782,-11.009793758392334,0.21428571428571427
44661,0,0,34748,-15.137684106826782,-11.009793758392334,0.21428571428571427
44662,0,0,34747,-15.137684106826782,-11.009793758392334,0.21428571428571427
44663,0,0,34746,-15.137684106826782,-11.009793758392334,0.21428571428571427
44664,0,0,34745,-15.137684106826782,-11.009793758392334,0.21428571428571427
44665,0,0,34744,-15.137684106826782,-11.009793758392334,0.21428571428571427
44666,0,0,34743,-15.137684106826782,-11.009793758392334,0.21428571428571427
44667,0,0,34741,-15.137684106826782,-11.009793758392334,0.21428571428571427
44668,0,0,34717,-15.137684106826782,-11.009793758392334,0.21428571428571427
44669,0,0,34716,-15.137684106826782,-11.009793758392334,0.21428571428571427
44670,0,0,34715,-15.137684106826782,-11.009793758392334,0.21428571428571427
44671,0,0,34690,-15.137684106826782,-11.009793758392334,0.21428571428571427
44672,0,0,34689,-15.137684106826782,-11.009793758392334,0.21428571428571427
44673,0,0,34688,-15.137684106826782,-11.009793758392334,0.21428571428571427
44674,0,0,34687,-15.137684106826782,-11.009793758392334,0.21428571428571427
44675,0,0,34686,-15.137684106826782,-11.009793758392334,0.21428571428571427
44676,0,0,34685,-15.137684106826782,-11.009793758392334,0.21428571428571427
44677,0,0,34684,-15.137684106826782,-11.009793758392334,0.21428571428571427
44678,0,0,34683,-15.137684106826782,-11.009793758392334,0.21428571428571427
44679,0,0,34682,-15.137684106826782,-11.009793758392334,0.21428571428571427
44680,0,0,34681,-15.137684106826782,-11.009793758392334,0.21428571428571427
44681,0,0,34680,-15.137684106826782,-11.009793758392334,0.21428571428571427
44682,0,0,34679,-15.137684106826782,-11.009793758392334,0.21428571428571427
44683,0,0,34678,-15.137684106826782,-11.009793758392334,0.21428571428571427
44684,0,0,34677,-15.137684106826782,-11.009793758392334,0.21428571428571427
44685,0,0,34676,-15.137684106826782,-11.009793758392334,0.21428571428571427
44686,0,0,34675,-15.137684106826782,-11.009793758392334,0.21428571428571427
44687,0,0,34674,-15.137684106826782,-11.009793758392334,0.21428571428571427
44688,0,0,34673,-15.137684106826782,-11.009793758392334,0.21428571428571427
44689,0,0,34672,-15.137684106826782,-11.009793758392334,0.21428571428571427
44690,0,0,34671,-15.137684106826782,-11.009793758392334,0.21428571428571427
44691,0,0,34670,-15.137684106826782,-11.009793758392334,0.21428571428571427
44692,0,0,34691,-15.137684106826782,-11.009793758392334,0.21428571428571427
44693,0,0,34692,-15.137684106826782,-11.009793758392334,0.21428571428571427
44694,0,0,34693,-15.137684106826782,-11.009793758392334,0.21428571428571427
44695,0,0,34705,-15.137684106826782,-11.009793758392334,0.21428571428571427
44696,0,0,34714,-15.137684106826782,-11.009793758392334,0.21428571428571427
44697,0,0,34713,-15.137684106826782,-11.009793758392334,0.21428571428571427
44698,0,0,34712,-15.137684106826782,-11.009793758392334,0.21428571428571427
44699,0,0,34711,-15.137684106826782,-11.009793758392334,0.21428571428571427
44700,0,0,34710,-15.137684106826782,-11.009793758392334,0.21428571428571427
44701,0,0,34709,-15.137684106826782,-11.009793758392334,0.21428571428571427
44702,0,0,34708,-15.137684106826782,-11.009793758392334,0.21428571428571427
44703,0,0,34707,-15.137684106826782,-11.009793758392334,0.21428571428571427
44704,0,0,34706,-15.137684106826782,-11.009793758392334,0.21428571428571427
44705,0,0,34704,-15.137684106826782,-11.009793758392334,0.21428571428571427
44706,0,0,34694,-15.137684106826782,-11.009793758392334,0.21428571428571427
44707,0,0,34703,-15.137684106826782,-11.009793758392334,0.21428571428571427
44708,0,0,34702,-15.137684106826782,-11.009793758392334,0.21428571428571427
44709,0,0,34701,-15.137684106826782,-11.009793758392334,0.21428571428571427
44710,0,0,34700,-15.137684106826782,-11.009793758392334,0.21428571428571427
44711,0,0,34699,-15.137684106826782,-11.009793758392334,0.21428571428571427
44712,0,0,34698,-15.137684106826782,-11.009793758392334,0.21428571428571427
44713,0,0,34697,-15.137684106826782,-11.009793758392334,0.21428571428571427
44714,0,0,34696,-15.137684106826782,-11.009793758392334,0.21428571428571427
44715,0,0,34695,-15.137684106826782,-11.009793758392334,0.21428571428571427
44716,0,0,34619,-15.137684106826782,-11.009793758392334,0.21428571428571427
44717,0,0,34570,-15.137684106826782,-11.009793758392334,0.21428571428571427
44718,0,0,34569,-15.137684106826782,-11.009793758392334,0.21428571428571427
44719,0,0,34568,-15.137684106826782,-11.009793758392334,0.21428571428571427
44720,0,0,34445,-15.137684106826782,-11.009793758392334,0.21428571428571427
44721,0,0,34444,-15.137684106826782,-11.009793758392334,0.21428571428571427
44722,0,0,34443,-15.137684106826782,-11.009793758392334,0.21428571428571427
44723,0,0,34442,-15.137684106826782,-11.009793758392334,0.21428571428571427
44724,0,0,34441,-15.137684106826782,-11.009793758392334,0.21428571428571427
44725,0,0,34440,-15.137684106826782,-11.009793758392334,0.21428571428571427
44726,0,0,34439,-15.137684106826782,-11.009793758392334,0.21428571428571427
44727,0,0,34438,-15.137684106826782,-11.009793758392334,0.21428571428571427
44728,0,0,34437,-15.137684106826782,-11.009793758392334,0.21428571428571427
44729,0,0,34436,-15.137684106826782,-11.009793758392334,0.21428571428571427
44730,0,0,34435,-15.137684106826782,-11.009793758392334,0.21428571428571427
44731,0,0,34434,-15.137684106826782,-11.009793758392334,0.21428571428571427
44732,0,0,34433,-15.137684106826782,-11.009793758392334,0.21428571428571427
44733,0,0,34432,-15.137684106826782,-11.009793758392334,0.21428571428571427
44734,0,0,34431,-15.137684106826782,-11.009793758392334,0.21428571428571427
44735,0,0,34430,-15.137684106826782,-11.009793758392334,0.21428571428571427
44736,0,0,34429,-15.137684106826782,-11.009793758392334,0.21428571428571427
44737,0,0,34428,-15.137684106826782,-11.009793758392334,0.21428571428571427
44738,1,0,34427,-15.137684106826782,-11.009793758392334,0.21428571428571427
44739,0,0,34426,-15.137684106826782,-11.009793758392334,0.21428571428571427
44740,0,0,34425,-15.137684106826782,-11.009793758392334,0.21428571428571427
44741,1,0,34446,-15.137684106826782,-11.009793758392334,0.21428571428571427
44742,0,0,34447,-15.137684106826782,-11.009793758392334,0.21428571428571427
44743,0,0,34448,-15.137684106826782,-11.009793758392334,0.21428571428571427
44744,0,0,34460,-15.137684106826782,-11.009793758392334,0.21428571428571427
44745,0,0,34469,-15.137684106826782,-11.009793758392334,0.21428571428571427
44746,0,0,34468,-15.137684106826782,-11.009793758392334,0.21428571428571427
44747,0,0,34467,-15.137684106826782,-11.009793758392334,0.21428571428571427
44748,0,0,34466,-15.137684106826782,-11.009793758392334,0.21428571428571427
44749,0,0,34465,-15.137684106826782,-11.009793758392334,0.21428571428571427
44750,0,0,34464,-15.137684106826782,-11.009793758392334,0.21428571428571427
44751,0,0,34463,-15.137684106826782,-11.009793758392334,0.21428571428571427
44752,0,0,34462,-15.137684106826782,-11.009793758392334,0.21428571428571427
44753,0,0,34461,-15.137684106826782,-11.009793758392334,0.21428571428571427
44754,0,0,34459,-15.137684106826782,-11.009793758392334,0.21428571428571427
44755,0,0,34449,-15.137684106826782,-11.009793758392334,0.21428571428571427
44756,0,0,34458,-15.137684106826782,-11.009793758392334,0.21428571428571427
44757,0,0,34457,-15.137684106826782,-11.009793758392334,0.21428571428571427
44758,0,0,34456,-15.137684106826782,-11.009793758392334,0.21428571428571427
44759,0,0,34455,-15.137684106826782,-11.009793758392334,0.21428571428571427
44760,0,0,34454,-15.137684106826782,-11.009793758392334,0.21428571428571427
44761,0,0,34453,-15.137684106826782,-11.009793758392334,0.21428571428571427
44762,0,0,34452,-15.137684106826782,-11.009793758392334,0.21428571428571427
44763,0,0,34451,-15.137684106826782,-11.009793758392334,0.21428571428571427
44764,0,0,34450,-15.137684106826782,-11.009793758392334,0.21428571428571427
44765,0,0,34424,-15.137684106826782,-11.009793758392334,0.21428571428571427
44766,0,0,34422,-15.137684106826782,-11.009793758392334,0.21428571428571427
44767,0,0,34375,-15.137684106826782,-11.009793758392334,0.21428571428571427
44768,0,0,34421,-15.137684106826782,-11.009793758392334,0.21428571428571427
44769,1,0,34396,-15.137684106826782,-11.009793758392334,0.21428571428571427
44770,0,0,34395,-15.137684106826782,-11.009793758392334,0.21428571428571427
44771,0,0,34394,-15.137684106826782,-11.009793758392334,0.21428571428571427
44772,0,0,34393,-15.137684106826782,-11.009793758392334,0.21428571428571427
44773,0,0,34392,-15.137684106826782,-11.009793758392334,0.21428571428571427
44774,0,0,34391,-15.137684106826782,-11.009793758392334,0.21428571428571427
44775,0,0,34390,-15.137684106826782,-11.009793758392334,0.21428571428571427
44776,0,0,34389,-15.137684106826782,-11.009793758392334,0.21428571428571427
44777,0,0,34388,-15.137684106826782,-11.009793758392334,0.21428571428571427
44778,0,0,34387,-15.137684106826782,-11.009793758392334,0.21428571428571427
44779,0,0,34386,-15.137684106826782,-11.009793758392334,0.21428571428571427
44780,0,0,34385,-15.137684106826782,-11.009793758392334,0.21428571428571427
44781,0,0,34384,-15.137684106826782,-11.009793758392334,0.21428571428571427
44782,0,0,34383,-15.137684106826782,-11.009793758392334,0.21428571428571427
44783,0,0,34382,-15.137684106826782,-11.009793758392334,0.21428571428571427
44784,0,0,34381,-15.137684106826782,-11.009793758392334,0.21428571428571427
44785,0,0,34380,-15.137684106826782,-11.009793758392334,0.21428571428571427
44786,0,0,34379,-15.137684106826782,-11.009793758392334,0.21428571428571427
44787,0,0,34378,-15.137684106826782,-11.009793758392334,0.21428571428571427
44788,0,0,34377,-15.137684106826782,-11.009793758392334,0.21428571428571427
44789,0,0,34376,-15.137684106826782,-11.009793758392334,0.21428571428571427
44790,0,0,34397,-15.137684106826782,-11.009793758392334,0.21428571428571427
44791,0,0,34398,-15.137684106826782,-11.009793758392334,0.21428571428571427
44792,0,0,34399,-15.137684106826782,-11.009793758392334,0.21428571428571427
44793,0,0,34411,-15.137684106826782,-11.009793758392334,0.21428571428571427
44794,0,0,34420,-15.137684106826782,-11.009793758392334,0.21428571428571427
44795,0,0,34419,-15.137684106826782,-11.009793758392334,0.21428571428571427
44796,0,0,34418,-15.137684106826782,-11.009793758392334,0.21428571428571427
44797,0,0,34417,-15.137684106826782,-11.009793758392334,0.21428571428571427
44798,0,0,34416,-15.137684106826782,-11.009793758392334,0.21428571428571427
44799,0,0,34415,-15.137684106826782,-11.009793758392334,0.21428571428571427
44800,0,0,34414,-15.137684106826782,-11.009793758392334,0.21428571428571427
44801,0,0,34413,-15.137684106826782,-11.009793758392334,0.21428571428571427
44802,0,0,34412,-15.137684106826782,-11.009793758392334,0.21428571428571427
44803,0,0,34410,-15.137684106826782,-11.009793758392334,0.21428571428571427
44804,0,0,34400,-15.137684106826782,-11.009793758392334,0.21428571428571427
44805,0,0,34409,-15.137684106826782,-11.009793758392334,0.21428571428571427
44806,0,0,34408,-15.137684106826782,-11.009793758392334,0.21428571428571427
44807,0,0,34407,-15.137684106826782,-11.009793758392334,0.21428571428571427
44808,0,0,34406,-15.137684106826782,-11.009793758392334,0.21428571428571427
44809,0,0,34405,-15.137684106826782,-11.009793758392334,0.21428571428571427
44810,0,0,34404,-15.137684106826782,-11.009793758392334,0.21428571428571427
44811,0,0,34403,-15.137684106826782,-11.009793758392334,0.21428571428571427
44812,0,0,34402,-15.137684106826782,-11.009793758392334,0.21428571428571427
44813,0,0,34401,-15.137684106826782,-11.009793758392334,0.21428571428571427
44814,0,0,34470,-15.137684106826782,-11.009793758392334,0.21428571428571427
44815,0,0,34423,-15.137684106826782,-11.009793758392334,0.21428571428571427
44816,0,0,34471,-15.137684106826782,-11.009793758392334,0.21428571428571427
44817,0,0,34521,-15.137684106826782,-11.009793758392334,0.21428571428571427
44818,0,0,34543,-15.137684106826782,-11.009793758392334,0.21428571428571427
44819,0,0,34542,-15.137684106826782,-11.009793758392334,0.21428571428571427
44820,0,0,34541,-15.137684106826782,-11.009793758392334,0.21428571428571427
44821,0,0,34540,-15.137684106826782,-11.009793758392334,0.21428571428571427
44822,0,0,34539,-15.137684106826782,-11.009793758392334,0.21428571428571427
44823,0,0,34538,-15.137684106826782,-11.009793758392334,0.21428571428571427
44824,0,0,34537,-15.137684106826782,-11.009793758392334,0.21428571428571427
44825,0,0,34536,-15.137684106826782,-11.009793758392334,0.21428571428571427
44826,0,0,34535,-15.137684106826782,-11.009793758392334,0.21428571428571427
44827,0,0,34534,-15.137684106826782,-11.009793758392334,0.21428571428571427
44828,0,0,34533,-15.137684106826782,-11.009793758392334,0.21428571428571427
44829,0,0,34532,-15.137684106826782,-11.009793758392334,0.21428571428571427
44830,0,0,34531,-15.137684106826782,-11.009793758392334,0.21428571428571427
44831,0,0,34530,-15.137684106826782,-11.009793758392334,0.21428571428571427
44832,0,0,34529,-15.137684106826782,-11.009793758392334,0.21428571428571427
44833,0,0,34528,-15.137684106826782,-11.009793758392334,0.21428571428571427
44834,0,0,34527,-15.137684106826782,-11.009793758392334,0.21428571428571427
44835,0,0,34526,-15.137684106826782,-11.009793758392334,0.21428571428571427
44836,0,0,34525,-15.137684106826782,-11.009793758392334,0.21428571428571427
44837,0,0,34524,-15.137684106826782,-11.009793758392334,0.21428571428571427
44838,0,0,34523,-15.137684106826782,-11.009793758392334,0.21428571428571427
44839,0,0,34544,-15.137684106826782,-11.009793758392334,0.21428571428571427
44840,0,0,34545,-15.137684106826782,-11.009793758392334,0.21428571428571427
44841,0,0,34546,-15.137684106826782,-11.009793758392334,0.21428571428571427
44842,0,0,34558,-15.137684106826782,-11.009793758392334,0.21428571428571427
44843,0,0,34567,-15.137684106826782,-11.009793758392334,0.21428571428571427
44844,0,0,34566,-15.137684106826782,-11.009793758392334,0.21428571428571427
44845,0,0,34565,-15.137684106826782,-11.009793758392334,0.21428571428571427
44846,0,0,34564,-15.137684106826782,-11.009793758392334,0.21428571428571427
44847,0,0,34563,-15.137684106826782,-11.009793758392334,0.21428571428571427
44848,0,0,34562,-15.137684106826782,-11.009793758392334,0.21428571428571427
44849,0,0,34561,-15.137684106826782,-11.009793758392334,0.21428571428571427
44850,0,0,34560,-15.137684106826782,-11.009793758392334,0.21428571428571427
44851,0,0,34559,-15.137684106826782,-11.009793758392334,0.21428571428571427
44852,0,0,34557,-15.137684106826782,-11.009793758392334,0.21428571428571427
44853,0,0,34547,-15.137684106826782,-11.009793758392334,0.21428571428571427
44854,0,0,34556,-15.137684106826782,-11.009793758392334,0.21428571428571427
44855,0,0,34555,-15.137684106826782,-11.009793758392334,0.21428571428571427
44856,0,0,34554,-15.137684106826782,-11.009793758392334,0.21428571428571427
44857,0,0,34553,-15.137684106826782,-11.009793758392334,0.21428571428571427
44858,0,0,34552,-15.137684106826782,-11.009793758392334,0.21428571428571427
44859,0,0,34551,-15.137684106826782,-11.009793758392334,0.21428571428571427
44860,0,0,34550,-15.137684106826782,-11.009793758392334,0.21428571428571427
44861,0,0,34549,-15.137684106826782,-11.009793758392334,0.21428571428571427
44862,0,0,34548,-15.137684106826782,-11.009793758392334,0.21428571428571427
44863,0,0,34522,-15.137684106826782,-11.009793758392334,0.21428571428571427
44864,0,0,34520,-15.137684106826782,-11.009793758392334,0.21428571428571427
44865,0,0,34473,-15.137684106826782,-11.009793758392334,0.21428571428571427
44866,0,0,34519,-15.137684106826782,-11.009793758392334,0.21428571428571427
44867,0,0,34494,-15.137684106826782,-11.009793758392334,0.21428571428571427
44868,0,0,34493,-15.137684106826782,-11.009793758392334,0.21428571428571427
44869,0,0,34492,-15.137684106826782,-11.009793758392334,0.21428571428571427
44870,0,0,34491,-15.137684106826782,-11.009793758392334,0.21428571428571427
44871,0,0,34490,-15.137684106826782,-11.009793758392334,0.21428571428571427
44872,0,0,34489,-15.137684106826782,-11.009793758392334,0.21428571428571427
44873,0,0,34488,-15.137684106826782,-11.009793758392334,0.21428571428571427
44874,0,0,34487,-15.137684106826782,-11.009793758392334,0.21428571428571427
44875,0,0,34486,-15.137684106826782,-11.009793758392334,0.21428571428571427
44876,0,0,34485,-15.137684106826782,-11.009793758392334,0.21428571428571427
44877,0,0,34484,-15.137684106826782,-11.009793758392334,0.21428571428571427
44878,0,0,34483,-15.137684106826782,-11.009793758392334,0.21428571428571427
44879,0,0,34482,-15.137684106826782,-11.009793758392334,0.21428571428571427
44880,0,0,34481,-15.137684106826782,-11.009793758392334,0.21428571428571427
44881,0,0,34480,-15.137684106826782,-11.009793758392334,0.21428571428571427
44882,0,0,34479,-15.137684106826782,-11.009793758392334,0.21428571428571427
44883,0,0,34478,-15.137684106826782,-11.009793758392334,0.21428571428571427
44884,0,0,34477,-15.137684106826782,-11.009793758392334,0.21428571428571427
44885,0,0,34476,-15.137684106826782,-11.009793758392334,0.21428571428571427
44886,0,0,34475,-15.137684106826782,-11.009793758392334,0.21428571428571427
44887,0,0,34474,-15.137684106826782,-11.009793758392334,0.21428571428571427
44888,0,0,34495,-15.137684106826782,-11.009793758392334,0.21428571428571427
44889,0,0,34496,-15.137684106826782,-11.009793758392334,0.21428571428571427
44890,0,0,34497,-15.137684106826782,-11.009793758392334,0.21428571428571427
44891,0,0,34509,-15.137684106826782,-11.009793758392334,0.21428571428571427
44892,0,0,34518,-15.137684106826782,-11.009793758392334,0.21428571428571427
44893,0,0,34517,-15.137684106826782,-11.009793758392334,0.21428571428571427
44894,0,0,34516,-15.137684106826782,-11.009793758392334,0.21428571428571427
44895,0,0,34515,-15.137684106826782,-11.009793758392334,0.21428571428571427
44896,0,0,34514,-15.137684106826782,-11.009793758392334,0.21428571428571427
44897,0,0,34513,-15.137684106826782,-11.009793758392334,0.21428571428571427
44898,0,0,34512,-15.137684106826782,-11.009793758392334,0.21428571428571427
44899,0,0,34511,-15.137684106826782,-11.009793758392334,0.21428571428571427
44900,0,0,34510,-15.137684106826782,-11.009793758392334,0.21428571428571427
44901,0,0,34508,-15.137684106826782,-11.009793758392334,0.21428571428571427
44902,0,0,34498,-15.137684106826782,-11.009793758392334,0.21428571428571427
44903,0,0,34507,-15.137684106826782,-11.009793758392334,0.21428571428571427
44904,0,0,34506,-15.137684106826782,-11.009793758392334,0.21428571428571427
44905,0,0,34505,-15.137684106826782,-11.009793758392334,0.21428571428571427
44906,0,0,34504,-15.137684106826782,-11.009793758392334,0.21428571428571427
44907,0,0,34503,-15.137684106826782,-11.009793758392334,0.21428571428571427
44908,0,0,34502,-15.137684106826782,-11.009793758392334,0.21428571428571427
44909,0,0,34501,-15.137684106826782,-11.009793758392334,0.21428571428571427
44910,0,0,34500,-15.137684106826782,-11.009793758392334,0.21428571428571427
44911,0,0,34499,-15.137684106826782,-11.009793758392334,0.21428571428571427
44912,0,0,34763,-15.137684106826782,-11.009793758392334,0.21428571428571427
44913,0,0,34764,-15.137684106826782,-11.009793758392334,0.21428571428571427
44914,0,0,34765,-15.137684106826782,-11.009793758392334,0.21428571428571427
44915,0,0,34960,-15.137684106826782,-11.009793758392334,0.21428571428571427
44916,0,0,35031,-15.137684106826782,-11.009793758392334,0.21428571428571427
44917,0,0,35030,-15.137684106826782,-11.009793758392334,0.21428571428571427
44918,0,0,35029,-15.137684106826782,-11.009793758392334,0.21428571428571427
44919,0,0,35028,-15.137684106826782,-11.009793758392334,0.21428571428571427
44920,0,0,35027,-15.137684106826782,-11.009793758392334,0.21428571428571427
44921,0,0,35026,-15.137684106826782,-11.009793758392334,0.21428571428571427
44922,0,0,35025,-15.137684106826782,-11.009793758392334,0.21428571428571427
44923,0,0,35024,-15.137684106826782,-11.009793758392334,0.21428571428571427
44924,0,0,35023,-15.137684106826782,-11.009793758392334,0.21428571428571427
44925,0,0,35022,-15.137684106826782,-11.009793758392334,0.21428571428571427
44926,0,0,35021,-15.137684106826782,-11.009793758392334,0.21428571428571427
44927,0,0,35020,-15.137684106826782,-11.009793758392334,0.21428571428571427
44928,0,0,35019,-15.137684106826782,-11.009793758392334,0.21428571428571427
44929,0,0,35018,-15.137684106826782,-11.009793758392334,0.21428571428571427
44930,0,0,35017,-15.137684106826782,-11.009793758392334,0.21428571428571427
44931,0,0,35016,-15.137684106826782,-11.009793758392334,0.21428571428571427
44932,0,0,35015,-15.137684106826782,-11.009793758392334,0.21428571428571427
44933,0,0,35014,-15.137684106826782,-11.009793758392334,0.21428571428571427
44934,0,0,35013,-15.137684106826782,-11.009793758392334,0.21428571428571427
44935,0,0,35012,-15.137684106826782,-11.009793758392334,0.21428571428571427
44936,0,0,35011,-15.137684106826782,-11.009793758392334,0.21428571428571427
44937,0,0,35032,-15.137684106826782,-11.009793758392334,0.21428571428571427
44938,0,0,35033,-15.137684106826782,-11.009793758392334,0.21428571428571427
44939,0,0,35034,-15.137684106826782,-11.009793758392334,0.21428571428571427
44940,0,0,35046,-15.137684106826782,-11.009793758392334,0.21428571428571427
44941,0,0,35055,-15.137684106826782,-11.009793758392334,0.21428571428571427
44942,0,0,35054,-15.137684106826782,-11.009793758392334,0.21428571428571427
44943,0,0,35053,-15.137684106826782,-11.009793758392334,0.21428571428571427
44944,0,0,35052,-15.137684106826782,-11.009793758392334,0.21428571428571427
44945,0,0,35051,-15.137684106826782,-11.009793758392334,0.21428571428571427
44946,0,0,35050,-15.137684106826782,-11.009793758392334,0.21428571428571427
44947,0,0,35049,-15.137684106826782,-11.009793758392334,0.21428571428571427
44948,0,0,35048,-15.137684106826782,-11.009793758392334,0.21428571428571427
44949,0,0,35047,-15.137684106826782,-11.009793758392334,0.21428571428571427
44950,0,0,35045,-15.137684106826782,-11.009793758392334,0.21428571428571427
44951,0,0,35035,-15.137684106826782,-11.009793758392334,0.21428571428571427
44952,0,0,35044,-15.137684106826782,-11.009793758392334,0.21428571428571427
44953,0,0,35043,-15.137684106826782,-11.009793758392334,0.21428571428571427
44954,0,0,35042,-15.137684106826782,-11.009793758392334,0.21428571428571427
44955,0,0,35041,-15.137684106826782,-11.009793758392334,0.21428571428571427
44956,0,0,35040,-15.137684106826782,-11.009793758392334,0.21428571428571427
44957,0,0,35039,-15.137684106826782,-11.009793758392334,0.21428571428571427
44958,0,0,35038,-15.137684106826782,-11.009793758392334,0.21428571428571427
44959,0,0,35037,-15.137684106826782,-11.009793758392334,0.21428571428571427
44960,0,0,35036,-15.137684106826782,-11.009793758392334,0.21428571428571427
44961,0,0,35010,-15.137684106826782,-11.009793758392334,0.21428571428571427
44962,0,0,35008,-15.137684106826782,-11.009793758392334,0.21428571428571427
44963,0,0,34961,-15.137684106826782,-11.009793758392334,0.21428571428571427
44964,1,0,35007,-15.137684106826782,-11.009793758392334,0.21428571428571427
44965,0,0,34982,-15.137684106826782,-11.009793758392334,0.21428571428571427
44966,0,0,34981,-15.137684106826782,-11.009793758392334,0.21428571428571427
44967,0,0,34980,-15.137684106826782,-11.009793758392334,0.21428571428571427
44968,0,0,34979,-15.137684106826782,-11.009793758392334,0.21428571428571427
44969,0,0,34978,-15.137684106826782,-11.009793758392334,0.21428571428571427
44970,0,0,34977,-15.137684106826782,-11.009793758392334,0.21428571428571427
44971,0,0,34976,-15.137684106826782,-11.009793758392334,0.21428571428571427
44972,0,0,34975,-15.137684106826782,-11.009793758392334,0.21428571428571427
44973,0,0,34974,-15.137684106826782,-11.009793758392334,0.21428571428571427
44974,0,0,34973,-15.137684106826782,-11.009793758392334,0.21428571428571427
44975,0,0,34972,-15.137684106826782,-11.009793758392334,0.21428571428571427
44976,0,0,34971,-15.137684106826782,-11.009793758392334,0.21428571428571427
44977,0,0,34970,-15.137684106826782,-11.009793758392334,0.21428571428571427
44978,0,0,34969,-15.137684106826782,-11.009793758392334,0.21428571428571427
44979,0,0,34968,-15.137684106826782,-11.009793758392334,0.21428571428571427
44980,0,0,34967,-15.137684106826782,-11.009793758392334,0.21428571428571427
44981,0,0,34966,-15.137684106826782,-11.009793758392334,0.21428571428571427
44982,0,0,34965,-15.137684106826782,-11.009793758392334,0.21428571428571427
44983,0,0,34964,-15.137684106826782,-11.009793758392334,0.21428571428571427
44984,0,0,34963,-15.137684106826782,-11.009793758392334,0.21428571428571427
44985,0,0,34962,-15.137684106826782,-11.009793758392334,0.21428571428571427
44986,0,0,34983,-15.137684106826782,-11.009793758392334,0.21428571428571427
44987,0,0,34984,-15.137684106826782,-11.009793758392334,0.21428571428571427
44988,0,0,34985,-15.137684106826782,-11.009793758392334,0.21428571428571427
44989,0,0,34997,-15.137684106826782,-11.009793758392334,0.21428571428571427
44990,0,0,35006,-15.137684106826782,-11.009793758392334,0.21428571428571427
44991,0,0,35005,-15.137684106826782,-11.009793758392334,0.21428571428571427
44992,0,0,35004,-15.137684106826782,-11.009793758392334,0.21428571428571427
44993,0,0,35003,-15.137684106826782,-11.009793758392334,0.21428571428571427
44994,0,0,35002,-15.137684106826782,-11.009793758392334,0.21428571428571427
44995,0,0,35001,-15.137684106826782,-11.009793758392334,0.21428571428571427
44996,0,0,35000,-15.137684106826782,-11.009793758392334,0.21428571428571427
44997,0,0,34999,-15.137684106826782,-11.009793758392334,0.21428571428571427
44998,0,0,34998,-15.137684106826782,-11.009793758392334,0.21428571428571427
44999,0,0,34996,-15.137684106826782,-11.009793758392334,0.21428571428571427
45000,0,0,34986,-15.137684106826782,-11.009793758392334,0.21428571428571427
45001,0,0,34995,-15.137684106826782,-11.009793758392334,0.21428571428571427
45002,0,0,34994,-15.137684106826782,-11.009793758392334,0.21428571428571427
45003,0,0,34993,-15.137684106826782,-11.009793758392334,0.21428571428571427
45004,0,0,34992,-15.137684106826782,-11.009793758392334,0.21428571428571427
45005,0,0,34991,-15.137684106826782,-11.009793758392334,0.21428571428571427
45006,0,0,34990,-15.137684106826782,-11.009793758392334,0.21428571428571427
45007,0,0,34989,-15.137684106826782,-11.009793758392334,0.21428571428571427
45008,0,0,34988,-15.137684106826782,-11.009793758392334,0.21428571428571427
45009,0,0,34987,-15.137684106826782,-11.009793758392334,0.21428571428571427
45010,0,0,35056,-15.137684106826782,-11.009793758392334,0.21428571428571427
45011,0,0,35057,-15.137684106826782,-11.009793758392334,0.21428571428571427
45012,0,0,35058,-15.137684106826782,-11.009793758392334,0.21428571428571427
45013,0,0,35059,-15.137684106826782,-11.009793758392334,0.21428571428571427
45014,0,0,35128,-15.137684106826782,-11.009793758392334,0.21428571428571427
45015,0,0,35127,-15.137684106826782,-11.009793758392334,0.21428571428571427
45016,0,0,35126,-15.137684106826782,-11.009793758392334,0.21428571428571427
45017,0,0,35125,-15.137684106826782,-11.009793758392334,0.21428571428571427
45018,0,0,35124,-15.137684106826782,-11.009793758392334,0.21428571428571427
45019,0,0,35123,-15.137684106826782,-11.009793758392334,0.21428571428571427
45020,0,0,35122,-15.137684106826782,-11.009793758392334,0.21428571428571427
45021,0,0,35121,-15.137684106826782,-11.009793758392334,0.21428571428571427
45022,0,0,35120,-15.137684106826782,-11.009793758392334,0.21428571428571427
45023,0,0,35118,-15.137684106826782,-11.009793758392334,0.21428571428571427
45024,0,0,35108,-15.137684106826782,-11.009793758392334,0.21428571428571427
45025,0,0,35117,-15.137684106826782,-11.009793758392334,0.21428571428571427
45026,0,0,35116,-15.137684106826782,-11.009793758392334,0.21428571428571427
45027,0,0,35115,-15.137684106826782,-11.009793758392334,0.21428571428571427
45028,0,0,35114,-15.137684106826782,-11.009793758392334,0.21428571428571427
45029,0,0,35113,-15.137684106826782,-11.009793758392334,0.21428571428571427
45030,0,0,35112,-15.137684106826782,-11.009793758392334,0.21428571428571427
45031,0,0,35111,-15.137684106826782,-11.009793758392334,0.21428571428571427
45032,0,0,35110,-15.137684106826782,-11.009793758392334,0.21428571428571427
45033,0,0,35109,-15.137684106826782,-11.009793758392334,0.21428571428571427
45034,0,0,35129,-15.137684106826782,-11.009793758392334,0.21428571428571427
45035,0,0,35119,-15.137684106826782,-11.009793758392334,0.21428571428571427
45036,0,0,35130,-15.137684106826782,-11.009793758392334,0.21428571428571427
45037,0,0,35143,-15.137684106826782,-11.009793758392334,0.21428571428571427
45038,0,0,35152,-15.137684106826782,-11.009793758392334,0.21428571428571427
45039,0,0,35151,-15.137684106826782,-11.009793758392334,0.21428571428571427
45040,0,0,35150,-15.137684106826782,-11.009793758392334,0.21428571428571427
45041,0,0,35149,-15.137684106826782,-11.009793758392334,0.21428571428571427
45042,0,0,35148,-15.137684106826782,-11.009793758392334,0.21428571428571427
45043,0,0,35147,-15.137684106826782,-11.009793758392334,0.21428571428571427
45044,0,0,35146,-15.137684106826782,-11.009793758392334,0.21428571428571427
45045,0,0,35145,-15.137684106826782,-11.009793758392334,0.21428571428571427
45046,0,0,35144,-15.137684106826782,-11.009793758392334,0.21428571428571427
45047,0,0,35142,-15.137684106826782,-11.009793758392334,0.21428571428571427
45048,0,0,35132,-15.137684106826782,-11.009793758392334,0.21428571428571427
45049,0,0,35141,-15.137684106826782,-11.009793758392334,0.21428571428571427
45050,0,0,35140,-15.137684106826782,-11.009793758392334,0.21428571428571427
45051,0,0,35139,-15.137684106826782,-11.009793758392334,0.21428571428571427
45052,0,0,35138,-15.137684106826782,-11.009793758392334,0.21428571428571427
45053,0,0,35137,-15.137684106826782,-11.009793758392334,0.21428571428571427
45054,0,0,35136,-15.137684106826782,-11.009793758392334,0.21428571428571427
45055,0,0,35135,-15.137684106826782,-11.009793758392334,0.21428571428571427
45056,0,0,35134,-15.137684106826782,-11.009793758392334,0.21428571428571427
45057,0,0,35133,-15.137684106826782,-11.009793758392334,0.21428571428571427
45058,0,0,35131,-15.137684106826782,-11.009793758392334,0.21428571428571427
45059,0,0,35107,-15.137684106826782,-11.009793758392334,0.21428571428571427
45060,0,0,35106,-15.137684106826782,-11.009793758392334,0.21428571428571427
45061,0,0,35105,-15.137684106826782,-11.009793758392334,0.21428571428571427
45062,0,0,35080,-15.137684106826782,-11.009793758392334,0.21428571428571427
45063,0,0,35079,-15.137684106826782,-11.009793758392334,0.21428571428571427
45064,0,0,35078,-15.137684106826782,-11.009793758392334,0.21428571428571427
45065,0,0,35077,-15.137684106826782,-11.009793758392334,0.21428571428571427
45066,0,0,35076,-15.137684106826782,-11.009793758392334,0.21428571428571427
45067,0,0,35075,-15.137684106826782,-11.009793758392334,0.21428571428571427
45068,0,0,35074,-15.137684106826782,-11.009793758392334,0.21428571428571427
45069,0,0,35073,-15.137684106826782,-11.009793758392334,0.21428571428571427
45070,0,0,35072,-15.137684106826782,-11.009793758392334,0.21428571428571427
45071,0,0,35071,-15.137684106826782,-11.009793758392334,0.21428571428571427
45072,0,0,35070,-15.137684106826782,-11.009793758392334,0.21428571428571427
45073,0,0,35069,-15.137684106826782,-11.009793758392334,0.21428571428571427
45074,0,0,35068,-15.137684106826782,-11.009793758392334,0.21428571428571427
45075,0,0,35067,-15.137684106826782,-11.009793758392334,0.21428571428571427
45076,1,0,35066,-15.137684106826782,-11.009793758392334,0.21428571428571427
45077,0,0,35065,-15.137684106826782,-11.009793758392334,0.21428571428571427
45078,0,0,35064,-15.137684106826782,-11.009793758392334,0.21428571428571427
45079,0,0,35063,-15.137684106826782,-11.009793758392334,0.21428571428571427
45080,0,0,35062,-15.137684106826782,-11.009793758392334,0.21428571428571427
45081,0,0,35061,-15.137684106826782,-11.009793758392334,0.21428571428571427
45082,0,0,35060,-15.137684106826782,-11.009793758392334,0.21428571428571427
45083,0,0,35081,-15.137684106826782,-11.009793758392334,0.21428571428571427
45084,0,0,35082,-15.137684106826782,-11.009793758392334,0.21428571428571427
45085,0,0,35083,-15.137684106826782,-11.009793758392334,0.21428571428571427
45086,0,0,35095,-15.137684106826782,-11.009793758392334,0.21428571428571427
45087,0,0,35104,-15.137684106826782,-11.009793758392334,0.21428571428571427
45088,0,0,35103,-15.137684106826782,-11.009793758392334,0.21428571428571427
45089,0,0,35102,-15.137684106826782,-11.009793758392334,0.21428571428571427
45090,0,0,35101,-15.137684106826782,-11.009793758392334,0.21428571428571427
45091,0,0,35100,-15.137684106826782,-11.009793758392334,0.21428571428571427
45092,0,0,35099,-15.137684106826782,-11.009793758392334,0.21428571428571427
45093,0,0,35098,-15.137684106826782,-11.009793758392334,0.21428571428571427
45094,0,0,35097,-15.137684106826782,-11.009793758392334,0.21428571428571427
45095,0,0,35096,-15.137684106826782,-11.009793758392334,0.21428571428571427
45096,0,0,35094,-15.137684106826782,-11.009793758392334,0.21428571428571427
45097,0,0,35084,-15.137684106826782,-11.009793758392334,0.21428571428571427
45098,0,0,35093,-15.137684106826782,-11.009793758392334,0.21428571428571427
45099,0,0,35092,-15.137684106826782,-11.009793758392334,0.21428571428571427
45100,0,0,35091,-15.137684106826782,-11.009793758392334,0.21428571428571427
45101,0,0,35090,-15.137684106826782,-11.009793758392334,0.21428571428571427
45102,0,0,35089,-15.137684106826782,-11.009793758392334,0.21428571428571427
45103,0,0,35088,-15.137684106826782,-11.009793758392334,0.21428571428571427
45104,0,0,35087,-15.137684106826782,-11.009793758392334,0.21428571428571427
45105,0,0,35086,-15.137684106826782,-11.009793758392334,0.21428571428571427
45106,0,0,35085,-15.137684106826782,-11.009793758392334,0.21428571428571427
45107,0,0,35009,-15.137684106826782,-11.009793758392334,0.21428571428571427
45108,0,0,34959,-15.137684106826782,-11.009793758392334,0.21428571428571427
45109,0,0,34814,-15.137684106826782,-11.009793758392334,0.21428571428571427
45110,0,0,34958,-15.137684106826782,-11.009793758392334,0.21428571428571427
45111,0,0,34836,-15.137684106826782,-11.009793758392334,0.21428571428571427
45112,0,0,34835,-15.137684106826782,-11.009793758392334,0.21428571428571427
45113,0,0,34834,-15.137684106826782,-11.009793758392334,0.21428571428571427
45114,0,0,34833,-15.137684106826782,-11.009793758392334,0.21428571428571427
45115,0,0,34832,-15.137684106826782,-11.009793758392334,0.21428571428571427
45116,0,0,34831,-15.137684106826782,-11.009793758392334,0.21428571428571427
45117,0,0,34830,-15.137684106826782,-11.009793758392334,0.21428571428571427
45118,0,0,34829,-15.137684106826782,-11.009793758392334,0.21428571428571427
45119,0,0,34828,-15.137684106826782,-11.009793758392334,0.21428571428571427
45120,0,0,34827,-15.137684106826782,-11.009793758392334,0.21428571428571427
45121,0,0,34826,-15.137684106826782,-11.009793758392334,0.21428571428571427
45122,0,0,34825,-15.137684106826782,-11.009793758392334,0.21428571428571427
45123,0,0,34824,-15.137684106826782,-11.009793758392334,0.21428571428571427
45124,0,0,34823,-15.137684106826782,-11.009793758392334,0.21428571428571427
45125,0,0,34822,-15.137684106826782,-11.009793758392334,0.21428571428571427
45126,0,0,34821,-15.137684106826782,-11.009793758392334,0.21428571428571427
45127,0,0,34820,-15.137684106826782,-11.009793758392334,0.21428571428571427
45128,0,0,34819,-15.137684106826782,-11.009793758392334,0.21428571428571427
45129,0,0,34818,-15.137684106826782,-11.009793758392334,0.21428571428571427
45130,0,0,34817,-15.137684106826782,-11.009793758392334,0.21428571428571427
45131,0,0,34816,-15.137684106826782,-11.009793758392334,0.21428571428571427
45132,0,0,34837,-15.137684106826782,-11.009793758392334,0.21428571428571427
45133,0,0,34838,-15.137684106826782,-11.009793758392334,0.21428571428571427
45134,0,0,34839,-15.137684106826782,-11.009793758392334,0.21428571428571427
45135,0,0,34851,-15.137684106826782,-11.009793758392334,0.21428571428571427
45136,0,0,34860,-15.137684106826782,-11.009793758392334,0.21428571428571427
45137,0,0,34859,-15.137684106826782,-11.009793758392334,0.21428571428571427
45138,0,0,34858,-15.137684106826782,-11.009793758392334,0.21428571428571427
45139,0,0,34857,-15.137684106826782,-11.009793758392334,0.21428571428571427
45140,0,0,34856,-15.137684106826782,-11.009793758392334,0.21428571428571427
45141,0,0,34855,-15.137684106826782,-11.009793758392334,0.21428571428571427
45142,0,0,34854,-15.137684106826782,-11.009793758392334,0.21428571428571427
45143,0,0,34853,-15.137684106826782,-11.009793758392334,0.21428571428571427
45144,0,0,34852,-15.137684106826782,-11.009793758392334,0.21428571428571427
45145,0,0,34850,-15.137684106826782,-11.009793758392334,0.21428571428571427
45146,0,0,34840,-15.137684106826782,-11.009793758392334,0.21428571428571427
45147,0,0,34849,-15.137684106826782,-11.009793758392334,0.21428571428571427
45148,0,0,34848,-15.137684106826782,-11.009793758392334,0.21428571428571427
45149,0,0,34847,-15.137684106826782,-11.009793758392334,0.21428571428571427
45150,0,0,34846,-15.137684106826782,-11.009793758392334,0.21428571428571427
45151,0,0,34845,-15.137684106826782,-11.009793758392334,0.21428571428571427
45152,0,0,34844,-15.137684106826782,-11.009793758392334,0.21428571428571427
45153,0,0,34843,-15.137684106826782,-11.009793758392334,0.21428571428571427
45154,0,0,34842,-15.137684106826782,-11.009793758392334,0.21428571428571427
45155,0,0,34841,-15.137684106826782,-11.009793758392334,0.21428571428571427
45156,0,0,34815,-15.137684106826782,-11.009793758392334,0.21428571428571427
45157,0,0,34813,-15.137684106826782,-11.009793758392334,0.21428571428571427
45158,0,0,34766,-15.137684106826782,-11.009793758392334,0.21428571428571427
45159,0,0,34812,-15.137684106826782,-11.009793758392334,0.21428571428571427
45160,0,0,34787,-15.137684106826782,-11.009793758392334,0.21428571428571427
45161,0,0,34786,-15.137684106826782,-11.009793758392334,0.21428571428571427
45162,0,0,34785,-15.137684106826782,-11.009793758392334,0.21428571428571427
45163,0,0,34784,-15.137684106826782,-11.009793758392334,0.21428571428571427
45164,0,0,34783,-15.137684106826782,-11.009793758392334,0.21428571428571427
45165,0,0,34782,-15.137684106826782,-11.009793758392334,0.21428571428571427
45166,0,0,34781,-15.137684106826782,-11.009793758392334,0.21428571428571427
45167,0,0,34780,-15.137684106826782,-11.009793758392334,0.21428571428571427
45168,0,0,34779,-15.137684106826782,-11.009793758392334,0.21428571428571427
45169,0,0,34778,-15.137684106826782,-11.009793758392334,0.21428571428571427
45170,0,0,34777,-15.137684106826782,-11.009793758392334,0.21428571428571427
45171,0,0,34776,-15.137684106826782,-11.009793758392334,0.21428571428571427
45172,0,0,34775,-15.137684106826782,-11.009793758392334,0.21428571428571427
45173,0,0,34774,-15.137684106826782,-11.009793758392334,0.21428571428571427
45174,0,0,34773,-15.137684106826782,-11.009793758392334,0.21428571428571427
45175,0,0,34772,-15.137684106826782,-11.009793758392334,0.21428571428571427
45176,0,0,34771,-15.137684106826782,-11.009793758392334,0.21428571428571427
45177,0,0,34770,-15.137684106826782,-11.009793758392334,0.21428571428571427
45178,0,0,34769,-15.137684106826782,-11.009793758392334,0.21428571428571427
45179,0,0,34768,-15.137684106826782,-11.009793758392334,0.21428571428571427
45180,0,0,34767,-15.137684106826782,-11.009793758392334,0.21428571428571427
45181,0,0,34788,-15.137684106826782,-11.009793758392334,0.21428571428571427
45182,0,0,34789,-15.137684106826782,-11.009793758392334,0.21428571428571427
45183,0,0,34790,-15.137684106826782,-11.009793758392334,0.21428571428571427
45184,0,0,34802,-15.137684106826782,-11.009793758392334,0.21428571428571427
45185,0,0,34811,-15.137684106826782,-11.009793758392334,0.21428571428571427
45186,0,0,34810,-15.137684106826782,-11.009793758392334,0.21428571428571427
45187,0,0,34809,-15.137684106826782,-11.009793758392334,0.21428571428571427
45188,0,0,34808,-15.137684106826782,-11.009793758392334,0.21428571428571427
45189,0,0,34807,-15.137684106826782,-11.009793758392334,0.21428571428571427
45190,0,0,34806,-15.137684106826782,-11.009793758392334,0.21428571428571427
45191,0,0,34805,-15.137684106826782,-11.009793758392334,0.21428571428571427
45192,0,0,34804,-15.137684106826782,-11.009793758392334,0.21428571428571427
45193,0,0,34803,-15.137684106826782,-11.009793758392334,0.21428571428571427
45194,0,0,34801,-15.137684106826782,-11.009793758392334,0.21428571428571427
45195,0,0,34791,-15.137684106826782,-11.009793758392334,0.21428571428571427
45196,0,0,34800,-15.137684106826782,-11.009793758392334,0.21428571428571427
45197,0,0,34799,-15.137684106826782,-11.009793758392334,0.21428571428571427
45198,0,0,34798,-15.137684106826782,-11.009793758392334,0.21428571428571427
45199,0,0,34797,-15.137684106826782,-11.009793758392334,0.21428571428571427
45200,0,0,34796,-15.137684106826782,-11.009793758392334,0.21428571428571427
45201,0,0,34795,-15.137684106826782,-11.009793758392334,0.21428571428571427
45202,0,0,34794,-15.137684106826782,-11.009793758392334,0.21428571428571427
45203,0,0,34793,-15.137684106826782,-11.009793758392334,0.21428571428571427
45204,0,0,34792,-15.137684106826782,-11.009793758392334,0.21428571428571427
45205,0,0,34861,-15.137684106826782,-11.009793758392334,0.21428571428571427
45206,0,0,34862,-15.137684106826782,-11.009793758392334,0.21428571428571427
45207,0,0,34863,-15.137684106826782,-11.009793758392334,0.21428571428571427
45208,0,0,34864,-15.137684106826782,-11.009793758392334,0.21428571428571427
45209,0,0,34933,-15.137684106826782,-11.009793758392334,0.21428571428571427
45210,0,0,34932,-15.137684106826782,-11.009793758392334,0.21428571428571427
45211,0,0,34931,-15.137684106826782,-11.009793758392334,0.21428571428571427
45212,0,0,34930,-15.137684106826782,-11.009793758392334,0.21428571428571427
45213,0,0,34929,-15.137684106826782,-11.009793758392334,0.21428571428571427
45214,0,0,34928,-15.137684106826782,-11.009793758392334,0.21428571428571427
45215,0,0,34927,-15.137684106826782,-11.009793758392334,0.21428571428571427
45216,0,0,34926,-15.137684106826782,-11.009793758392334,0.21428571428571427
45217,0,0,34925,-15.137684106826782,-11.009793758392334,0.21428571428571427
45218,0,0,34923,-15.137684106826782,-11.009793758392334,0.21428571428571427
45219,0,0,34913,-15.137684106826782,-11.009793758392334,0.21428571428571427
45220,0,0,34922,-15.137684106826782,-11.009793758392334,0.21428571428571427
45221,0,0,34921,-15.137684106826782,-11.009793758392334,0.21428571428571427
45222,0,0,34920,-15.137684106826782,-11.009793758392334,0.21428571428571427
45223,0,0,34919,-15.137684106826782,-11.009793758392334,0.21428571428571427
45224,0,0,34918,-15.137684106826782,-11.009793758392334,0.21428571428571427
45225,0,0,34917,-15.137684106826782,-11.009793758392334,0.21428571428571427
45226,0,0,34916,-15.137684106826782,-11.009793758392334,0.21428571428571427
45227,0,0,34915,-15.137684106826782,-11.009793758392334,0.21428571428571427
45228,0,0,34914,-15.137684106826782,-11.009793758392334,0.21428571428571427
45229,0,0,34934,-15.137684106826782,-11.009793758392334,0.21428571428571427
45230,0,0,34924,-15.137684106826782,-11.009793758392334,0.21428571428571427
45231,0,0,34935,-15.137684106826782,-11.009793758392334,0.21428571428571427
45232,0,0,34948,-15.137684106826782,-11.009793758392334,0.21428571428571427
45233,0,0,34957,-15.137684106826782,-11.009793758392334,0.21428571428571427
45234,0,0,34956,-15.137684106826782,-11.009793758392334,0.21428571428571427
45235,0,0,34955,-15.137684106826782,-11.009793758392334,0.21428571428571427
45236,0,0,34954,-15.137684106826782,-11.009793758392334,0.21428571428571427
45237,0,0,34953,-15.137684106826782,-11.009793758392334,0.21428571428571427
45238,0,0,34952,-15.137684106826782,-11.009793758392334,0.21428571428571427
45239,0,0,34951,-15.137684106826782,-11.009793758392334,0.21428571428571427
45240,0,0,34950,-15.137684106826782,-11.009793758392334,0.21428571428571427
45241,0,0,34949,-15.137684106826782,-11.009793758392334,0.21428571428571427
45242,0,0,34947,-15.137684106826782,-11.009793758392334,0.21428571428571427
45243,0,0,34937,-15.137684106826782,-11.009793758392334,0.21428571428571427
45244,0,0,34946,-15.137684106826782,-11.009793758392334,0.21428571428571427
45245,0,0,34945,-15.137684106826782,-11.009793758392334,0.21428571428571427
45246,0,0,34944,-15.137684106826782,-11.009793758392334,0.21428571428571427
45247,0,0,34943,-15.137684106826782,-11.009793758392334,0.21428571428571427
45248,0,0,34942,-15.137684106826782,-11.009793758392334,0.21428571428571427
45249,0,0,34941,-15.137684106826782,-11.009793758392334,0.21428571428571427
45250,0,0,34940,-15.137684106826782,-11.009793758392334,0.21428571428571427
45251,0,0,34939,-15.137684106826782,-11.009793758392334,0.21428571428571427
45252,0,0,34938,-15.137684106826782,-11.009793758392334,0.21428571428571427
45253,0,0,34936,-15.137684106826782,-11.009793758392334,0.21428571428571427
45254,0,0,34912,-15.137684106826782,-11.009793758392334,0.21428571428571427
45255,0,0,34911,-15.137684106826782,-11.009793758392334,0.21428571428571427
45256,0,0,34910,-15.137684106826782,-11.009793758392334,0.21428571428571427
45257,0,0,34885,-15.137684106826782,-11.009793758392334,0.21428571428571427
45258,0,0,34884,-15.137684106826782,-11.009793758392334,0.21428571428571427
45259,0,0,34883,-15.137684106826782,-11.009793758392334,0.21428571428571427
45260,0,0,34882,-15.137684106826782,-11.009793758392334,0.21428571428571427
45261,0,0,34881,-15.137684106826782,-11.009793758392334,0.21428571428571427
45262,0,0,34880,-15.137684106826782,-11.009793758392334,0.21428571428571427
45263,1,0,34879,-15.137684106826782,-11.009793758392334,0.21428571428571427
45264,0,0,34878,-15.137684106826782,-11.009793758392334,0.21428571428571427
45265,0,0,34877,-15.137684106826782,-11.009793758392334,0.21428571428571427
45266,0,0,34876,-15.137684106826782,-11.009793758392334,0.21428571428571427
45267,0,0,34875,-15.137684106826782,-11.009793758392334,0.21428571428571427
45268,0,0,34874,-15.137684106826782,-11.009793758392334,0.21428571428571427
45269,0,0,34873,-15.137684106826782,-11.009793758392334,0.21428571428571427
45270,0,0,34872,-15.137684106826782,-11.009793758392334,0.21428571428571427
45271,0,0,34871,-15.137684106826782,-11.009793758392334,0.21428571428571427
45272,0,0,34870,-15.137684106826782,-11.009793758392334,0.21428571428571427
45273,0,0,34869,-15.137684106826782,-11.009793758392334,0.21428571428571427
45274,0,0,34868,-15.137684106826782,-11.009793758392334,0.21428571428571427
45275,0,0,34867,-15.137684106826782,-11.009793758392334,0.21428571428571427
45276,0,0,34866,-15.137684106826782,-11.009793758392334,0.21428571428571427
45277,0,0,34865,-15.137684106826782,-11.009793758392334,0.21428571428571427
45278,0,0,34886,-15.137684106826782,-11.009793758392334,0.21428571428571427
45279,0,0,34887,-15.137684106826782,-11.009793758392334,0.21428571428571427
45280,0,0,34888,-15.137684106826782,-11.009793758392334,0.21428571428571427
45281,0,0,34900,-15.137684106826782,-11.009793758392334,0.21428571428571427
45282,0,0,34909,-15.137684106826782,-11.009793758392334,0.21428571428571427
45283,0,0,34908,-15.137684106826782,-11.009793758392334,0.21428571428571427
45284,0,0,34907,-15.137684106826782,-11.009793758392334,0.21428571428571427
45285,0,0,34906,-15.137684106826782,-11.009793758392334,0.21428571428571427
45286,0,0,34905,-15.137684106826782,-11.009793758392334,0.21428571428571427
45287,0,0,34904,-15.137684106826782,-11.009793758392334,0.21428571428571427
45288,0,0,34903,-15.137684106826782,-11.009793758392334,0.21428571428571427
45289,0,0,34902,-15.137684106826782,-11.009793758392334,0.21428571428571427
45290,0,0,34901,-15.137684106826782,-11.009793758392334,0.21428571428571427
45291,0,0,34899,-15.137684106826782,-11.009793758392334,0.21428571428571427
45292,0,0,34889,-15.137684106826782,-11.009793758392334,0.21428571428571427
45293,0,0,34898,-15.137684106826782,-11.009793758392334,0.21428571428571427
45294,0,0,34897,-15.137684106826782,-11.009793758392334,0.21428571428571427
45295,0,0,34896,-15.137684106826782,-11.009793758392334,0.21428571428571427
45296,0,0,34895,-15.137684106826782,-11.009793758392334,0.21428571428571427
45297,0,0,34894,-15.137684106826782,-11.009793758392334,0.21428571428571427
45298,0,0,34893,-15.137684106826782,-11.009793758392334,0.21428571428571427
45299,0,0,34892,-15.137684106826782,-11.009793758392334,0.21428571428571427
45300,0,0,34891,-15.137684106826782,-11.009793758392334,0.21428571428571427
45301,0,0,34890,-15.137684106826782,-11.009793758392334,0.21428571428571427
45302,0,0,35934,-15.137684106826782,-11.009793758392334,0.21428571428571427
45303,0,0,35155,-15.137684106826782,-11.009793758392334,0.21428571428571427
45304,0,0,35935,-15.137684106826782,-11.009793758392334,0.21428571428571427
45305,0,0,36717,-15.137684106826782,-11.009793758392334,0.21428571428571427
45306,0,0,36984,-15.137684106826782,-11.009793758392334,0.21428571428571427
45307,0,0,36983,-15.137684106826782,-11.009793758392334,0.21428571428571427
45308,0,0,36982,-15.137684106826782,-11.009793758392334,0.21428571428571427
45309,0,0,36981,-15.137684106826782,-11.009793758392334,0.21428571428571427
45310,0,0,36980,-15.137684106826782,-11.009793758392334,0.21428571428571427
45311,0,0,36979,-15.137684106826782,-11.009793758392334,0.21428571428571427
45312,0,0,36978,-15.137684106826782,-11.009793758392334,0.21428571428571427
45313,0,0,36977,-15.137684106826782,-11.009793758392334,0.21428571428571427
45314,0,0,36976,-15.137684106826782,-11.009793758392334,0.21428571428571427
45315,0,0,36975,-15.137684106826782,-11.009793758392334,0.21428571428571427
45316,0,0,36974,-15.137684106826782,-11.009793758392334,0.21428571428571427
45317,0,0,36973,-15.137684106826782,-11.009793758392334,0.21428571428571427
45318,0,0,36972,-15.137684106826782,-11.009793758392334,0.21428571428571427
45319,0,0,36971,-15.137684106826782,-11.009793758392334,0.21428571428571427
45320,0,0,36970,-15.137684106826782,-11.009793758392334,0.21428571428571427
45321,0,0,36969,-15.137684106826782,-11.009793758392334,0.21428571428571427
45322,0,0,36968,-15.137684106826782,-11.009793758392334,0.21428571428571427
45323,0,0,36967,-15.137684106826782,-11.009793758392334,0.21428571428571427
45324,0,0,36966,-15.137684106826782,-11.009793758392334,0.21428571428571427
45325,0,0,36965,-15.137684106826782,-11.009793758392334,0.21428571428571427
45326,0,0,36964,-15.137684106826782,-11.009793758392334,0.21428571428571427
45327,0,0,36985,-15.137684106826782,-11.009793758392334,0.21428571428571427
45328,0,0,36986,-15.137684106826782,-11.009793758392334,0.21428571428571427
45329,0,0,36987,-15.137684106826782,-11.009793758392334,0.21428571428571427
45330,0,0,36999,-15.137684106826782,-11.009793758392334,0.21428571428571427
45331,0,0,37008,-15.137684106826782,-11.009793758392334,0.21428571428571427
45332,0,0,37007,-15.137684106826782,-11.009793758392334,0.21428571428571427
45333,0,0,37006,-15.137684106826782,-11.009793758392334,0.21428571428571427
45334,0,0,37005,-15.137684106826782,-11.009793758392334,0.21428571428571427
45335,0,0,37004,-15.137684106826782,-11.009793758392334,0.21428571428571427
45336,0,0,37003,-15.137684106826782,-11.009793758392334,0.21428571428571427
45337,0,0,37002,-15.137684106826782,-11.009793758392334,0.21428571428571427
45338,0,0,37001,-15.137684106826782,-11.009793758392334,0.21428571428571427
45339,0,0,37000,-15.137684106826782,-11.009793758392334,0.21428571428571427
45340,0,0,36998,-15.137684106826782,-11.009793758392334,0.21428571428571427
45341,0,0,36988,-15.137684106826782,-11.009793758392334,0.21428571428571427
45342,0,0,36997,-15.137684106826782,-11.009793758392334,0.21428571428571427
45343,0,0,36996,-15.137684106826782,-11.009793758392334,0.21428571428571427
45344,0,0,36995,-15.137684106826782,-11.009793758392334,0.21428571428571427
45345,0,0,36994,-15.137684106826782,-11.009793758392334,0.21428571428571427
45346,0,0,36993,-15.137684106826782,-11.009793758392334,0.21428571428571427
45347,0,0,36992,-15.137684106826782,-11.009793758392334,0.21428571428571427
45348,0,0,36991,-15.137684106826782,-11.009793758392334,0.21428571428571427
45349,0,0,36990,-15.137684106826782,-11.009793758392334,0.21428571428571427
45350,0,0,36989,-15.137684106826782,-11.009793758392334,0.21428571428571427
45351,0,0,36963,-15.137684106826782,-11.009793758392334,0.21428571428571427
45352,0,0,36961,-15.137684106826782,-11.009793758392334,0.21428571428571427
45353,0,0,36914,-15.137684106826782,-11.009793758392334,0.21428571428571427
45354,0,0,36960,-15.137684106826782,-11.009793758392334,0.21428571428571427
45355,0,0,36935,-15.137684106826782,-11.009793758392334,0.21428571428571427
45356,0,0,36934,-15.137684106826782,-11.009793758392334,0.21428571428571427
45357,0,0,36933,-15.137684106826782,-11.009793758392334,0.21428571428571427
45358,0,0,36932,-15.137684106826782,-11.009793758392334,0.21428571428571427
45359,0,0,36931,-15.137684106826782,-11.009793758392334,0.21428571428571427
45360,0,0,36930,-15.137684106826782,-11.009793758392334,0.21428571428571427
45361,0,0,36929,-15.137684106826782,-11.009793758392334,0.21428571428571427
45362,0,0,36928,-15.137684106826782,-11.009793758392334,0.21428571428571427
45363,0,0,36927,-15.137684106826782,-11.009793758392334,0.21428571428571427
45364,0,0,36926,-15.137684106826782,-11.009793758392334,0.21428571428571427
45365,0,0,36925,-15.137684106826782,-11.009793758392334,0.21428571428571427
45366,0,0,36924,-15.137684106826782,-11.009793758392334,0.21428571428571427
45367,0,0,36923,-15.137684106826782,-11.009793758392334,0.21428571428571427
45368,0,0,36922,-15.137684106826782,-11.009793758392334,0.21428571428571427
45369,0,0,36921,-15.137684106826782,-11.009793758392334,0.21428571428571427
45370,0,0,36920,-15.137684106826782,-11.009793758392334,0.21428571428571427
45371,0,0,36919,-15.137684106826782,-11.009793758392334,0.21428571428571427
45372,0,0,36918,-15.137684106826782,-11.009793758392334,0.21428571428571427
45373,0,0,36917,-15.137684106826782,-11.009793758392334,0.21428571428571427
45374,0,0,36916,-15.137684106826782,-11.009793758392334,0.21428571428571427
45375,0,0,36915,-15.137684106826782,-11.009793758392334,0.21428571428571427
45376,0,0,36936,-15.137684106826782,-11.009793758392334,0.21428571428571427
45377,0,0,36937,-15.137684106826782,-11.009793758392334,0.21428571428571427
45378,0,0,36938,-15.137684106826782,-11.009793758392334,0.21428571428571427
45379,0,0,36950,-15.137684106826782,-11.009793758392334,0.21428571428571427
45380,0,0,36959,-15.137684106826782,-11.009793758392334,0.21428571428571427
45381,0,0,36958,-15.137684106826782,-11.009793758392334,0.21428571428571427
45382,0,0,36957,-15.137684106826782,-11.009793758392334,0.21428571428571427
45383,0,0,36956,-15.137684106826782,-11.009793758392334,0.21428571428571427
45384,0,0,36955,-15.137684106826782,-11.009793758392334,0.21428571428571427
45385,0,0,36954,-15.137684106826782,-11.009793758392334,0.21428571428571427
45386,0,0,36953,-15.137684106826782,-11.009793758392334,0.21428571428571427
45387,0,0,36952,-15.137684106826782,-11.009793758392334,0.21428571428571427
45388,0,0,36951,-15.137684106826782,-11.009793758392334,0.21428571428571427
45389,0,0,36949,-15.137684106826782,-11.009793758392334,0.21428571428571427
45390,0,0,36939,-15.137684106826782,-11.009793758392334,0.21428571428571427
45391,0,0,36948,-15.137684106826782,-11.009793758392334,0.21428571428571427
45392,0,0,36947,-15.137684106826782,-11.009793758392334,0.21428571428571427
45393,0,0,36946,-15.137684106826782,-11.009793758392334,0.21428571428571427
45394,0,0,36945,-15.137684106826782,-11.009793758392334,0.21428571428571427
45395,0,0,36944,-15.137684106826782,-11.009793758392334,0.21428571428571427
45396,0,0,36943,-15.137684106826782,-11.009793758392334,0.21428571428571427
45397,0,0,36942,-15.137684106826782,-11.009793758392334,0.21428571428571427
45398,0,0,36941,-15.137684106826782,-11.009793758392334,0.21428571428571427
45399,0,0,36940,-15.137684106826782,-11.009793758392334,0.21428571428571427
45400,0,0,37009,-15.137684106826782,-11.009793758392334,0.21428571428571427
45401,0,0,37010,-15.137684106826782,-11.009793758392334,0.21428571428571427
45402,0,0,37011,-15.137684106826782,-11.009793758392334,0.21428571428571427
45403,0,0,37012,-15.137684106826782,-11.009793758392334,0.21428571428571427
45404,0,0,37081,-15.137684106826782,-11.009793758392334,0.21428571428571427
45405,0,0,37080,-15.137684106826782,-11.009793758392334,0.21428571428571427
45406,0,0,37079,-15.137684106826782,-11.009793758392334,0.21428571428571427
45407,0,0,37078,-15.137684106826782,-11.009793758392334,0.21428571428571427
45408,0,0,37077,-15.137684106826782,-11.009793758392334,0.21428571428571427
45409,0,0,37076,-15.137684106826782,-11.009793758392334,0.21428571428571427
45410,0,0,37075,-15.137684106826782,-11.009793758392334,0.21428571428571427
45411,0,0,37074,-15.137684106826782,-11.009793758392334,0.21428571428571427
45412,0,0,37073,-15.137684106826782,-11.009793758392334,0.21428571428571427
45413,0,0,37071,-15.137684106826782,-11.009793758392334,0.21428571428571427
45414,0,0,37061,-15.137684106826782,-11.009793758392334,0.21428571428571427
45415,0,0,37070,-15.137684106826782,-11.009793758392334,0.21428571428571427
45416,0,0,37069,-15.137684106826782,-11.009793758392334,0.21428571428571427
45417,0,0,37068,-15.137684106826782,-11.009793758392334,0.21428571428571427
45418,0,0,37067,-15.137684106826782,-11.009793758392334,0.21428571428571427
45419,0,0,37066,-15.137684106826782,-11.009793758392334,0.21428571428571427
45420,0,0,37065,-15.137684106826782,-11.009793758392334,0.21428571428571427
45421,0,0,37064,-15.137684106826782,-11.009793758392334,0.21428571428571427
45422,0,0,37063,-15.137684106826782,-11.009793758392334,0.21428571428571427
45423,0,0,37062,-15.137684106826782,-11.009793758392334,0.21428571428571427
45424,0,0,37082,-15.137684106826782,-11.009793758392334,0.21428571428571427
45425,0,0,37072,-15.137684106826782,-11.009793758392334,0.21428571428571427
45426,0,0,37083,-15.137684106826782,-11.009793758392334,0.21428571428571427
45427,0,0,37096,-15.137684106826782,-11.009793758392334,0.21428571428571427
45428,0,0,37105,-15.137684106826782,-11.009793758392334,0.21428571428571427
45429,0,0,37104,-15.137684106826782,-11.009793758392334,0.21428571428571427
45430,0,0,37103,-15.137684106826782,-11.009793758392334,0.21428571428571427
45431,0,0,37102,-15.137684106826782,-11.009793758392334,0.21428571428571427
45432,0,0,37101,-15.137684106826782,-11.009793758392334,0.21428571428571427
45433,0,0,37100,-15.137684106826782,-11.009793758392334,0.21428571428571427
45434,0,0,37099,-15.137684106826782,-11.009793758392334,0.21428571428571427
45435,0,0,37098,-15.137684106826782,-11.009793758392334,0.21428571428571427
45436,0,0,37097,-15.137684106826782,-11.009793758392334,0.21428571428571427
45437,0,0,37095,-15.137684106826782,-11.009793758392334,0.21428571428571427
45438,0,0,37085,-15.137684106826782,-11.009793758392334,0.21428571428571427
45439,0,0,37094,-15.137684106826782,-11.009793758392334,0.21428571428571427
45440,0,0,37093,-15.137684106826782,-11.009793758392334,0.21428571428571427
45441,0,0,37092,-15.137684106826782,-11.009793758392334,0.21428571428571427
45442,0,0,37091,-15.137684106826782,-11.009793758392334,0.21428571428571427
45443,0,0,37090,-15.137684106826782,-11.009793758392334,0.21428571428571427
45444,0,0,37089,-15.137684106826782,-11.009793758392334,0.21428571428571427
45445,0,0,37088,-15.137684106826782,-11.009793758392334,0.21428571428571427
45446,0,0,37087,-15.137684106826782,-11.009793758392334,0.21428571428571427
45447,0,0,37086,-15.137684106826782,-11.009793758392334,0.21428571428571427
45448,0,0,37084,-15.137684106826782,-11.009793758392334,0.21428571428571427
45449,0,0,37060,-15.137684106826782,-11.009793758392334,0.21428571428571427
45450,0,0,37059,-15.137684106826782,-11.009793758392334,0.21428571428571427
45451,0,0,37058,-15.137684106826782,-11.009793758392334,0.21428571428571427
45452,0,0,37033,-15.137684106826782,-11.009793758392334,0.21428571428571427
45453,0,0,37032,-15.137684106826782,-11.009793758392334,0.21428571428571427
45454,0,0,37031,-15.137684106826782,-11.009793758392334,0.21428571428571427
45455,0,0,37030,-15.137684106826782,-11.009793758392334,0.21428571428571427
45456,0,0,37029,-15.137684106826782,-11.009793758392334,0.21428571428571427
45457,0,0,37028,-15.137684106826782,-11.009793758392334,0.21428571428571427
45458,0,0,37027,-15.137684106826782,-11.009793758392334,0.21428571428571427
45459,0,0,37026,-15.137684106826782,-11.009793758392334,0.21428571428571427
45460,0,0,37025,-15.137684106826782,-11.009793758392334,0.21428571428571427
45461,0,0,37024,-15.137684106826782,-11.009793758392334,0.21428571428571427
45462,0,0,37023,-15.137684106826782,-11.009793758392334,0.21428571428571427
45463,0,0,37022,-15.137684106826782,-11.009793758392334,0.21428571428571427
45464,0,0,37021,-15.137684106826782,-11.009793758392334,0.21428571428571427
45465,0,0,37020,-15.137684106826782,-11.009793758392334,0.21428571428571427
45466,0,0,37019,-15.137684106826782,-11.009793758392334,0.21428571428571427
45467,0,0,37018,-15.137684106826782,-11.009793758392334,0.21428571428571427
45468,0,0,37017,-15.137684106826782,-11.009793758392334,0.21428571428571427
45469,0,0,37016,-15.137684106826782,-11.009793758392334,0.21428571428571427
45470,0,0,37015,-15.137684106826782,-11.009793758392334,0.21428571428571427
45471,0,0,37014,-15.137684106826782,-11.009793758392334,0.21428571428571427
45472,0,0,37013,-15.137684106826782,-11.009793758392334,0.21428571428571427
45473,0,0,37034,-15.137684106826782,-11.009793758392334,0.21428571428571427
45474,0,0,37035,-15.137684106826782,-11.009793758392334,0.21428571428571427
45475,0,0,37036,-15.137684106826782,-11.009793758392334,0.21428571428571427
45476,0,0,37048,-15.137684106826782,-11.009793758392334,0.21428571428571427
45477,0,0,37057,-15.137684106826782,-11.009793758392334,0.21428571428571427
45478,0,0,37056,-15.137684106826782,-11.009793758392334,0.21428571428571427
45479,0,0,37055,-15.137684106826782,-11.009793758392334,0.21428571428571427
45480,0,0,37054,-15.137684106826782,-11.009793758392334,0.21428571428571427
45481,0,0,37053,-15.137684106826782,-11.009793758392334,0.21428571428571427
45482,0,0,37052,-15.137684106826782,-11.009793758392334,0.21428571428571427
45483,0,0,37051,-15.137684106826782,-11.009793758392334,0.21428571428571427
45484,0,0,37050,-15.137684106826782,-11.009793758392334,0.21428571428571427
45485,0,0,37049,-15.137684106826782,-11.009793758392334,0.21428571428571427
45486,0,0,37047,-15.137684106826782,-11.009793758392334,0.21428571428571427
45487,0,0,37037,-15.137684106826782,-11.009793758392334,0.21428571428571427
45488,0,0,37046,-15.137684106826782,-11.009793758392334,0.21428571428571427
45489,0,0,37045,-15.137684106826782,-11.009793758392334,0.21428571428571427
45490,0,0,37044,-15.137684106826782,-11.009793758392334,0.21428571428571427
45491,0,0,37043,-15.137684106826782,-11.009793758392334,0.21428571428571427
45492,0,0,37042,-15.137684106826782,-11.009793758392334,0.21428571428571427
45493,0,0,37041,-15.137684106826782,-11.009793758392334,0.21428571428571427
45494,0,0,37040,-15.137684106826782,-11.009793758392334,0.21428571428571427
45495,0,0,37039,-15.137684106826782,-11.009793758392334,0.21428571428571427
45496,0,0,37038,-15.137684106826782,-11.009793758392334,0.21428571428571427
45497,0,0,36962,-15.137684106826782,-11.009793758392334,0.21428571428571427
45498,0,0,36913,-15.137684106826782,-11.009793758392334,0.21428571428571427
45499,0,0,36912,-15.137684106826782,-11.009793758392334,0.21428571428571427
45500,0,0,36911,-15.137684106826782,-11.009793758392334,0.21428571428571427
45501,0,0,36788,-15.137684106826782,-11.009793758392334,0.21428571428571427
45502,0,0,36787,-15.137684106826782,-11.009793758392334,0.21428571428571427
45503,0,0,36786,-15.137684106826782,-11.009793758392334,0.21428571428571427
45504,0,0,36785,-15.137684106826782,-11.009793758392334,0.21428571428571427
45505,0,0,36784,-15.137684106826782,-11.009793758392334,0.21428571428571427
45506,0,0,36783,-15.137684106826782,-11.009793758392334,0.21428571428571427
45507,0,0,36782,-15.137684106826782,-11.009793758392334,0.21428571428571427
45508,0,0,36781,-15.137684106826782,-11.009793758392334,0.21428571428571427
45509,0,0,36780,-15.137684106826782,-11.009793758392334,0.21428571428571427
45510,0,0,36779,-15.137684106826782,-11.009793758392334,0.21428571428571427
45511,0,0,36778,-15.137684106826782,-11.009793758392334,0.21428571428571427
45512,0,0,36777,-15.137684106826782,-11.009793758392334,0.21428571428571427
45513,0,0,36776,-15.137684106826782,-11.009793758392334,0.21428571428571427
45514,0,0,36775,-15.137684106826782,-11.009793758392334,0.21428571428571427
45515,0,0,36774,-15.137684106826782,-11.009793758392334,0.21428571428571427
45516,0,0,36773,-15.137684106826782,-11.009793758392334,0.21428571428571427
45517,0,0,36772,-15.137684106826782,-11.009793758392334,0.21428571428571427
45518,0,0,36771,-15.137684106826782,-11.009793758392334,0.21428571428571427
45519,0,0,36770,-15.137684106826782,-11.009793758392334,0.21428571428571427
45520,0,0,36769,-15.137684106826782,-11.009793758392334,0.21428571428571427
45521,0,0,36768,-15.137684106826782,-11.009793758392334,0.21428571428571427
45522,0,0,36789,-15.137684106826782,-11.009793758392334,0.21428571428571427
45523,0,0,36790,-15.137684106826782,-11.009793758392334,0.21428571428571427
45524,0,0,36791,-15.137684106826782,-11.009793758392334,0.21428571428571427
45525,0,0,36803,-15.137684106826782,-11.009793758392334,0.21428571428571427
45526,0,0,36812,-15.137684106826782,-11.009793758392334,0.21428571428571427
45527,0,0,36811,-15.137684106826782,-11.009793758392334,0.21428571428571427
45528,0,0,36810,-15.137684106826782,-11.009793758392334,0.21428571428571427
45529,0,0,36809,-15.137684106826782,-11.009793758392334,0.21428571428571427
45530,0,0,36808,-15.137684106826782,-11.009793758392334,0.21428571428571427
45531,0,0,36807,-15.137684106826782,-11.009793758392334,0.21428571428571427
45532,0,0,36806,-15.137684106826782,-11.009793758392334,0.21428571428571427
45533,0,0,36805,-15.137684106826782,-11.009793758392334,0.21428571428571427
45534,0,0,36804,-15.137684106826782,-11.009793758392334,0.21428571428571427
45535,0,0,36802,-15.137684106826782,-11.009793758392334,0.21428571428571427
45536,0,0,36792,-15.137684106826782,-11.009793758392334,0.21428571428571427
45537,0,0,36801,-15.137684106826782,-11.009793758392334,0.21428571428571427
45538,0,0,36800,-15.137684106826782,-11.009793758392334,0.21428571428571427
45539,0,0,36799,-15.137684106826782,-11.009793758392334,0.21428571428571427
45540,0,0,36798,-15.137684106826782,-11.009793758392334,0.21428571428571427
45541,0,0,36797,-15.137684106826782,-11.009793758392334,0.21428571428571427
45542,0,0,36796,-15.137684106826782,-11.009793758392334,0.21428571428571427
45543,0,0,36795,-15.137684106826782,-11.009793758392334,0.21428571428571427
45544,0,0,36794,-15.137684106826782,-11.009793758392334,0.21428571428571427
45545,0,0,36793,-15.137684106826782,-11.009793758392334,0.21428571428571427
45546,0,0,36767,-15.137684106826782,-11.009793758392334,0.21428571428571427
45547,0,0,36765,-15.137684106826782,-11.009793758392334,0.21428571428571427
45548,0,0,36718,-15.137684106826782,-11.009793758392334,0.21428571428571427
45549,0,0,36764,-15.137684106826782,-11.009793758392334,0.21428571428571427
45550,0,0,36739,-15.137684106826782,-11.009793758392334,0.21428571428571427
45551,0,0,36738,-15.137684106826782,-11.009793758392334,0.21428571428571427
45552,0,0,36737,-15.137684106826782,-11.009793758392334,0.21428571428571427
45553,0,0,36736,-15.137684106826782,-11.009793758392334,0.21428571428571427
45554,0,0,36735,-15.137684106826782,-11.009793758392334,0.21428571428571427
45555,0,0,36734,-15.137684106826782,-11.009793758392334,0.21428571428571427
45556,0,0,36733,-15.137684106826782,-11.009793758392334,0.21428571428571427
45557,0,0,36732,-15.137684106826782,-11.009793758392334,0.21428571428571427
45558,0,0,36731,-15.137684106826782,-11.009793758392334,0.21428571428571427
45559,0,0,36730,-15.137684106826782,-11.009793758392334,0.21428571428571427
45560,0,0,36729,-15.137684106826782,-11.009793758392334,0.21428571428571427
45561,0,0,36728,-15.137684106826782,-11.009793758392334,0.21428571428571427
45562,0,0,36727,-15.137684106826782,-11.009793758392334,0.21428571428571427
45563,0,0,36726,-15.137684106826782,-11.009793758392334,0.21428571428571427
45564,0,0,36725,-15.137684106826782,-11.009793758392334,0.21428571428571427
45565,0,0,36724,-15.137684106826782,-11.009793758392334,0.21428571428571427
45566,0,0,36723,-15.137684106826782,-11.009793758392334,0.21428571428571427
45567,0,0,36722,-15.137684106826782,-11.009793758392334,0.21428571428571427
45568,0,0,36721,-15.137684106826782,-11.009793758392334,0.21428571428571427
45569,0,0,36720,-15.137684106826782,-11.009793758392334,0.21428571428571427
45570,0,0,36719,-15.137684106826782,-11.009793758392334,0.21428571428571427
45571,0,0,36740,-15.137684106826782,-11.009793758392334,0.21428571428571427
45572,0,0,36741,-15.137684106826782,-11.009793758392334,0.21428571428571427
45573,0,0,36742,-15.137684106826782,-11.009793758392334,0.21428571428571427
45574,0,0,36754,-15.137684106826782,-11.009793758392334,0.21428571428571427
45575,0,0,36763,-15.137684106826782,-11.009793758392334,0.21428571428571427
45576,0,0,36762,-15.137684106826782,-11.009793758392334,0.21428571428571427
45577,0,0,36761,-15.137684106826782,-11.009793758392334,0.21428571428571427
45578,0,0,36760,-15.137684106826782,-11.009793758392334,0.21428571428571427
45579,0,0,36759,-15.137684106826782,-11.009793758392334,0.21428571428571427
45580,0,0,36758,-15.137684106826782,-11.009793758392334,0.21428571428571427
45581,0,0,36757,-15.137684106826782,-11.009793758392334,0.21428571428571427
45582,0,0,36756,-15.137684106826782,-11.009793758392334,0.21428571428571427
45583,0,0,36755,-15.137684106826782,-11.009793758392334,0.21428571428571427
45584,0,0,36753,-15.137684106826782,-11.009793758392334,0.21428571428571427
45585,0,0,36743,-15.137684106826782,-11.009793758392334,0.21428571428571427
45586,0,0,36752,-15.137684106826782,-11.009793758392334,0.21428571428571427
45587,0,0,36751,-15.137684106826782,-11.009793758392334,0.21428571428571427
45588,0,0,36750,-15.137684106826782,-11.009793758392334,0.21428571428571427
45589,0,0,36749,-15.137684106826782,-11.009793758392334,0.21428571428571427
45590,0,0,36748,-15.137684106826782,-11.009793758392334,0.21428571428571427
45591,0,0,36747,-15.137684106826782,-11.009793758392334,0.21428571428571427
45592,0,0,36746,-15.137684106826782,-11.009793758392334,0.21428571428571427
45593,0,0,36745,-15.137684106826782,-11.009793758392334,0.21428571428571427
45594,0,0,36744,-15.137684106826782,-11.009793758392334,0.21428571428571427
45595,0,0,36813,-15.137684106826782,-11.009793758392334,0.21428571428571427
45596,0,0,36766,-15.137684106826782,-11.009793758392334,0.21428571428571427
45597,0,0,36814,-15.137684106826782,-11.009793758392334,0.21428571428571427
45598,0,0,36864,-15.137684106826782,-11.009793758392334,0.21428571428571427
45599,0,0,36886,-15.137684106826782,-11.009793758392334,0.21428571428571427
45600,0,0,36885,-15.137684106826782,-11.009793758392334,0.21428571428571427
45601,0,0,36884,-15.137684106826782,-11.009793758392334,0.21428571428571427
45602,0,0,36883,-15.137684106826782,-11.009793758392334,0.21428571428571427
45603,0,0,36882,-15.137684106826782,-11.009793758392334,0.21428571428571427
45604,0,0,36881,-15.137684106826782,-11.009793758392334,0.21428571428571427
45605,0,0,36880,-15.137684106826782,-11.009793758392334,0.21428571428571427
45606,0,0,36879,-15.137684106826782,-11.009793758392334,0.21428571428571427
45607,0,0,36878,-15.137684106826782,-11.009793758392334,0.21428571428571427
45608,0,0,36877,-15.137684106826782,-11.009793758392334,0.21428571428571427
45609,0,0,36876,-15.137684106826782,-11.009793758392334,0.21428571428571427
45610,0,0,36875,-15.137684106826782,-11.009793758392334,0.21428571428571427
45611,0,0,36874,-15.137684106826782,-11.009793758392334,0.21428571428571427
45612,0,0,36873,-15.137684106826782,-11.009793758392334,0.21428571428571427
45613,0,0,36872,-15.137684106826782,-11.009793758392334,0.21428571428571427
45614,0,0,36871,-15.137684106826782,-11.009793758392334,0.21428571428571427
45615,0,0,36870,-15.137684106826782,-11.009793758392334,0.21428571428571427
45616,0,0,36869,-15.137684106826782,-11.009793758392334,0.21428571428571427
45617,0,0,36868,-15.137684106826782,-11.009793758392334,0.21428571428571427
45618,0,0,36867,-15.137684106826782,-11.009793758392334,0.21428571428571427
45619,0,0,36866,-15.137684106826782,-11.009793758392334,0.21428571428571427
45620,0,0,36887,-15.137684106826782,-11.009793758392334,0.21428571428571427
45621,0,0,36888,-15.137684106826782,-11.009793758392334,0.21428571428571427
45622,0,0,36889,-15.137684106826782,-11.009793758392334,0.21428571428571427
45623,0,0,36901,-15.137684106826782,-11.009793758392334,0.21428571428571427
45624,0,0,36910,-15.137684106826782,-11.009793758392334,0.21428571428571427
45625,0,0,36909,-15.137684106826782,-11.009793758392334,0.21428571428571427
45626,0,0,36908,-15.137684106826782,-11.009793758392334,0.21428571428571427
45627,0,0,36907,-15.137684106826782,-11.009793758392334,0.21428571428571427
45628,0,0,36906,-15.137684106826782,-11.009793758392334,0.21428571428571427
45629,0,0,36905,-15.137684106826782,-11.009793758392334,0.21428571428571427
45630,0,0,36904,-15.137684106826782,-11.009793758392334,0.21428571428571427
45631,0,0,36903,-15.137684106826782,-11.009793758392334,0.21428571428571427
45632,0,0,36902,-15.137684106826782,-11.009793758392334,0.21428571428571427
45633,0,0,36900,-15.137684106826782,-11.009793758392334,0.21428571428571427
45634,0,0,36890,-15.137684106826782,-11.009793758392334,0.21428571428571427
45635,0,0,36899,-15.137684106826782,-11.009793758392334,0.21428571428571427
45636,0,0,36898,-15.137684106826782,-11.009793758392334,0.21428571428571427
45637,0,0,36897,-15.137684106826782,-11.009793758392334,0.21428571428571427
45638,0,0,36896,-15.137684106826782,-11.009793758392334,0.21428571428571427
45639,0,0,36895,-15.137684106826782,-11.009793758392334,0.21428571428571427
45640,0,0,36894,-15.137684106826782,-11.009793758392334,0.21428571428571427
45641,0,0,36893,-15.137684106826782,-11.009793758392334,0.21428571428571427
45642,0,0,36892,-15.137684106826782,-11.009793758392334,0.21428571428571427
45643,0,0,36891,-15.137684106826782,-11.009793758392334,0.21428571428571427
45644,0,0,36865,-15.137684106826782,-11.009793758392334,0.21428571428571427
45645,0,0,36863,-15.137684106826782,-11.009793758392334,0.21428571428571427
45646,0,0,36816,-15.137684106826782,-11.009793758392334,0.21428571428571427
45647,0,0,36862,-15.137684106826782,-11.009793758392334,0.21428571428571427
45648,0,0,36837,-15.137684106826782,-11.009793758392334,0.21428571428571427
45649,0,0,36836,-15.137684106826782,-11.009793758392334,0.21428571428571427
45650,0,0,36835,-15.137684106826782,-11.009793758392334,0.21428571428571427
45651,0,0,36834,-15.137684106826782,-11.009793758392334,0.21428571428571427
45652,0,0,36833,-15.137684106826782,-11.009793758392334,0.21428571428571427
45653,0,0,36832,-15.137684106826782,-11.009793758392334,0.21428571428571427
45654,0,0,36831,-15.137684106826782,-11.009793758392334,0.21428571428571427
45655,0,0,36830,-15.137684106826782,-11.009793758392334,0.21428571428571427
45656,0,0,36829,-15.137684106826782,-11.009793758392334,0.21428571428571427
45657,0,0,36828,-15.137684106826782,-11.009793758392334,0.21428571428571427
45658,0,0,36827,-15.137684106826782,-11.009793758392334,0.21428571428571427
45659,0,0,36826,-15.137684106826782,-11.009793758392334,0.21428571428571427
45660,0,0,36825,-15.137684106826782,-11.009793758392334,0.21428571428571427
45661,0,0,36824,-15.137684106826782,-11.009793758392334,0.21428571428571427
45662,0,0,36823,-15.137684106826782,-11.009793758392334,0.21428571428571427
45663,0,0,36822,-15.137684106826782,-11.009793758392334,0.21428571428571427
45664,0,0,36821,-15.137684106826782,-11.009793758392334,0.21428571428571427
45665,0,0,36820,-15.137684106826782,-11.009793758392334,0.21428571428571427
45666,0,0,36819,-15.137684106826782,-11.009793758392334,0.21428571428571427
45667,0,0,36818,-15.137684106826782,-11.009793758392334,0.21428571428571427
45668,0,0,36817,-15.137684106826782,-11.009793758392334,0.21428571428571427
45669,0,0,36838,-15.137684106826782,-11.009793758392334,0.21428571428571427
45670,0,0,36839,-15.137684106826782,-11.009793758392334,0.21428571428571427
45671,0,0,36840,-15.137684106826782,-11.009793758392334,0.21428571428571427
45672,0,0,36852,-15.137684106826782,-11.009793758392334,0.21428571428571427
45673,0,0,36861,-15.137684106826782,-11.009793758392334,0.21428571428571427
45674,0,0,36860,-15.137684106826782,-11.009793758392334,0.21428571428571427
45675,0,0,36859,-15.137684106826782,-11.009793758392334,0.21428571428571427
45676,0,0,36858,-15.137684106826782,-11.009793758392334,0.21428571428571427
45677,0,0,36857,-15.137684106826782,-11.009793758392334,0.21428571428571427
45678,0,0,36856,-15.137684106826782,-11.009793758392334,0.21428571428571427
45679,0,0,36855,-15.137684106826782,-11.009793758392334,0.21428571428571427
45680,0,0,36854,-15.137684106826782,-11.009793758392334,0.21428571428571427
45681,0,0,36853,-15.137684106826782,-11.009793758392334,0.21428571428571427
45682,0,0,36851,-15.137684106826782,-11.009793758392334,0.21428571428571427
45683,0,0,36841,-15.137684106826782,-11.009793758392334,0.21428571428571427
45684,0,0,36850,-15.137684106826782,-11.009793758392334,0.21428571428571427
45685,0,0,36849,-15.137684106826782,-11.009793758392334,0.21428571428571427
45686,0,0,36848,-15.137684106826782,-11.009793758392334,0.21428571428571427
45687,0,0,36847,-15.137684106826782,-11.009793758392334,0.21428571428571427
45688,0,0,36846,-15.137684106826782,-11.009793758392334,0.21428571428571427
45689,0,0,36845,-15.137684106826782,-11.009793758392334,0.21428571428571427
45690,0,0,36844,-15.137684106826782,-11.009793758392334,0.21428571428571427
45691,0,0,36843,-15.137684106826782,-11.009793758392334,0.21428571428571427
45692,0,0,36842,-15.137684106826782,-11.009793758392334,0.21428571428571427
45693,0,0,37106,-15.137684106826782,-11.009793758392334,0.21428571428571427
45694,0,0,37107,-15.137684106826782,-11.009793758392334,0.21428571428571427
45695,0,0,37108,-15.137684106826782,-11.009793758392334,0.21428571428571427
45696,0,0,37303,-15.137684106826782,-11.009793758392334,0.21428571428571427
45697,0,0,37374,-15.137684106826782,-11.009793758392334,0.21428571428571427
45698,0,0,37373,-15.137684106826782,-11.009793758392334,0.21428571428571427
45699,0,0,37372,-15.137684106826782,-11.009793758392334,0.21428571428571427
45700,0,0,37371,-15.137684106826782,-11.009793758392334,0.21428571428571427
45701,0,0,37370,-15.137684106826782,-11.009793758392334,0.21428571428571427
45702,0,0,37369,-15.137684106826782,-11.009793758392334,0.21428571428571427
45703,0,0,37368,-15.137684106826782,-11.009793758392334,0.21428571428571427
45704,0,0,37367,-15.137684106826782,-11.009793758392334,0.21428571428571427
45705,0,0,37366,-15.137684106826782,-11.009793758392334,0.21428571428571427
45706,0,0,37365,-15.137684106826782,-11.009793758392334,0.21428571428571427
45707,0,0,37364,-15.137684106826782,-11.009793758392334,0.21428571428571427
45708,0,0,37363,-15.137684106826782,-11.009793758392334,0.21428571428571427
45709,0,0,37362,-15.137684106826782,-11.009793758392334,0.21428571428571427
45710,0,0,37361,-15.137684106826782,-11.009793758392334,0.21428571428571427
45711,0,0,37360,-15.137684106826782,-11.009793758392334,0.21428571428571427
45712,0,0,37359,-15.137684106826782,-11.009793758392334,0.21428571428571427
45713,0,0,37358,-15.137684106826782,-11.009793758392334,0.21428571428571427
45714,0,0,37357,-15.137684106826782,-11.009793758392334,0.21428571428571427
45715,0,0,37356,-15.137684106826782,-11.009793758392334,0.21428571428571427
45716,0,0,37355,-15.137684106826782,-11.009793758392334,0.21428571428571427
45717,0,0,37354,-15.137684106826782,-11.009793758392334,0.21428571428571427
45718,0,0,37375,-15.137684106826782,-11.009793758392334,0.21428571428571427
45719,0,0,37376,-15.137684106826782,-11.009793758392334,0.21428571428571427
45720,0,0,37377,-15.137684106826782,-11.009793758392334,0.21428571428571427
45721,0,0,37389,-15.137684106826782,-11.009793758392334,0.21428571428571427
45722,0,0,37398,-15.137684106826782,-11.009793758392334,0.21428571428571427
45723,0,0,37397,-15.137684106826782,-11.009793758392334,0.21428571428571427
45724,0,0,37396,-15.137684106826782,-11.009793758392334,0.21428571428571427
45725,0,0,37395,-15.137684106826782,-11.009793758392334,0.21428571428571427
45726,0,0,37394,-15.137684106826782,-11.009793758392334,0.21428571428571427
45727,0,0,37393,-15.137684106826782,-11.009793758392334,0.21428571428571427
45728,0,0,37392,-15.137684106826782,-11.009793758392334,0.21428571428571427
45729,0,0,37391,-15.137684106826782,-11.009793758392334,0.21428571428571427
45730,0,0,37390,-15.137684106826782,-11.009793758392334,0.21428571428571427
45731,0,0,37388,-15.137684106826782,-11.009793758392334,0.21428571428571427
45732,0,0,37378,-15.137684106826782,-11.009793758392334,0.21428571428571427
45733,0,0,37387,-15.137684106826782,-11.009793758392334,0.21428571428571427
45734,0,0,37386,-15.137684106826782,-11.009793758392334,0.21428571428571427
45735,0,0,37385,-15.137684106826782,-11.009793758392334,0.21428571428571427
45736,0,0,37384,-15.137684106826782,-11.009793758392334,0.21428571428571427
45737,0,0,37383,-15.137684106826782,-11.009793758392334,0.21428571428571427
45738,0,0,37382,-15.137684106826782,-11.009793758392334,0.21428571428571427
45739,0,0,37381,-15.137684106826782,-11.009793758392334,0.21428571428571427
45740,0,0,37380,-15.137684106826782,-11.009793758392334,0.21428571428571427
45741,0,0,37379,-15.137684106826782,-11.009793758392334,0.21428571428571427
45742,0,0,37353,-15.137684106826782,-11.009793758392334,0.21428571428571427
45743,0,0,37351,-15.137684106826782,-11.009793758392334,0.21428571428571427
45744,0,0,37304,-15.137684106826782,-11.009793758392334,0.21428571428571427
45745,0,0,37350,-15.137684106826782,-11.009793758392334,0.21428571428571427
45746,0,0,37325,-15.137684106826782,-11.009793758392334,0.21428571428571427
45747,0,0,37324,-15.137684106826782,-11.009793758392334,0.21428571428571427
45748,0,0,37323,-15.137684106826782,-11.009793758392334,0.21428571428571427
45749,0,0,37322,-15.137684106826782,-11.009793758392334,0.21428571428571427
45750,0,0,37321,-15.137684106826782,-11.009793758392334,0.21428571428571427
45751,0,0,37320,-15.137684106826782,-11.009793758392334,0.21428571428571427
45752,0,0,37319,-15.137684106826782,-11.009793758392334,0.21428571428571427
45753,0,0,37318,-15.137684106826782,-11.009793758392334,0.21428571428571427
45754,0,0,37317,-15.137684106826782,-11.009793758392334,0.21428571428571427
45755,0,0,37316,-15.137684106826782,-11.009793758392334,0.21428571428571427
45756,0,0,37315,-15.137684106826782,-11.009793758392334,0.21428571428571427
45757,0,0,37314,-15.137684106826782,-11.009793758392334,0.21428571428571427
45758,0,0,37313,-15.137684106826782,-11.009793758392334,0.21428571428571427
45759,0,0,37312,-15.137684106826782,-11.009793758392334,0.21428571428571427
45760,0,0,37311,-15.137684106826782,-11.009793758392334,0.21428571428571427
45761,0,0,37310,-15.137684106826782,-11.009793758392334,0.21428571428571427
45762,0,0,37309,-15.137684106826782,-11.009793758392334,0.21428571428571427
45763,0,0,37308,-15.137684106826782,-11.009793758392334,0.21428571428571427
45764,0,0,37307,-15.137684106826782,-11.009793758392334,0.21428571428571427
45765,0,0,37306,-15.137684106826782,-11.009793758392334,0.21428571428571427
45766,0,0,37305,-15.137684106826782,-11.009793758392334,0.21428571428571427
45767,0,0,37326,-15.137684106826782,-11.009793758392334,0.21428571428571427
45768,0,0,37327,-15.137684106826782,-11.009793758392334,0.21428571428571427
45769,0,0,37328,-15.137684106826782,-11.009793758392334,0.21428571428571427
45770,0,0,37340,-15.137684106826782,-11.009793758392334,0.21428571428571427
45771,0,0,37349,-15.137684106826782,-11.009793758392334,0.21428571428571427
45772,0,0,37348,-15.137684106826782,-11.009793758392334,0.21428571428571427
45773,0,0,37347,-15.137684106826782,-11.009793758392334,0.21428571428571427
45774,0,0,37346,-15.137684106826782,-11.009793758392334,0.21428571428571427
45775,0,0,37345,-15.137684106826782,-11.009793758392334,0.21428571428571427
45776,0,0,37344,-15.137684106826782,-11.009793758392334,0.21428571428571427
45777,0,0,37343,-15.137684106826782,-11.009793758392334,0.21428571428571427
45778,0,0,37342,-15.137684106826782,-11.009793758392334,0.21428571428571427
45779,0,0,37341,-15.137684106826782,-11.009793758392334,0.21428571428571427
45780,0,0,37339,-15.137684106826782,-11.009793758392334,0.21428571428571427
45781,0,0,37329,-15.137684106826782,-11.009793758392334,0.21428571428571427
45782,0,0,37338,-15.137684106826782,-11.009793758392334,0.21428571428571427
45783,0,0,37337,-15.137684106826782,-11.009793758392334,0.21428571428571427
45784,0,0,37336,-15.137684106826782,-11.009793758392334,0.21428571428571427
45785,0,0,37335,-15.137684106826782,-11.009793758392334,0.21428571428571427
45786,0,0,37334,-15.137684106826782,-11.009793758392334,0.21428571428571427
45787,0,0,37333,-15.137684106826782,-11.009793758392334,0.21428571428571427
45788,0,0,37332,-15.137684106826782,-11.009793758392334,0.21428571428571427
45789,0,0,37331,-15.137684106826782,-11.009793758392334,0.21428571428571427
45790,0,0,37330,-15.137684106826782,-11.009793758392334,0.21428571428571427
45791,0,0,37399,-15.137684106826782,-11.009793758392334,0.21428571428571427
45792,0,0,37400,-15.137684106826782,-11.009793758392334,0.21428571428571427
45793,0,0,37401,-15.137684106826782,-11.009793758392334,0.21428571428571427
45794,0,0,37402,-15.137684106826782,-11.009793758392334,0.21428571428571427
45795,0,0,37471,-15.137684106826782,-11.009793758392334,0.21428571428571427
45796,0,0,37470,-15.137684106826782,-11.009793758392334,0.21428571428571427
45797,0,0,37469,-15.137684106826782,-11.009793758392334,0.21428571428571427
45798,0,0,37468,-15.137684106826782,-11.009793758392334,0.21428571428571427
45799,0,0,37467,-15.137684106826782,-11.009793758392334,0.21428571428571427
45800,0,0,37466,-15.137684106826782,-11.009793758392334,0.21428571428571427
45801,0,0,37465,-15.137684106826782,-11.009793758392334,0.21428571428571427
45802,0,0,37464,-15.137684106826782,-11.009793758392334,0.21428571428571427
45803,0,0,37463,-15.137684106826782,-11.009793758392334,0.21428571428571427
45804,0,0,37461,-15.137684106826782,-11.009793758392334,0.21428571428571427
45805,0,0,37451,-15.137684106826782,-11.009793758392334,0.21428571428571427
45806,0,0,37460,-15.137684106826782,-11.009793758392334,0.21428571428571427
45807,0,0,37459,-15.137684106826782,-11.009793758392334,0.21428571428571427
45808,0,0,37458,-15.137684106826782,-11.009793758392334,0.21428571428571427
45809,0,0,37457,-15.137684106826782,-11.009793758392334,0.21428571428571427
45810,0,0,37456,-15.137684106826782,-11.009793758392334,0.21428571428571427
45811,0,0,37455,-15.137684106826782,-11.009793758392334,0.21428571428571427
45812,0,0,37454,-15.137684106826782,-11.009793758392334,0.21428571428571427
45813,0,0,37453,-15.137684106826782,-11.009793758392334,0.21428571428571427
45814,0,0,37452,-15.137684106826782,-11.009793758392334,0.21428571428571427
45815,0,0,37472,-15.137684106826782,-11.009793758392334,0.21428571428571427
45816,0,0,37462,-15.137684106826782,-11.009793758392334,0.21428571428571427
45817,0,0,37473,-15.137684106826782,-11.009793758392334,0.21428571428571427
45818,0,0,37486,-15.137684106826782,-11.009793758392334,0.21428571428571427
45819,0,0,37495,-15.137684106826782,-11.009793758392334,0.21428571428571427
45820,0,0,37494,-15.137684106826782,-11.009793758392334,0.21428571428571427
45821,0,0,37493,-15.137684106826782,-11.009793758392334,0.21428571428571427
45822,0,0,37492,-15.137684106826782,-11.009793758392334,0.21428571428571427
45823,0,0,37491,-15.137684106826782,-11.009793758392334,0.21428571428571427
45824,0,0,37490,-15.137684106826782,-11.009793758392334,0.21428571428571427
45825,0,0,37489,-15.137684106826782,-11.009793758392334,0.21428571428571427
45826,0,0,37488,-15.137684106826782,-11.009793758392334,0.21428571428571427
45827,0,0,37487,-15.137684106826782,-11.009793758392334,0.21428571428571427
45828,0,0,37485,-15.137684106826782,-11.009793758392334,0.21428571428571427
45829,0,0,37475,-15.137684106826782,-11.009793758392334,0.21428571428571427
45830,0,0,37484,-15.137684106826782,-11.009793758392334,0.21428571428571427
45831,0,0,37483,-15.137684106826782,-11.009793758392334,0.21428571428571427
45832,0,0,37482,-15.137684106826782,-11.009793758392334,0.21428571428571427
45833,0,0,37481,-15.137684106826782,-11.009793758392334,0.21428571428571427
45834,0,0,37480,-15.137684106826782,-11.009793758392334,0.21428571428571427
45835,0,0,37479,-15.137684106826782,-11.009793758392334,0.21428571428571427
45836,0,0,37478,-15.137684106826782,-11.009793758392334,0.21428571428571427
45837,0,0,37477,-15.137684106826782,-11.009793758392334,0.21428571428571427
45838,0,0,37476,-15.137684106826782,-11.009793758392334,0.21428571428571427
45839,0,0,37474,-15.137684106826782,-11.009793758392334,0.21428571428571427
45840,0,0,37450,-15.137684106826782,-11.009793758392334,0.21428571428571427
45841,0,0,37449,-15.137684106826782,-11.009793758392334,0.21428571428571427
45842,0,0,37448,-15.137684106826782,-11.009793758392334,0.21428571428571427
45843,0,0,37423,-15.137684106826782,-11.009793758392334,0.21428571428571427
45844,0,0,37422,-15.137684106826782,-11.009793758392334,0.21428571428571427
45845,0,0,37421,-15.137684106826782,-11.009793758392334,0.21428571428571427
45846,0,0,37420,-15.137684106826782,-11.009793758392334,0.21428571428571427
45847,0,0,37419,-15.137684106826782,-11.009793758392334,0.21428571428571427
45848,0,0,37418,-15.137684106826782,-11.009793758392334,0.21428571428571427
45849,0,0,37417,-15.137684106826782,-11.009793758392334,0.21428571428571427
45850,0,0,37416,-15.137684106826782,-11.009793758392334,0.21428571428571427
45851,0,0,37415,-15.137684106826782,-11.009793758392334,0.21428571428571427
45852,0,0,37414,-15.137684106826782,-11.009793758392334,0.21428571428571427
45853,0,0,37413,-15.137684106826782,-11.009793758392334,0.21428571428571427
45854,0,0,37412,-15.137684106826782,-11.009793758392334,0.21428571428571427
45855,0,0,37411,-15.137684106826782,-11.009793758392334,0.21428571428571427
45856,0,0,37410,-15.137684106826782,-11.009793758392334,0.21428571428571427
45857,0,0,37409,-15.137684106826782,-11.009793758392334,0.21428571428571427
45858,0,0,37408,-15.137684106826782,-11.009793758392334,0.21428571428571427
45859,0,0,37407,-15.137684106826782,-11.009793758392334,0.21428571428571427
45860,0,0,37406,-15.137684106826782,-11.009793758392334,0.21428571428571427
45861,0,0,37405,-15.137684106826782,-11.009793758392334,0.21428571428571427
45862,0,0,37404,-15.137684106826782,-11.009793758392334,0.21428571428571427
45863,0,0,37403,-15.137684106826782,-11.009793758392334,0.21428571428571427
45864,0,0,37424,-15.137684106826782,-11.009793758392334,0.21428571428571427
45865,0,0,37425,-15.137684106826782,-11.009793758392334,0.21428571428571427
45866,0,0,37426,-15.137684106826782,-11.009793758392334,0.21428571428571427
45867,0,0,37438,-15.137684106826782,-11.009793758392334,0.21428571428571427
45868,0,0,37447,-15.137684106826782,-11.009793758392334,0.21428571428571427
45869,0,0,37446,-15.137684106826782,-11.009793758392334,0.21428571428571427
45870,0,0,37445,-15.137684106826782,-11.009793758392334,0.21428571428571427
45871,0,0,37444,-15.137684106826782,-11.009793758392334,0.21428571428571427
45872,0,0,37443,-15.137684106826782,-11.009793758392334,0.21428571428571427
45873,0,0,37442,-15.137684106826782,-11.009793758392334,0.21428571428571427
45874,0,0,37441,-15.137684106826782,-11.009793758392334,0.21428571428571427
45875,0,0,37440,-15.137684106826782,-11.009793758392334,0.21428571428571427
45876,0,0,37439,-15.137684106826782,-11.009793758392334,0.21428571428571427
45877,0,0,37437,-15.137684106826782,-11.009793758392334,0.21428571428571427
45878,0,0,37427,-15.137684106826782,-11.009793758392334,0.21428571428571427
45879,0,0,37436,-15.137684106826782,-11.009793758392334,0.21428571428571427
45880,0,0,37435,-15.137684106826782,-11.009793758392334,0.21428571428571427
45881,0,0,37434,-15.137684106826782,-11.009793758392334,0.21428571428571427
45882,0,0,37433,-15.137684106826782,-11.009793758392334,0.21428571428571427
45883,0,0,37432,-15.137684106826782,-11.009793758392334,0.21428571428571427
45884,0,0,37431,-15.137684106826782,-11.009793758392334,0.21428571428571427
45885,0,0,37430,-15.137684106826782,-11.009793758392334,0.21428571428571427
45886,0,0,37429,-15.137684106826782,-11.009793758392334,0.21428571428571427
45887,0,0,37428,-15.137684106826782,-11.009793758392334,0.21428571428571427
45888,0,0,37352,-15.137684106826782,-11.009793758392334,0.21428571428571427
45889,0,0,37302,-15.137684106826782,-11.009793758392334,0.21428571428571427
45890,0,0,37157,-15.137684106826782,-11.009793758392334,0.21428571428571427
45891,0,0,37301,-15.137684106826782,-11.009793758392334,0.21428571428571427
45892,0,0,37179,-15.137684106826782,-11.009793758392334,0.21428571428571427
45893,0,0,37178,-15.137684106826782,-11.009793758392334,0.21428571428571427
45894,0,0,37177,-15.137684106826782,-11.009793758392334,0.21428571428571427
45895,0,0,37176,-15.137684106826782,-11.009793758392334,0.21428571428571427
45896,0,0,37175,-15.137684106826782,-11.009793758392334,0.21428571428571427
45897,0,0,37174,-15.137684106826782,-11.009793758392334,0.21428571428571427
45898,0,0,37173,-15.137684106826782,-11.009793758392334,0.21428571428571427
45899,0,0,37172,-15.137684106826782,-11.009793758392334,0.21428571428571427
45900,0,0,37171,-15.137684106826782,-11.009793758392334,0.21428571428571427
45901,0,0,37170,-15.137684106826782,-11.009793758392334,0.21428571428571427
45902,0,0,37169,-15.137684106826782,-11.009793758392334,0.21428571428571427
45903,0,0,37168,-15.137684106826782,-11.009793758392334,0.21428571428571427
45904,0,0,37167,-15.137684106826782,-11.009793758392334,0.21428571428571427
45905,0,0,37166,-15.137684106826782,-11.009793758392334,0.21428571428571427
45906,0,0,37165,-15.137684106826782,-11.009793758392334,0.21428571428571427
45907,0,0,37164,-15.137684106826782,-11.009793758392334,0.21428571428571427
45908,0,0,37163,-15.137684106826782,-11.009793758392334,0.21428571428571427
45909,0,0,37162,-15.137684106826782,-11.009793758392334,0.21428571428571427
45910,0,0,37161,-15.137684106826782,-11.009793758392334,0.21428571428571427
45911,0,0,37160,-15.137684106826782,-11.009793758392334,0.21428571428571427
45912,0,0,37159,-15.137684106826782,-11.009793758392334,0.21428571428571427
45913,0,0,37180,-15.137684106826782,-11.009793758392334,0.21428571428571427
45914,0,0,37181,-15.137684106826782,-11.009793758392334,0.21428571428571427
45915,0,0,37182,-15.137684106826782,-11.009793758392334,0.21428571428571427
45916,0,0,37194,-15.137684106826782,-11.009793758392334,0.21428571428571427
45917,0,0,37203,-15.137684106826782,-11.009793758392334,0.21428571428571427
45918,0,0,37202,-15.137684106826782,-11.009793758392334,0.21428571428571427
45919,0,0,37201,-15.137684106826782,-11.009793758392334,0.21428571428571427
45920,0,0,37200,-15.137684106826782,-11.009793758392334,0.21428571428571427
45921,0,0,37199,-15.137684106826782,-11.009793758392334,0.21428571428571427
45922,0,0,37198,-15.137684106826782,-11.009793758392334,0.21428571428571427
45923,0,0,37197,-15.137684106826782,-11.009793758392334,0.21428571428571427
45924,0,0,37196,-15.137684106826782,-11.009793758392334,0.21428571428571427
45925,0,0,37195,-15.137684106826782,-11.009793758392334,0.21428571428571427
45926,0,0,37193,-15.137684106826782,-11.009793758392334,0.21428571428571427
45927,0,0,37183,-15.137684106826782,-11.009793758392334,0.21428571428571427
45928,0,0,37192,-15.137684106826782,-11.009793758392334,0.21428571428571427
45929,0,0,37191,-15.137684106826782,-11.009793758392334,0.21428571428571427
45930,0,0,37190,-15.137684106826782,-11.009793758392334,0.21428571428571427
45931,0,0,37189,-15.137684106826782,-11.009793758392334,0.21428571428571427
45932,0,0,37188,-15.137684106826782,-11.009793758392334,0.21428571428571427
45933,0,0,37187,-15.137684106826782,-11.009793758392334,0.21428571428571427
45934,0,0,37186,-15.137684106826782,-11.009793758392334,0.21428571428571427
45935,0,0,37185,-15.137684106826782,-11.009793758392334,0.21428571428571427
45936,0,0,37184,-15.137684106826782,-11.009793758392334,0.21428571428571427
45937,0,0,37158,-15.137684106826782,-11.009793758392334,0.21428571428571427
45938,0,0,37156,-15.137684106826782,-11.009793758392334,0.21428571428571427
45939,0,0,37109,-15.137684106826782,-11.009793758392334,0.21428571428571427
45940,0,0,37155,-15.137684106826782,-11.009793758392334,0.21428571428571427
45941,0,0,37130,-15.137684106826782,-11.009793758392334,0.21428571428571427
45942,0,0,37129,-15.137684106826782,-11.009793758392334,0.21428571428571427
45943,1,0,37128,-15.137684106826782,-11.009793758392334,0.21428571428571427
45944,0,0,37127,-15.137684106826782,-11.009793758392334,0.21428571428571427
45945,0,0,37126,-15.137684106826782,-11.009793758392334,0.21428571428571427
45946,0,0,37125,-15.137684106826782,-11.009793758392334,0.21428571428571427
45947,0,0,37124,-15.137684106826782,-11.009793758392334,0.21428571428571427
45948,0,0,37123,-15.137684106826782,-11.009793758392334,0.21428571428571427
45949,0,0,37122,-15.137684106826782,-11.009793758392334,0.21428571428571427
45950,0,0,37121,-15.137684106826782,-11.009793758392334,0.21428571428571427
45951,0,0,37120,-15.137684106826782,-11.009793758392334,0.21428571428571427
45952,0,0,37119,-15.137684106826782,-11.009793758392334,0.21428571428571427
45953,0,0,37118,-15.137684106826782,-11.009793758392334,0.21428571428571427
45954,0,0,37117,-15.137684106826782,-11.009793758392334,0.21428571428571427
45955,0,0,37116,-15.137684106826782,-11.009793758392334,0.21428571428571427
45956,0,0,37115,-15.137684106826782,-11.009793758392334,0.21428571428571427
45957,0,0,37114,-15.137684106826782,-11.009793758392334,0.21428571428571427
45958,0,0,37113,-15.137684106826782,-11.009793758392334,0.21428571428571427
45959,0,0,37112,-15.137684106826782,-11.009793758392334,0.21428571428571427
45960,0,0,37111,-15.137684106826782,-11.009793758392334,0.21428571428571427
45961,0,0,37110,-15.137684106826782,-11.009793758392334,0.21428571428571427
45962,0,0,37131,-15.137684106826782,-11.009793758392334,0.21428571428571427
45963,0,0,37132,-15.137684106826782,-11.009793758392334,0.21428571428571427
45964,0,0,37133,-15.137684106826782,-11.009793758392334,0.21428571428571427
45965,0,0,37145,-15.137684106826782,-11.009793758392334,0.21428571428571427
45966,0,0,37154,-15.137684106826782,-11.009793758392334,0.21428571428571427
45967,0,0,37153,-15.137684106826782,-11.009793758392334,0.21428571428571427
45968,0,0,37152,-15.137684106826782,-11.009793758392334,0.21428571428571427
45969,0,0,37151,-15.137684106826782,-11.009793758392334,0.21428571428571427
45970,0,0,37150,-15.137684106826782,-11.009793758392334,0.21428571428571427
45971,0,0,37149,-15.137684106826782,-11.009793758392334,0.21428571428571427
45972,0,0,37148,-15.137684106826782,-11.009793758392334,0.21428571428571427
45973,0,0,37147,-15.137684106826782,-11.009793758392334,0.21428571428571427
45974,0,0,37146,-15.137684106826782,-11.009793758392334,0.21428571428571427
45975,0,0,37144,-15.137684106826782,-11.009793758392334,0.21428571428571427
45976,0,0,37134,-15.137684106826782,-11.009793758392334,0.21428571428571427
45977,0,0,37143,-15.137684106826782,-11.009793758392334,0.21428571428571427
45978,0,0,37142,-15.137684106826782,-11.009793758392334,0.21428571428571427
45979,0,0,37141,-15.137684106826782,-11.009793758392334,0.21428571428571427
45980,0,0,37140,-15.137684106826782,-11.009793758392334,0.21428571428571427
45981,0,0,37139,-15.137684106826782,-11.009793758392334,0.21428571428571427
45982,0,0,37138,-15.137684106826782,-11.009793758392334,0.21428571428571427
45983,0,0,37137,-15.137684106826782,-11.009793758392334,0.21428571428571427
45984,0,0,37136,-15.137684106826782,-11.009793758392334,0.21428571428571427
45985,0,0,37135,-15.137684106826782,-11.009793758392334,0.21428571428571427
45986,0,0,37204,-15.137684106826782,-11.009793758392334,0.21428571428571427
45987,0,0,37205,-15.137684106826782,-11.009793758392334,0.21428571428571427
45988,0,0,37206,-15.137684106826782,-11.009793758392334,0.21428571428571427
45989,0,0,37207,-15.137684106826782,-11.009793758392334,0.21428571428571427
45990,0,0,37276,-15.137684106826782,-11.009793758392334,0.21428571428571427
45991,0,0,37275,-15.137684106826782,-11.009793758392334,0.21428571428571427
45992,0,0,37274,-15.137684106826782,-11.009793758392334,0.21428571428571427
45993,0,0,37273,-15.137684106826782,-11.009793758392334,0.21428571428571427
45994,0,0,37272,-15.137684106826782,-11.009793758392334,0.21428571428571427
45995,0,0,37271,-15.137684106826782,-11.009793758392334,0.21428571428571427
45996,0,0,37270,-15.137684106826782,-11.009793758392334,0.21428571428571427
45997,0,0,37269,-15.137684106826782,-11.009793758392334,0.21428571428571427
45998,0,0,37268,-15.137684106826782,-11.009793758392334,0.21428571428571427
45999,0,0,37266,-15.137684106826782,-11.009793758392334,0.21428571428571427
46000,1,0,37256,-15.137684106826782,-11.009793758392334,0.21428571428571427
46001,0,0,37265,-15.137684106826782,-11.009793758392334,0.21428571428571427
46002,0,0,37264,-15.137684106826782,-11.009793758392334,0.21428571428571427
46003,0,0,37263,-15.137684106826782,-11.009793758392334,0.21428571428571427
46004,0,0,37262,-15.137684106826782,-11.009793758392334,0.21428571428571427
46005,0,0,37261,-15.137684106826782,-11.009793758392334,0.21428571428571427
46006,0,0,37260,-15.137684106826782,-11.009793758392334,0.21428571428571427
46007,0,0,37259,-15.137684106826782,-11.009793758392334,0.21428571428571427
46008,0,0,37258,-15.137684106826782,-11.009793758392334,0.21428571428571427
46009,0,0,37257,-15.137684106826782,-11.009793758392334,0.21428571428571427
46010,0,0,37277,-15.137684106826782,-11.009793758392334,0.21428571428571427
46011,0,0,37267,-15.137684106826782,-11.009793758392334,0.21428571428571427
46012,0,0,37278,-15.137684106826782,-11.009793758392334,0.21428571428571427
46013,0,0,37291,-15.137684106826782,-11.009793758392334,0.21428571428571427
46014,0,0,37300,-15.137684106826782,-11.009793758392334,0.21428571428571427
46015,0,0,37299,-15.137684106826782,-11.009793758392334,0.21428571428571427
46016,0,0,37298,-15.137684106826782,-11.009793758392334,0.21428571428571427
46017,0,0,37297,-15.137684106826782,-11.009793758392334,0.21428571428571427
46018,0,0,37296,-15.137684106826782,-11.009793758392334,0.21428571428571427
46019,0,0,37295,-15.137684106826782,-11.009793758392334,0.21428571428571427
46020,0,0,37294,-15.137684106826782,-11.009793758392334,0.21428571428571427
46021,0,0,37293,-15.137684106826782,-11.009793758392334,0.21428571428571427
46022,1,0,37292,-15.137684106826782,-11.009793758392334,0.21428571428571427
46023,0,0,37290,-15.137684106826782,-11.009793758392334,0.21428571428571427
46024,0,0,37280,-15.137684106826782,-11.009793758392334,0.21428571428571427
46025,0,0,37289,-15.137684106826782,-11.009793758392334,0.21428571428571427
46026,0,0,37288,-15.137684106826782,-11.009793758392334,0.21428571428571427
46027,0,0,37287,-15.137684106826782,-11.009793758392334,0.21428571428571427
46028,0,0,37286,-15.137684106826782,-11.009793758392334,0.21428571428571427
46029,0,0,37285,-15.137684106826782,-11.009793758392334,0.21428571428571427
46030,0,0,37284,-15.137684106826782,-11.009793758392334,0.21428571428571427
46031,0,0,37283,-15.137684106826782,-11.009793758392334,0.21428571428571427
46032,0,0,37282,-15.137684106826782,-11.009793758392334,0.21428571428571427
46033,0,0,37281,-15.137684106826782,-11.009793758392334,0.21428571428571427
46034,0,0,37279,-15.137684106826782,-11.009793758392334,0.21428571428571427
46035,0,0,37255,-15.137684106826782,-11.009793758392334,0.21428571428571427
46036,0,0,37254,-15.137684106826782,-11.009793758392334,0.21428571428571427
46037,0,0,37253,-15.137684106826782,-11.009793758392334,0.21428571428571427
46038,0,0,37228,-15.137684106826782,-11.009793758392334,0.21428571428571427
46039,0,0,37227,-15.137684106826782,-11.009793758392334,0.21428571428571427
46040,0,0,37226,-15.137684106826782,-11.009793758392334,0.21428571428571427
46041,0,0,37225,-15.137684106826782,-11.009793758392334,0.21428571428571427
46042,0,0,37224,-15.137684106826782,-11.009793758392334,0.21428571428571427
46043,0,0,37223,-15.137684106826782,-11.009793758392334,0.21428571428571427
46044,0,0,37222,-15.137684106826782,-11.009793758392334,0.21428571428571427
46045,0,0,37221,-15.137684106826782,-11.009793758392334,0.21428571428571427
46046,0,0,37220,-15.137684106826782,-11.009793758392334,0.21428571428571427
46047,0,0,37219,-15.137684106826782,-11.009793758392334,0.21428571428571427
46048,0,0,37218,-15.137684106826782,-11.009793758392334,0.21428571428571427
46049,0,0,37217,-15.137684106826782,-11.009793758392334,0.21428571428571427
46050,0,0,37216,-15.137684106826782,-11.009793758392334,0.21428571428571427
46051,0,0,37215,-15.137684106826782,-11.009793758392334,0.21428571428571427
46052,0,0,37214,-15.137684106826782,-11.009793758392334,0.21428571428571427
46053,0,0,37213,-15.137684106826782,-11.009793758392334,0.21428571428571427
46054,0,0,37212,-15.137684106826782,-11.009793758392334,0.21428571428571427
46055,0,0,37211,-15.137684106826782,-11.009793758392334,0.21428571428571427
46056,0,0,37210,-15.137684106826782,-11.009793758392334,0.21428571428571427
46057,0,0,37209,-15.137684106826782,-11.009793758392334,0.21428571428571427
46058,0,0,37208,-15.137684106826782,-11.009793758392334,0.21428571428571427
46059,0,0,37229,-15.137684106826782,-11.009793758392334,0.21428571428571427
46060,0,0,37230,-15.137684106826782,-11.009793758392334,0.21428571428571427
46061,0,0,37231,-15.137684106826782,-11.009793758392334,0.21428571428571427
46062,0,0,37243,-15.137684106826782,-11.009793758392334,0.21428571428571427
46063,0,0,37252,-15.137684106826782,-11.009793758392334,0.21428571428571427
46064,0,0,37251,-15.137684106826782,-11.009793758392334,0.21428571428571427
46065,0,0,37250,-15.137684106826782,-11.009793758392334,0.21428571428571427
46066,0,0,37249,-15.137684106826782,-11.009793758392334,0.21428571428571427
46067,0,0,37248,-15.137684106826782,-11.009793758392334,0.21428571428571427
46068,0,0,37247,-15.137684106826782,-11.009793758392334,0.21428571428571427
46069,0,0,37246,-15.137684106826782,-11.009793758392334,0.21428571428571427
46070,0,0,37245,-15.137684106826782,-11.009793758392334,0.21428571428571427
46071,0,0,37244,-15.137684106826782,-11.009793758392334,0.21428571428571427
46072,0,0,37242,-15.137684106826782,-11.009793758392334,0.21428571428571427
46073,0,0,37232,-15.137684106826782,-11.009793758392334,0.21428571428571427
46074,0,0,37241,-15.137684106826782,-11.009793758392334,0.21428571428571427
46075,0,0,37240,-15.137684106826782,-11.009793758392334,0.21428571428571427
46076,0,0,37239,-15.137684106826782,-11.009793758392334,0.21428571428571427
46077,0,0,37238,-15.137684106826782,-11.009793758392334,0.21428571428571427
46078,0,0,37237,-15.137684106826782,-11.009793758392334,0.21428571428571427
46079,0,0,37236,-15.137684106826782,-11.009793758392334,0.21428571428571427
46080,0,0,37235,-15.137684106826782,-11.009793758392334,0.21428571428571427
46081,0,0,37234,-15.137684106826782,-11.009793758392334,0.21428571428571427
46082,0,0,37233,-15.137684106826782,-11.009793758392334,0.21428571428571427
46083,0,0,36815,-15.137684106826782,-11.009793758392334,0.21428571428571427
46084,0,0,36716,-15.137684106826782,-11.009793758392334,0.21428571428571427
46085,0,0,36034,-15.137684106826782,-11.009793758392334,0.21428571428571427
46086,0,0,36715,-15.137684106826782,-11.009793758392334,0.21428571428571427
46087,0,0,36203,-15.137684106826782,-11.009793758392334,0.21428571428571427
46088,0,0,36202,-15.137684106826782,-11.009793758392334,0.21428571428571427
46089,0,0,36201,-15.137684106826782,-11.009793758392334,0.21428571428571427
46090,0,0,36200,-15.137684106826782,-11.009793758392334,0.21428571428571427
46091,0,0,36199,-15.137684106826782,-11.009793758392334,0.21428571428571427
46092,0,0,36198,-15.137684106826782,-11.009793758392334,0.21428571428571427
46093,0,0,36197,-15.137684106826782,-11.009793758392334,0.21428571428571427
46094,0,0,36196,-15.137684106826782,-11.009793758392334,0.21428571428571427
46095,0,0,36195,-15.137684106826782,-11.009793758392334,0.21428571428571427
46096,0,0,36194,-15.137684106826782,-11.009793758392334,0.21428571428571427
46097,0,0,36193,-15.137684106826782,-11.009793758392334,0.21428571428571427
46098,0,0,36192,-15.137684106826782,-11.009793758392334,0.21428571428571427
46099,0,0,36191,-15.137684106826782,-11.009793758392334,0.21428571428571427
46100,0,0,36190,-15.137684106826782,-11.009793758392334,0.21428571428571427
46101,0,0,36189,-15.137684106826782,-11.009793758392334,0.21428571428571427
46102,0,0,36188,-15.137684106826782,-11.009793758392334,0.21428571428571427
46103,0,0,36187,-15.137684106826782,-11.009793758392334,0.21428571428571427
46104,0,0,36186,-15.137684106826782,-11.009793758392334,0.21428571428571427
46105,0,0,36185,-15.137684106826782,-11.009793758392334,0.21428571428571427
46106,0,0,36184,-15.137684106826782,-11.009793758392334,0.21428571428571427
46107,0,0,36183,-15.137684106826782,-11.009793758392334,0.21428571428571427
46108,0,0,36204,-15.137684106826782,-11.009793758392334,0.21428571428571427
46109,0,0,36205,-15.137684106826782,-11.009793758392334,0.21428571428571427
46110,0,0,36206,-15.137684106826782,-11.009793758392334,0.21428571428571427
46111,0,0,36218,-15.137684106826782,-11.009793758392334,0.21428571428571427
46112,0,0,36227,-15.137684106826782,-11.009793758392334,0.21428571428571427
46113,0,0,36226,-15.137684106826782,-11.009793758392334,0.21428571428571427
46114,0,0,36225,-15.137684106826782,-11.009793758392334,0.21428571428571427
46115,0,0,36224,-15.137684106826782,-11.009793758392334,0.21428571428571427
46116,0,0,36223,-15.137684106826782,-11.009793758392334,0.21428571428571427
46117,0,0,36222,-15.137684106826782,-11.009793758392334,0.21428571428571427
46118,0,0,36221,-15.137684106826782,-11.009793758392334,0.21428571428571427
46119,0,0,36220,-15.137684106826782,-11.009793758392334,0.21428571428571427
46120,0,0,36219,-15.137684106826782,-11.009793758392334,0.21428571428571427
46121,0,0,36217,-15.137684106826782,-11.009793758392334,0.21428571428571427
46122,0,0,36207,-15.137684106826782,-11.009793758392334,0.21428571428571427
46123,0,0,36216,-15.137684106826782,-11.009793758392334,0.21428571428571427
46124,0,0,36215,-15.137684106826782,-11.009793758392334,0.21428571428571427
46125,0,0,36214,-15.137684106826782,-11.009793758392334,0.21428571428571427
46126,0,0,36213,-15.137684106826782,-11.009793758392334,0.21428571428571427
46127,0,0,36212,-15.137684106826782,-11.009793758392334,0.21428571428571427
46128,0,0,36211,-15.137684106826782,-11.009793758392334,0.21428571428571427
46129,0,0,36210,-15.137684106826782,-11.009793758392334,0.21428571428571427
46130,0,0,36209,-15.137684106826782,-11.009793758392334,0.21428571428571427
46131,0,0,36208,-15.137684106826782,-11.009793758392334,0.21428571428571427
46132,0,0,36182,-15.137684106826782,-11.009793758392334,0.21428571428571427
46133,0,0,36180,-15.137684106826782,-11.009793758392334,0.21428571428571427
46134,0,0,36133,-15.137684106826782,-11.009793758392334,0.21428571428571427
46135,0,0,36179,-15.137684106826782,-11.009793758392334,0.21428571428571427
46136,0,0,36154,-15.137684106826782,-11.009793758392334,0.21428571428571427
46137,0,0,36153,-15.137684106826782,-11.009793758392334,0.21428571428571427
46138,0,0,36152,-15.137684106826782,-11.009793758392334,0.21428571428571427
46139,0,0,36151,-15.137684106826782,-11.009793758392334,0.21428571428571427
46140,1,0,36150,-15.137684106826782,-11.009793758392334,0.21428571428571427
46141,0,0,36149,-15.137684106826782,-11.009793758392334,0.21428571428571427
46142,0,0,36148,-15.137684106826782,-11.009793758392334,0.21428571428571427
46143,0,0,36147,-15.137684106826782,-11.009793758392334,0.21428571428571427
46144,0,0,36146,-15.137684106826782,-11.009793758392334,0.21428571428571427
46145,0,0,36145,-15.137684106826782,-11.009793758392334,0.21428571428571427
46146,0,0,36144,-15.137684106826782,-11.009793758392334,0.21428571428571427
46147,0,0,36143,-15.137684106826782,-11.009793758392334,0.21428571428571427
46148,0,0,36142,-15.137684106826782,-11.009793758392334,0.21428571428571427
46149,0,0,36141,-15.137684106826782,-11.009793758392334,0.21428571428571427
46150,0,0,36140,-15.137684106826782,-11.009793758392334,0.21428571428571427
46151,0,0,36139,-15.137684106826782,-11.009793758392334,0.21428571428571427
46152,0,0,36138,-15.137684106826782,-11.009793758392334,0.21428571428571427
46153,0,0,36137,-15.137684106826782,-11.009793758392334,0.21428571428571427
46154,0,0,36136,-15.137684106826782,-11.009793758392334,0.21428571428571427
46155,0,0,36135,-15.137684106826782,-11.009793758392334,0.21428571428571427
46156,0,0,36134,-15.137684106826782,-11.009793758392334,0.21428571428571427
46157,0,0,36155,-15.137684106826782,-11.009793758392334,0.21428571428571427
46158,0,0,36156,-15.137684106826782,-11.009793758392334,0.21428571428571427
46159,0,0,36157,-15.137684106826782,-11.009793758392334,0.21428571428571427
46160,0,0,36169,-15.137684106826782,-11.009793758392334,0.21428571428571427
46161,0,0,36178,-15.137684106826782,-11.009793758392334,0.21428571428571427
46162,0,0,36177,-15.137684106826782,-11.009793758392334,0.21428571428571427
46163,0,0,36176,-15.137684106826782,-11.009793758392334,0.21428571428571427
46164,0,0,36175,-15.137684106826782,-11.009793758392334,0.21428571428571427
46165,0,0,36174,-15.137684106826782,-11.009793758392334,0.21428571428571427
46166,0,0,36173,-15.137684106826782,-11.009793758392334,0.21428571428571427
46167,0,0,36172,-15.137684106826782,-11.009793758392334,0.21428571428571427
46168,0,0,36171,-15.137684106826782,-11.009793758392334,0.21428571428571427
46169,0,0,36170,-15.137684106826782,-11.009793758392334,0.21428571428571427
46170,0,0,36168,-15.137684106826782,-11.009793758392334,0.21428571428571427
46171,0,0,36158,-15.137684106826782,-11.009793758392334,0.21428571428571427
46172,0,0,36167,-15.137684106826782,-11.009793758392334,0.21428571428571427
46173,0,0,36166,-15.137684106826782,-11.009793758392334,0.21428571428571427
46174,0,0,36165,-15.137684106826782,-11.009793758392334,0.21428571428571427
46175,0,0,36164,-15.137684106826782,-11.009793758392334,0.21428571428571427
46176,0,0,36163,-15.137684106826782,-11.009793758392334,0.21428571428571427
46177,0,0,36162,-15.137684106826782,-11.009793758392334,0.21428571428571427
46178,0,0,36161,-15.137684106826782,-11.009793758392334,0.21428571428571427
46179,0,0,36160,-15.137684106826782,-11.009793758392334,0.21428571428571427
46180,0,0,36159,-15.137684106826782,-11.009793758392334,0.21428571428571427
46181,0,0,36228,-15.137684106826782,-11.009793758392334,0.21428571428571427
46182,0,0,36229,-15.137684106826782,-11.009793758392334,0.21428571428571427
46183,0,0,36230,-15.137684106826782,-11.009793758392334,0.21428571428571427
46184,0,0,36231,-15.137684106826782,-11.009793758392334,0.21428571428571427
46185,0,0,36300,-15.137684106826782,-11.009793758392334,0.21428571428571427
46186,0,0,36299,-15.137684106826782,-11.009793758392334,0.21428571428571427
46187,0,0,36298,-15.137684106826782,-11.009793758392334,0.21428571428571427
46188,0,0,36297,-15.137684106826782,-11.009793758392334,0.21428571428571427
46189,0,0,36296,-15.137684106826782,-11.009793758392334,0.21428571428571427
46190,0,0,36295,-15.137684106826782,-11.009793758392334,0.21428571428571427
46191,0,0,36294,-15.137684106826782,-11.009793758392334,0.21428571428571427
46192,0,0,36293,-15.137684106826782,-11.009793758392334,0.21428571428571427
46193,0,0,36292,-15.137684106826782,-11.009793758392334,0.21428571428571427
46194,0,0,36290,-15.137684106826782,-11.009793758392334,0.21428571428571427
46195,0,0,36280,-15.137684106826782,-11.009793758392334,0.21428571428571427
46196,0,0,36289,-15.137684106826782,-11.009793758392334,0.21428571428571427
46197,0,0,36288,-15.137684106826782,-11.009793758392334,0.21428571428571427
46198,0,0,36287,-15.137684106826782,-11.009793758392334,0.21428571428571427
46199,0,0,36286,-15.137684106826782,-11.009793758392334,0.21428571428571427
46200,0,0,36285,-15.137684106826782,-11.009793758392334,0.21428571428571427
46201,0,0,36284,-15.137684106826782,-11.009793758392334,0.21428571428571427
46202,0,0,36283,-15.137684106826782,-11.009793758392334,0.21428571428571427
46203,0,0,36282,-15.137684106826782,-11.009793758392334,0.21428571428571427
46204,0,0,36281,-15.137684106826782,-11.009793758392334,0.21428571428571427
46205,0,0,36301,-15.137684106826782,-11.009793758392334,0.21428571428571427
46206,0,0,36291,-15.137684106826782,-11.009793758392334,0.21428571428571427
46207,0,0,36302,-15.137684106826782,-11.009793758392334,0.21428571428571427
46208,0,0,36315,-15.137684106826782,-11.009793758392334,0.21428571428571427
46209,0,0,36324,-15.137684106826782,-11.009793758392334,0.21428571428571427
46210,0,0,36323,-15.137684106826782,-11.009793758392334,0.21428571428571427
46211,0,0,36322,-15.137684106826782,-11.009793758392334,0.21428571428571427
46212,0,0,36321,-15.137684106826782,-11.009793758392334,0.21428571428571427
46213,0,0,36320,-15.137684106826782,-11.009793758392334,0.21428571428571427
46214,0,0,36319,-15.137684106826782,-11.009793758392334,0.21428571428571427
46215,0,0,36318,-15.137684106826782,-11.009793758392334,0.21428571428571427
46216,0,0,36317,-15.137684106826782,-11.009793758392334,0.21428571428571427
46217,0,0,36316,-15.137684106826782,-11.009793758392334,0.21428571428571427
46218,0,0,36314,-15.137684106826782,-11.009793758392334,0.21428571428571427
46219,0,0,36304,-15.137684106826782,-11.009793758392334,0.21428571428571427
46220,0,0,36313,-15.137684106826782,-11.009793758392334,0.21428571428571427
46221,0,0,36312,-15.137684106826782,-11.009793758392334,0.21428571428571427
46222,0,0,36311,-15.137684106826782,-11.009793758392334,0.21428571428571427
46223,0,0,36310,-15.137684106826782,-11.009793758392334,0.21428571428571427
46224,0,0,36309,-15.137684106826782,-11.009793758392334,0.21428571428571427
46225,0,0,36308,-15.137684106826782,-11.009793758392334,0.21428571428571427
46226,0,0,36307,-15.137684106826782,-11.009793758392334,0.21428571428571427
46227,0,0,36306,-15.137684106826782,-11.009793758392334,0.21428571428571427
46228,0,0,36305,-15.137684106826782,-11.009793758392334,0.21428571428571427
46229,0,0,36303,-15.137684106826782,-11.009793758392334,0.21428571428571427
46230,0,0,36279,-15.137684106826782,-11.009793758392334,0.21428571428571427
46231,0,0,36278,-15.137684106826782,-11.009793758392334,0.21428571428571427
46232,0,0,36277,-15.137684106826782,-11.009793758392334,0.21428571428571427
46233,0,0,36252,-15.137684106826782,-11.009793758392334,0.21428571428571427
46234,0,0,36251,-15.137684106826782,-11.009793758392334,0.21428571428571427
46235,0,0,36250,-15.137684106826782,-11.009793758392334,0.21428571428571427
46236,0,0,36249,-15.137684106826782,-11.009793758392334,0.21428571428571427
46237,0,0,36248,-15.137684106826782,-11.009793758392334,0.21428571428571427
46238,0,0,36247,-15.137684106826782,-11.009793758392334,0.21428571428571427
46239,0,0,36246,-15.137684106826782,-11.009793758392334,0.21428571428571427
46240,0,0,36245,-15.137684106826782,-11.009793758392334,0.21428571428571427
46241,0,0,36244,-15.137684106826782,-11.009793758392334,0.21428571428571427
46242,0,0,36243,-15.137684106826782,-11.009793758392334,0.21428571428571427
46243,0,0,36242,-15.137684106826782,-11.009793758392334,0.21428571428571427
46244,0,0,36241,-15.137684106826782,-11.009793758392334,0.21428571428571427
46245,0,0,36240,-15.137684106826782,-11.009793758392334,0.21428571428571427
46246,0,0,36239,-15.137684106826782,-11.009793758392334,0.21428571428571427
46247,0,0,36238,-15.137684106826782,-11.009793758392334,0.21428571428571427
46248,0,0,36237,-15.137684106826782,-11.009793758392334,0.21428571428571427
46249,0,0,36236,-15.137684106826782,-11.009793758392334,0.21428571428571427
46250,0,0,36235,-15.137684106826782,-11.009793758392334,0.21428571428571427
46251,0,0,36234,-15.137684106826782,-11.009793758392334,0.21428571428571427
46252,0,0,36233,-15.137684106826782,-11.009793758392334,0.21428571428571427
46253,0,0,36232,-15.137684106826782,-11.009793758392334,0.21428571428571427
46254,0,0,36253,-15.137684106826782,-11.009793758392334,0.21428571428571427
46255,0,0,36254,-15.137684106826782,-11.009793758392334,0.21428571428571427
46256,0,0,36255,-15.137684106826782,-11.009793758392334,0.21428571428571427
46257,0,0,36267,-15.137684106826782,-11.009793758392334,0.21428571428571427
46258,0,0,36276,-15.137684106826782,-11.009793758392334,0.21428571428571427
46259,0,0,36275,-15.137684106826782,-11.009793758392334,0.21428571428571427
46260,0,0,36274,-15.137684106826782,-11.009793758392334,0.21428571428571427
46261,0,0,36273,-15.137684106826782,-11.009793758392334,0.21428571428571427
46262,0,0,36272,-15.137684106826782,-11.009793758392334,0.21428571428571427
46263,0,0,36271,-15.137684106826782,-11.009793758392334,0.21428571428571427
46264,0,0,36270,-15.137684106826782,-11.009793758392334,0.21428571428571427
46265,0,0,36269,-15.137684106826782,-11.009793758392334,0.21428571428571427
46266,0,0,36268,-15.137684106826782,-11.009793758392334,0.21428571428571427
46267,0,0,36266,-15.137684106826782,-11.009793758392334,0.21428571428571427
46268,0,0,36256,-15.137684106826782,-11.009793758392334,0.21428571428571427
46269,0,0,36265,-15.137684106826782,-11.009793758392334,0.21428571428571427
46270,0,0,36264,-15.137684106826782,-11.009793758392334,0.21428571428571427
46271,0,0,36263,-15.137684106826782,-11.009793758392334,0.21428571428571427
46272,0,0,36262,-15.137684106826782,-11.009793758392334,0.21428571428571427
46273,0,0,36261,-15.137684106826782,-11.009793758392334,0.21428571428571427
46274,0,0,36260,-15.137684106826782,-11.009793758392334,0.21428571428571427
46275,0,0,36259,-15.137684106826782,-11.009793758392334,0.21428571428571427
46276,1,0,36258,-15.137684106826782,-11.009793758392334,0.21428571428571427
46277,0,0,36257,-15.137684106826782,-11.009793758392334,0.21428571428571427
46278,0,0,36181,-15.137684106826782,-11.009793758392334,0.21428571428571427
46279,0,0,36132,-15.137684106826782,-11.009793758392334,0.21428571428571427
46280,0,0,36131,-15.137684106826782,-11.009793758392334,0.21428571428571427
46281,0,0,36130,-15.137684106826782,-11.009793758392334,0.21428571428571427
46282,0,0,36007,-15.137684106826782,-11.009793758392334,0.21428571428571427
46283,0,0,36006,-15.137684106826782,-11.009793758392334,0.21428571428571427
46284,0,0,36005,-15.137684106826782,-11.009793758392334,0.21428571428571427
46285,0,0,36004,-15.137684106826782,-11.009793758392334,0.21428571428571427
46286,0,0,36003,-15.137684106826782,-11.009793758392334,0.21428571428571427
46287,0,0,36002,-15.137684106826782,-11.009793758392334,0.21428571428571427
46288,0,0,36001,-15.137684106826782,-11.009793758392334,0.21428571428571427
46289,0,0,36000,-15.137684106826782,-11.009793758392334,0.21428571428571427
46290,0,0,35999,-15.137684106826782,-11.009793758392334,0.21428571428571427
46291,0,0,35998,-15.137684106826782,-11.009793758392334,0.21428571428571427
46292,0,0,35997,-15.137684106826782,-11.009793758392334,0.21428571428571427
46293,0,0,35996,-15.137684106826782,-11.009793758392334,0.21428571428571427
46294,0,0,35995,-15.137684106826782,-11.009793758392334,0.21428571428571427
46295,0,0,35994,-15.137684106826782,-11.009793758392334,0.21428571428571427
46296,0,0,35993,-15.137684106826782,-11.009793758392334,0.21428571428571427
46297,0,0,35992,-15.137684106826782,-11.009793758392334,0.21428571428571427
46298,0,0,35991,-15.137684106826782,-11.009793758392334,0.21428571428571427
46299,0,0,35990,-15.137684106826782,-11.009793758392334,0.21428571428571427
46300,0,0,35989,-15.137684106826782,-11.009793758392334,0.21428571428571427
46301,0,0,35988,-15.137684106826782,-11.009793758392334,0.21428571428571427
46302,0,0,35987,-15.137684106826782,-11.009793758392334,0.21428571428571427
46303,0,0,36008,-15.137684106826782,-11.009793758392334,0.21428571428571427
46304,0,0,36009,-15.137684106826782,-11.009793758392334,0.21428571428571427
46305,0,0,36010,-15.137684106826782,-11.009793758392334,0.21428571428571427
46306,0,0,36022,-15.137684106826782,-11.009793758392334,0.21428571428571427
46307,0,0,36031,-15.137684106826782,-11.009793758392334,0.21428571428571427
46308,0,0,36030,-15.137684106826782,-11.009793758392334,0.21428571428571427
46309,0,0,36029,-15.137684106826782,-11.009793758392334,0.21428571428571427
46310,0,0,36028,-15.137684106826782,-11.009793758392334,0.21428571428571427
46311,0,0,36027,-15.137684106826782,-11.009793758392334,0.21428571428571427
46312,0,0,36026,-15.137684106826782,-11.009793758392334,0.21428571428571427
46313,0,0,36025,-15.137684106826782,-11.009793758392334,0.21428571428571427
46314,0,0,36024,-15.137684106826782,-11.009793758392334,0.21428571428571427
46315,0,0,36023,-15.137684106826782,-11.009793758392334,0.21428571428571427
46316,0,0,36021,-15.137684106826782,-11.009793758392334,0.21428571428571427
46317,0,0,36011,-15.137684106826782,-11.009793758392334,0.21428571428571427
46318,0,0,36020,-15.137684106826782,-11.009793758392334,0.21428571428571427
46319,0,0,36019,-15.137684106826782,-11.009793758392334,0.21428571428571427
46320,0,0,36018,-15.137684106826782,-11.009793758392334,0.21428571428571427
46321,0,0,36017,-15.137684106826782,-11.009793758392334,0.21428571428571427
46322,0,0,36016,-15.137684106826782,-11.009793758392334,0.21428571428571427
46323,0,0,36015,-15.137684106826782,-11.009793758392334,0.21428571428571427
46324,0,0,36014,-15.137684106826782,-11.009793758392334,0.21428571428571427
46325,0,0,36013,-15.137684106826782,-11.009793758392334,0.21428571428571427
46326,0,0,36012,-15.137684106826782,-11.009793758392334,0.21428571428571427
46327,0,0,35986,-15.137684106826782,-11.009793758392334,0.21428571428571427
46328,0,0,35984,-15.137684106826782,-11.009793758392334,0.21428571428571427
46329,0,0,35937,-15.137684106826782,-11.009793758392334,0.21428571428571427
46330,0,0,35983,-15.137684106826782,-11.009793758392334,0.21428571428571427
46331,0,0,35958,-15.137684106826782,-11.009793758392334,0.21428571428571427
46332,0,0,35957,-15.137684106826782,-11.009793758392334,0.21428571428571427
46333,0,0,35956,-15.137684106826782,-11.009793758392334,0.21428571428571427
46334,0,0,35955,-15.137684106826782,-11.009793758392334,0.21428571428571427
46335,0,0,35954,-15.137684106826782,-11.009793758392334,0.21428571428571427
46336,0,0,35953,-15.137684106826782,-11.009793758392334,0.21428571428571427
46337,0,0,35952,-15.137684106826782,-11.009793758392334,0.21428571428571427
46338,0,0,35951,-15.137684106826782,-11.009793758392334,0.21428571428571427
46339,0,0,35950,-15.137684106826782,-11.009793758392334,0.21428571428571427
46340,0,0,35949,-15.137684106826782,-11.009793758392334,0.21428571428571427
46341,0,0,35948,-15.137684106826782,-11.009793758392334,0.21428571428571427
46342,0,0,35947,-15.137684106826782,-11.009793758392334,0.21428571428571427
46343,0,1,35946,-15.137684106826782,-11.009793758392334,0.21428571428571427
46344,0,0,35945,-15.137684106826782,-11.009793758392334,0.21428571428571427
46345,0,0,35944,-15.137684106826782,-11.009793758392334,0.21428571428571427
46346,0,0,35943,-15.137684106826782,-11.009793758392334,0.21428571428571427
46347,0,0,35942,-15.137684106826782,-11.009793758392334,0.21428571428571427
46348,0,0,35941,-15.137684106826782,-11.009793758392334,0.21428571428571427
46349,0,0,35940,-15.137684106826782,-11.009793758392334,0.21428571428571427
46350,0,0,35939,-15.137684106826782,-11.009793758392334,0.21428571428571427
46351,0,0,35938,-15.137684106826782,-11.009793758392334,0.21428571428571427
46352,0,0,35959,-15.137684106826782,-11.009793758392334,0.21428571428571427
46353,0,0,35960,-15.137684106826782,-11.009793758392334,0.21428571428571427
46354,0,0,35961,-15.137684106826782,-11.009793758392334,0.21428571428571427
46355,0,0,35973,-15.137684106826782,-11.009793758392334,0.21428571428571427
46356,0,0,35982,-15.137684106826782,-11.009793758392334,0.21428571428571427
46357,0,0,35981,-15.137684106826782,-11.009793758392334,0.21428571428571427
46358,0,0,35980,-15.137684106826782,-11.009793758392334,0.21428571428571427
46359,0,0,35979,-15.137684106826782,-11.009793758392334,0.21428571428571427
46360,0,0,35978,-15.137684106826782,-11.009793758392334,0.21428571428571427
46361,0,0,35977,-15.137684106826782,-11.009793758392334,0.21428571428571427
46362,0,0,35976,-15.137684106826782,-11.009793758392334,0.21428571428571427
46363,0,0,35975,-15.137684106826782,-11.009793758392334,0.21428571428571427
46364,0,0,35974,-15.137684106826782,-11.009793758392334,0.21428571428571427
46365,0,0,35972,-15.137684106826782,-11.009793758392334,0.21428571428571427
46366,0,0,35962,-15.137684106826782,-11.009793758392334,0.21428571428571427
46367,0,0,35971,-15.137684106826782,-11.009793758392334,0.21428571428571427
46368,0,0,35970,-15.137684106826782,-11.009793758392334,0.21428571428571427
46369,0,0,35969,-15.137684106826782,-11.009793758392334,0.21428571428571427
46370,0,0,35968,-15.137684106826782,-11.009793758392334,0.21428571428571427
46371,0,0,35967,-15.137684106826782,-11.009793758392334,0.21428571428571427
46372,0,0,35966,-15.137684106826782,-11.009793758392334,0.21428571428571427
46373,0,0,35965,-15.137684106826782,-11.009793758392334,0.21428571428571427
46374,0,0,35964,-15.137684106826782,-11.009793758392334,0.21428571428571427
46375,0,0,35963,-15.137684106826782,-11.009793758392334,0.21428571428571427
46376,0,0,36032,-15.137684106826782,-11.009793758392334,0.21428571428571427
46377,0,0,35985,-15.137684106826782,-11.009793758392334,0.21428571428571427
46378,0,0,36033,-15.137684106826782,-11.009793758392334,0.21428571428571427
46379,0,0,36083,-15.137684106826782,-11.009793758392334,0.21428571428571427
46380,0,0,36105,-15.137684106826782,-11.009793758392334,0.21428571428571427
46381,0,0,36104,-15.137684106826782,-11.009793758392334,0.21428571428571427
46382,0,0,36103,-15.137684106826782,-11.009793758392334,0.21428571428571427
46383,0,0,36102,-15.137684106826782,-11.009793758392334,0.21428571428571427
46384,0,0,36101,-15.137684106826782,-11.009793758392334,0.21428571428571427
46385,0,0,36100,-15.137684106826782,-11.009793758392334,0.21428571428571427
46386,0,0,36099,-15.137684106826782,-11.009793758392334,0.21428571428571427
46387,0,0,36098,-15.137684106826782,-11.009793758392334,0.21428571428571427
46388,0,0,36097,-15.137684106826782,-11.009793758392334,0.21428571428571427
46389,0,0,36096,-15.137684106826782,-11.009793758392334,0.21428571428571427
46390,0,0,36095,-15.137684106826782,-11.009793758392334,0.21428571428571427
46391,0,0,36094,-15.137684106826782,-11.009793758392334,0.21428571428571427
46392,0,0,36093,-15.137684106826782,-11.009793758392334,0.21428571428571427
46393,0,0,36092,-15.137684106826782,-11.009793758392334,0.21428571428571427
46394,0,0,36091,-15.137684106826782,-11.009793758392334,0.21428571428571427
46395,0,0,36090,-15.137684106826782,-11.009793758392334,0.21428571428571427
46396,0,0,36089,-15.137684106826782,-11.009793758392334,0.21428571428571427
46397,0,0,36088,-15.137684106826782,-11.009793758392334,0.21428571428571427
46398,0,0,36087,-15.137684106826782,-11.009793758392334,0.21428571428571427
46399,0,0,36086,-15.137684106826782,-11.009793758392334,0.21428571428571427
46400,0,0,36085,-15.137684106826782,-11.009793758392334,0.21428571428571427
46401,0,0,36106,-15.137684106826782,-11.009793758392334,0.21428571428571427
46402,0,0,36107,-15.137684106826782,-11.009793758392334,0.21428571428571427
46403,0,0,36108,-15.137684106826782,-11.009793758392334,0.21428571428571427
46404,0,0,36120,-15.137684106826782,-11.009793758392334,0.21428571428571427
46405,0,0,36129,-15.137684106826782,-11.009793758392334,0.21428571428571427
46406,0,0,36128,-15.137684106826782,-11.009793758392334,0.21428571428571427
46407,0,0,36127,-15.137684106826782,-11.009793758392334,0.21428571428571427
46408,0,0,36126,-15.137684106826782,-11.009793758392334,0.21428571428571427
46409,0,0,36125,-15.137684106826782,-11.009793758392334,0.21428571428571427
46410,0,0,36124,-15.137684106826782,-11.009793758392334,0.21428571428571427
46411,0,0,36123,-15.137684106826782,-11.009793758392334,0.21428571428571427
46412,0,0,36122,-15.137684106826782,-11.009793758392334,0.21428571428571427
46413,0,0,36121,-15.137684106826782,-11.009793758392334,0.21428571428571427
46414,0,0,36119,-15.137684106826782,-11.009793758392334,0.21428571428571427
46415,0,0,36109,-15.137684106826782,-11.009793758392334,0.21428571428571427
46416,0,0,36118,-15.137684106826782,-11.009793758392334,0.21428571428571427
46417,0,0,36117,-15.137684106826782,-11.009793758392334,0.21428571428571427
46418,0,0,36116,-15.137684106826782,-11.009793758392334,0.21428571428571427
46419,0,0,36115,-15.137684106826782,-11.009793758392334,0.21428571428571427
46420,0,0,36114,-15.137684106826782,-11.009793758392334,0.21428571428571427
46421,0,0,36113,-15.137684106826782,-11.009793758392334,0.21428571428571427
46422,0,0,36112,-15.137684106826782,-11.009793758392334,0.21428571428571427
46423,0,0,36111,-15.137684106826782,-11.009793758392334,0.21428571428571427
46424,0,0,36110,-15.137684106826782,-11.009793758392334,0.21428571428571427
46425,0,0,36084,-15.137684106826782,-11.009793758392334,0.21428571428571427
46426,0,0,36082,-15.137684106826782,-11.009793758392334,0.21428571428571427
46427,0,0,36035,-15.137684106826782,-11.009793758392334,0.21428571428571427
46428,0,0,36081,-15.137684106826782,-11.009793758392334,0.21428571428571427
46429,0,0,36056,-15.137684106826782,-11.009793758392334,0.21428571428571427
46430,0,0,36055,-15.137684106826782,-11.009793758392334,0.21428571428571427
46431,0,0,36054,-15.137684106826782,-11.009793758392334,0.21428571428571427
46432,0,0,36053,-15.137684106826782,-11.009793758392334,0.21428571428571427
46433,0,0,36052,-15.137684106826782,-11.009793758392334,0.21428571428571427
46434,0,0,36051,-15.137684106826782,-11.009793758392334,0.21428571428571427
46435,0,0,36050,-15.137684106826782,-11.009793758392334,0.21428571428571427
46436,0,0,36049,-15.137684106826782,-11.009793758392334,0.21428571428571427
46437,0,0,36048,-15.137684106826782,-11.009793758392334,0.21428571428571427
46438,0,0,36047,-15.137684106826782,-11.009793758392334,0.21428571428571427
46439,0,0,36046,-15.137684106826782,-11.009793758392334,0.21428571428571427
46440,0,0,36045,-15.137684106826782,-11.009793758392334,0.21428571428571427
46441,0,0,36044,-15.137684106826782,-11.009793758392334,0.21428571428571427
46442,0,0,36043,-15.137684106826782,-11.009793758392334,0.21428571428571427
46443,0,0,36042,-15.137684106826782,-11.009793758392334,0.21428571428571427
46444,0,0,36041,-15.137684106826782,-11.009793758392334,0.21428571428571427
46445,0,0,36040,-15.137684106826782,-11.009793758392334,0.21428571428571427
46446,0,0,36039,-15.137684106826782,-11.009793758392334,0.21428571428571427
46447,0,0,36038,-15.137684106826782,-11.009793758392334,0.21428571428571427
46448,0,0,36037,-15.137684106826782,-11.009793758392334,0.21428571428571427
46449,0,0,36036,-15.137684106826782,-11.009793758392334,0.21428571428571427
46450,0,0,36057,-15.137684106826782,-11.009793758392334,0.21428571428571427
46451,0,0,36058,-15.137684106826782,-11.009793758392334,0.21428571428571427
46452,0,0,36059,-15.137684106826782,-11.009793758392334,0.21428571428571427
46453,0,0,36071,-15.137684106826782,-11.009793758392334,0.21428571428571427
46454,0,0,36080,-15.137684106826782,-11.009793758392334,0.21428571428571427
46455,0,0,36079,-15.137684106826782,-11.009793758392334,0.21428571428571427
46456,0,0,36078,-15.137684106826782,-11.009793758392334,0.21428571428571427
46457,0,0,36077,-15.137684106826782,-11.009793758392334,0.21428571428571427
46458,0,0,36076,-15.137684106826782,-11.009793758392334,0.21428571428571427
46459,0,0,36075,-15.137684106826782,-11.009793758392334,0.21428571428571427
46460,0,0,36074,-15.137684106826782,-11.009793758392334,0.21428571428571427
46461,0,0,36073,-15.137684106826782,-11.009793758392334,0.21428571428571427
46462,0,0,36072,-15.137684106826782,-11.009793758392334,0.21428571428571427
46463,0,0,36070,-15.137684106826782,-11.009793758392334,0.21428571428571427
46464,0,0,36060,-15.137684106826782,-11.009793758392334,0.21428571428571427
46465,0,0,36069,-15.137684106826782,-11.009793758392334,0.21428571428571427
46466,0,0,36068,-15.137684106826782,-11.009793758392334,0.21428571428571427
46467,0,0,36067,-15.137684106826782,-11.009793758392334,0.21428571428571427
46468,0,0,36066,-15.137684106826782,-11.009793758392334,0.21428571428571427
46469,0,0,36065,-15.137684106826782,-11.009793758392334,0.21428571428571427
46470,0,0,36064,-15.137684106826782,-11.009793758392334,0.21428571428571427
46471,0,0,36063,-15.137684106826782,-11.009793758392334,0.21428571428571427
46472,0,0,36062,-15.137684106826782,-11.009793758392334,0.21428571428571427
46473,0,0,36061,-15.137684106826782,-11.009793758392334,0.21428571428571427
46474,0,0,36325,-15.137684106826782,-11.009793758392334,0.21428571428571427
46475,0,0,36326,-15.137684106826782,-11.009793758392334,0.21428571428571427
46476,0,0,36327,-15.137684106826782,-11.009793758392334,0.21428571428571427
46477,0,0,36522,-15.137684106826782,-11.009793758392334,0.21428571428571427
46478,0,0,36593,-15.137684106826782,-11.009793758392334,0.21428571428571427
46479,0,0,36592,-15.137684106826782,-11.009793758392334,0.21428571428571427
46480,0,0,36591,-15.137684106826782,-11.009793758392334,0.21428571428571427
46481,0,0,36590,-15.137684106826782,-11.009793758392334,0.21428571428571427
46482,0,0,36589,-15.137684106826782,-11.009793758392334,0.21428571428571427
46483,0,0,36588,-15.137684106826782,-11.009793758392334,0.21428571428571427
46484,0,0,36587,-15.137684106826782,-11.009793758392334,0.21428571428571427
46485,0,0,36586,-15.137684106826782,-11.009793758392334,0.21428571428571427
46486,0,0,36585,-15.137684106826782,-11.009793758392334,0.21428571428571427
46487,0,0,36584,-15.137684106826782,-11.009793758392334,0.21428571428571427
46488,0,0,36583,-15.137684106826782,-11.009793758392334,0.21428571428571427
46489,0,0,36582,-15.137684106826782,-11.009793758392334,0.21428571428571427
46490,0,0,36581,-15.137684106826782,-11.009793758392334,0.21428571428571427
46491,0,0,36580,-15.137684106826782,-11.009793758392334,0.21428571428571427
46492,0,0,36579,-15.137684106826782,-11.009793758392334,0.21428571428571427
46493,0,0,36578,-15.137684106826782,-11.009793758392334,0.21428571428571427
46494,0,0,36577,-15.137684106826782,-11.009793758392334,0.21428571428571427
46495,0,0,36576,-15.137684106826782,-11.009793758392334,0.21428571428571427
46496,0,0,36575,-15.137684106826782,-11.009793758392334,0.21428571428571427
46497,0,0,36574,-15.137684106826782,-11.009793758392334,0.21428571428571427
46498,0,0,36573,-15.137684106826782,-11.009793758392334,0.21428571428571427
46499,0,0,36594,-15.137684106826782,-11.009793758392334,0.21428571428571427
46500,0,0,36595,-15.137684106826782,-11.009793758392334,0.21428571428571427
46501,0,0,36596,-15.137684106826782,-11.009793758392334,0.21428571428571427
46502,0,0,36608,-15.137684106826782,-11.009793758392334,0.21428571428571427
46503,0,0,36617,-15.137684106826782,-11.009793758392334,0.21428571428571427
46504,0,0,36616,-15.137684106826782,-11.009793758392334,0.21428571428571427
46505,0,0,36615,-15.137684106826782,-11.009793758392334,0.21428571428571427
46506,0,0,36614,-15.137684106826782,-11.009793758392334,0.21428571428571427
46507,0,0,36613,-15.137684106826782,-11.009793758392334,0.21428571428571427
46508,0,0,36612,-15.137684106826782,-11.009793758392334,0.21428571428571427
46509,0,0,36611,-15.137684106826782,-11.009793758392334,0.21428571428571427
46510,0,0,36610,-15.137684106826782,-11.009793758392334,0.21428571428571427
46511,0,0,36609,-15.137684106826782,-11.009793758392334,0.21428571428571427
46512,0,0,36607,-15.137684106826782,-11.009793758392334,0.21428571428571427
46513,0,0,36597,-15.137684106826782,-11.009793758392334,0.21428571428571427
46514,1,0,36606,-15.137684106826782,-11.009793758392334,0.21428571428571427
46515,0,0,36605,-15.137684106826782,-11.009793758392334,0.21428571428571427
46516,0,0,36604,-15.137684106826782,-11.009793758392334,0.21428571428571427
46517,0,0,36603,-15.137684106826782,-11.009793758392334,0.21428571428571427
46518,0,0,36602,-15.137684106826782,-11.009793758392334,0.21428571428571427
46519,0,0,36601,-15.137684106826782,-11.009793758392334,0.21428571428571427
46520,0,0,36600,-15.137684106826782,-11.009793758392334,0.21428571428571427
46521,0,0,36599,-15.137684106826782,-11.009793758392334,0.21428571428571427
46522,0,0,36598,-15.137684106826782,-11.009793758392334,0.21428571428571427
46523,0,0,36572,-15.137684106826782,-11.009793758392334,0.21428571428571427
46524,0,0,36570,-15.137684106826782,-11.009793758392334,0.21428571428571427
46525,0,0,36523,-15.137684106826782,-11.009793758392334,0.21428571428571427
46526,0,0,36569,-15.137684106826782,-11.009793758392334,0.21428571428571427
46527,0,0,36544,-15.137684106826782,-11.009793758392334,0.21428571428571427
46528,0,0,36543,-15.137684106826782,-11.009793758392334,0.21428571428571427
46529,0,0,36542,-15.137684106826782,-11.009793758392334,0.21428571428571427
46530,0,0,36541,-15.137684106826782,-11.009793758392334,0.21428571428571427
46531,0,0,36540,-15.137684106826782,-11.009793758392334,0.21428571428571427
46532,0,0,36539,-15.137684106826782,-11.009793758392334,0.21428571428571427
46533,0,0,36538,-15.137684106826782,-11.009793758392334,0.21428571428571427
46534,0,0,36537,-15.137684106826782,-11.009793758392334,0.21428571428571427
46535,0,0,36536,-15.137684106826782,-11.009793758392334,0.21428571428571427
46536,0,0,36535,-15.137684106826782,-11.009793758392334,0.21428571428571427
46537,0,0,36534,-15.137684106826782,-11.009793758392334,0.21428571428571427
46538,0,0,36533,-15.137684106826782,-11.009793758392334,0.21428571428571427
46539,0,0,36532,-15.137684106826782,-11.009793758392334,0.21428571428571427
46540,0,0,36531,-15.137684106826782,-11.009793758392334,0.21428571428571427
46541,0,0,36530,-15.137684106826782,-11.009793758392334,0.21428571428571427
46542,0,0,36529,-15.137684106826782,-11.009793758392334,0.21428571428571427
46543,0,0,36528,-15.137684106826782,-11.009793758392334,0.21428571428571427
46544,0,0,36527,-15.137684106826782,-11.009793758392334,0.21428571428571427
46545,0,0,36526,-15.137684106826782,-11.009793758392334,0.21428571428571427
46546,0,0,36525,-15.137684106826782,-11.009793758392334,0.21428571428571427
46547,0,0,36524,-15.137684106826782,-11.009793758392334,0.21428571428571427
46548,0,0,36545,-15.137684106826782,-11.009793758392334,0.21428571428571427
46549,0,0,36546,-15.137684106826782,-11.009793758392334,0.21428571428571427
46550,0,0,36547,-15.137684106826782,-11.009793758392334,0.21428571428571427
46551,0,0,36559,-15.137684106826782,-11.009793758392334,0.21428571428571427
46552,0,0,36568,-15.137684106826782,-11.009793758392334,0.21428571428571427
46553,0,0,36567,-15.137684106826782,-11.009793758392334,0.21428571428571427
46554,0,0,36566,-15.137684106826782,-11.009793758392334,0.21428571428571427
46555,0,0,36565,-15.137684106826782,-11.009793758392334,0.21428571428571427
46556,0,0,36564,-15.137684106826782,-11.009793758392334,0.21428571428571427
46557,0,0,36563,-15.137684106826782,-11.009793758392334,0.21428571428571427
46558,0,0,36562,-15.137684106826782,-11.009793758392334,0.21428571428571427
46559,0,0,36561,-15.137684106826782,-11.009793758392334,0.21428571428571427
46560,0,0,36560,-15.137684106826782,-11.009793758392334,0.21428571428571427
46561,0,0,36558,-15.137684106826782,-11.009793758392334,0.21428571428571427
46562,0,0,36548,-15.137684106826782,-11.009793758392334,0.21428571428571427
46563,0,0,36557,-15.137684106826782,-11.009793758392334,0.21428571428571427
46564,0,0,36556,-15.137684106826782,-11.009793758392334,0.21428571428571427
46565,0,0,36555,-15.137684106826782,-11.009793758392334,0.21428571428571427
46566,0,0,36554,-15.137684106826782,-11.009793758392334,0.21428571428571427
46567,1,0,36553,-15.137684106826782,-11.009793758392334,0.21428571428571427
46568,0,0,36552,-15.137684106826782,-11.009793758392334,0.21428571428571427
46569,0,0,36551,-15.137684106826782,-11.009793758392334,0.21428571428571427
46570,0,0,36550,-15.137684106826782,-11.009793758392334,0.21428571428571427
46571,0,0,36549,-15.137684106826782,-11.009793758392334,0.21428571428571427
46572,0,0,36618,-15.137684106826782,-11.009793758392334,0.21428571428571427
46573,0,0,36619,-15.137684106826782,-11.009793758392334,0.21428571428571427
46574,0,0,36620,-15.137684106826782,-11.009793758392334,0.21428571428571427
46575,0,0,36621,-15.137684106826782,-11.009793758392334,0.21428571428571427
46576,0,0,36690,-15.137684106826782,-11.009793758392334,0.21428571428571427
46577,0,0,36689,-15.137684106826782,-11.009793758392334,0.21428571428571427
46578,0,0,36688,-15.137684106826782,-11.009793758392334,0.21428571428571427
46579,0,0,36687,-15.137684106826782,-11.009793758392334,0.21428571428571427
46580,0,0,36686,-15.137684106826782,-11.009793758392334,0.21428571428571427
46581,0,0,36685,-15.137684106826782,-11.009793758392334,0.21428571428571427
46582,0,0,36684,-15.137684106826782,-11.009793758392334,0.21428571428571427
46583,0,0,36683,-15.137684106826782,-11.009793758392334,0.21428571428571427
46584,0,0,36682,-15.137684106826782,-11.009793758392334,0.21428571428571427
46585,0,0,36680,-15.137684106826782,-11.009793758392334,0.21428571428571427
46586,0,0,36670,-15.137684106826782,-11.009793758392334,0.21428571428571427
46587,0,0,36679,-15.137684106826782,-11.009793758392334,0.21428571428571427
46588,0,0,36678,-15.137684106826782,-11.009793758392334,0.21428571428571427
46589,0,0,36677,-15.137684106826782,-11.009793758392334,0.21428571428571427
46590,0,0,36676,-15.137684106826782,-11.009793758392334,0.21428571428571427
46591,0,0,36675,-15.137684106826782,-11.009793758392334,0.21428571428571427
46592,0,0,36674,-15.137684106826782,-11.009793758392334,0.21428571428571427
46593,0,0,36673,-15.137684106826782,-11.009793758392334,0.21428571428571427
46594,0,0,36672,-15.137684106826782,-11.009793758392334,0.21428571428571427
46595,0,0,36671,-15.137684106826782,-11.009793758392334,0.21428571428571427
46596,0,0,36691,-15.137684106826782,-11.009793758392334,0.21428571428571427
46597,0,0,36681,-15.137684106826782,-11.009793758392334,0.21428571428571427
46598,0,0,36692,-15.137684106826782,-11.009793758392334,0.21428571428571427
46599,0,0,36705,-15.137684106826782,-11.009793758392334,0.21428571428571427
46600,0,0,36714,-15.137684106826782,-11.009793758392334,0.21428571428571427
46601,0,0,36713,-15.137684106826782,-11.009793758392334,0.21428571428571427
46602,0,0,36712,-15.137684106826782,-11.009793758392334,0.21428571428571427
46603,0,0,36711,-15.137684106826782,-11.009793758392334,0.21428571428571427
46604,0,0,36710,-15.137684106826782,-11.009793758392334,0.21428571428571427
46605,0,0,36709,-15.137684106826782,-11.009793758392334,0.21428571428571427
46606,0,0,36708,-15.137684106826782,-11.009793758392334,0.21428571428571427
46607,0,0,36707,-15.137684106826782,-11.009793758392334,0.21428571428571427
46608,0,0,36706,-15.137684106826782,-11.009793758392334,0.21428571428571427
46609,0,0,36704,-15.137684106826782,-11.009793758392334,0.21428571428571427
46610,0,0,36694,-15.137684106826782,-11.009793758392334,0.21428571428571427
46611,0,0,36703,-15.137684106826782,-11.009793758392334,0.21428571428571427
46612,0,0,36702,-15.137684106826782,-11.009793758392334,0.21428571428571427
46613,0,0,36701,-15.137684106826782,-11.009793758392334,0.21428571428571427
46614,0,0,36700,-15.137684106826782,-11.009793758392334,0.21428571428571427
46615,1,0,36699,-15.137684106826782,-11.009793758392334,0.21428571428571427
46616,0,0,36698,-15.137684106826782,-11.009793758392334,0.21428571428571427
46617,0,0,36697,-15.137684106826782,-11.009793758392334,0.21428571428571427
46618,0,0,36696,-15.137684106826782,-11.009793758392334,0.21428571428571427
46619,0,0,36695,-15.137684106826782,-11.009793758392334,0.21428571428571427
46620,0,0,36693,-15.137684106826782,-11.009793758392334,0.21428571428571427
46621,0,0,36669,-15.137684106826782,-11.009793758392334,0.21428571428571427
46622,0,0,36668,-15.137684106826782,-11.009793758392334,0.21428571428571427
46623,0,0,36667,-15.137684106826782,-11.009793758392334,0.21428571428571427
46624,0,0,36642,-15.137684106826782,-11.009793758392334,0.21428571428571427
46625,0,0,36641,-15.137684106826782,-11.009793758392334,0.21428571428571427
46626,0,0,36640,-15.137684106826782,-11.009793758392334,0.21428571428571427
46627,0,0,36639,-15.137684106826782,-11.009793758392334,0.21428571428571427
46628,0,0,36638,-15.137684106826782,-11.009793758392334,0.21428571428571427
46629,0,0,36637,-15.137684106826782,-11.009793758392334,0.21428571428571427
46630,0,0,36636,-15.137684106826782,-11.009793758392334,0.21428571428571427
46631,0,0,36635,-15.137684106826782,-11.009793758392334,0.21428571428571427
46632,0,0,36634,-15.137684106826782,-11.009793758392334,0.21428571428571427
46633,0,0,36633,-15.137684106826782,-11.009793758392334,0.21428571428571427
46634,0,0,36632,-15.137684106826782,-11.009793758392334,0.21428571428571427
46635,0,0,36631,-15.137684106826782,-11.009793758392334,0.21428571428571427
46636,0,0,36630,-15.137684106826782,-11.009793758392334,0.21428571428571427
46637,0,0,36629,-15.137684106826782,-11.009793758392334,0.21428571428571427
46638,0,0,36628,-15.137684106826782,-11.009793758392334,0.21428571428571427
46639,0,0,36627,-15.137684106826782,-11.009793758392334,0.21428571428571427
46640,0,0,36626,-15.137684106826782,-11.009793758392334,0.21428571428571427
46641,0,0,36625,-15.137684106826782,-11.009793758392334,0.21428571428571427
46642,0,0,36624,-15.137684106826782,-11.009793758392334,0.21428571428571427
46643,0,0,36623,-15.137684106826782,-11.009793758392334,0.21428571428571427
46644,0,0,36622,-15.137684106826782,-11.009793758392334,0.21428571428571427
46645,0,0,36643,-15.137684106826782,-11.009793758392334,0.21428571428571427
46646,0,0,36644,-15.137684106826782,-11.009793758392334,0.21428571428571427
46647,0,0,36645,-15.137684106826782,-11.009793758392334,0.21428571428571427
46648,0,0,36657,-15.137684106826782,-11.009793758392334,0.21428571428571427
46649,0,0,36666,-15.137684106826782,-11.009793758392334,0.21428571428571427
46650,0,0,36665,-15.137684106826782,-11.009793758392334,0.21428571428571427
46651,0,0,36664,-15.137684106826782,-11.009793758392334,0.21428571428571427
46652,0,0,36663,-15.137684106826782,-11.009793758392334,0.21428571428571427
46653,0,0,36662,-15.137684106826782,-11.009793758392334,0.21428571428571427
46654,0,0,36661,-15.137684106826782,-11.009793758392334,0.21428571428571427
46655,0,0,36660,-15.137684106826782,-11.009793758392334,0.21428571428571427
46656,0,0,36659,-15.137684106826782,-11.009793758392334,0.21428571428571427
46657,0,0,36658,-15.137684106826782,-11.009793758392334,0.21428571428571427
46658,0,0,36656,-15.137684106826782,-11.009793758392334,0.21428571428571427
46659,0,0,36646,-15.137684106826782,-11.009793758392334,0.21428571428571427
46660,0,0,36655,-15.137684106826782,-11.009793758392334,0.21428571428571427
46661,0,0,36654,-15.137684106826782,-11.009793758392334,0.21428571428571427
46662,0,0,36653,-15.137684106826782,-11.009793758392334,0.21428571428571427
46663,0,0,36652,-15.137684106826782,-11.009793758392334,0.21428571428571427
46664,0,0,36651,-15.137684106826782,-11.009793758392334,0.21428571428571427
46665,0,0,36650,-15.137684106826782,-11.009793758392334,0.21428571428571427
46666,0,0,36649,-15.137684106826782,-11.009793758392334,0.21428571428571427
46667,0,0,36648,-15.137684106826782,-11.009793758392334,0.21428571428571427
46668,0,0,36647,-15.137684106826782,-11.009793758392334,0.21428571428571427
46669,0,0,36571,-15.137684106826782,-11.009793758392334,0.21428571428571427
46670,0,0,36521,-15.137684106826782,-11.009793758392334,0.21428571428571427
46671,0,0,36376,-15.137684106826782,-11.009793758392334,0.21428571428571427
46672,0,0,36520,-15.137684106826782,-11.009793758392334,0.21428571428571427
46673,0,0,36398,-15.137684106826782,-11.009793758392334,0.21428571428571427
46674,0,0,36397,-15.137684106826782,-11.009793758392334,0.21428571428571427
46675,0,0,36396,-15.137684106826782,-11.009793758392334,0.21428571428571427
46676,0,0,36395,-15.137684106826782,-11.009793758392334,0.21428571428571427
46677,0,0,36394,-15.137684106826782,-11.009793758392334,0.21428571428571427
46678,0,0,36393,-15.137684106826782,-11.009793758392334,0.21428571428571427
46679,0,0,36392,-15.137684106826782,-11.009793758392334,0.21428571428571427
46680,0,0,36391,-15.137684106826782,-11.009793758392334,0.21428571428571427
46681,0,0,36390,-15.137684106826782,-11.009793758392334,0.21428571428571427
46682,0,0,36389,-15.137684106826782,-11.009793758392334,0.21428571428571427
46683,0,0,36388,-15.137684106826782,-11.009793758392334,0.21428571428571427
46684,0,0,36387,-15.137684106826782,-11.009793758392334,0.21428571428571427
46685,0,0,36386,-15.137684106826782,-11.009793758392334,0.21428571428571427
46686,0,0,36385,-15.137684106826782,-11.009793758392334,0.21428571428571427
46687,0,0,36384,-15.137684106826782,-11.009793758392334,0.21428571428571427
46688,0,0,36383,-15.137684106826782,-11.009793758392334,0.21428571428571427
46689,0,0,36382,-15.137684106826782,-11.009793758392334,0.21428571428571427
46690,0,0,36381,-15.137684106826782,-11.009793758392334,0.21428571428571427
46691,0,0,36380,-15.137684106826782,-11.009793758392334,0.21428571428571427
46692,0,0,36379,-15.137684106826782,-11.009793758392334,0.21428571428571427
46693,0,0,36378,-15.137684106826782,-11.009793758392334,0.21428571428571427
46694,0,0,36399,-15.137684106826782,-11.009793758392334,0.21428571428571427
46695,0,0,36400,-15.137684106826782,-11.009793758392334,0.21428571428571427
46696,0,0,36401,-15.137684106826782,-11.009793758392334,0.21428571428571427
46697,0,0,36413,-15.137684106826782,-11.009793758392334,0.21428571428571427
46698,0,0,36422,-15.137684106826782,-11.009793758392334,0.21428571428571427
46699,0,0,36421,-15.137684106826782,-11.009793758392334,0.21428571428571427
46700,0,0,36420,-15.137684106826782,-11.009793758392334,0.21428571428571427
46701,0,0,36419,-15.137684106826782,-11.009793758392334,0.21428571428571427
46702,0,0,36418,-15.137684106826782,-11.009793758392334,0.21428571428571427
46703,0,0,36417,-15.137684106826782,-11.009793758392334,0.21428571428571427
46704,0,0,36416,-15.137684106826782,-11.009793758392334,0.21428571428571427
46705,0,0,36415,-15.137684106826782,-11.009793758392334,0.21428571428571427
46706,0,0,36414,-15.137684106826782,-11.009793758392334,0.21428571428571427
46707,0,0,36412,-15.137684106826782,-11.009793758392334,0.21428571428571427
46708,0,0,36402,-15.137684106826782,-11.009793758392334,0.21428571428571427
46709,0,0,36411,-15.137684106826782,-11.009793758392334,0.21428571428571427
46710,0,0,36410,-15.137684106826782,-11.009793758392334,0.21428571428571427
46711,0,0,36409,-15.137684106826782,-11.009793758392334,0.21428571428571427
46712,0,0,36408,-15.137684106826782,-11.009793758392334,0.21428571428571427
46713,0,0,36407,-15.137684106826782,-11.009793758392334,0.21428571428571427
46714,0,0,36406,-15.137684106826782,-11.009793758392334,0.21428571428571427
46715,0,0,36405,-15.137684106826782,-11.009793758392334,0.21428571428571427
46716,0,0,36404,-15.137684106826782,-11.009793758392334,0.21428571428571427
46717,0,0,36403,-15.137684106826782,-11.009793758392334,0.21428571428571427
46718,0,0,36377,-15.137684106826782,-11.009793758392334,0.21428571428571427
46719,0,0,36375,-15.137684106826782,-11.009793758392334,0.21428571428571427
46720,0,0,36328,-15.137684106826782,-11.009793758392334,0.21428571428571427
46721,0,0,36374,-15.137684106826782,-11.009793758392334,0.21428571428571427
46722,0,0,17,-15.137684106826782,-11.009793758392334,0.21428571428571427
46723,0,0,36349,-15.137684106826782,-11.009793758392334,0.21428571428571427
46724,0,0,36348,-15.137684106826782,-11.009793758392334,0.21428571428571427
46725,0,0,36347,-15.137684106826782,-11.009793758392334,0.21428571428571427
46726,0,0,36346,-15.137684106826782,-11.009793758392334,0.21428571428571427
46727,0,0,36345,-15.137684106826782,-11.009793758392334,0.21428571428571427
46728,0,0,36344,-15.137684106826782,-11.009793758392334,0.21428571428571427
46729,0,0,36343,-15.137684106826782,-11.009793758392334,0.21428571428571427
46730,0,0,36342,-15.137684106826782,-11.009793758392334,0.21428571428571427
46731,0,0,36341,-15.137684106826782,-11.009793758392334,0.21428571428571427
46732,0,0,36340,-15.137684106826782,-11.009793758392334,0.21428571428571427
46733,0,0,36339,-15.137684106826782,-11.009793758392334,0.21428571428571427
46734,0,0,36338,-15.137684106826782,-11.009793758392334,0.21428571428571427
46735,0,0,36337,-15.137684106826782,-11.009793758392334,0.21428571428571427
46736,0,0,36336,-15.137684106826782,-11.009793758392334,0.21428571428571427
46737,0,0,36335,-15.137684106826782,-11.009793758392334,0.21428571428571427
46738,0,0,36334,-15.137684106826782,-11.009793758392334,0.21428571428571427
46739,0,0,36333,-15.137684106826782,-11.009793758392334,0.21428571428571427
46740,0,0,36332,-15.137684106826782,-11.009793758392334,0.21428571428571427
46741,0,0,36331,-15.137684106826782,-11.009793758392334,0.21428571428571427
46742,0,0,36330,-15.137684106826782,-11.009793758392334,0.21428571428571427
46743,0,0,36329,-15.137684106826782,-11.009793758392334,0.21428571428571427
46744,0,0,36350,-15.137684106826782,-11.009793758392334,0.21428571428571427
46745,0,0,36351,-15.137684106826782,-11.009793758392334,0.21428571428571427
46746,0,0,36352,-15.137684106826782,-11.009793758392334,0.21428571428571427
46747,0,0,36364,-15.137684106826782,-11.009793758392334,0.21428571428571427
46748,0,0,36373,-15.137684106826782,-11.009793758392334,0.21428571428571427
46749,0,0,36372,-15.137684106826782,-11.009793758392334,0.21428571428571427
46750,0,0,36371,-15.137684106826782,-11.009793758392334,0.21428571428571427
46751,0,0,36370,-15.137684106826782,-11.009793758392334,0.21428571428571427
46752,0,0,36369,-15.137684106826782,-11.009793758392334,0.21428571428571427
46753,0,0,36368,-15.137684106826782,-11.009793758392334,0.21428571428571427
46754,0,0,36367,-15.137684106826782,-11.009793758392334,0.21428571428571427
46755,0,0,36366,-15.137684106826782,-11.009793758392334,0.21428571428571427
46756,0,0,36365,-15.137684106826782,-11.009793758392334,0.21428571428571427
46757,0,0,36363,-15.137684106826782,-11.009793758392334,0.21428571428571427
46758,0,0,36353,-15.137684106826782,-11.009793758392334,0.21428571428571427
46759,0,0,36362,-15.137684106826782,-11.009793758392334,0.21428571428571427
46760,0,0,36361,-15.137684106826782,-11.009793758392334,0.21428571428571427
46761,0,0,36360,-15.137684106826782,-11.009793758392334,0.21428571428571427
46762,0,0,36359,-15.137684106826782,-11.009793758392334,0.21428571428571427
46763,0,0,36358,-15.137684106826782,-11.009793758392334,0.21428571428571427
46764,0,0,36357,-15.137684106826782,-11.009793758392334,0.21428571428571427
46765,0,0,36356,-15.137684106826782,-11.009793758392334,0.21428571428571427
46766,0,0,36355,-15.137684106826782,-11.009793758392334,0.21428571428571427
46767,0,0,36354,-15.137684106826782,-11.009793758392334,0.21428571428571427
46768,0,0,36423,-15.137684106826782,-11.009793758392334,0.21428571428571427
46769,0,0,36424,-15.137684106826782,-11.009793758392334,0.21428571428571427
46770,0,0,36425,-15.137684106826782,-11.009793758392334,0.21428571428571427
46771,0,0,36426,-15.137684106826782,-11.009793758392334,0.21428571428571427
46772,0,0,36495,-15.137684106826782,-11.009793758392334,0.21428571428571427
46773,0,0,36494,-15.137684106826782,-11.009793758392334,0.21428571428571427
46774,0,0,36493,-15.137684106826782,-11.009793758392334,0.21428571428571427
46775,0,0,36492,-15.137684106826782,-11.009793758392334,0.21428571428571427
46776,0,0,36491,-15.137684106826782,-11.009793758392334,0.21428571428571427
46777,0,0,36490,-15.137684106826782,-11.009793758392334,0.21428571428571427
46778,0,0,36489,-15.137684106826782,-11.009793758392334,0.21428571428571427
46779,0,0,36488,-15.137684106826782,-11.009793758392334,0.21428571428571427
46780,0,0,36487,-15.137684106826782,-11.009793758392334,0.21428571428571427
46781,0,0,36485,-15.137684106826782,-11.009793758392334,0.21428571428571427
46782,0,0,36475,-15.137684106826782,-11.009793758392334,0.21428571428571427
46783,0,0,36484,-15.137684106826782,-11.009793758392334,0.21428571428571427
46784,0,0,36483,-15.137684106826782,-11.009793758392334,0.21428571428571427
46785,0,0,36482,-15.137684106826782,-11.009793758392334,0.21428571428571427
46786,0,0,36481,-15.137684106826782,-11.009793758392334,0.21428571428571427
46787,0,0,36480,-15.137684106826782,-11.009793758392334,0.21428571428571427
46788,0,0,36479,-15.137684106826782,-11.009793758392334,0.21428571428571427
46789,0,0,36478,-15.137684106826782,-11.009793758392334,0.21428571428571427
46790,0,0,36477,-15.137684106826782,-11.009793758392334,0.21428571428571427
46791,0,0,36476,-15.137684106826782,-11.009793758392334,0.21428571428571427
46792,0,0,36496,-15.137684106826782,-11.009793758392334,0.21428571428571427
46793,0,0,36486,-15.137684106826782,-11.009793758392334,0.21428571428571427
46794,0,0,36497,-15.137684106826782,-11.009793758392334,0.21428571428571427
46795,0,0,36510,-15.137684106826782,-11.009793758392334,0.21428571428571427
46796,0,0,36519,-15.137684106826782,-11.009793758392334,0.21428571428571427
46797,0,0,36518,-15.137684106826782,-11.009793758392334,0.21428571428571427
46798,0,0,36517,-15.137684106826782,-11.009793758392334,0.21428571428571427
46799,0,0,36516,-15.137684106826782,-11.009793758392334,0.21428571428571427
46800,0,0,36515,-15.137684106826782,-11.009793758392334,0.21428571428571427
46801,0,0,36514,-15.137684106826782,-11.009793758392334,0.21428571428571427
46802,0,0,36513,-15.137684106826782,-11.009793758392334,0.21428571428571427
46803,0,0,36512,-15.137684106826782,-11.009793758392334,0.21428571428571427
46804,0,0,36511,-15.137684106826782,-11.009793758392334,0.21428571428571427
46805,0,0,36509,-15.137684106826782,-11.009793758392334,0.21428571428571427
46806,0,0,36499,-15.137684106826782,-11.009793758392334,0.21428571428571427
46807,0,0,36508,-15.137684106826782,-11.009793758392334,0.21428571428571427
46808,0,0,36507,-15.137684106826782,-11.009793758392334,0.21428571428571427
46809,0,0,36506,-15.137684106826782,-11.009793758392334,0.21428571428571427
46810,0,0,36505,-15.137684106826782,-11.009793758392334,0.21428571428571427
46811,0,0,36504,-15.137684106826782,-11.009793758392334,0.21428571428571427
46812,0,0,36503,-15.137684106826782,-11.009793758392334,0.21428571428571427
46813,0,0,36502,-15.137684106826782,-11.009793758392334,0.21428571428571427
46814,0,0,36501,-15.137684106826782,-11.009793758392334,0.21428571428571427
46815,0,0,36500,-15.137684106826782,-11.009793758392334,0.21428571428571427
46816,0,0,36498,-15.137684106826782,-11.009793758392334,0.21428571428571427
46817,0,0,36474,-15.137684106826782,-11.009793758392334,0.21428571428571427
46818,0,0,36473,-15.137684106826782,-11.009793758392334,0.21428571428571427
46819,0,0,36472,-15.137684106826782,-11.009793758392334,0.21428571428571427
46820,0,0,36447,-15.137684106826782,-11.009793758392334,0.21428571428571427
46821,0,0,36446,-15.137684106826782,-11.009793758392334,0.21428571428571427
46822,0,0,36445,-15.137684106826782,-11.009793758392334,0.21428571428571427
46823,0,0,36444,-15.137684106826782,-11.009793758392334,0.21428571428571427
46824,0,0,36443,-15.137684106826782,-11.009793758392334,0.21428571428571427
46825,0,0,36442,-15.137684106826782,-11.009793758392334,0.21428571428571427
46826,0,0,36441,-15.137684106826782,-11.009793758392334,0.21428571428571427
46827,0,0,36440,-15.137684106826782,-11.009793758392334,0.21428571428571427
46828,0,0,36439,-15.137684106826782,-11.009793758392334,0.21428571428571427
46829,0,0,36438,-15.137684106826782,-11.009793758392334,0.21428571428571427
46830,0,0,36437,-15.137684106826782,-11.009793758392334,0.21428571428571427
46831,0,0,36436,-15.137684106826782,-11.009793758392334,0.21428571428571427
46832,0,0,36435,-15.137684106826782,-11.009793758392334,0.21428571428571427
46833,0,0,36434,-15.137684106826782,-11.009793758392334,0.21428571428571427
46834,0,0,36433,-15.137684106826782,-11.009793758392334,0.21428571428571427
46835,0,0,36432,-15.137684106826782,-11.009793758392334,0.21428571428571427
46836,0,0,36431,-15.137684106826782,-11.009793758392334,0.21428571428571427
46837,0,0,36430,-15.137684106826782,-11.009793758392334,0.21428571428571427
46838,0,0,36429,-15.137684106826782,-11.009793758392334,0.21428571428571427
46839,0,0,36428,-15.137684106826782,-11.009793758392334,0.21428571428571427
46840,0,0,36427,-15.137684106826782,-11.009793758392334,0.21428571428571427
46841,0,0,36448,-15.137684106826782,-11.009793758392334,0.21428571428571427
46842,0,0,36449,-15.137684106826782,-11.009793758392334,0.21428571428571427
46843,0,0,36450,-15.137684106826782,-11.009793758392334,0.21428571428571427
46844,0,0,36462,-15.137684106826782,-11.009793758392334,0.21428571428571427
46845,0,0,36471,-15.137684106826782,-11.009793758392334,0.21428571428571427
46846,0,0,36470,-15.137684106826782,-11.009793758392334,0.21428571428571427
46847,0,0,36469,-15.137684106826782,-11.009793758392334,0.21428571428571427
46848,0,0,36468,-15.137684106826782,-11.009793758392334,0.21428571428571427
46849,0,0,36467,-15.137684106826782,-11.009793758392334,0.21428571428571427
46850,0,0,36466,-15.137684106826782,-11.009793758392334,0.21428571428571427
46851,0,0,36465,-15.137684106826782,-11.009793758392334,0.21428571428571427
46852,0,0,36464,-15.137684106826782,-11.009793758392334,0.21428571428571427
46853,0,0,36463,-15.137684106826782,-11.009793758392334,0.21428571428571427
46854,0,0,36461,-15.137684106826782,-11.009793758392334,0.21428571428571427
46855,0,0,36451,-15.137684106826782,-11.009793758392334,0.21428571428571427
46856,0,0,36460,-15.137684106826782,-11.009793758392334,0.21428571428571427
46857,0,0,36459,-15.137684106826782,-11.009793758392334,0.21428571428571427
46858,0,0,36458,-15.137684106826782,-11.009793758392334,0.21428571428571427
46859,0,0,36457,-15.137684106826782,-11.009793758392334,0.21428571428571427
46860,0,0,36456,-15.137684106826782,-11.009793758392334,0.21428571428571427
46861,0,0,36455,-15.137684106826782,-11.009793758392334,0.21428571428571427
46862,0,0,36454,-15.137684106826782,-11.009793758392334,0.21428571428571427
46863,0,0,36453,-15.137684106826782,-11.009793758392334,0.21428571428571427
46864,0,0,36452,-15.137684106826782,-11.009793758392334,0.21428571428571427
46865,0,0,35936,-15.137684106826782,-11.009793758392334,0.21428571428571427
46866,0,0,34373,-15.137684106826782,-11.009793758392334,0.21428571428571427
46867,0,0,32812,-15.137684106826782,-11.009793758392334,0.21428571428571427
46868,0,0,34372,-15.137684106826782,-11.009793758392334,0.21428571428571427
46869,0,0,32298,-15.137684106826782,-11.009793758392334,0.21428571428571427
46870,0,0,32297,-15.137684106826782,-11.009793758392334,0.21428571428571427
46871,0,0,32296,-15.137684106826782,-11.009793758392334,0.21428571428571427
46872,0,0,32295,-15.137684106826782,-11.009793758392334,0.21428571428571427
46873,0,0,32294,-15.137684106826782,-11.009793758392334,0.21428571428571427
46874,0,0,32293,-15.137684106826782,-11.009793758392334,0.21428571428571427
46875,0,0,32292,-15.137684106826782,-11.009793758392334,0.21428571428571427
46876,0,0,32291,-15.137684106826782,-11.009793758392334,0.21428571428571427
46877,0,0,32290,-15.137684106826782,-11.009793758392334,0.21428571428571427
46878,0,0,32289,-15.137684106826782,-11.009793758392334,0.21428571428571427
46879,0,0,32288,-15.137684106826782,-11.009793758392334,0.21428571428571427
46880,0,0,32287,-15.137684106826782,-11.009793758392334,0.21428571428571427
46881,0,0,32286,-15.137684106826782,-11.009793758392334,0.21428571428571427
46882,0,0,32285,-15.137684106826782,-11.009793758392334,0.21428571428571427
46883,0,0,32284,-15.137684106826782,-11.009793758392334,0.21428571428571427
46884,0,0,32283,-15.137684106826782,-11.009793758392334,0.21428571428571427
46885,0,0,32282,-15.137684106826782,-11.009793758392334,0.21428571428571427
46886,0,0,32281,-15.137684106826782,-11.009793758392334,0.21428571428571427
46887,0,0,32280,-15.137684106826782,-11.009793758392334,0.21428571428571427
46888,0,0,32279,-15.137684106826782,-11.009793758392334,0.21428571428571427
46889,0,0,32278,-15.137684106826782,-11.009793758392334,0.21428571428571427
46890,0,0,32299,-15.137684106826782,-11.009793758392334,0.21428571428571427
46891,0,0,32300,-15.137684106826782,-11.009793758392334,0.21428571428571427
46892,0,0,32301,-15.137684106826782,-11.009793758392334,0.21428571428571427
46893,0,0,32313,-15.137684106826782,-11.009793758392334,0.21428571428571427
46894,0,0,32322,-15.137684106826782,-11.009793758392334,0.21428571428571427
46895,0,0,32321,-15.137684106826782,-11.009793758392334,0.21428571428571427
46896,0,0,32320,-15.137684106826782,-11.009793758392334,0.21428571428571427
46897,1,0,32319,-15.137684106826782,-11.009793758392334,0.21428571428571427
46898,0,0,32318,-15.137684106826782,-11.009793758392334,0.21428571428571427
46899,0,0,32317,-15.137684106826782,-11.009793758392334,0.21428571428571427
46900,0,0,32316,-15.137684106826782,-11.009793758392334,0.21428571428571427
46901,0,0,32315,-15.137684106826782,-11.009793758392334,0.21428571428571427
46902,0,0,32314,-15.137684106826782,-11.009793758392334,0.21428571428571427
46903,0,0,32312,-15.137684106826782,-11.009793758392334,0.21428571428571427
46904,0,0,32302,-15.137684106826782,-11.009793758392334,0.21428571428571427
46905,0,0,32311,-15.137684106826782,-11.009793758392334,0.21428571428571427
46906,0,0,32310,-15.137684106826782,-11.009793758392334,0.21428571428571427
46907,0,0,32309,-15.137684106826782,-11.009793758392334,0.21428571428571427
46908,0,0,32308,-15.137684106826782,-11.009793758392334,0.21428571428571427
46909,0,0,32307,-15.137684106826782,-11.009793758392334,0.21428571428571427
46910,0,0,32306,-15.137684106826782,-11.009793758392334,0.21428571428571427
46911,0,0,32305,-15.137684106826782,-11.009793758392334,0.21428571428571427
46912,0,0,32304,-15.137684106826782,-11.009793758392334,0.21428571428571427
46913,0,0,32303,-15.137684106826782,-11.009793758392334,0.21428571428571427
46914,0,0,32277,-15.137684106826782,-11.009793758392334,0.21428571428571427
46915,0,0,32275,-15.137684106826782,-11.009793758392334,0.21428571428571427
46916,0,0,32228,-15.137684106826782,-11.009793758392334,0.21428571428571427
46917,0,0,32274,-15.137684106826782,-11.009793758392334,0.21428571428571427
46918,0,0,32249,-15.137684106826782,-11.009793758392334,0.21428571428571427
46919,0,0,32248,-15.137684106826782,-11.009793758392334,0.21428571428571427
46920,0,0,32247,-15.137684106826782,-11.009793758392334,0.21428571428571427
46921,0,0,32246,-15.137684106826782,-11.009793758392334,0.21428571428571427
46922,0,0,32245,-15.137684106826782,-11.009793758392334,0.21428571428571427
46923,0,0,32244,-15.137684106826782,-11.009793758392334,0.21428571428571427
46924,0,0,32243,-15.137684106826782,-11.009793758392334,0.21428571428571427
46925,0,0,32242,-15.137684106826782,-11.009793758392334,0.21428571428571427
46926,0,0,32241,-15.137684106826782,-11.009793758392334,0.21428571428571427
46927,1,0,32240,-15.137684106826782,-11.009793758392334,0.21428571428571427
46928,0,0,32239,-15.137684106826782,-11.009793758392334,0.21428571428571427
46929,0,0,32238,-15.137684106826782,-11.009793758392334,0.21428571428571427
46930,0,0,32237,-15.137684106826782,-11.009793758392334,0.21428571428571427
46931,0,0,32236,-15.137684106826782,-11.009793758392334,0.21428571428571427
46932,0,0,32235,-15.137684106826782,-11.009793758392334,0.21428571428571427
46933,0,0,32234,-15.137684106826782,-11.009793758392334,0.21428571428571427
46934,0,0,32233,-15.137684106826782,-11.009793758392334,0.21428571428571427
46935,0,0,32232,-15.137684106826782,-11.009793758392334,0.21428571428571427
46936,0,0,32231,-15.137684106826782,-11.009793758392334,0.21428571428571427
46937,0,0,32230,-15.137684106826782,-11.009793758392334,0.21428571428571427
46938,1,0,32229,-15.137684106826782,-11.009793758392334,0.21428571428571427
46939,0,0,32250,-15.137684106826782,-11.009793758392334,0.21428571428571427
46940,0,0,32251,-15.137684106826782,-11.009793758392334,0.21428571428571427
46941,0,0,32252,-15.137684106826782,-11.009793758392334,0.21428571428571427
46942,0,0,32264,-15.137684106826782,-11.009793758392334,0.21428571428571427
46943,0,0,32273,-15.137684106826782,-11.009793758392334,0.21428571428571427
46944,0,0,32272,-15.137684106826782,-11.009793758392334,0.21428571428571427
46945,0,0,32271,-15.137684106826782,-11.009793758392334,0.21428571428571427
46946,0,0,32270,-15.137684106826782,-11.009793758392334,0.21428571428571427
46947,0,0,32269,-15.137684106826782,-11.009793758392334,0.21428571428571427
46948,0,0,32268,-15.137684106826782,-11.009793758392334,0.21428571428571427
46949,0,0,32267,-15.137684106826782,-11.009793758392334,0.21428571428571427
46950,0,0,32266,-15.137684106826782,-11.009793758392334,0.21428571428571427
46951,0,0,32265,-15.137684106826782,-11.009793758392334,0.21428571428571427
46952,0,0,32263,-15.137684106826782,-11.009793758392334,0.21428571428571427
46953,0,0,32253,-15.137684106826782,-11.009793758392334,0.21428571428571427
46954,0,0,32262,-15.137684106826782,-11.009793758392334,0.21428571428571427
46955,0,0,32261,-15.137684106826782,-11.009793758392334,0.21428571428571427
46956,0,0,32260,-15.137684106826782,-11.009793758392334,0.21428571428571427
46957,0,0,32259,-15.137684106826782,-11.009793758392334,0.21428571428571427
46958,0,0,32258,-15.137684106826782,-11.009793758392334,0.21428571428571427
46959,0,0,32257,-15.137684106826782,-11.009793758392334,0.21428571428571427
46960,0,0,32256,-15.137684106826782,-11.009793758392334,0.21428571428571427
46961,0,0,32255,-15.137684106826782,-11.009793758392334,0.21428571428571427
46962,0,0,32254,-15.137684106826782,-11.009793758392334,0.21428571428571427
46963,0,0,32323,-15.137684106826782,-11.009793758392334,0.21428571428571427
46964,0,0,32324,-15.137684106826782,-11.009793758392334,0.21428571428571427
46965,0,0,32325,-15.137684106826782,-11.009793758392334,0.21428571428571427
46966,0,0,32326,-15.137684106826782,-11.009793758392334,0.21428571428571427
46967,0,0,32395,-15.137684106826782,-11.009793758392334,0.21428571428571427
46968,0,0,32394,-15.137684106826782,-11.009793758392334,0.21428571428571427
46969,0,0,32393,-15.137684106826782,-11.009793758392334,0.21428571428571427
46970,0,0,32392,-15.137684106826782,-11.009793758392334,0.21428571428571427
46971,0,0,32391,-15.137684106826782,-11.009793758392334,0.21428571428571427
46972,0,0,32390,-15.137684106826782,-11.009793758392334,0.21428571428571427
46973,0,0,32389,-15.137684106826782,-11.009793758392334,0.21428571428571427
46974,0,0,32388,-15.137684106826782,-11.009793758392334,0.21428571428571427
46975,0,0,32387,-15.137684106826782,-11.009793758392334,0.21428571428571427
46976,0,0,32385,-15.137684106826782,-11.009793758392334,0.21428571428571427
46977,0,0,32375,-15.137684106826782,-11.009793758392334,0.21428571428571427
46978,0,0,32384,-15.137684106826782,-11.009793758392334,0.21428571428571427
46979,0,0,32383,-15.137684106826782,-11.009793758392334,0.21428571428571427
46980,0,0,32382,-15.137684106826782,-11.009793758392334,0.21428571428571427
46981,0,0,32381,-15.137684106826782,-11.009793758392334,0.21428571428571427
46982,0,0,32380,-15.137684106826782,-11.009793758392334,0.21428571428571427
46983,0,0,32379,-15.137684106826782,-11.009793758392334,0.21428571428571427
46984,0,0,32378,-15.137684106826782,-11.009793758392334,0.21428571428571427
46985,0,0,32377,-15.137684106826782,-11.009793758392334,0.21428571428571427
46986,0,0,32376,-15.137684106826782,-11.009793758392334,0.21428571428571427
46987,0,0,32396,-15.137684106826782,-11.009793758392334,0.21428571428571427
46988,0,0,32386,-15.137684106826782,-11.009793758392334,0.21428571428571427
46989,0,0,32397,-15.137684106826782,-11.009793758392334,0.21428571428571427
46990,0,0,32410,-15.137684106826782,-11.009793758392334,0.21428571428571427
46991,0,0,32419,-15.137684106826782,-11.009793758392334,0.21428571428571427
46992,0,0,32418,-15.137684106826782,-11.009793758392334,0.21428571428571427
46993,0,0,32417,-15.137684106826782,-11.009793758392334,0.21428571428571427
46994,0,0,32416,-15.137684106826782,-11.009793758392334,0.21428571428571427
46995,0,0,32415,-15.137684106826782,-11.009793758392334,0.21428571428571427
46996,0,0,32414,-15.137684106826782,-11.009793758392334,0.21428571428571427
46997,0,0,32413,-15.137684106826782,-11.009793758392334,0.21428571428571427
46998,0,0,32412,-15.137684106826782,-11.009793758392334,0.21428571428571427
46999,0,0,32411,-15.137684106826782,-11.009793758392334,0.21428571428571427
47000,0,0,32409,-15.137684106826782,-11.009793758392334,0.21428571428571427
47001,0,0,32399,-15.137684106826782,-11.009793758392334,0.21428571428571427
47002,0,0,32408,-15.137684106826782,-11.009793758392334,0.21428571428571427
47003,0,0,32407,-15.137684106826782,-11.009793758392334,0.21428571428571427
47004,0,0,32406,-15.137684106826782,-11.009793758392334,0.21428571428571427
47005,0,0,32405,-15.137684106826782,-11.009793758392334,0.21428571428571427
47006,0,0,32404,-15.137684106826782,-11.009793758392334,0.21428571428571427
47007,0,0,32403,-15.137684106826782,-11.009793758392334,0.21428571428571427
47008,0,0,32402,-15.137684106826782,-11.009793758392334,0.21428571428571427
47009,0,0,32401,-15.137684106826782,-11.009793758392334,0.21428571428571427
47010,0,0,32400,-15.137684106826782,-11.009793758392334,0.21428571428571427
47011,0,0,32398,-15.137684106826782,-11.009793758392334,0.21428571428571427
47012,0,0,32374,-15.137684106826782,-11.009793758392334,0.21428571428571427
47013,0,0,32373,-15.137684106826782,-11.009793758392334,0.21428571428571427
47014,0,0,32372,-15.137684106826782,-11.009793758392334,0.21428571428571427
47015,0,0,32347,-15.137684106826782,-11.009793758392334,0.21428571428571427
47016,0,0,32346,-15.137684106826782,-11.009793758392334,0.21428571428571427
47017,0,0,32345,-15.137684106826782,-11.009793758392334,0.21428571428571427
47018,0,0,32344,-15.137684106826782,-11.009793758392334,0.21428571428571427
47019,0,0,32343,-15.137684106826782,-11.009793758392334,0.21428571428571427
47020,1,0,32342,-15.137684106826782,-11.009793758392334,0.21428571428571427
47021,0,0,32341,-15.137684106826782,-11.009793758392334,0.21428571428571427
47022,0,0,32340,-15.137684106826782,-11.009793758392334,0.21428571428571427
47023,0,0,32339,-15.137684106826782,-11.009793758392334,0.21428571428571427
47024,0,0,32338,-15.137684106826782,-11.009793758392334,0.21428571428571427
47025,0,0,32337,-15.137684106826782,-11.009793758392334,0.21428571428571427
47026,0,0,32336,-15.137684106826782,-11.009793758392334,0.21428571428571427
47027,0,0,32335,-15.137684106826782,-11.009793758392334,0.21428571428571427
47028,0,0,32334,-15.137684106826782,-11.009793758392334,0.21428571428571427
47029,0,0,32333,-15.137684106826782,-11.009793758392334,0.21428571428571427
47030,0,0,32332,-15.137684106826782,-11.009793758392334,0.21428571428571427
47031,0,0,32331,-15.137684106826782,-11.009793758392334,0.21428571428571427
47032,0,0,32330,-15.137684106826782,-11.009793758392334,0.21428571428571427
47033,0,0,32329,-15.137684106826782,-11.009793758392334,0.21428571428571427
47034,0,0,32328,-15.137684106826782,-11.009793758392334,0.21428571428571427
47035,0,0,32327,-15.137684106826782,-11.009793758392334,0.21428571428571427
47036,0,0,32348,-15.137684106826782,-11.009793758392334,0.21428571428571427
47037,0,0,32349,-15.137684106826782,-11.009793758392334,0.21428571428571427
47038,0,0,32350,-15.137684106826782,-11.009793758392334,0.21428571428571427
47039,0,0,32362,-15.137684106826782,-11.009793758392334,0.21428571428571427
47040,0,0,32371,-15.137684106826782,-11.009793758392334,0.21428571428571427
47041,0,0,32370,-15.137684106826782,-11.009793758392334,0.21428571428571427
47042,0,0,32369,-15.137684106826782,-11.009793758392334,0.21428571428571427
47043,0,0,32368,-15.137684106826782,-11.009793758392334,0.21428571428571427
47044,0,0,32367,-15.137684106826782,-11.009793758392334,0.21428571428571427
47045,0,0,32366,-15.137684106826782,-11.009793758392334,0.21428571428571427
47046,0,0,32365,-15.137684106826782,-11.009793758392334,0.21428571428571427
47047,0,0,32364,-15.137684106826782,-11.009793758392334,0.21428571428571427
47048,0,0,32363,-15.137684106826782,-11.009793758392334,0.21428571428571427
47049,0,0,32361,-15.137684106826782,-11.009793758392334,0.21428571428571427
47050,0,0,32351,-15.137684106826782,-11.009793758392334,0.21428571428571427
47051,0,0,32360,-15.137684106826782,-11.009793758392334,0.21428571428571427
47052,0,0,32359,-15.137684106826782,-11.009793758392334,0.21428571428571427
47053,0,0,32358,-15.137684106826782,-11.009793758392334,0.21428571428571427
47054,0,0,32357,-15.137684106826782,-11.009793758392334,0.21428571428571427
47055,0,0,32356,-15.137684106826782,-11.009793758392334,0.21428571428571427
47056,0,0,32355,-15.137684106826782,-11.009793758392334,0.21428571428571427
47057,0,0,32354,-15.137684106826782,-11.009793758392334,0.21428571428571427
47058,0,0,32353,-15.137684106826782,-11.009793758392334,0.21428571428571427
47059,0,0,32352,-15.137684106826782,-11.009793758392334,0.21428571428571427
47060,0,0,32276,-15.137684106826782,-11.009793758392334,0.21428571428571427
47061,0,0,32227,-15.137684106826782,-11.009793758392334,0.21428571428571427
47062,0,0,32226,-15.137684106826782,-11.009793758392334,0.21428571428571427
47063,0,0,32225,-15.137684106826782,-11.009793758392334,0.21428571428571427
47064,0,0,32102,-15.137684106826782,-11.009793758392334,0.21428571428571427
47065,0,0,32101,-15.137684106826782,-11.009793758392334,0.21428571428571427
47066,0,0,32100,-15.137684106826782,-11.009793758392334,0.21428571428571427
47067,0,0,32099,-15.137684106826782,-11.009793758392334,0.21428571428571427
47068,0,0,32098,-15.137684106826782,-11.009793758392334,0.21428571428571427
47069,0,0,32097,-15.137684106826782,-11.009793758392334,0.21428571428571427
47070,0,0,32096,-15.137684106826782,-11.009793758392334,0.21428571428571427
47071,0,0,32095,-15.137684106826782,-11.009793758392334,0.21428571428571427
47072,0,0,32094,-15.137684106826782,-11.009793758392334,0.21428571428571427
47073,0,0,32093,-15.137684106826782,-11.009793758392334,0.21428571428571427
47074,0,0,32092,-15.137684106826782,-11.009793758392334,0.21428571428571427
47075,0,0,32091,-15.137684106826782,-11.009793758392334,0.21428571428571427
47076,0,0,32090,-15.137684106826782,-11.009793758392334,0.21428571428571427
47077,0,0,32089,-15.137684106826782,-11.009793758392334,0.21428571428571427
47078,0,0,32088,-15.137684106826782,-11.009793758392334,0.21428571428571427
47079,0,0,32087,-15.137684106826782,-11.009793758392334,0.21428571428571427
47080,0,0,32086,-15.137684106826782,-11.009793758392334,0.21428571428571427
47081,0,0,32085,-15.137684106826782,-11.009793758392334,0.21428571428571427
47082,0,0,32084,-15.137684106826782,-11.009793758392334,0.21428571428571427
47083,0,0,32083,-15.137684106826782,-11.009793758392334,0.21428571428571427
47084,0,0,32082,-15.137684106826782,-11.009793758392334,0.21428571428571427
47085,0,0,32103,-15.137684106826782,-11.009793758392334,0.21428571428571427
47086,0,0,32104,-15.137684106826782,-11.009793758392334,0.21428571428571427
47087,0,0,32105,-15.137684106826782,-11.009793758392334,0.21428571428571427
47088,0,0,32117,-15.137684106826782,-11.009793758392334,0.21428571428571427
47089,0,0,32126,-15.137684106826782,-11.009793758392334,0.21428571428571427
47090,0,0,32125,-15.137684106826782,-11.009793758392334,0.21428571428571427
47091,0,0,32124,-15.137684106826782,-11.009793758392334,0.21428571428571427
47092,0,0,32123,-15.137684106826782,-11.009793758392334,0.21428571428571427
47093,0,0,32122,-15.137684106826782,-11.009793758392334,0.21428571428571427
47094,0,0,32121,-15.137684106826782,-11.009793758392334,0.21428571428571427
47095,0,0,32120,-15.137684106826782,-11.009793758392334,0.21428571428571427
47096,0,0,32119,-15.137684106826782,-11.009793758392334,0.21428571428571427
47097,0,0,32118,-15.137684106826782,-11.009793758392334,0.21428571428571427
47098,0,0,32116,-15.137684106826782,-11.009793758392334,0.21428571428571427
47099,0,0,32106,-15.137684106826782,-11.009793758392334,0.21428571428571427
47100,0,0,32115,-15.137684106826782,-11.009793758392334,0.21428571428571427
47101,0,0,32114,-15.137684106826782,-11.009793758392334,0.21428571428571427
47102,0,0,32113,-15.137684106826782,-11.009793758392334,0.21428571428571427
47103,0,0,32112,-15.137684106826782,-11.009793758392334,0.21428571428571427
47104,0,0,32111,-15.137684106826782,-11.009793758392334,0.21428571428571427
47105,0,0,32110,-15.137684106826782,-11.009793758392334,0.21428571428571427
47106,0,0,32109,-15.137684106826782,-11.009793758392334,0.21428571428571427
47107,0,0,32108,-15.137684106826782,-11.009793758392334,0.21428571428571427
47108,0,0,32107,-15.137684106826782,-11.009793758392334,0.21428571428571427
47109,0,0,32081,-15.137684106826782,-11.009793758392334,0.21428571428571427
47110,0,0,32079,-15.137684106826782,-11.009793758392334,0.21428571428571427
47111,0,0,32032,-15.137684106826782,-11.009793758392334,0.21428571428571427
47112,0,0,32078,-15.137684106826782,-11.009793758392334,0.21428571428571427
47113,0,0,32053,-15.137684106826782,-11.009793758392334,0.21428571428571427
47114,0,0,32052,-15.137684106826782,-11.009793758392334,0.21428571428571427
47115,0,0,32051,-15.137684106826782,-11.009793758392334,0.21428571428571427
47116,0,0,32050,-15.137684106826782,-11.009793758392334,0.21428571428571427
47117,0,0,32049,-15.137684106826782,-11.009793758392334,0.21428571428571427
47118,0,0,32048,-15.137684106826782,-11.009793758392334,0.21428571428571427
47119,0,0,32047,-15.137684106826782,-11.009793758392334,0.21428571428571427
47120,0,0,32046,-15.137684106826782,-11.009793758392334,0.21428571428571427
47121,0,0,32045,-15.137684106826782,-11.009793758392334,0.21428571428571427
47122,0,0,32044,-15.137684106826782,-11.009793758392334,0.21428571428571427
47123,0,0,32043,-15.137684106826782,-11.009793758392334,0.21428571428571427
47124,0,0,32042,-15.137684106826782,-11.009793758392334,0.21428571428571427
47125,0,0,32041,-15.137684106826782,-11.009793758392334,0.21428571428571427
47126,0,0,32040,-15.137684106826782,-11.009793758392334,0.21428571428571427
47127,0,0,32039,-15.137684106826782,-11.009793758392334,0.21428571428571427
47128,0,0,32038,-15.137684106826782,-11.009793758392334,0.21428571428571427
47129,0,0,32037,-15.137684106826782,-11.009793758392334,0.21428571428571427
47130,0,0,32036,-15.137684106826782,-11.009793758392334,0.21428571428571427
47131,0,0,32035,-15.137684106826782,-11.009793758392334,0.21428571428571427
47132,0,0,32034,-15.137684106826782,-11.009793758392334,0.21428571428571427
47133,0,0,32033,-15.137684106826782,-11.009793758392334,0.21428571428571427
47134,0,0,32054,-15.137684106826782,-11.009793758392334,0.21428571428571427
47135,0,0,32055,-15.137684106826782,-11.009793758392334,0.21428571428571427
47136,0,0,32056,-15.137684106826782,-11.009793758392334,0.21428571428571427
47137,0,0,32068,-15.137684106826782,-11.009793758392334,0.21428571428571427
47138,0,0,32077,-15.137684106826782,-11.009793758392334,0.21428571428571427
47139,0,0,32076,-15.137684106826782,-11.009793758392334,0.21428571428571427
47140,0,0,32075,-15.137684106826782,-11.009793758392334,0.21428571428571427
47141,0,0,32074,-15.137684106826782,-11.009793758392334,0.21428571428571427
47142,0,0,32073,-15.137684106826782,-11.009793758392334,0.21428571428571427
47143,0,0,32072,-15.137684106826782,-11.009793758392334,0.21428571428571427
47144,0,0,32071,-15.137684106826782,-11.009793758392334,0.21428571428571427
47145,0,0,32070,-15.137684106826782,-11.009793758392334,0.21428571428571427
47146,0,0,32069,-15.137684106826782,-11.009793758392334,0.21428571428571427
47147,0,0,32067,-15.137684106826782,-11.009793758392334,0.21428571428571427
47148,0,0,32057,-15.137684106826782,-11.009793758392334,0.21428571428571427
47149,0,0,32066,-15.137684106826782,-11.009793758392334,0.21428571428571427
47150,0,0,32065,-15.137684106826782,-11.009793758392334,0.21428571428571427
47151,0,0,32064,-15.137684106826782,-11.009793758392334,0.21428571428571427
47152,0,0,32063,-15.137684106826782,-11.009793758392334,0.21428571428571427
47153,0,0,32062,-15.137684106826782,-11.009793758392334,0.21428571428571427
47154,0,0,32061,-15.137684106826782,-11.009793758392334,0.21428571428571427
47155,0,0,32060,-15.137684106826782,-11.009793758392334,0.21428571428571427
47156,0,0,32059,-15.137684106826782,-11.009793758392334,0.21428571428571427
47157,0,0,32058,-15.137684106826782,-11.009793758392334,0.21428571428571427
47158,0,0,32127,-15.137684106826782,-11.009793758392334,0.21428571428571427
47159,0,0,32080,-15.137684106826782,-11.009793758392334,0.21428571428571427
47160,0,0,32128,-15.137684106826782,-11.009793758392334,0.21428571428571427
47161,0,0,32178,-15.137684106826782,-11.009793758392334,0.21428571428571427
47162,0,0,32200,-15.137684106826782,-11.009793758392334,0.21428571428571427
47163,0,0,32199,-15.137684106826782,-11.009793758392334,0.21428571428571427
47164,0,0,32198,-15.137684106826782,-11.009793758392334,0.21428571428571427
47165,0,0,32197,-15.137684106826782,-11.009793758392334,0.21428571428571427
47166,0,0,32196,-15.137684106826782,-11.009793758392334,0.21428571428571427
47167,0,0,32195,-15.137684106826782,-11.009793758392334,0.21428571428571427
47168,0,0,32194,-15.137684106826782,-11.009793758392334,0.21428571428571427
47169,0,0,32193,-15.137684106826782,-11.009793758392334,0.21428571428571427
47170,0,0,32192,-15.137684106826782,-11.009793758392334,0.21428571428571427
47171,0,0,32191,-15.137684106826782,-11.009793758392334,0.21428571428571427
47172,0,0,32190,-15.137684106826782,-11.009793758392334,0.21428571428571427
47173,0,0,32189,-15.137684106826782,-11.009793758392334,0.21428571428571427
47174,0,0,32188,-15.137684106826782,-11.009793758392334,0.21428571428571427
47175,0,0,32187,-15.137684106826782,-11.009793758392334,0.21428571428571427
47176,0,0,32186,-15.137684106826782,-11.009793758392334,0.21428571428571427
47177,0,0,32185,-15.137684106826782,-11.009793758392334,0.21428571428571427
47178,0,0,32184,-15.137684106826782,-11.009793758392334,0.21428571428571427
47179,0,0,32183,-15.137684106826782,-11.009793758392334,0.21428571428571427
47180,0,0,32182,-15.137684106826782,-11.009793758392334,0.21428571428571427
47181,0,0,32181,-15.137684106826782,-11.009793758392334,0.21428571428571427
47182,0,0,32180,-15.137684106826782,-11.009793758392334,0.21428571428571427
47183,0,0,32201,-15.137684106826782,-11.009793758392334,0.21428571428571427
47184,0,0,32202,-15.137684106826782,-11.009793758392334,0.21428571428571427
47185,0,0,32203,-15.137684106826782,-11.009793758392334,0.21428571428571427
47186,0,0,32215,-15.137684106826782,-11.009793758392334,0.21428571428571427
47187,0,0,32224,-15.137684106826782,-11.009793758392334,0.21428571428571427
47188,0,0,32223,-15.137684106826782,-11.009793758392334,0.21428571428571427
47189,0,0,32222,-15.137684106826782,-11.009793758392334,0.21428571428571427
47190,0,0,32221,-15.137684106826782,-11.009793758392334,0.21428571428571427
47191,0,0,32220,-15.137684106826782,-11.009793758392334,0.21428571428571427
47192,0,0,32219,-15.137684106826782,-11.009793758392334,0.21428571428571427
47193,0,0,32218,-15.137684106826782,-11.009793758392334,0.21428571428571427
47194,0,0,32217,-15.137684106826782,-11.009793758392334,0.21428571428571427
47195,0,0,32216,-15.137684106826782,-11.009793758392334,0.21428571428571427
47196,0,0,32214,-15.137684106826782,-11.009793758392334,0.21428571428571427
47197,0,0,32204,-15.137684106826782,-11.009793758392334,0.21428571428571427
47198,0,0,32213,-15.137684106826782,-11.009793758392334,0.21428571428571427
47199,0,0,32212,-15.137684106826782,-11.009793758392334,0.21428571428571427
47200,0,0,32211,-15.137684106826782,-11.009793758392334,0.21428571428571427
47201,0,0,32210,-15.137684106826782,-11.009793758392334,0.21428571428571427
47202,0,0,32209,-15.137684106826782,-11.009793758392334,0.21428571428571427
47203,0,0,32208,-15.137684106826782,-11.009793758392334,0.21428571428571427
47204,0,0,32207,-15.137684106826782,-11.009793758392334,0.21428571428571427
47205,0,0,32206,-15.137684106826782,-11.009793758392334,0.21428571428571427
47206,0,0,32205,-15.137684106826782,-11.009793758392334,0.21428571428571427
47207,0,0,32179,-15.137684106826782,-11.009793758392334,0.21428571428571427
47208,0,0,32177,-15.137684106826782,-11.009793758392334,0.21428571428571427
47209,0,0,32130,-15.137684106826782,-11.009793758392334,0.21428571428571427
47210,0,0,32176,-15.137684106826782,-11.009793758392334,0.21428571428571427
47211,0,0,32151,-15.137684106826782,-11.009793758392334,0.21428571428571427
47212,0,0,32150,-15.137684106826782,-11.009793758392334,0.21428571428571427
47213,0,0,32149,-15.137684106826782,-11.009793758392334,0.21428571428571427
47214,0,0,32148,-15.137684106826782,-11.009793758392334,0.21428571428571427
47215,0,0,32147,-15.137684106826782,-11.009793758392334,0.21428571428571427
47216,0,0,32146,-15.137684106826782,-11.009793758392334,0.21428571428571427
47217,0,0,32145,-15.137684106826782,-11.009793758392334,0.21428571428571427
47218,0,0,32144,-15.137684106826782,-11.009793758392334,0.21428571428571427
47219,0,0,32143,-15.137684106826782,-11.009793758392334,0.21428571428571427
47220,0,0,32142,-15.137684106826782,-11.009793758392334,0.21428571428571427
47221,0,0,32141,-15.137684106826782,-11.009793758392334,0.21428571428571427
47222,0,0,32140,-15.137684106826782,-11.009793758392334,0.21428571428571427
47223,0,0,32139,-15.137684106826782,-11.009793758392334,0.21428571428571427
47224,0,0,32138,-15.137684106826782,-11.009793758392334,0.21428571428571427
47225,0,0,32137,-15.137684106826782,-11.009793758392334,0.21428571428571427
47226,0,0,32136,-15.137684106826782,-11.009793758392334,0.21428571428571427
47227,0,0,32135,-15.137684106826782,-11.009793758392334,0.21428571428571427
47228,0,0,32134,-15.137684106826782,-11.009793758392334,0.21428571428571427
47229,0,0,32133,-15.137684106826782,-11.009793758392334,0.21428571428571427
47230,0,0,32132,-15.137684106826782,-11.009793758392334,0.21428571428571427
47231,0,0,32131,-15.137684106826782,-11.009793758392334,0.21428571428571427
47232,0,0,32152,-15.137684106826782,-11.009793758392334,0.21428571428571427
47233,0,0,32153,-15.137684106826782,-11.009793758392334,0.21428571428571427
47234,0,0,32154,-15.137684106826782,-11.009793758392334,0.21428571428571427
47235,0,0,32166,-15.137684106826782,-11.009793758392334,0.21428571428571427
47236,0,0,32175,-15.137684106826782,-11.009793758392334,0.21428571428571427
47237,0,0,32174,-15.137684106826782,-11.009793758392334,0.21428571428571427
47238,0,0,32173,-15.137684106826782,-11.009793758392334,0.21428571428571427
47239,0,0,32172,-15.137684106826782,-11.009793758392334,0.21428571428571427
47240,0,0,32171,-15.137684106826782,-11.009793758392334,0.21428571428571427
47241,0,0,32170,-15.137684106826782,-11.009793758392334,0.21428571428571427
47242,0,0,32169,-15.137684106826782,-11.009793758392334,0.21428571428571427
47243,0,0,32168,-15.137684106826782,-11.009793758392334,0.21428571428571427
47244,0,0,32167,-15.137684106826782,-11.009793758392334,0.21428571428571427
47245,0,0,32165,-15.137684106826782,-11.009793758392334,0.21428571428571427
47246,0,0,32155,-15.137684106826782,-11.009793758392334,0.21428571428571427
47247,0,0,32164,-15.137684106826782,-11.009793758392334,0.21428571428571427
47248,0,0,32163,-15.137684106826782,-11.009793758392334,0.21428571428571427
47249,0,0,32162,-15.137684106826782,-11.009793758392334,0.21428571428571427
47250,0,0,32161,-15.137684106826782,-11.009793758392334,0.21428571428571427
47251,0,0,32160,-15.137684106826782,-11.009793758392334,0.21428571428571427
47252,0,0,32159,-15.137684106826782,-11.009793758392334,0.21428571428571427
47253,0,0,32158,-15.137684106826782,-11.009793758392334,0.21428571428571427
47254,0,0,32157,-15.137684106826782,-11.009793758392334,0.21428571428571427
47255,0,0,32156,-15.137684106826782,-11.009793758392334,0.21428571428571427
47256,0,0,32420,-15.137684106826782,-11.009793758392334,0.21428571428571427
47257,0,0,32421,-15.137684106826782,-11.009793758392334,0.21428571428571427
47258,0,0,32422,-15.137684106826782,-11.009793758392334,0.21428571428571427
47259,0,0,32617,-15.137684106826782,-11.009793758392334,0.21428571428571427
47260,0,0,32688,-15.137684106826782,-11.009793758392334,0.21428571428571427
47261,0,0,32687,-15.137684106826782,-11.009793758392334,0.21428571428571427
47262,0,0,32686,-15.137684106826782,-11.009793758392334,0.21428571428571427
47263,0,0,32685,-15.137684106826782,-11.009793758392334,0.21428571428571427
47264,0,0,32684,-15.137684106826782,-11.009793758392334,0.21428571428571427
47265,0,0,32683,-15.137684106826782,-11.009793758392334,0.21428571428571427
47266,0,0,32682,-15.137684106826782,-11.009793758392334,0.21428571428571427
47267,0,0,32681,-15.137684106826782,-11.009793758392334,0.21428571428571427
47268,0,0,32680,-15.137684106826782,-11.009793758392334,0.21428571428571427
47269,0,0,32679,-15.137684106826782,-11.009793758392334,0.21428571428571427
47270,0,0,32678,-15.137684106826782,-11.009793758392334,0.21428571428571427
47271,0,0,32677,-15.137684106826782,-11.009793758392334,0.21428571428571427
47272,0,0,32676,-15.137684106826782,-11.009793758392334,0.21428571428571427
47273,0,0,32675,-15.137684106826782,-11.009793758392334,0.21428571428571427
47274,0,0,32674,-15.137684106826782,-11.009793758392334,0.21428571428571427
47275,0,0,32673,-15.137684106826782,-11.009793758392334,0.21428571428571427
47276,0,0,32672,-15.137684106826782,-11.009793758392334,0.21428571428571427
47277,0,0,32671,-15.137684106826782,-11.009793758392334,0.21428571428571427
47278,0,0,32670,-15.137684106826782,-11.009793758392334,0.21428571428571427
47279,0,0,32669,-15.137684106826782,-11.009793758392334,0.21428571428571427
47280,0,0,32668,-15.137684106826782,-11.009793758392334,0.21428571428571427
47281,0,0,32689,-15.137684106826782,-11.009793758392334,0.21428571428571427
47282,0,0,32690,-15.137684106826782,-11.009793758392334,0.21428571428571427
47283,0,0,32691,-15.137684106826782,-11.009793758392334,0.21428571428571427
47284,0,0,32703,-15.137684106826782,-11.009793758392334,0.21428571428571427
47285,0,0,32712,-15.137684106826782,-11.009793758392334,0.21428571428571427
47286,0,0,32711,-15.137684106826782,-11.009793758392334,0.21428571428571427
47287,0,0,32710,-15.137684106826782,-11.009793758392334,0.21428571428571427
47288,0,0,32709,-15.137684106826782,-11.009793758392334,0.21428571428571427
47289,0,0,32708,-15.137684106826782,-11.009793758392334,0.21428571428571427
47290,0,0,32707,-15.137684106826782,-11.009793758392334,0.21428571428571427
47291,0,0,32706,-15.137684106826782,-11.009793758392334,0.21428571428571427
47292,0,0,32705,-15.137684106826782,-11.009793758392334,0.21428571428571427
47293,0,0,32704,-15.137684106826782,-11.009793758392334,0.21428571428571427
47294,0,0,32702,-15.137684106826782,-11.009793758392334,0.21428571428571427
47295,0,0,32692,-15.137684106826782,-11.009793758392334,0.21428571428571427
47296,0,0,32701,-15.137684106826782,-11.009793758392334,0.21428571428571427
47297,0,0,32700,-15.137684106826782,-11.009793758392334,0.21428571428571427
47298,0,0,32699,-15.137684106826782,-11.009793758392334,0.21428571428571427
47299,0,0,32698,-15.137684106826782,-11.009793758392334,0.21428571428571427
47300,0,0,32697,-15.137684106826782,-11.009793758392334,0.21428571428571427
47301,0,0,32696,-15.137684106826782,-11.009793758392334,0.21428571428571427
47302,0,0,32695,-15.137684106826782,-11.009793758392334,0.21428571428571427
47303,0,0,32694,-15.137684106826782,-11.009793758392334,0.21428571428571427
47304,0,0,32693,-15.137684106826782,-11.009793758392334,0.21428571428571427
47305,0,0,32667,-15.137684106826782,-11.009793758392334,0.21428571428571427
47306,0,0,32665,-15.137684106826782,-11.009793758392334,0.21428571428571427
47307,0,0,32618,-15.137684106826782,-11.009793758392334,0.21428571428571427
47308,0,0,32664,-15.137684106826782,-11.009793758392334,0.21428571428571427
47309,0,0,32639,-15.137684106826782,-11.009793758392334,0.21428571428571427
47310,0,0,32638,-15.137684106826782,-11.009793758392334,0.21428571428571427
47311,0,0,32637,-15.137684106826782,-11.009793758392334,0.21428571428571427
47312,0,0,32636,-15.137684106826782,-11.009793758392334,0.21428571428571427
47313,0,0,32635,-15.137684106826782,-11.009793758392334,0.21428571428571427
47314,0,0,32634,-15.137684106826782,-11.009793758392334,0.21428571428571427
47315,0,0,32633,-15.137684106826782,-11.009793758392334,0.21428571428571427
47316,0,0,32632,-15.137684106826782,-11.009793758392334,0.21428571428571427
47317,0,0,32631,-15.137684106826782,-11.009793758392334,0.21428571428571427
47318,0,0,32630,-15.137684106826782,-11.009793758392334,0.21428571428571427
47319,0,0,32629,-15.137684106826782,-11.009793758392334,0.21428571428571427
47320,0,0,32628,-15.137684106826782,-11.009793758392334,0.21428571428571427
47321,0,0,32627,-15.137684106826782,-11.009793758392334,0.21428571428571427
47322,0,0,32626,-15.137684106826782,-11.009793758392334,0.21428571428571427
47323,0,0,32625,-15.137684106826782,-11.009793758392334,0.21428571428571427
47324,0,0,32624,-15.137684106826782,-11.009793758392334,0.21428571428571427
47325,0,0,32623,-15.137684106826782,-11.009793758392334,0.21428571428571427
47326,0,0,32622,-15.137684106826782,-11.009793758392334,0.21428571428571427
47327,0,0,32621,-15.137684106826782,-11.009793758392334,0.21428571428571427
47328,0,0,32620,-15.137684106826782,-11.009793758392334,0.21428571428571427
47329,0,0,32619,-15.137684106826782,-11.009793758392334,0.21428571428571427
47330,0,0,32640,-15.137684106826782,-11.009793758392334,0.21428571428571427
47331,0,0,32641,-15.137684106826782,-11.009793758392334,0.21428571428571427
47332,0,0,32642,-15.137684106826782,-11.009793758392334,0.21428571428571427
47333,0,0,32654,-15.137684106826782,-11.009793758392334,0.21428571428571427
47334,0,0,32663,-15.137684106826782,-11.009793758392334,0.21428571428571427
47335,0,0,32662,-15.137684106826782,-11.009793758392334,0.21428571428571427
47336,0,0,32661,-15.137684106826782,-11.009793758392334,0.21428571428571427
47337,0,0,32660,-15.137684106826782,-11.009793758392334,0.21428571428571427
47338,0,0,32659,-15.137684106826782,-11.009793758392334,0.21428571428571427
47339,0,0,32658,-15.137684106826782,-11.009793758392334,0.21428571428571427
47340,0,0,32657,-15.137684106826782,-11.009793758392334,0.21428571428571427
47341,0,0,32656,-15.137684106826782,-11.009793758392334,0.21428571428571427
47342,0,0,32655,-15.137684106826782,-11.009793758392334,0.21428571428571427
47343,0,0,32653,-15.137684106826782,-11.009793758392334,0.21428571428571427
47344,0,0,32643,-15.137684106826782,-11.009793758392334,0.21428571428571427
47345,0,0,32652,-15.137684106826782,-11.009793758392334,0.21428571428571427
47346,0,0,32651,-15.137684106826782,-11.009793758392334,0.21428571428571427
47347,0,0,32650,-15.137684106826782,-11.009793758392334,0.21428571428571427
47348,0,0,32649,-15.137684106826782,-11.009793758392334,0.21428571428571427
47349,0,0,32648,-15.137684106826782,-11.009793758392334,0.21428571428571427
47350,0,0,32647,-15.137684106826782,-11.009793758392334,0.21428571428571427
47351,0,0,32646,-15.137684106826782,-11.009793758392334,0.21428571428571427
47352,0,0,32645,-15.137684106826782,-11.009793758392334,0.21428571428571427
47353,0,0,32644,-15.137684106826782,-11.009793758392334,0.21428571428571427
47354,0,0,32713,-15.137684106826782,-11.009793758392334,0.21428571428571427
47355,0,0,32714,-15.137684106826782,-11.009793758392334,0.21428571428571427
47356,0,0,32715,-15.137684106826782,-11.009793758392334,0.21428571428571427
47357,0,0,32716,-15.137684106826782,-11.009793758392334,0.21428571428571427
47358,0,0,32785,-15.137684106826782,-11.009793758392334,0.21428571428571427
47359,0,0,32784,-15.137684106826782,-11.009793758392334,0.21428571428571427
47360,0,0,32783,-15.137684106826782,-11.009793758392334,0.21428571428571427
47361,0,0,32782,-15.137684106826782,-11.009793758392334,0.21428571428571427
47362,0,0,32781,-15.137684106826782,-11.009793758392334,0.21428571428571427
47363,0,0,32780,-15.137684106826782,-11.009793758392334,0.21428571428571427
47364,0,0,32779,-15.137684106826782,-11.009793758392334,0.21428571428571427
47365,0,0,32778,-15.137684106826782,-11.009793758392334,0.21428571428571427
47366,0,0,32777,-15.137684106826782,-11.009793758392334,0.21428571428571427
47367,0,0,32775,-15.137684106826782,-11.009793758392334,0.21428571428571427
47368,0,0,32765,-15.137684106826782,-11.009793758392334,0.21428571428571427
47369,0,0,32774,-15.137684106826782,-11.009793758392334,0.21428571428571427
47370,0,0,32773,-15.137684106826782,-11.009793758392334,0.21428571428571427
47371,0,0,32772,-15.137684106826782,-11.009793758392334,0.21428571428571427
47372,0,0,32771,-15.137684106826782,-11.009793758392334,0.21428571428571427
47373,0,0,32770,-15.137684106826782,-11.009793758392334,0.21428571428571427
47374,0,0,32769,-15.137684106826782,-11.009793758392334,0.21428571428571427
47375,0,0,32768,-15.137684106826782,-11.009793758392334,0.21428571428571427
47376,0,0,32767,-15.137684106826782,-11.009793758392334,0.21428571428571427
47377,0,0,32766,-15.137684106826782,-11.009793758392334,0.21428571428571427
47378,0,0,32786,-15.137684106826782,-11.009793758392334,0.21428571428571427
47379,0,0,32776,-15.137684106826782,-11.009793758392334,0.21428571428571427
47380,0,0,32787,-15.137684106826782,-11.009793758392334,0.21428571428571427
47381,0,0,32800,-15.137684106826782,-11.009793758392334,0.21428571428571427
47382,0,0,32809,-15.137684106826782,-11.009793758392334,0.21428571428571427
47383,0,0,32808,-15.137684106826782,-11.009793758392334,0.21428571428571427
47384,0,0,32807,-15.137684106826782,-11.009793758392334,0.21428571428571427
47385,0,0,32806,-15.137684106826782,-11.009793758392334,0.21428571428571427
47386,0,0,32805,-15.137684106826782,-11.009793758392334,0.21428571428571427
47387,0,0,32804,-15.137684106826782,-11.009793758392334,0.21428571428571427
47388,0,0,32803,-15.137684106826782,-11.009793758392334,0.21428571428571427
47389,0,0,32802,-15.137684106826782,-11.009793758392334,0.21428571428571427
47390,0,0,32801,-15.137684106826782,-11.009793758392334,0.21428571428571427
47391,0,0,32799,-15.137684106826782,-11.009793758392334,0.21428571428571427
47392,0,0,32789,-15.137684106826782,-11.009793758392334,0.21428571428571427
47393,0,0,32798,-15.137684106826782,-11.009793758392334,0.21428571428571427
47394,0,0,32797,-15.137684106826782,-11.009793758392334,0.21428571428571427
47395,0,0,32796,-15.137684106826782,-11.009793758392334,0.21428571428571427
47396,0,0,32795,-15.137684106826782,-11.009793758392334,0.21428571428571427
47397,0,0,32794,-15.137684106826782,-11.009793758392334,0.21428571428571427
47398,0,0,32793,-15.137684106826782,-11.009793758392334,0.21428571428571427
47399,0,0,32792,-15.137684106826782,-11.009793758392334,0.21428571428571427
47400,0,0,32791,-15.137684106826782,-11.009793758392334,0.21428571428571427
47401,0,0,32790,-15.137684106826782,-11.009793758392334,0.21428571428571427
47402,0,0,32788,-15.137684106826782,-11.009793758392334,0.21428571428571427
47403,0,0,32764,-15.137684106826782,-11.009793758392334,0.21428571428571427
47404,0,0,32763,-15.137684106826782,-11.009793758392334,0.21428571428571427
47405,0,0,32762,-15.137684106826782,-11.009793758392334,0.21428571428571427
47406,0,0,32737,-15.137684106826782,-11.009793758392334,0.21428571428571427
47407,0,0,32736,-15.137684106826782,-11.009793758392334,0.21428571428571427
47408,0,0,32735,-15.137684106826782,-11.009793758392334,0.21428571428571427
47409,0,0,32734,-15.137684106826782,-11.009793758392334,0.21428571428571427
47410,0,0,32733,-15.137684106826782,-11.009793758392334,0.21428571428571427
47411,0,0,32732,-15.137684106826782,-11.009793758392334,0.21428571428571427
47412,0,0,32731,-15.137684106826782,-11.009793758392334,0.21428571428571427
47413,0,0,32730,-15.137684106826782,-11.009793758392334,0.21428571428571427
47414,0,0,32729,-15.137684106826782,-11.009793758392334,0.21428571428571427
47415,0,0,32728,-15.137684106826782,-11.009793758392334,0.21428571428571427
47416,0,0,32727,-15.137684106826782,-11.009793758392334,0.21428571428571427
47417,0,0,32726,-15.137684106826782,-11.009793758392334,0.21428571428571427
47418,0,0,32725,-15.137684106826782,-11.009793758392334,0.21428571428571427
47419,0,0,32724,-15.137684106826782,-11.009793758392334,0.21428571428571427
47420,0,0,32723,-15.137684106826782,-11.009793758392334,0.21428571428571427
47421,0,0,32722,-15.137684106826782,-11.009793758392334,0.21428571428571427
47422,0,0,32721,-15.137684106826782,-11.009793758392334,0.21428571428571427
47423,0,0,32720,-15.137684106826782,-11.009793758392334,0.21428571428571427
47424,0,0,32719,-15.137684106826782,-11.009793758392334,0.21428571428571427
47425,0,0,32718,-15.137684106826782,-11.009793758392334,0.21428571428571427
47426,0,0,32717,-15.137684106826782,-11.009793758392334,0.21428571428571427
47427,0,0,32738,-15.137684106826782,-11.009793758392334,0.21428571428571427
47428,0,0,32739,-15.137684106826782,-11.009793758392334,0.21428571428571427
47429,0,0,32740,-15.137684106826782,-11.009793758392334,0.21428571428571427
47430,0,0,32752,-15.137684106826782,-11.009793758392334,0.21428571428571427
47431,0,0,32761,-15.137684106826782,-11.009793758392334,0.21428571428571427
47432,0,0,32760,-15.137684106826782,-11.009793758392334,0.21428571428571427
47433,0,0,32759,-15.137684106826782,-11.009793758392334,0.21428571428571427
47434,0,0,32758,-15.137684106826782,-11.009793758392334,0.21428571428571427
47435,0,0,32757,-15.137684106826782,-11.009793758392334,0.21428571428571427
47436,0,0,32756,-15.137684106826782,-11.009793758392334,0.21428571428571427
47437,0,0,32755,-15.137684106826782,-11.009793758392334,0.21428571428571427
47438,0,0,32754,-15.137684106826782,-11.009793758392334,0.21428571428571427
47439,0,0,32753,-15.137684106826782,-11.009793758392334,0.21428571428571427
47440,0,0,32751,-15.137684106826782,-11.009793758392334,0.21428571428571427
47441,0,0,32741,-15.137684106826782,-11.009793758392334,0.21428571428571427
47442,0,0,32750,-15.137684106826782,-11.009793758392334,0.21428571428571427
47443,0,0,32749,-15.137684106826782,-11.009793758392334,0.21428571428571427
47444,0,0,32748,-15.137684106826782,-11.009793758392334,0.21428571428571427
47445,0,0,32747,-15.137684106826782,-11.009793758392334,0.21428571428571427
47446,0,0,32746,-15.137684106826782,-11.009793758392334,0.21428571428571427
47447,0,0,32745,-15.137684106826782,-11.009793758392334,0.21428571428571427
47448,0,0,32744,-15.137684106826782,-11.009793758392334,0.21428571428571427
47449,0,0,32743,-15.137684106826782,-11.009793758392334,0.21428571428571427
47450,0,0,32742,-15.137684106826782,-11.009793758392334,0.21428571428571427
47451,0,0,32666,-15.137684106826782,-11.009793758392334,0.21428571428571427
47452,0,0,32616,-15.137684106826782,-11.009793758392334,0.21428571428571427
47453,0,0,32471,-15.137684106826782,-11.009793758392334,0.21428571428571427
47454,0,0,32615,-15.137684106826782,-11.009793758392334,0.21428571428571427
47455,0,0,32493,-15.137684106826782,-11.009793758392334,0.21428571428571427
47456,0,0,32492,-15.137684106826782,-11.009793758392334,0.21428571428571427
47457,0,0,32491,-15.137684106826782,-11.009793758392334,0.21428571428571427
47458,0,0,32490,-15.137684106826782,-11.009793758392334,0.21428571428571427
47459,0,0,32489,-15.137684106826782,-11.009793758392334,0.21428571428571427
47460,0,0,32488,-15.137684106826782,-11.009793758392334,0.21428571428571427
47461,0,0,32487,-15.137684106826782,-11.009793758392334,0.21428571428571427
47462,0,0,32486,-15.137684106826782,-11.009793758392334,0.21428571428571427
47463,0,0,32485,-15.137684106826782,-11.009793758392334,0.21428571428571427
47464,0,0,32484,-15.137684106826782,-11.009793758392334,0.21428571428571427
47465,0,0,32483,-15.137684106826782,-11.009793758392334,0.21428571428571427
47466,0,0,32482,-15.137684106826782,-11.009793758392334,0.21428571428571427
47467,0,0,32481,-15.137684106826782,-11.009793758392334,0.21428571428571427
47468,0,0,32480,-15.137684106826782,-11.009793758392334,0.21428571428571427
47469,0,0,32479,-15.137684106826782,-11.009793758392334,0.21428571428571427
47470,0,0,32478,-15.137684106826782,-11.009793758392334,0.21428571428571427
47471,0,0,32477,-15.137684106826782,-11.009793758392334,0.21428571428571427
47472,0,0,32476,-15.137684106826782,-11.009793758392334,0.21428571428571427
47473,0,0,32475,-15.137684106826782,-11.009793758392334,0.21428571428571427
47474,0,0,32474,-15.137684106826782,-11.009793758392334,0.21428571428571427
47475,0,0,32473,-15.137684106826782,-11.009793758392334,0.21428571428571427
47476,0,0,32494,-15.137684106826782,-11.009793758392334,0.21428571428571427
47477,0,0,32495,-15.137684106826782,-11.009793758392334,0.21428571428571427
47478,0,0,32496,-15.137684106826782,-11.009793758392334,0.21428571428571427
47479,0,0,32508,-15.137684106826782,-11.009793758392334,0.21428571428571427
47480,0,0,32517,-15.137684106826782,-11.009793758392334,0.21428571428571427
47481,0,0,32516,-15.137684106826782,-11.009793758392334,0.21428571428571427
47482,0,0,32515,-15.137684106826782,-11.009793758392334,0.21428571428571427
47483,0,0,32514,-15.137684106826782,-11.009793758392334,0.21428571428571427
47484,0,0,32513,-15.137684106826782,-11.009793758392334,0.21428571428571427
47485,0,0,32512,-15.137684106826782,-11.009793758392334,0.21428571428571427
47486,0,0,32511,-15.137684106826782,-11.009793758392334,0.21428571428571427
47487,0,0,32510,-15.137684106826782,-11.009793758392334,0.21428571428571427
47488,0,0,32509,-15.137684106826782,-11.009793758392334,0.21428571428571427
47489,0,0,32507,-15.137684106826782,-11.009793758392334,0.21428571428571427
47490,0,0,32497,-15.137684106826782,-11.009793758392334,0.21428571428571427
47491,0,0,32506,-15.137684106826782,-11.009793758392334,0.21428571428571427
47492,0,0,32505,-15.137684106826782,-11.009793758392334,0.21428571428571427
47493,0,0,32504,-15.137684106826782,-11.009793758392334,0.21428571428571427
47494,0,0,32503,-15.137684106826782,-11.009793758392334,0.21428571428571427
47495,0,0,32502,-15.137684106826782,-11.009793758392334,0.21428571428571427
47496,0,0,32501,-15.137684106826782,-11.009793758392334,0.21428571428571427
47497,0,0,32500,-15.137684106826782,-11.009793758392334,0.21428571428571427
47498,0,0,32499,-15.137684106826782,-11.009793758392334,0.21428571428571427
47499,0,0,32498,-15.137684106826782,-11.009793758392334,0.21428571428571427
47500,0,0,32472,-15.137684106826782,-11.009793758392334,0.21428571428571427
47501,0,0,32470,-15.137684106826782,-11.009793758392334,0.21428571428571427
47502,0,0,32423,-15.137684106826782,-11.009793758392334,0.21428571428571427
47503,0,0,32469,-15.137684106826782,-11.009793758392334,0.21428571428571427
47504,0,0,32444,-15.137684106826782,-11.009793758392334,0.21428571428571427
47505,0,0,32443,-15.137684106826782,-11.009793758392334,0.21428571428571427
47506,0,0,32442,-15.137684106826782,-11.009793758392334,0.21428571428571427
47507,0,0,32441,-15.137684106826782,-11.009793758392334,0.21428571428571427
47508,0,0,32440,-15.137684106826782,-11.009793758392334,0.21428571428571427
47509,0,0,32439,-15.137684106826782,-11.009793758392334,0.21428571428571427
47510,0,0,32438,-15.137684106826782,-11.009793758392334,0.21428571428571427
47511,0,0,32437,-15.137684106826782,-11.009793758392334,0.21428571428571427
47512,0,0,32436,-15.137684106826782,-11.009793758392334,0.21428571428571427
47513,0,0,32435,-15.137684106826782,-11.009793758392334,0.21428571428571427
47514,0,0,32434,-15.137684106826782,-11.009793758392334,0.21428571428571427
47515,0,0,32433,-15.137684106826782,-11.009793758392334,0.21428571428571427
47516,0,0,32432,-15.137684106826782,-11.009793758392334,0.21428571428571427
47517,0,0,32431,-15.137684106826782,-11.009793758392334,0.21428571428571427
47518,0,0,32430,-15.137684106826782,-11.009793758392334,0.21428571428571427
47519,0,0,32429,-15.137684106826782,-11.009793758392334,0.21428571428571427
47520,0,0,32428,-15.137684106826782,-11.009793758392334,0.21428571428571427
47521,0,0,32427,-15.137684106826782,-11.009793758392334,0.21428571428571427
47522,0,0,32426,-15.137684106826782,-11.009793758392334,0.21428571428571427
47523,0,0,32425,-15.137684106826782,-11.009793758392334,0.21428571428571427
47524,0,0,32424,-15.137684106826782,-11.009793758392334,0.21428571428571427
47525,0,0,32445,-15.137684106826782,-11.009793758392334,0.21428571428571427
47526,0,0,32446,-15.137684106826782,-11.009793758392334,0.21428571428571427
47527,0,0,32447,-15.137684106826782,-11.009793758392334,0.21428571428571427
47528,0,0,32459,-15.137684106826782,-11.009793758392334,0.21428571428571427
47529,0,0,32468,-15.137684106826782,-11.009793758392334,0.21428571428571427
47530,0,0,32467,-15.137684106826782,-11.009793758392334,0.21428571428571427
47531,0,0,32466,-15.137684106826782,-11.009793758392334,0.21428571428571427
47532,0,0,32465,-15.137684106826782,-11.009793758392334,0.21428571428571427
47533,0,0,32464,-15.137684106826782,-11.009793758392334,0.21428571428571427
47534,0,0,32463,-15.137684106826782,-11.009793758392334,0.21428571428571427
47535,0,0,32462,-15.137684106826782,-11.009793758392334,0.21428571428571427
47536,0,0,32461,-15.137684106826782,-11.009793758392334,0.21428571428571427
47537,0,0,32460,-15.137684106826782,-11.009793758392334,0.21428571428571427
47538,0,0,32458,-15.137684106826782,-11.009793758392334,0.21428571428571427
47539,0,0,32448,-15.137684106826782,-11.009793758392334,0.21428571428571427
47540,0,0,32457,-15.137684106826782,-11.009793758392334,0.21428571428571427
47541,0,0,32456,-15.137684106826782,-11.009793758392334,0.21428571428571427
47542,0,0,32455,-15.137684106826782,-11.009793758392334,0.21428571428571427
47543,0,0,32454,-15.137684106826782,-11.009793758392334,0.21428571428571427
47544,0,0,32453,-15.137684106826782,-11.009793758392334,0.21428571428571427
47545,0,0,32452,-15.137684106826782,-11.009793758392334,0.21428571428571427
47546,0,0,32451,-15.137684106826782,-11.009793758392334,0.21428571428571427
47547,0,0,32450,-15.137684106826782,-11.009793758392334,0.21428571428571427
47548,0,0,32449,-15.137684106826782,-11.009793758392334,0.21428571428571427
47549,0,0,32518,-15.137684106826782,-11.009793758392334,0.21428571428571427
47550,0,0,32519,-15.137684106826782,-11.009793758392334,0.21428571428571427
47551,0,0,32520,-15.137684106826782,-11.009793758392334,0.21428571428571427
47552,0,0,32521,-15.137684106826782,-11.009793758392334,0.21428571428571427
47553,0,0,32590,-15.137684106826782,-11.009793758392334,0.21428571428571427
47554,0,0,32589,-15.137684106826782,-11.009793758392334,0.21428571428571427
47555,0,0,32588,-15.137684106826782,-11.009793758392334,0.21428571428571427
47556,0,0,32587,-15.137684106826782,-11.009793758392334,0.21428571428571427
47557,0,0,32586,-15.137684106826782,-11.009793758392334,0.21428571428571427
47558,0,0,32585,-15.137684106826782,-11.009793758392334,0.21428571428571427
47559,0,0,32584,-15.137684106826782,-11.009793758392334,0.21428571428571427
47560,0,0,32583,-15.137684106826782,-11.009793758392334,0.21428571428571427
47561,0,0,32582,-15.137684106826782,-11.009793758392334,0.21428571428571427
47562,0,0,32580,-15.137684106826782,-11.009793758392334,0.21428571428571427
47563,0,0,32570,-15.137684106826782,-11.009793758392334,0.21428571428571427
47564,0,0,32579,-15.137684106826782,-11.009793758392334,0.21428571428571427
47565,0,0,32578,-15.137684106826782,-11.009793758392334,0.21428571428571427
47566,0,0,32577,-15.137684106826782,-11.009793758392334,0.21428571428571427
47567,0,0,32576,-15.137684106826782,-11.009793758392334,0.21428571428571427
47568,0,0,32575,-15.137684106826782,-11.009793758392334,0.21428571428571427
47569,0,0,32574,-15.137684106826782,-11.009793758392334,0.21428571428571427
47570,0,0,32573,-15.137684106826782,-11.009793758392334,0.21428571428571427
47571,0,0,32572,-15.137684106826782,-11.009793758392334,0.21428571428571427
47572,0,0,32571,-15.137684106826782,-11.009793758392334,0.21428571428571427
47573,0,0,32591,-15.137684106826782,-11.009793758392334,0.21428571428571427
47574,0,0,32581,-15.137684106826782,-11.009793758392334,0.21428571428571427
47575,0,0,32592,-15.137684106826782,-11.009793758392334,0.21428571428571427
47576,0,0,32605,-15.137684106826782,-11.009793758392334,0.21428571428571427
47577,0,0,32614,-15.137684106826782,-11.009793758392334,0.21428571428571427
47578,0,0,32613,-15.137684106826782,-11.009793758392334,0.21428571428571427
47579,0,0,32612,-15.137684106826782,-11.009793758392334,0.21428571428571427
47580,0,0,32611,-15.137684106826782,-11.009793758392334,0.21428571428571427
47581,0,0,32610,-15.137684106826782,-11.009793758392334,0.21428571428571427
47582,0,0,32609,-15.137684106826782,-11.009793758392334,0.21428571428571427
47583,0,0,32608,-15.137684106826782,-11.009793758392334,0.21428571428571427
47584,0,0,32607,-15.137684106826782,-11.009793758392334,0.21428571428571427
47585,0,0,32606,-15.137684106826782,-11.009793758392334,0.21428571428571427
47586,0,0,32604,-15.137684106826782,-11.009793758392334,0.21428571428571427
47587,0,0,32594,-15.137684106826782,-11.009793758392334,0.21428571428571427
47588,0,0,32603,-15.137684106826782,-11.009793758392334,0.21428571428571427
47589,0,0,32602,-15.137684106826782,-11.009793758392334,0.21428571428571427
47590,0,0,32601,-15.137684106826782,-11.009793758392334,0.21428571428571427
47591,0,0,32600,-15.137684106826782,-11.009793758392334,0.21428571428571427
47592,0,0,32599,-15.137684106826782,-11.009793758392334,0.21428571428571427
47593,0,0,32598,-15.137684106826782,-11.009793758392334,0.21428571428571427
47594,0,0,32597,-15.137684106826782,-11.009793758392334,0.21428571428571427
47595,0,0,32596,-15.137684106826782,-11.009793758392334,0.21428571428571427
47596,0,0,32595,-15.137684106826782,-11.009793758392334,0.21428571428571427
47597,0,0,32593,-15.137684106826782,-11.009793758392334,0.21428571428571427
47598,0,0,32569,-15.137684106826782,-11.009793758392334,0.21428571428571427
47599,0,0,32568,-15.137684106826782,-11.009793758392334,0.21428571428571427
47600,0,0,32567,-15.137684106826782,-11.009793758392334,0.21428571428571427
47601,0,0,32542,-15.137684106826782,-11.009793758392334,0.21428571428571427
47602,0,0,32541,-15.137684106826782,-11.009793758392334,0.21428571428571427
47603,0,0,32540,-15.137684106826782,-11.009793758392334,0.21428571428571427
47604,0,0,32539,-15.137684106826782,-11.009793758392334,0.21428571428571427
47605,0,0,32538,-15.137684106826782,-11.009793758392334,0.21428571428571427
47606,0,0,32537,-15.137684106826782,-11.009793758392334,0.21428571428571427
47607,0,0,32536,-15.137684106826782,-11.009793758392334,0.21428571428571427
47608,0,0,32535,-15.137684106826782,-11.009793758392334,0.21428571428571427
47609,0,0,32534,-15.137684106826782,-11.009793758392334,0.21428571428571427
47610,0,0,32533,-15.137684106826782,-11.009793758392334,0.21428571428571427
47611,0,0,32532,-15.137684106826782,-11.009793758392334,0.21428571428571427
47612,0,0,32531,-15.137684106826782,-11.009793758392334,0.21428571428571427
47613,0,0,32530,-15.137684106826782,-11.009793758392334,0.21428571428571427
47614,0,0,32529,-15.137684106826782,-11.009793758392334,0.21428571428571427
47615,0,0,32528,-15.137684106826782,-11.009793758392334,0.21428571428571427
47616,0,0,32527,-15.137684106826782,-11.009793758392334,0.21428571428571427
47617,0,0,32526,-15.137684106826782,-11.009793758392334,0.21428571428571427
47618,0,0,32525,-15.137684106826782,-11.009793758392334,0.21428571428571427
47619,0,0,32524,-15.137684106826782,-11.009793758392334,0.21428571428571427
47620,0,0,32523,-15.137684106826782,-11.009793758392334,0.21428571428571427
47621,0,0,32522,-15.137684106826782,-11.009793758392334,0.21428571428571427
47622,0,0,32543,-15.137684106826782,-11.009793758392334,0.21428571428571427
47623,0,0,32544,-15.137684106826782,-11.009793758392334,0.21428571428571427
47624,1,0,32545,-15.137684106826782,-11.009793758392334,0.21428571428571427
47625,0,0,32557,-15.137684106826782,-11.009793758392334,0.21428571428571427
47626,0,0,32566,-15.137684106826782,-11.009793758392334,0.21428571428571427
47627,0,0,32565,-15.137684106826782,-11.009793758392334,0.21428571428571427
47628,0,0,32564,-15.137684106826782,-11.009793758392334,0.21428571428571427
47629,0,0,32563,-15.137684106826782,-11.009793758392334,0.21428571428571427
47630,0,0,32562,-15.137684106826782,-11.009793758392334,0.21428571428571427
47631,0,0,32561,-15.137684106826782,-11.009793758392334,0.21428571428571427
47632,0,0,32560,-15.137684106826782,-11.009793758392334,0.21428571428571427
47633,0,0,32559,-15.137684106826782,-11.009793758392334,0.21428571428571427
47634,0,0,32558,-15.137684106826782,-11.009793758392334,0.21428571428571427
47635,0,0,32556,-15.137684106826782,-11.009793758392334,0.21428571428571427
47636,0,0,32546,-15.137684106826782,-11.009793758392334,0.21428571428571427
47637,0,0,32555,-15.137684106826782,-11.009793758392334,0.21428571428571427
47638,0,0,32554,-15.137684106826782,-11.009793758392334,0.21428571428571427
47639,0,0,32553,-15.137684106826782,-11.009793758392334,0.21428571428571427
47640,0,0,32552,-15.137684106826782,-11.009793758392334,0.21428571428571427
47641,0,0,32551,-15.137684106826782,-11.009793758392334,0.21428571428571427
47642,0,0,32550,-15.137684106826782,-11.009793758392334,0.21428571428571427
47643,0,0,32549,-15.137684106826782,-11.009793758392334,0.21428571428571427
47644,0,0,32548,-15.137684106826782,-11.009793758392334,0.21428571428571427
47645,0,0,32547,-15.137684106826782,-11.009793758392334,0.21428571428571427
47646,0,0,32129,-15.137684106826782,-11.009793758392334,0.21428571428571427
47647,0,0,32030,-15.137684106826782,-11.009793758392334,0.21428571428571427
47648,0,0,31348,-15.137684106826782,-11.009793758392334,0.21428571428571427
47649,0,0,32029,-15.137684106826782,-11.009793758392334,0.21428571428571427
47650,0,0,31517,-15.137684106826782,-11.009793758392334,0.21428571428571427
47651,0,0,31516,-15.137684106826782,-11.009793758392334,0.21428571428571427
47652,1,0,31515,-15.137684106826782,-11.009793758392334,0.21428571428571427
47653,0,0,31514,-15.137684106826782,-11.009793758392334,0.21428571428571427
47654,0,0,31513,-15.137684106826782,-11.009793758392334,0.21428571428571427
47655,0,0,31512,-15.137684106826782,-11.009793758392334,0.21428571428571427
47656,0,0,31511,-15.137684106826782,-11.009793758392334,0.21428571428571427
47657,0,0,31510,-15.137684106826782,-11.009793758392334,0.21428571428571427
47658,0,0,31509,-15.137684106826782,-11.009793758392334,0.21428571428571427
47659,0,0,31508,-15.137684106826782,-11.009793758392334,0.21428571428571427
47660,0,0,31507,-15.137684106826782,-11.009793758392334,0.21428571428571427
47661,0,0,31506,-15.137684106826782,-11.009793758392334,0.21428571428571427
47662,0,0,31505,-15.137684106826782,-11.009793758392334,0.21428571428571427
47663,0,0,31504,-15.137684106826782,-11.009793758392334,0.21428571428571427
47664,0,0,31503,-15.137684106826782,-11.009793758392334,0.21428571428571427
47665,0,0,31502,-15.137684106826782,-11.009793758392334,0.21428571428571427
47666,0,0,31501,-15.137684106826782,-11.009793758392334,0.21428571428571427
47667,0,0,31500,-15.137684106826782,-11.009793758392334,0.21428571428571427
47668,0,0,31499,-15.137684106826782,-11.009793758392334,0.21428571428571427
47669,0,0,31498,-15.137684106826782,-11.009793758392334,0.21428571428571427
47670,0,0,31497,-15.137684106826782,-11.009793758392334,0.21428571428571427
47671,0,0,31518,-15.137684106826782,-11.009793758392334,0.21428571428571427
47672,0,0,31519,-15.137684106826782,-11.009793758392334,0.21428571428571427
47673,0,0,31520,-15.137684106826782,-11.009793758392334,0.21428571428571427
47674,0,0,31532,-15.137684106826782,-11.009793758392334,0.21428571428571427
47675,0,0,31541,-15.137684106826782,-11.009793758392334,0.21428571428571427
47676,0,0,31540,-15.137684106826782,-11.009793758392334,0.21428571428571427
47677,0,0,31539,-15.137684106826782,-11.009793758392334,0.21428571428571427
47678,0,0,31538,-15.137684106826782,-11.009793758392334,0.21428571428571427
47679,0,0,31537,-15.137684106826782,-11.009793758392334,0.21428571428571427
47680,0,0,31536,-15.137684106826782,-11.009793758392334,0.21428571428571427
47681,0,0,31535,-15.137684106826782,-11.009793758392334,0.21428571428571427
47682,0,0,31534,-15.137684106826782,-11.009793758392334,0.21428571428571427
47683,0,0,31533,-15.137684106826782,-11.009793758392334,0.21428571428571427
47684,0,0,31531,-15.137684106826782,-11.009793758392334,0.21428571428571427
47685,0,0,31521,-15.137684106826782,-11.009793758392334,0.21428571428571427
47686,0,0,31530,-15.137684106826782,-11.009793758392334,0.21428571428571427
47687,0,0,31529,-15.137684106826782,-11.009793758392334,0.21428571428571427
47688,0,0,31528,-15.137684106826782,-11.009793758392334,0.21428571428571427
47689,0,0,31527,-15.137684106826782,-11.009793758392334,0.21428571428571427
47690,0,0,31526,-15.137684106826782,-11.009793758392334,0.21428571428571427
47691,0,0,31525,-15.137684106826782,-11.009793758392334,0.21428571428571427
47692,0,0,31524,-15.137684106826782,-11.009793758392334,0.21428571428571427
47693,0,0,31523,-15.137684106826782,-11.009793758392334,0.21428571428571427
47694,0,0,31522,-15.137684106826782,-11.009793758392334,0.21428571428571427
47695,0,0,31496,-15.137684106826782,-11.009793758392334,0.21428571428571427
47696,0,0,31494,-15.137684106826782,-11.009793758392334,0.21428571428571427
47697,0,0,31447,-15.137684106826782,-11.009793758392334,0.21428571428571427
47698,0,0,31493,-15.137684106826782,-11.009793758392334,0.21428571428571427
47699,0,0,31468,-15.137684106826782,-11.009793758392334,0.21428571428571427
47700,0,0,31467,-15.137684106826782,-11.009793758392334,0.21428571428571427
47701,0,0,31466,-15.137684106826782,-11.009793758392334,0.21428571428571427
47702,0,0,31465,-15.137684106826782,-11.009793758392334,0.21428571428571427
47703,0,0,31464,-15.137684106826782,-11.009793758392334,0.21428571428571427
47704,0,0,31463,-15.137684106826782,-11.009793758392334,0.21428571428571427
47705,0,0,31462,-15.137684106826782,-11.009793758392334,0.21428571428571427
47706,0,0,31461,-15.137684106826782,-11.009793758392334,0.21428571428571427
47707,0,0,31460,-15.137684106826782,-11.009793758392334,0.21428571428571427
47708,0,0,31459,-15.137684106826782,-11.009793758392334,0.21428571428571427
47709,0,0,31458,-15.137684106826782,-11.009793758392334,0.21428571428571427
47710,0,0,31457,-15.137684106826782,-11.009793758392334,0.21428571428571427
47711,0,0,31456,-15.137684106826782,-11.009793758392334,0.21428571428571427
47712,0,0,31455,-15.137684106826782,-11.009793758392334,0.21428571428571427
47713,0,0,31454,-15.137684106826782,-11.009793758392334,0.21428571428571427
47714,0,0,31453,-15.137684106826782,-11.009793758392334,0.21428571428571427
47715,0,0,31452,-15.137684106826782,-11.009793758392334,0.21428571428571427
47716,0,0,31451,-15.137684106826782,-11.009793758392334,0.21428571428571427
47717,0,0,31450,-15.137684106826782,-11.009793758392334,0.21428571428571427
47718,0,0,31449,-15.137684106826782,-11.009793758392334,0.21428571428571427
47719,0,0,31448,-15.137684106826782,-11.009793758392334,0.21428571428571427
47720,0,0,31469,-15.137684106826782,-11.009793758392334,0.21428571428571427
47721,0,0,31470,-15.137684106826782,-11.009793758392334,0.21428571428571427
47722,0,0,31471,-15.137684106826782,-11.009793758392334,0.21428571428571427
47723,0,0,31483,-15.137684106826782,-11.009793758392334,0.21428571428571427
47724,0,0,31492,-15.137684106826782,-11.009793758392334,0.21428571428571427
47725,0,0,31491,-15.137684106826782,-11.009793758392334,0.21428571428571427
47726,0,0,31490,-15.137684106826782,-11.009793758392334,0.21428571428571427
47727,0,0,31489,-15.137684106826782,-11.009793758392334,0.21428571428571427
47728,0,0,31488,-15.137684106826782,-11.009793758392334,0.21428571428571427
47729,0,0,31487,-15.137684106826782,-11.009793758392334,0.21428571428571427
47730,0,0,31486,-15.137684106826782,-11.009793758392334,0.21428571428571427
47731,0,0,31485,-15.137684106826782,-11.009793758392334,0.21428571428571427
47732,0,0,31484,-15.137684106826782,-11.009793758392334,0.21428571428571427
47733,0,0,31482,-15.137684106826782,-11.009793758392334,0.21428571428571427
47734,0,0,31472,-15.137684106826782,-11.009793758392334,0.21428571428571427
47735,0,0,31481,-15.137684106826782,-11.009793758392334,0.21428571428571427
47736,0,0,31480,-15.137684106826782,-11.009793758392334,0.21428571428571427
47737,0,0,31479,-15.137684106826782,-11.009793758392334,0.21428571428571427
47738,0,0,31478,-15.137684106826782,-11.009793758392334,0.21428571428571427
47739,0,0,31477,-15.137684106826782,-11.009793758392334,0.21428571428571427
47740,0,0,31476,-15.137684106826782,-11.009793758392334,0.21428571428571427
47741,0,0,31475,-15.137684106826782,-11.009793758392334,0.21428571428571427
47742,0,0,31474,-15.137684106826782,-11.009793758392334,0.21428571428571427
47743,0,0,31473,-15.137684106826782,-11.009793758392334,0.21428571428571427
47744,0,0,31542,-15.137684106826782,-11.009793758392334,0.21428571428571427
47745,0,0,31543,-15.137684106826782,-11.009793758392334,0.21428571428571427
47746,0,0,31544,-15.137684106826782,-11.009793758392334,0.21428571428571427
47747,0,0,31545,-15.137684106826782,-11.009793758392334,0.21428571428571427
47748,0,0,31614,-15.137684106826782,-11.009793758392334,0.21428571428571427
47749,0,0,31613,-15.137684106826782,-11.009793758392334,0.21428571428571427
47750,0,0,31612,-15.137684106826782,-11.009793758392334,0.21428571428571427
47751,0,0,31611,-15.137684106826782,-11.009793758392334,0.21428571428571427
47752,0,0,31610,-15.137684106826782,-11.009793758392334,0.21428571428571427
47753,0,0,31609,-15.137684106826782,-11.009793758392334,0.21428571428571427
47754,0,0,31608,-15.137684106826782,-11.009793758392334,0.21428571428571427
47755,0,0,31607,-15.137684106826782,-11.009793758392334,0.21428571428571427
47756,0,0,31606,-15.137684106826782,-11.009793758392334,0.21428571428571427
47757,0,0,31604,-15.137684106826782,-11.009793758392334,0.21428571428571427
47758,0,0,31594,-15.137684106826782,-11.009793758392334,0.21428571428571427
47759,0,0,31603,-15.137684106826782,-11.009793758392334,0.21428571428571427
47760,0,0,31602,-15.137684106826782,-11.009793758392334,0.21428571428571427
47761,0,0,31601,-15.137684106826782,-11.009793758392334,0.21428571428571427
47762,0,0,31600,-15.137684106826782,-11.009793758392334,0.21428571428571427
47763,0,0,31599,-15.137684106826782,-11.009793758392334,0.21428571428571427
47764,0,0,31598,-15.137684106826782,-11.009793758392334,0.21428571428571427
47765,0,0,31597,-15.137684106826782,-11.009793758392334,0.21428571428571427
47766,0,0,31596,-15.137684106826782,-11.009793758392334,0.21428571428571427
47767,0,0,31595,-15.137684106826782,-11.009793758392334,0.21428571428571427
47768,0,0,31615,-15.137684106826782,-11.009793758392334,0.21428571428571427
47769,0,0,31605,-15.137684106826782,-11.009793758392334,0.21428571428571427
47770,0,0,31616,-15.137684106826782,-11.009793758392334,0.21428571428571427
47771,0,0,31629,-15.137684106826782,-11.009793758392334,0.21428571428571427
47772,0,0,31638,-15.137684106826782,-11.009793758392334,0.21428571428571427
47773,0,0,31637,-15.137684106826782,-11.009793758392334,0.21428571428571427
47774,0,0,31636,-15.137684106826782,-11.009793758392334,0.21428571428571427
47775,0,0,31635,-15.137684106826782,-11.009793758392334,0.21428571428571427
47776,0,0,31634,-15.137684106826782,-11.009793758392334,0.21428571428571427
47777,0,0,31633,-15.137684106826782,-11.009793758392334,0.21428571428571427
47778,0,0,31632,-15.137684106826782,-11.009793758392334,0.21428571428571427
47779,0,0,31631,-15.137684106826782,-11.009793758392334,0.21428571428571427
47780,0,0,31630,-15.137684106826782,-11.009793758392334,0.21428571428571427
47781,0,0,31628,-15.137684106826782,-11.009793758392334,0.21428571428571427
47782,0,0,31618,-15.137684106826782,-11.009793758392334,0.21428571428571427
47783,0,0,31627,-15.137684106826782,-11.009793758392334,0.21428571428571427
47784,0,0,31626,-15.137684106826782,-11.009793758392334,0.21428571428571427
47785,0,0,31625,-15.137684106826782,-11.009793758392334,0.21428571428571427
47786,0,0,31624,-15.137684106826782,-11.009793758392334,0.21428571428571427
47787,0,0,31623,-15.137684106826782,-11.009793758392334,0.21428571428571427
47788,0,0,31622,-15.137684106826782,-11.009793758392334,0.21428571428571427
47789,0,0,31621,-15.137684106826782,-11.009793758392334,0.21428571428571427
47790,0,0,31620,-15.137684106826782,-11.009793758392334,0.21428571428571427
47791,0,0,31619,-15.137684106826782,-11.009793758392334,0.21428571428571427
47792,0,0,31617,-15.137684106826782,-11.009793758392334,0.21428571428571427
47793,0,0,31593,-15.137684106826782,-11.009793758392334,0.21428571428571427
47794,0,0,31592,-15.137684106826782,-11.009793758392334,0.21428571428571427
47795,0,0,31591,-15.137684106826782,-11.009793758392334,0.21428571428571427
47796,0,0,31566,-15.137684106826782,-11.009793758392334,0.21428571428571427
47797,0,0,31565,-15.137684106826782,-11.009793758392334,0.21428571428571427
47798,0,0,31564,-15.137684106826782,-11.009793758392334,0.21428571428571427
47799,0,0,31563,-15.137684106826782,-11.009793758392334,0.21428571428571427
47800,0,0,31562,-15.137684106826782,-11.009793758392334,0.21428571428571427
47801,0,0,31561,-15.137684106826782,-11.009793758392334,0.21428571428571427
47802,0,0,31560,-15.137684106826782,-11.009793758392334,0.21428571428571427
47803,0,0,31559,-15.137684106826782,-11.009793758392334,0.21428571428571427
47804,0,0,31558,-15.137684106826782,-11.009793758392334,0.21428571428571427
47805,0,0,31557,-15.137684106826782,-11.009793758392334,0.21428571428571427
47806,0,0,31556,-15.137684106826782,-11.009793758392334,0.21428571428571427
47807,0,0,31555,-15.137684106826782,-11.009793758392334,0.21428571428571427
47808,0,0,31554,-15.137684106826782,-11.009793758392334,0.21428571428571427
47809,0,0,31553,-15.137684106826782,-11.009793758392334,0.21428571428571427
47810,0,0,31552,-15.137684106826782,-11.009793758392334,0.21428571428571427
47811,0,0,31551,-15.137684106826782,-11.009793758392334,0.21428571428571427
47812,0,0,31550,-15.137684106826782,-11.009793758392334,0.21428571428571427
47813,0,0,31549,-15.137684106826782,-11.009793758392334,0.21428571428571427
47814,0,0,31548,-15.137684106826782,-11.009793758392334,0.21428571428571427
47815,0,0,31547,-15.137684106826782,-11.009793758392334,0.21428571428571427
47816,0,0,31546,-15.137684106826782,-11.009793758392334,0.21428571428571427
47817,0,0,31567,-15.137684106826782,-11.009793758392334,0.21428571428571427
47818,0,0,31568,-15.137684106826782,-11.009793758392334,0.21428571428571427
47819,0,0,31569,-15.137684106826782,-11.009793758392334,0.21428571428571427
47820,0,0,31581,-15.137684106826782,-11.009793758392334,0.21428571428571427
47821,0,0,31590,-15.137684106826782,-11.009793758392334,0.21428571428571427
47822,0,0,31589,-15.137684106826782,-11.009793758392334,0.21428571428571427
47823,0,0,31588,-15.137684106826782,-11.009793758392334,0.21428571428571427
47824,0,0,31587,-15.137684106826782,-11.009793758392334,0.21428571428571427
47825,0,0,31586,-15.137684106826782,-11.009793758392334,0.21428571428571427
47826,0,0,31585,-15.137684106826782,-11.009793758392334,0.21428571428571427
47827,0,0,31584,-15.137684106826782,-11.009793758392334,0.21428571428571427
47828,0,0,31583,-15.137684106826782,-11.009793758392334,0.21428571428571427
47829,0,0,31582,-15.137684106826782,-11.009793758392334,0.21428571428571427
47830,0,0,31580,-15.137684106826782,-11.009793758392334,0.21428571428571427
47831,0,0,31570,-15.137684106826782,-11.009793758392334,0.21428571428571427
47832,0,0,31579,-15.137684106826782,-11.009793758392334,0.21428571428571427
47833,0,0,31578,-15.137684106826782,-11.009793758392334,0.21428571428571427
47834,0,0,31577,-15.137684106826782,-11.009793758392334,0.21428571428571427
47835,0,0,31576,-15.137684106826782,-11.009793758392334,0.21428571428571427
47836,0,0,31575,-15.137684106826782,-11.009793758392334,0.21428571428571427
47837,0,0,31574,-15.137684106826782,-11.009793758392334,0.21428571428571427
47838,0,0,31573,-15.137684106826782,-11.009793758392334,0.21428571428571427
47839,0,0,31572,-15.137684106826782,-11.009793758392334,0.21428571428571427
47840,0,0,31571,-15.137684106826782,-11.009793758392334,0.21428571428571427
47841,0,0,31495,-15.137684106826782,-11.009793758392334,0.21428571428571427
47842,0,0,31446,-15.137684106826782,-11.009793758392334,0.21428571428571427
47843,0,0,31445,-15.137684106826782,-11.009793758392334,0.21428571428571427
47844,0,0,31444,-15.137684106826782,-11.009793758392334,0.21428571428571427
47845,0,0,31321,-15.137684106826782,-11.009793758392334,0.21428571428571427
47846,0,0,31320,-15.137684106826782,-11.009793758392334,0.21428571428571427
47847,0,0,31319,-15.137684106826782,-11.009793758392334,0.21428571428571427
47848,0,0,31318,-15.137684106826782,-11.009793758392334,0.21428571428571427
47849,0,0,31317,-15.137684106826782,-11.009793758392334,0.21428571428571427
47850,0,0,31316,-15.137684106826782,-11.009793758392334,0.21428571428571427
47851,0,0,31315,-15.137684106826782,-11.009793758392334,0.21428571428571427
47852,0,0,31314,-15.137684106826782,-11.009793758392334,0.21428571428571427
47853,0,0,31313,-15.137684106826782,-11.009793758392334,0.21428571428571427
47854,0,0,31312,-15.137684106826782,-11.009793758392334,0.21428571428571427
47855,0,0,31311,-15.137684106826782,-11.009793758392334,0.21428571428571427
47856,0,0,31310,-15.137684106826782,-11.009793758392334,0.21428571428571427
47857,0,0,31309,-15.137684106826782,-11.009793758392334,0.21428571428571427
47858,0,0,31308,-15.137684106826782,-11.009793758392334,0.21428571428571427
47859,0,0,31307,-15.137684106826782,-11.009793758392334,0.21428571428571427
47860,0,0,31306,-15.137684106826782,-11.009793758392334,0.21428571428571427
47861,0,0,31305,-15.137684106826782,-11.009793758392334,0.21428571428571427
47862,0,0,31304,-15.137684106826782,-11.009793758392334,0.21428571428571427
47863,0,0,31303,-15.137684106826782,-11.009793758392334,0.21428571428571427
47864,0,0,31302,-15.137684106826782,-11.009793758392334,0.21428571428571427
47865,0,0,31301,-15.137684106826782,-11.009793758392334,0.21428571428571427
47866,0,0,31322,-15.137684106826782,-11.009793758392334,0.21428571428571427
47867,0,0,31323,-15.137684106826782,-11.009793758392334,0.21428571428571427
47868,0,0,31324,-15.137684106826782,-11.009793758392334,0.21428571428571427
47869,0,0,31336,-15.137684106826782,-11.009793758392334,0.21428571428571427
47870,0,0,31345,-15.137684106826782,-11.009793758392334,0.21428571428571427
47871,0,0,31344,-15.137684106826782,-11.009793758392334,0.21428571428571427
47872,0,0,31343,-15.137684106826782,-11.009793758392334,0.21428571428571427
47873,0,0,31342,-15.137684106826782,-11.009793758392334,0.21428571428571427
47874,0,0,31341,-15.137684106826782,-11.009793758392334,0.21428571428571427
47875,0,0,31340,-15.137684106826782,-11.009793758392334,0.21428571428571427
47876,0,0,31339,-15.137684106826782,-11.009793758392334,0.21428571428571427
47877,0,0,31338,-15.137684106826782,-11.009793758392334,0.21428571428571427
47878,0,0,31337,-15.137684106826782,-11.009793758392334,0.21428571428571427
47879,0,0,31335,-15.137684106826782,-11.009793758392334,0.21428571428571427
47880,0,0,31325,-15.137684106826782,-11.009793758392334,0.21428571428571427
47881,0,0,31334,-15.137684106826782,-11.009793758392334,0.21428571428571427
47882,0,0,31333,-15.137684106826782,-11.009793758392334,0.21428571428571427
47883,0,0,31332,-15.137684106826782,-11.009793758392334,0.21428571428571427
47884,0,0,31331,-15.137684106826782,-11.009793758392334,0.21428571428571427
47885,0,0,31330,-15.137684106826782,-11.009793758392334,0.21428571428571427
47886,0,0,31329,-15.137684106826782,-11.009793758392334,0.21428571428571427
47887,0,0,31328,-15.137684106826782,-11.009793758392334,0.21428571428571427
47888,0,0,31327,-15.137684106826782,-11.009793758392334,0.21428571428571427
47889,0,0,31326,-15.137684106826782,-11.009793758392334,0.21428571428571427
47890,0,0,31300,-15.137684106826782,-11.009793758392334,0.21428571428571427
47891,0,0,31298,-15.137684106826782,-11.009793758392334,0.21428571428571427
47892,0,0,31251,-15.137684106826782,-11.009793758392334,0.21428571428571427
47893,0,0,31297,-15.137684106826782,-11.009793758392334,0.21428571428571427
47894,0,0,31272,-15.137684106826782,-11.009793758392334,0.21428571428571427
47895,0,0,31271,-15.137684106826782,-11.009793758392334,0.21428571428571427
47896,0,0,31270,-15.137684106826782,-11.009793758392334,0.21428571428571427
47897,0,0,31269,-15.137684106826782,-11.009793758392334,0.21428571428571427
47898,0,0,31268,-15.137684106826782,-11.009793758392334,0.21428571428571427
47899,0,0,31267,-15.137684106826782,-11.009793758392334,0.21428571428571427
47900,0,0,31266,-15.137684106826782,-11.009793758392334,0.21428571428571427
47901,0,0,31265,-15.137684106826782,-11.009793758392334,0.21428571428571427
47902,0,0,31264,-15.137684106826782,-11.009793758392334,0.21428571428571427
47903,0,0,31263,-15.137684106826782,-11.009793758392334,0.21428571428571427
47904,0,0,31262,-15.137684106826782,-11.009793758392334,0.21428571428571427
47905,0,0,31261,-15.137684106826782,-11.009793758392334,0.21428571428571427
47906,0,0,31260,-15.137684106826782,-11.009793758392334,0.21428571428571427
47907,0,0,31259,-15.137684106826782,-11.009793758392334,0.21428571428571427
47908,0,0,31258,-15.137684106826782,-11.009793758392334,0.21428571428571427
47909,0,0,31257,-15.137684106826782,-11.009793758392334,0.21428571428571427
47910,0,0,31256,-15.137684106826782,-11.009793758392334,0.21428571428571427
47911,0,0,31255,-15.137684106826782,-11.009793758392334,0.21428571428571427
47912,0,0,31254,-15.137684106826782,-11.009793758392334,0.21428571428571427
47913,0,0,31253,-15.137684106826782,-11.009793758392334,0.21428571428571427
47914,0,0,31252,-15.137684106826782,-11.009793758392334,0.21428571428571427
47915,0,0,31273,-15.137684106826782,-11.009793758392334,0.21428571428571427
47916,0,0,31274,-15.137684106826782,-11.009793758392334,0.21428571428571427
47917,0,0,31275,-15.137684106826782,-11.009793758392334,0.21428571428571427
47918,0,0,31287,-15.137684106826782,-11.009793758392334,0.21428571428571427
47919,0,0,31296,-15.137684106826782,-11.009793758392334,0.21428571428571427
47920,0,0,31295,-15.137684106826782,-11.009793758392334,0.21428571428571427
47921,0,0,31294,-15.137684106826782,-11.009793758392334,0.21428571428571427
47922,0,0,31293,-15.137684106826782,-11.009793758392334,0.21428571428571427
47923,0,0,31292,-15.137684106826782,-11.009793758392334,0.21428571428571427
47924,0,0,31291,-15.137684106826782,-11.009793758392334,0.21428571428571427
47925,0,0,31290,-15.137684106826782,-11.009793758392334,0.21428571428571427
47926,0,0,31289,-15.137684106826782,-11.009793758392334,0.21428571428571427
47927,0,0,31288,-15.137684106826782,-11.009793758392334,0.21428571428571427
47928,0,0,31286,-15.137684106826782,-11.009793758392334,0.21428571428571427
47929,0,0,31276,-15.137684106826782,-11.009793758392334,0.21428571428571427
47930,0,0,31285,-15.137684106826782,-11.009793758392334,0.21428571428571427
47931,0,0,31284,-15.137684106826782,-11.009793758392334,0.21428571428571427
47932,0,0,31283,-15.137684106826782,-11.009793758392334,0.21428571428571427
47933,0,0,31282,-15.137684106826782,-11.009793758392334,0.21428571428571427
47934,0,0,31281,-15.137684106826782,-11.009793758392334,0.21428571428571427
47935,0,0,31280,-15.137684106826782,-11.009793758392334,0.21428571428571427
47936,0,0,31279,-15.137684106826782,-11.009793758392334,0.21428571428571427
47937,0,0,31278,-15.137684106826782,-11.009793758392334,0.21428571428571427
47938,0,0,31277,-15.137684106826782,-11.009793758392334,0.21428571428571427
47939,0,0,31346,-15.137684106826782,-11.009793758392334,0.21428571428571427
47940,0,0,31299,-15.137684106826782,-11.009793758392334,0.21428571428571427
47941,0,0,31347,-15.137684106826782,-11.009793758392334,0.21428571428571427
47942,0,0,31397,-15.137684106826782,-11.009793758392334,0.21428571428571427
47943,0,0,31419,-15.137684106826782,-11.009793758392334,0.21428571428571427
47944,0,0,31418,-15.137684106826782,-11.009793758392334,0.21428571428571427
47945,0,0,31417,-15.137684106826782,-11.009793758392334,0.21428571428571427
47946,0,0,31416,-15.137684106826782,-11.009793758392334,0.21428571428571427
47947,0,0,31415,-15.137684106826782,-11.009793758392334,0.21428571428571427
47948,0,0,31414,-15.137684106826782,-11.009793758392334,0.21428571428571427
47949,0,0,31413,-15.137684106826782,-11.009793758392334,0.21428571428571427
47950,0,0,31412,-15.137684106826782,-11.009793758392334,0.21428571428571427
47951,0,0,31411,-15.137684106826782,-11.009793758392334,0.21428571428571427
47952,0,0,31410,-15.137684106826782,-11.009793758392334,0.21428571428571427
47953,1,0,31409,-15.137684106826782,-11.009793758392334,0.21428571428571427
47954,0,0,31408,-15.137684106826782,-11.009793758392334,0.21428571428571427
47955,0,0,31407,-15.137684106826782,-11.009793758392334,0.21428571428571427
47956,0,0,31406,-15.137684106826782,-11.009793758392334,0.21428571428571427
47957,0,0,31405,-15.137684106826782,-11.009793758392334,0.21428571428571427
47958,0,0,31404,-15.137684106826782,-11.009793758392334,0.21428571428571427
47959,0,0,31403,-15.137684106826782,-11.009793758392334,0.21428571428571427
47960,0,0,31402,-15.137684106826782,-11.009793758392334,0.21428571428571427
47961,0,0,31401,-15.137684106826782,-11.009793758392334,0.21428571428571427
47962,0,0,31400,-15.137684106826782,-11.009793758392334,0.21428571428571427
47963,0,0,31399,-15.137684106826782,-11.009793758392334,0.21428571428571427
47964,0,0,31420,-15.137684106826782,-11.009793758392334,0.21428571428571427
47965,0,0,31421,-15.137684106826782,-11.009793758392334,0.21428571428571427
47966,0,0,31422,-15.137684106826782,-11.009793758392334,0.21428571428571427
47967,0,0,31434,-15.137684106826782,-11.009793758392334,0.21428571428571427
47968,0,0,31443,-15.137684106826782,-11.009793758392334,0.21428571428571427
47969,0,0,31442,-15.137684106826782,-11.009793758392334,0.21428571428571427
47970,0,0,31441,-15.137684106826782,-11.009793758392334,0.21428571428571427
47971,0,0,31440,-15.137684106826782,-11.009793758392334,0.21428571428571427
47972,0,0,31439,-15.137684106826782,-11.009793758392334,0.21428571428571427
47973,0,0,31438,-15.137684106826782,-11.009793758392334,0.21428571428571427
47974,0,0,31437,-15.137684106826782,-11.009793758392334,0.21428571428571427
47975,0,0,31436,-15.137684106826782,-11.009793758392334,0.21428571428571427
47976,0,0,31435,-15.137684106826782,-11.009793758392334,0.21428571428571427
47977,0,0,31433,-15.137684106826782,-11.009793758392334,0.21428571428571427
47978,0,0,31423,-15.137684106826782,-11.009793758392334,0.21428571428571427
47979,0,0,31432,-15.137684106826782,-11.009793758392334,0.21428571428571427
47980,0,0,31431,-15.137684106826782,-11.009793758392334,0.21428571428571427
47981,0,0,31430,-15.137684106826782,-11.009793758392334,0.21428571428571427
47982,0,0,31429,-15.137684106826782,-11.009793758392334,0.21428571428571427
47983,0,0,31428,-15.137684106826782,-11.009793758392334,0.21428571428571427
47984,1,0,31427,-15.137684106826782,-11.009793758392334,0.21428571428571427
47985,0,0,31426,-15.137684106826782,-11.009793758392334,0.21428571428571427
47986,0,0,31425,-15.137684106826782,-11.009793758392334,0.21428571428571427
47987,0,0,31424,-15.137684106826782,-11.009793758392334,0.21428571428571427
47988,0,0,31398,-15.137684106826782,-11.009793758392334,0.21428571428571427
47989,0,0,31396,-15.137684106826782,-11.009793758392334,0.21428571428571427
47990,0,0,31349,-15.137684106826782,-11.009793758392334,0.21428571428571427
47991,0,0,31395,-15.137684106826782,-11.009793758392334,0.21428571428571427
47992,0,0,31370,-15.137684106826782,-11.009793758392334,0.21428571428571427
47993,0,0,31369,-15.137684106826782,-11.009793758392334,0.21428571428571427
47994,0,0,31368,-15.137684106826782,-11.009793758392334,0.21428571428571427
47995,0,0,31367,-15.137684106826782,-11.009793758392334,0.21428571428571427
47996,0,0,31366,-15.137684106826782,-11.009793758392334,0.21428571428571427
47997,0,0,31365,-15.137684106826782,-11.009793758392334,0.21428571428571427
47998,0,0,31364,-15.137684106826782,-11.009793758392334,0.21428571428571427
47999,0,0,31363,-15.137684106826782,-11.009793758392334,0.21428571428571427
48000,0,0,31362,-15.137684106826782,-11.009793758392334,0.21428571428571427
48001,0,0,31361,-15.137684106826782,-11.009793758392334,0.21428571428571427
48002,0,0,31360,-15.137684106826782,-11.009793758392334,0.21428571428571427
48003,0,0,31359,-15.137684106826782,-11.009793758392334,0.21428571428571427
48004,0,0,31358,-15.137684106826782,-11.009793758392334,0.21428571428571427
48005,0,0,31357,-15.137684106826782,-11.009793758392334,0.21428571428571427
48006,0,0,31356,-15.137684106826782,-11.009793758392334,0.21428571428571427
48007,0,0,31355,-15.137684106826782,-11.009793758392334,0.21428571428571427
48008,0,0,31354,-15.137684106826782,-11.009793758392334,0.21428571428571427
48009,0,0,31353,-15.137684106826782,-11.009793758392334,0.21428571428571427
48010,0,0,31352,-15.137684106826782,-11.009793758392334,0.21428571428571427
48011,0,0,31351,-15.137684106826782,-11.009793758392334,0.21428571428571427
48012,0,0,31350,-15.137684106826782,-11.009793758392334,0.21428571428571427
48013,0,0,31371,-15.137684106826782,-11.009793758392334,0.21428571428571427
48014,0,0,31372,-15.137684106826782,-11.009793758392334,0.21428571428571427
48015,0,0,31373,-15.137684106826782,-11.009793758392334,0.21428571428571427
48016,0,0,31385,-15.137684106826782,-11.009793758392334,0.21428571428571427
48017,0,0,31394,-15.137684106826782,-11.009793758392334,0.21428571428571427
48018,0,0,31393,-15.137684106826782,-11.009793758392334,0.21428571428571427
48019,0,0,31392,-15.137684106826782,-11.009793758392334,0.21428571428571427
48020,0,0,31391,-15.137684106826782,-11.009793758392334,0.21428571428571427
48021,0,0,31390,-15.137684106826782,-11.009793758392334,0.21428571428571427
48022,0,0,31389,-15.137684106826782,-11.009793758392334,0.21428571428571427
48023,0,0,31388,-15.137684106826782,-11.009793758392334,0.21428571428571427
48024,0,0,31387,-15.137684106826782,-11.009793758392334,0.21428571428571427
48025,0,0,31386,-15.137684106826782,-11.009793758392334,0.21428571428571427
48026,0,0,31384,-15.137684106826782,-11.009793758392334,0.21428571428571427
48027,0,0,31374,-15.137684106826782,-11.009793758392334,0.21428571428571427
48028,0,0,31383,-15.137684106826782,-11.009793758392334,0.21428571428571427
48029,0,0,31382,-15.137684106826782,-11.009793758392334,0.21428571428571427
48030,0,0,31381,-15.137684106826782,-11.009793758392334,0.21428571428571427
48031,0,0,31380,-15.137684106826782,-11.009793758392334,0.21428571428571427
48032,0,0,31379,-15.137684106826782,-11.009793758392334,0.21428571428571427
48033,0,0,31378,-15.137684106826782,-11.009793758392334,0.21428571428571427
48034,0,0,31377,-15.137684106826782,-11.009793758392334,0.21428571428571427
48035,0,0,31376,-15.137684106826782,-11.009793758392334,0.21428571428571427
48036,0,0,31375,-15.137684106826782,-11.009793758392334,0.21428571428571427
48037,0,0,31639,-15.137684106826782,-11.009793758392334,0.21428571428571427
48038,0,0,31640,-15.137684106826782,-11.009793758392334,0.21428571428571427
48039,0,0,31641,-15.137684106826782,-11.009793758392334,0.21428571428571427
48040,0,0,31836,-15.137684106826782,-11.009793758392334,0.21428571428571427
48041,0,0,31907,-15.137684106826782,-11.009793758392334,0.21428571428571427
48042,0,0,31906,-15.137684106826782,-11.009793758392334,0.21428571428571427
48043,0,0,31905,-15.137684106826782,-11.009793758392334,0.21428571428571427
48044,0,0,31904,-15.137684106826782,-11.009793758392334,0.21428571428571427
48045,0,0,31903,-15.137684106826782,-11.009793758392334,0.21428571428571427
48046,0,0,31902,-15.137684106826782,-11.009793758392334,0.21428571428571427
48047,0,0,31901,-15.137684106826782,-11.009793758392334,0.21428571428571427
48048,0,0,31900,-15.137684106826782,-11.009793758392334,0.21428571428571427
48049,0,0,31899,-15.137684106826782,-11.009793758392334,0.21428571428571427
48050,0,0,31898,-15.137684106826782,-11.009793758392334,0.21428571428571427
48051,0,0,31897,-15.137684106826782,-11.009793758392334,0.21428571428571427
48052,0,0,31896,-15.137684106826782,-11.009793758392334,0.21428571428571427
48053,0,0,31895,-15.137684106826782,-11.009793758392334,0.21428571428571427
48054,0,0,31894,-15.137684106826782,-11.009793758392334,0.21428571428571427
48055,0,0,31893,-15.137684106826782,-11.009793758392334,0.21428571428571427
48056,0,0,31892,-15.137684106826782,-11.009793758392334,0.21428571428571427
48057,0,0,31891,-15.137684106826782,-11.009793758392334,0.21428571428571427
48058,0,0,31890,-15.137684106826782,-11.009793758392334,0.21428571428571427
48059,0,0,31889,-15.137684106826782,-11.009793758392334,0.21428571428571427
48060,0,0,31888,-15.137684106826782,-11.009793758392334,0.21428571428571427
48061,0,0,31887,-15.137684106826782,-11.009793758392334,0.21428571428571427
48062,0,0,31908,-15.137684106826782,-11.009793758392334,0.21428571428571427
48063,0,0,31909,-15.137684106826782,-11.009793758392334,0.21428571428571427
48064,0,0,31910,-15.137684106826782,-11.009793758392334,0.21428571428571427
48065,0,0,31922,-15.137684106826782,-11.009793758392334,0.21428571428571427
48066,0,0,31931,-15.137684106826782,-11.009793758392334,0.21428571428571427
48067,0,0,31930,-15.137684106826782,-11.009793758392334,0.21428571428571427
48068,0,0,31929,-15.137684106826782,-11.009793758392334,0.21428571428571427
48069,0,0,31928,-15.137684106826782,-11.009793758392334,0.21428571428571427
48070,0,0,31927,-15.137684106826782,-11.009793758392334,0.21428571428571427
48071,0,0,31926,-15.137684106826782,-11.009793758392334,0.21428571428571427
48072,0,0,31925,-15.137684106826782,-11.009793758392334,0.21428571428571427
48073,0,0,31924,-15.137684106826782,-11.009793758392334,0.21428571428571427
48074,0,0,31923,-15.137684106826782,-11.009793758392334,0.21428571428571427
48075,0,0,31921,-15.137684106826782,-11.009793758392334,0.21428571428571427
48076,0,0,31911,-15.137684106826782,-11.009793758392334,0.21428571428571427
48077,0,0,31920,-15.137684106826782,-11.009793758392334,0.21428571428571427
48078,0,0,31919,-15.137684106826782,-11.009793758392334,0.21428571428571427
48079,0,0,31918,-15.137684106826782,-11.009793758392334,0.21428571428571427
48080,0,0,31917,-15.137684106826782,-11.009793758392334,0.21428571428571427
48081,0,0,31916,-15.137684106826782,-11.009793758392334,0.21428571428571427
48082,0,0,31915,-15.137684106826782,-11.009793758392334,0.21428571428571427
48083,0,0,31914,-15.137684106826782,-11.009793758392334,0.21428571428571427
48084,0,0,31913,-15.137684106826782,-11.009793758392334,0.21428571428571427
48085,0,0,31912,-15.137684106826782,-11.009793758392334,0.21428571428571427
48086,0,0,31886,-15.137684106826782,-11.009793758392334,0.21428571428571427
48087,0,0,31884,-15.137684106826782,-11.009793758392334,0.21428571428571427
48088,0,0,31837,-15.137684106826782,-11.009793758392334,0.21428571428571427
48089,0,0,31883,-15.137684106826782,-11.009793758392334,0.21428571428571427
48090,0,0,31858,-15.137684106826782,-11.009793758392334,0.21428571428571427
48091,0,0,31857,-15.137684106826782,-11.009793758392334,0.21428571428571427
48092,0,0,31856,-15.137684106826782,-11.009793758392334,0.21428571428571427
48093,0,0,31855,-15.137684106826782,-11.009793758392334,0.21428571428571427
48094,0,0,31854,-15.137684106826782,-11.009793758392334,0.21428571428571427
48095,0,0,31853,-15.137684106826782,-11.009793758392334,0.21428571428571427
48096,0,0,31852,-15.137684106826782,-11.009793758392334,0.21428571428571427
48097,0,0,31851,-15.137684106826782,-11.009793758392334,0.21428571428571427
48098,0,0,31850,-15.137684106826782,-11.009793758392334,0.21428571428571427
48099,0,0,31849,-15.137684106826782,-11.009793758392334,0.21428571428571427
48100,0,0,31848,-15.137684106826782,-11.009793758392334,0.21428571428571427
48101,0,0,31847,-15.137684106826782,-11.009793758392334,0.21428571428571427
48102,0,0,31846,-15.137684106826782,-11.009793758392334,0.21428571428571427
48103,0,0,31845,-15.137684106826782,-11.009793758392334,0.21428571428571427
48104,0,0,31844,-15.137684106826782,-11.009793758392334,0.21428571428571427
48105,0,0,31843,-15.137684106826782,-11.009793758392334,0.21428571428571427
48106,0,0,31842,-15.137684106826782,-11.009793758392334,0.21428571428571427
48107,0,0,31841,-15.137684106826782,-11.009793758392334,0.21428571428571427
48108,0,0,31840,-15.137684106826782,-11.009793758392334,0.21428571428571427
48109,0,0,31839,-15.137684106826782,-11.009793758392334,0.21428571428571427
48110,0,0,31838,-15.137684106826782,-11.009793758392334,0.21428571428571427
48111,0,0,31859,-15.137684106826782,-11.009793758392334,0.21428571428571427
48112,0,0,31860,-15.137684106826782,-11.009793758392334,0.21428571428571427
48113,0,0,31861,-15.137684106826782,-11.009793758392334,0.21428571428571427
48114,0,0,31873,-15.137684106826782,-11.009793758392334,0.21428571428571427
48115,0,0,31882,-15.137684106826782,-11.009793758392334,0.21428571428571427
48116,0,0,31881,-15.137684106826782,-11.009793758392334,0.21428571428571427
48117,0,0,31880,-15.137684106826782,-11.009793758392334,0.21428571428571427
48118,0,0,31879,-15.137684106826782,-11.009793758392334,0.21428571428571427
48119,0,0,31878,-15.137684106826782,-11.009793758392334,0.21428571428571427
48120,0,0,31877,-15.137684106826782,-11.009793758392334,0.21428571428571427
48121,0,0,31876,-15.137684106826782,-11.009793758392334,0.21428571428571427
48122,0,0,31875,-15.137684106826782,-11.009793758392334,0.21428571428571427
48123,0,0,31874,-15.137684106826782,-11.009793758392334,0.21428571428571427
48124,0,0,31872,-15.137684106826782,-11.009793758392334,0.21428571428571427
48125,0,0,31862,-15.137684106826782,-11.009793758392334,0.21428571428571427
48126,0,0,31871,-15.137684106826782,-11.009793758392334,0.21428571428571427
48127,0,0,31870,-15.137684106826782,-11.009793758392334,0.21428571428571427
48128,0,0,31869,-15.137684106826782,-11.009793758392334,0.21428571428571427
48129,0,0,31868,-15.137684106826782,-11.009793758392334,0.21428571428571427
48130,0,0,31867,-15.137684106826782,-11.009793758392334,0.21428571428571427
48131,0,0,31866,-15.137684106826782,-11.009793758392334,0.21428571428571427
48132,0,0,31865,-15.137684106826782,-11.009793758392334,0.21428571428571427
48133,0,0,31864,-15.137684106826782,-11.009793758392334,0.21428571428571427
48134,0,0,31863,-15.137684106826782,-11.009793758392334,0.21428571428571427
48135,0,0,31932,-15.137684106826782,-11.009793758392334,0.21428571428571427
48136,0,0,31933,-15.137684106826782,-11.009793758392334,0.21428571428571427
48137,0,0,31934,-15.137684106826782,-11.009793758392334,0.21428571428571427
48138,0,0,31935,-15.137684106826782,-11.009793758392334,0.21428571428571427
48139,0,0,13,-15.137684106826782,-11.009793758392334,0.21428571428571427
48140,0,0,32004,-15.137684106826782,-11.009793758392334,0.21428571428571427
48141,0,0,32003,-15.137684106826782,-11.009793758392334,0.21428571428571427
48142,0,0,32002,-15.137684106826782,-11.009793758392334,0.21428571428571427
48143,0,0,32001,-15.137684106826782,-11.009793758392334,0.21428571428571427
48144,0,0,32000,-15.137684106826782,-11.009793758392334,0.21428571428571427
48145,0,0,31999,-15.137684106826782,-11.009793758392334,0.21428571428571427
48146,0,0,31998,-15.137684106826782,-11.009793758392334,0.21428571428571427
48147,0,0,31997,-15.137684106826782,-11.009793758392334,0.21428571428571427
48148,0,0,31996,-15.137684106826782,-11.009793758392334,0.21428571428571427
48149,0,0,31994,-15.137684106826782,-11.009793758392334,0.21428571428571427
48150,0,0,31984,-15.137684106826782,-11.009793758392334,0.21428571428571427
48151,0,0,31993,-15.137684106826782,-11.009793758392334,0.21428571428571427
48152,0,0,31992,-15.137684106826782,-11.009793758392334,0.21428571428571427
48153,0,0,31991,-15.137684106826782,-11.009793758392334,0.21428571428571427
48154,0,0,31990,-15.137684106826782,-11.009793758392334,0.21428571428571427
48155,0,0,31989,-15.137684106826782,-11.009793758392334,0.21428571428571427
48156,0,0,31988,-15.137684106826782,-11.009793758392334,0.21428571428571427
48157,0,0,31987,-15.137684106826782,-11.009793758392334,0.21428571428571427
48158,0,0,31986,-15.137684106826782,-11.009793758392334,0.21428571428571427
48159,0,0,31985,-15.137684106826782,-11.009793758392334,0.21428571428571427
48160,0,0,32005,-15.137684106826782,-11.009793758392334,0.21428571428571427
48161,0,0,31995,-15.137684106826782,-11.009793758392334,0.21428571428571427
48162,0,0,32006,-15.137684106826782,-11.009793758392334,0.21428571428571427
48163,0,0,32019,-15.137684106826782,-11.009793758392334,0.21428571428571427
48164,0,0,32028,-15.137684106826782,-11.009793758392334,0.21428571428571427
48165,0,0,32027,-15.137684106826782,-11.009793758392334,0.21428571428571427
48166,0,0,32026,-15.137684106826782,-11.009793758392334,0.21428571428571427
48167,0,0,32025,-15.137684106826782,-11.009793758392334,0.21428571428571427
48168,0,0,32024,-15.137684106826782,-11.009793758392334,0.21428571428571427
48169,0,0,32023,-15.137684106826782,-11.009793758392334,0.21428571428571427
48170,0,0,32022,-15.137684106826782,-11.009793758392334,0.21428571428571427
48171,0,0,32021,-15.137684106826782,-11.009793758392334,0.21428571428571427
48172,0,0,32020,-15.137684106826782,-11.009793758392334,0.21428571428571427
48173,0,0,32018,-15.137684106826782,-11.009793758392334,0.21428571428571427
48174,0,0,32008,-15.137684106826782,-11.009793758392334,0.21428571428571427
48175,0,0,32017,-15.137684106826782,-11.009793758392334,0.21428571428571427
48176,0,0,32016,-15.137684106826782,-11.009793758392334,0.21428571428571427
48177,0,0,32015,-15.137684106826782,-11.009793758392334,0.21428571428571427
48178,0,0,32014,-15.137684106826782,-11.009793758392334,0.21428571428571427
48179,0,0,32013,-15.137684106826782,-11.009793758392334,0.21428571428571427
48180,0,0,32012,-15.137684106826782,-11.009793758392334,0.21428571428571427
48181,0,0,32011,-15.137684106826782,-11.009793758392334,0.21428571428571427
48182,0,0,32010,-15.137684106826782,-11.009793758392334,0.21428571428571427
48183,0,0,32009,-15.137684106826782,-11.009793758392334,0.21428571428571427
48184,0,0,32007,-15.137684106826782,-11.009793758392334,0.21428571428571427
48185,0,0,31983,-15.137684106826782,-11.009793758392334,0.21428571428571427
48186,0,0,31982,-15.137684106826782,-11.009793758392334,0.21428571428571427
48187,0,0,31981,-15.137684106826782,-11.009793758392334,0.21428571428571427
48188,0,0,31956,-15.137684106826782,-11.009793758392334,0.21428571428571427
48189,0,0,31955,-15.137684106826782,-11.009793758392334,0.21428571428571427
48190,0,0,31954,-15.137684106826782,-11.009793758392334,0.21428571428571427
48191,0,0,31953,-15.137684106826782,-11.009793758392334,0.21428571428571427
48192,1,0,31952,-15.137684106826782,-11.009793758392334,0.21428571428571427
48193,0,0,31951,-15.137684106826782,-11.009793758392334,0.21428571428571427
48194,0,0,31950,-15.137684106826782,-11.009793758392334,0.21428571428571427
48195,0,0,31949,-15.137684106826782,-11.009793758392334,0.21428571428571427
48196,0,0,31948,-15.137684106826782,-11.009793758392334,0.21428571428571427
48197,0,0,31947,-15.137684106826782,-11.009793758392334,0.21428571428571427
48198,0,0,31946,-15.137684106826782,-11.009793758392334,0.21428571428571427
48199,0,0,31945,-15.137684106826782,-11.009793758392334,0.21428571428571427
48200,0,0,31944,-15.137684106826782,-11.009793758392334,0.21428571428571427
48201,0,0,31943,-15.137684106826782,-11.009793758392334,0.21428571428571427
48202,0,0,31942,-15.137684106826782,-11.009793758392334,0.21428571428571427
48203,0,0,31941,-15.137684106826782,-11.009793758392334,0.21428571428571427
48204,0,0,31940,-15.137684106826782,-11.009793758392334,0.21428571428571427
48205,0,0,31939,-15.137684106826782,-11.009793758392334,0.21428571428571427
48206,0,0,31938,-15.137684106826782,-11.009793758392334,0.21428571428571427
48207,0,0,31937,-15.137684106826782,-11.009793758392334,0.21428571428571427
48208,0,0,31936,-15.137684106826782,-11.009793758392334,0.21428571428571427
48209,0,0,31957,-15.137684106826782,-11.009793758392334,0.21428571428571427
48210,0,0,31958,-15.137684106826782,-11.009793758392334,0.21428571428571427
48211,0,0,31959,-15.137684106826782,-11.009793758392334,0.21428571428571427
48212,0,0,31971,-15.137684106826782,-11.009793758392334,0.21428571428571427
48213,0,0,31980,-15.137684106826782,-11.009793758392334,0.21428571428571427
48214,0,0,31979,-15.137684106826782,-11.009793758392334,0.21428571428571427
48215,0,0,31978,-15.137684106826782,-11.009793758392334,0.21428571428571427
48216,0,0,31977,-15.137684106826782,-11.009793758392334,0.21428571428571427
48217,0,0,31976,-15.137684106826782,-11.009793758392334,0.21428571428571427
48218,0,0,31975,-15.137684106826782,-11.009793758392334,0.21428571428571427
48219,0,0,31974,-15.137684106826782,-11.009793758392334,0.21428571428571427
48220,0,0,31973,-15.137684106826782,-11.009793758392334,0.21428571428571427
48221,0,0,31972,-15.137684106826782,-11.009793758392334,0.21428571428571427
48222,0,0,31970,-15.137684106826782,-11.009793758392334,0.21428571428571427
48223,0,0,31960,-15.137684106826782,-11.009793758392334,0.21428571428571427
48224,0,0,31969,-15.137684106826782,-11.009793758392334,0.21428571428571427
48225,0,0,31968,-15.137684106826782,-11.009793758392334,0.21428571428571427
48226,0,0,31967,-15.137684106826782,-11.009793758392334,0.21428571428571427
48227,0,0,31966,-15.137684106826782,-11.009793758392334,0.21428571428571427
48228,0,0,31965,-15.137684106826782,-11.009793758392334,0.21428571428571427
48229,0,0,31964,-15.137684106826782,-11.009793758392334,0.21428571428571427
48230,0,0,31963,-15.137684106826782,-11.009793758392334,0.21428571428571427
48231,0,0,31962,-15.137684106826782,-11.009793758392334,0.21428571428571427
48232,0,0,31961,-15.137684106826782,-11.009793758392334,0.21428571428571427
48233,0,0,31885,-15.137684106826782,-11.009793758392334,0.21428571428571427
48234,0,0,31835,-15.137684106826782,-11.009793758392334,0.21428571428571427
48235,0,0,31690,-15.137684106826782,-11.009793758392334,0.21428571428571427
48236,0,0,31834,-15.137684106826782,-11.009793758392334,0.21428571428571427
48237,0,0,31712,-15.137684106826782,-11.009793758392334,0.21428571428571427
48238,0,0,31711,-15.137684106826782,-11.009793758392334,0.21428571428571427
48239,0,0,31710,-15.137684106826782,-11.009793758392334,0.21428571428571427
48240,0,0,31709,-15.137684106826782,-11.009793758392334,0.21428571428571427
48241,0,0,31708,-15.137684106826782,-11.009793758392334,0.21428571428571427
48242,0,0,31707,-15.137684106826782,-11.009793758392334,0.21428571428571427
48243,0,0,31706,-15.137684106826782,-11.009793758392334,0.21428571428571427
48244,0,0,31705,-15.137684106826782,-11.009793758392334,0.21428571428571427
48245,0,0,31704,-15.137684106826782,-11.009793758392334,0.21428571428571427
48246,0,0,31703,-15.137684106826782,-11.009793758392334,0.21428571428571427
48247,0,0,31702,-15.137684106826782,-11.009793758392334,0.21428571428571427
48248,0,0,31701,-15.137684106826782,-11.009793758392334,0.21428571428571427
48249,0,0,31700,-15.137684106826782,-11.009793758392334,0.21428571428571427
48250,0,0,31699,-15.137684106826782,-11.009793758392334,0.21428571428571427
48251,0,0,31698,-15.137684106826782,-11.009793758392334,0.21428571428571427
48252,0,0,31697,-15.137684106826782,-11.009793758392334,0.21428571428571427
48253,0,0,31696,-15.137684106826782,-11.009793758392334,0.21428571428571427
48254,0,0,31695,-15.137684106826782,-11.009793758392334,0.21428571428571427
48255,0,0,31694,-15.137684106826782,-11.009793758392334,0.21428571428571427
48256,0,0,31693,-15.137684106826782,-11.009793758392334,0.21428571428571427
48257,0,0,31692,-15.137684106826782,-11.009793758392334,0.21428571428571427
48258,0,0,31713,-15.137684106826782,-11.009793758392334,0.21428571428571427
48259,0,0,31714,-15.137684106826782,-11.009793758392334,0.21428571428571427
48260,0,0,31715,-15.137684106826782,-11.009793758392334,0.21428571428571427
48261,0,0,31727,-15.137684106826782,-11.009793758392334,0.21428571428571427
48262,0,0,31736,-15.137684106826782,-11.009793758392334,0.21428571428571427
48263,0,0,31735,-15.137684106826782,-11.009793758392334,0.21428571428571427
48264,0,0,31734,-15.137684106826782,-11.009793758392334,0.21428571428571427
48265,0,0,31733,-15.137684106826782,-11.009793758392334,0.21428571428571427
48266,0,0,31732,-15.137684106826782,-11.009793758392334,0.21428571428571427
48267,0,0,31731,-15.137684106826782,-11.009793758392334,0.21428571428571427
48268,0,0,31730,-15.137684106826782,-11.009793758392334,0.21428571428571427
48269,0,0,31729,-15.137684106826782,-11.009793758392334,0.21428571428571427
48270,0,0,31728,-15.137684106826782,-11.009793758392334,0.21428571428571427
48271,0,0,31726,-15.137684106826782,-11.009793758392334,0.21428571428571427
48272,0,0,31716,-15.137684106826782,-11.009793758392334,0.21428571428571427
48273,0,0,31725,-15.137684106826782,-11.009793758392334,0.21428571428571427
48274,0,0,31724,-15.137684106826782,-11.009793758392334,0.21428571428571427
48275,0,0,31723,-15.137684106826782,-11.009793758392334,0.21428571428571427
48276,0,0,31722,-15.137684106826782,-11.009793758392334,0.21428571428571427
48277,0,0,31721,-15.137684106826782,-11.009793758392334,0.21428571428571427
48278,0,0,31720,-15.137684106826782,-11.009793758392334,0.21428571428571427
48279,0,0,31719,-15.137684106826782,-11.009793758392334,0.21428571428571427
48280,0,0,31718,-15.137684106826782,-11.009793758392334,0.21428571428571427
48281,0,0,31717,-15.137684106826782,-11.009793758392334,0.21428571428571427
48282,0,0,31691,-15.137684106826782,-11.009793758392334,0.21428571428571427
48283,0,0,31689,-15.137684106826782,-11.009793758392334,0.21428571428571427
48284,0,0,31642,-15.137684106826782,-11.009793758392334,0.21428571428571427
48285,0,0,31688,-15.137684106826782,-11.009793758392334,0.21428571428571427
48286,0,0,31663,-15.137684106826782,-11.009793758392334,0.21428571428571427
48287,0,0,31662,-15.137684106826782,-11.009793758392334,0.21428571428571427
48288,0,0,31661,-15.137684106826782,-11.009793758392334,0.21428571428571427
48289,0,0,31660,-15.137684106826782,-11.009793758392334,0.21428571428571427
48290,0,0,31659,-15.137684106826782,-11.009793758392334,0.21428571428571427
48291,0,0,31658,-15.137684106826782,-11.009793758392334,0.21428571428571427
48292,0,0,31657,-15.137684106826782,-11.009793758392334,0.21428571428571427
48293,0,0,31656,-15.137684106826782,-11.009793758392334,0.21428571428571427
48294,0,0,31655,-15.137684106826782,-11.009793758392334,0.21428571428571427
48295,0,0,31654,-15.137684106826782,-11.009793758392334,0.21428571428571427
48296,0,0,31653,-15.137684106826782,-11.009793758392334,0.21428571428571427
48297,0,0,31652,-15.137684106826782,-11.009793758392334,0.21428571428571427
48298,0,0,31651,-15.137684106826782,-11.009793758392334,0.21428571428571427
48299,0,0,31650,-15.137684106826782,-11.009793758392334,0.21428571428571427
48300,0,0,31649,-15.137684106826782,-11.009793758392334,0.21428571428571427
48301,0,0,31648,-15.137684106826782,-11.009793758392334,0.21428571428571427
48302,0,0,31647,-15.137684106826782,-11.009793758392334,0.21428571428571427
48303,0,0,31646,-15.137684106826782,-11.009793758392334,0.21428571428571427
48304,0,0,31645,-15.137684106826782,-11.009793758392334,0.21428571428571427
48305,0,0,31644,-15.137684106826782,-11.009793758392334,0.21428571428571427
48306,0,0,31643,-15.137684106826782,-11.009793758392334,0.21428571428571427
48307,0,0,31664,-15.137684106826782,-11.009793758392334,0.21428571428571427
48308,0,0,31665,-15.137684106826782,-11.009793758392334,0.21428571428571427
48309,0,0,31666,-15.137684106826782,-11.009793758392334,0.21428571428571427
48310,0,0,31678,-15.137684106826782,-11.009793758392334,0.21428571428571427
48311,0,0,31687,-15.137684106826782,-11.009793758392334,0.21428571428571427
48312,0,0,31686,-15.137684106826782,-11.009793758392334,0.21428571428571427
48313,0,0,31685,-15.137684106826782,-11.009793758392334,0.21428571428571427
48314,0,0,31684,-15.137684106826782,-11.009793758392334,0.21428571428571427
48315,0,0,31683,-15.137684106826782,-11.009793758392334,0.21428571428571427
48316,0,0,31682,-15.137684106826782,-11.009793758392334,0.21428571428571427
48317,0,0,31681,-15.137684106826782,-11.009793758392334,0.21428571428571427
48318,0,0,31680,-15.137684106826782,-11.009793758392334,0.21428571428571427
48319,0,0,31679,-15.137684106826782,-11.009793758392334,0.21428571428571427
48320,0,0,31677,-15.137684106826782,-11.009793758392334,0.21428571428571427
48321,0,0,31667,-15.137684106826782,-11.009793758392334,0.21428571428571427
48322,0,0,31676,-15.137684106826782,-11.009793758392334,0.21428571428571427
48323,0,0,31675,-15.137684106826782,-11.009793758392334,0.21428571428571427
48324,0,0,31674,-15.137684106826782,-11.009793758392334,0.21428571428571427
48325,0,0,31673,-15.137684106826782,-11.009793758392334,0.21428571428571427
48326,0,0,31672,-15.137684106826782,-11.009793758392334,0.21428571428571427
48327,0,0,31671,-15.137684106826782,-11.009793758392334,0.21428571428571427
48328,0,0,31670,-15.137684106826782,-11.009793758392334,0.21428571428571427
48329,0,0,31669,-15.137684106826782,-11.009793758392334,0.21428571428571427
48330,0,0,31668,-15.137684106826782,-11.009793758392334,0.21428571428571427
48331,0,0,31737,-15.137684106826782,-11.009793758392334,0.21428571428571427
48332,0,0,31738,-15.137684106826782,-11.009793758392334,0.21428571428571427
48333,0,0,31739,-15.137684106826782,-11.009793758392334,0.21428571428571427
48334,0,0,31740,-15.137684106826782,-11.009793758392334,0.21428571428571427
48335,0,0,31809,-15.137684106826782,-11.009793758392334,0.21428571428571427
48336,0,0,31808,-15.137684106826782,-11.009793758392334,0.21428571428571427
48337,0,0,31807,-15.137684106826782,-11.009793758392334,0.21428571428571427
48338,0,0,31806,-15.137684106826782,-11.009793758392334,0.21428571428571427
48339,0,0,31805,-15.137684106826782,-11.009793758392334,0.21428571428571427
48340,0,0,31804,-15.137684106826782,-11.009793758392334,0.21428571428571427
48341,0,0,31803,-15.137684106826782,-11.009793758392334,0.21428571428571427
48342,0,0,31802,-15.137684106826782,-11.009793758392334,0.21428571428571427
48343,0,0,31801,-15.137684106826782,-11.009793758392334,0.21428571428571427
48344,0,0,31799,-15.137684106826782,-11.009793758392334,0.21428571428571427
48345,0,0,31789,-15.137684106826782,-11.009793758392334,0.21428571428571427
48346,0,0,31798,-15.137684106826782,-11.009793758392334,0.21428571428571427
48347,0,0,31797,-15.137684106826782,-11.009793758392334,0.21428571428571427
48348,0,0,31796,-15.137684106826782,-11.009793758392334,0.21428571428571427
48349,0,0,31795,-15.137684106826782,-11.009793758392334,0.21428571428571427
48350,0,0,31794,-15.137684106826782,-11.009793758392334,0.21428571428571427
48351,0,0,31793,-15.137684106826782,-11.009793758392334,0.21428571428571427
48352,0,0,31792,-15.137684106826782,-11.009793758392334,0.21428571428571427
48353,0,0,31791,-15.137684106826782,-11.009793758392334,0.21428571428571427
48354,0,0,31790,-15.137684106826782,-11.009793758392334,0.21428571428571427
48355,0,0,31810,-15.137684106826782,-11.009793758392334,0.21428571428571427
48356,0,0,31800,-15.137684106826782,-11.009793758392334,0.21428571428571427
48357,0,0,31811,-15.137684106826782,-11.009793758392334,0.21428571428571427
48358,0,0,31824,-15.137684106826782,-11.009793758392334,0.21428571428571427
48359,0,0,31833,-15.137684106826782,-11.009793758392334,0.21428571428571427
48360,0,0,31832,-15.137684106826782,-11.009793758392334,0.21428571428571427
48361,0,0,31831,-15.137684106826782,-11.009793758392334,0.21428571428571427
48362,0,0,31830,-15.137684106826782,-11.009793758392334,0.21428571428571427
48363,0,0,31829,-15.137684106826782,-11.009793758392334,0.21428571428571427
48364,0,0,31828,-15.137684106826782,-11.009793758392334,0.21428571428571427
48365,0,0,31827,-15.137684106826782,-11.009793758392334,0.21428571428571427
48366,0,0,31826,-15.137684106826782,-11.009793758392334,0.21428571428571427
48367,0,0,31825,-15.137684106826782,-11.009793758392334,0.21428571428571427
48368,0,0,31823,-15.137684106826782,-11.009793758392334,0.21428571428571427
48369,0,0,31813,-15.137684106826782,-11.009793758392334,0.21428571428571427
48370,0,0,31822,-15.137684106826782,-11.009793758392334,0.21428571428571427
48371,0,0,31821,-15.137684106826782,-11.009793758392334,0.21428571428571427
48372,0,0,31820,-15.137684106826782,-11.009793758392334,0.21428571428571427
48373,0,0,31819,-15.137684106826782,-11.009793758392334,0.21428571428571427
48374,0,0,31818,-15.137684106826782,-11.009793758392334,0.21428571428571427
48375,0,0,31817,-15.137684106826782,-11.009793758392334,0.21428571428571427
48376,0,0,31816,-15.137684106826782,-11.009793758392334,0.21428571428571427
48377,0,0,31815,-15.137684106826782,-11.009793758392334,0.21428571428571427
48378,0,0,31814,-15.137684106826782,-11.009793758392334,0.21428571428571427
48379,0,0,31812,-15.137684106826782,-11.009793758392334,0.21428571428571427
48380,0,0,31788,-15.137684106826782,-11.009793758392334,0.21428571428571427
48381,0,0,31787,-15.137684106826782,-11.009793758392334,0.21428571428571427
48382,0,0,31786,-15.137684106826782,-11.009793758392334,0.21428571428571427
48383,0,0,31761,-15.137684106826782,-11.009793758392334,0.21428571428571427
48384,0,0,31760,-15.137684106826782,-11.009793758392334,0.21428571428571427
48385,0,0,31759,-15.137684106826782,-11.009793758392334,0.21428571428571427
48386,0,0,31758,-15.137684106826782,-11.009793758392334,0.21428571428571427
48387,0,0,31757,-15.137684106826782,-11.009793758392334,0.21428571428571427
48388,0,0,31756,-15.137684106826782,-11.009793758392334,0.21428571428571427
48389,0,0,31755,-15.137684106826782,-11.009793758392334,0.21428571428571427
48390,0,0,31754,-15.137684106826782,-11.009793758392334,0.21428571428571427
48391,0,0,31753,-15.137684106826782,-11.009793758392334,0.21428571428571427
48392,0,0,31752,-15.137684106826782,-11.009793758392334,0.21428571428571427
48393,0,0,31751,-15.137684106826782,-11.009793758392334,0.21428571428571427
48394,0,0,31750,-15.137684106826782,-11.009793758392334,0.21428571428571427
48395,0,0,31749,-15.137684106826782,-11.009793758392334,0.21428571428571427
48396,0,0,31748,-15.137684106826782,-11.009793758392334,0.21428571428571427
48397,0,0,31747,-15.137684106826782,-11.009793758392334,0.21428571428571427
48398,0,0,31746,-15.137684106826782,-11.009793758392334,0.21428571428571427
48399,0,0,31745,-15.137684106826782,-11.009793758392334,0.21428571428571427
48400,0,0,31744,-15.137684106826782,-11.009793758392334,0.21428571428571427
48401,0,0,31743,-15.137684106826782,-11.009793758392334,0.21428571428571427
48402,0,0,31742,-15.137684106826782,-11.009793758392334,0.21428571428571427
48403,0,0,31741,-15.137684106826782,-11.009793758392334,0.21428571428571427
48404,0,0,31762,-15.137684106826782,-11.009793758392334,0.21428571428571427
48405,0,0,31763,-15.137684106826782,-11.009793758392334,0.21428571428571427
48406,0,0,31764,-15.137684106826782,-11.009793758392334,0.21428571428571427
48407,0,0,31776,-15.137684106826782,-11.009793758392334,0.21428571428571427
48408,0,0,31785,-15.137684106826782,-11.009793758392334,0.21428571428571427
48409,0,0,31784,-15.137684106826782,-11.009793758392334,0.21428571428571427
48410,0,0,31783,-15.137684106826782,-11.009793758392334,0.21428571428571427
48411,0,0,31782,-15.137684106826782,-11.009793758392334,0.21428571428571427
48412,0,0,31781,-15.137684106826782,-11.009793758392334,0.21428571428571427
48413,0,0,31780,-15.137684106826782,-11.009793758392334,0.21428571428571427
48414,0,0,31779,-15.137684106826782,-11.009793758392334,0.21428571428571427
48415,0,0,31778,-15.137684106826782,-11.009793758392334,0.21428571428571427
48416,0,0,31777,-15.137684106826782,-11.009793758392334,0.21428571428571427
48417,0,0,31775,-15.137684106826782,-11.009793758392334,0.21428571428571427
48418,0,0,31765,-15.137684106826782,-11.009793758392334,0.21428571428571427
48419,0,0,31774,-15.137684106826782,-11.009793758392334,0.21428571428571427
48420,0,0,31773,-15.137684106826782,-11.009793758392334,0.21428571428571427
48421,0,0,31772,-15.137684106826782,-11.009793758392334,0.21428571428571427
48422,0,0,31771,-15.137684106826782,-11.009793758392334,0.21428571428571427
48423,0,0,31770,-15.137684106826782,-11.009793758392334,0.21428571428571427
48424,0,0,31769,-15.137684106826782,-11.009793758392334,0.21428571428571427
48425,0,0,31768,-15.137684106826782,-11.009793758392334,0.21428571428571427
48426,0,0,31767,-15.137684106826782,-11.009793758392334,0.21428571428571427
48427,0,0,31766,-15.137684106826782,-11.009793758392334,0.21428571428571427
48428,0,0,32810,-15.137684106826782,-11.009793758392334,0.21428571428571427
48429,0,0,32031,-15.137684106826782,-11.009793758392334,0.21428571428571427
48430,0,0,32811,-15.137684106826782,-11.009793758392334,0.21428571428571427
48431,0,0,33593,-15.137684106826782,-11.009793758392334,0.21428571428571427
48432,0,0,33860,-15.137684106826782,-11.009793758392334,0.21428571428571427
48433,0,0,33859,-15.137684106826782,-11.009793758392334,0.21428571428571427
48434,0,0,33858,-15.137684106826782,-11.009793758392334,0.21428571428571427
48435,0,0,33857,-15.137684106826782,-11.009793758392334,0.21428571428571427
48436,0,0,33856,-15.137684106826782,-11.009793758392334,0.21428571428571427
48437,0,0,33855,-15.137684106826782,-11.009793758392334,0.21428571428571427
48438,0,0,33854,-15.137684106826782,-11.009793758392334,0.21428571428571427
48439,0,0,33853,-15.137684106826782,-11.009793758392334,0.21428571428571427
48440,0,0,33852,-15.137684106826782,-11.009793758392334,0.21428571428571427
48441,0,0,33851,-15.137684106826782,-11.009793758392334,0.21428571428571427
48442,0,0,33850,-15.137684106826782,-11.009793758392334,0.21428571428571427
48443,0,0,33849,-15.137684106826782,-11.009793758392334,0.21428571428571427
48444,0,0,33848,-15.137684106826782,-11.009793758392334,0.21428571428571427
48445,0,0,33847,-15.137684106826782,-11.009793758392334,0.21428571428571427
48446,0,0,33846,-15.137684106826782,-11.009793758392334,0.21428571428571427
48447,0,0,33845,-15.137684106826782,-11.009793758392334,0.21428571428571427
48448,0,0,33844,-15.137684106826782,-11.009793758392334,0.21428571428571427
48449,0,0,33843,-15.137684106826782,-11.009793758392334,0.21428571428571427
48450,0,0,33842,-15.137684106826782,-11.009793758392334,0.21428571428571427
48451,0,0,33841,-15.137684106826782,-11.009793758392334,0.21428571428571427
48452,0,0,33840,-15.137684106826782,-11.009793758392334,0.21428571428571427
48453,0,0,33861,-15.137684106826782,-11.009793758392334,0.21428571428571427
48454,0,0,33862,-15.137684106826782,-11.009793758392334,0.21428571428571427
48455,0,0,33863,-15.137684106826782,-11.009793758392334,0.21428571428571427
48456,0,0,33875,-15.137684106826782,-11.009793758392334,0.21428571428571427
48457,0,0,33884,-15.137684106826782,-11.009793758392334,0.21428571428571427
48458,0,0,33883,-15.137684106826782,-11.009793758392334,0.21428571428571427
48459,0,0,33882,-15.137684106826782,-11.009793758392334,0.21428571428571427
48460,0,0,33881,-15.137684106826782,-11.009793758392334,0.21428571428571427
48461,0,0,33880,-15.137684106826782,-11.009793758392334,0.21428571428571427
48462,0,0,33879,-15.137684106826782,-11.009793758392334,0.21428571428571427
48463,0,0,33878,-15.137684106826782,-11.009793758392334,0.21428571428571427
48464,0,0,33877,-15.137684106826782,-11.009793758392334,0.21428571428571427
48465,0,0,33876,-15.137684106826782,-11.009793758392334,0.21428571428571427
48466,0,0,33874,-15.137684106826782,-11.009793758392334,0.21428571428571427
48467,0,0,33864,-15.137684106826782,-11.009793758392334,0.21428571428571427
48468,0,0,33873,-15.137684106826782,-11.009793758392334,0.21428571428571427
48469,0,0,33872,-15.137684106826782,-11.009793758392334,0.21428571428571427
48470,0,0,33871,-15.137684106826782,-11.009793758392334,0.21428571428571427
48471,0,0,33870,-15.137684106826782,-11.009793758392334,0.21428571428571427
48472,0,0,33869,-15.137684106826782,-11.009793758392334,0.21428571428571427
48473,0,0,33868,-15.137684106826782,-11.009793758392334,0.21428571428571427
48474,0,0,33867,-15.137684106826782,-11.009793758392334,0.21428571428571427
48475,0,0,33866,-15.137684106826782,-11.009793758392334,0.21428571428571427
48476,0,0,33865,-15.137684106826782,-11.009793758392334,0.21428571428571427
48477,0,0,33839,-15.137684106826782,-11.009793758392334,0.21428571428571427
48478,0,0,33837,-15.137684106826782,-11.009793758392334,0.21428571428571427
48479,0,0,33790,-15.137684106826782,-11.009793758392334,0.21428571428571427
48480,0,0,33836,-15.137684106826782,-11.009793758392334,0.21428571428571427
48481,0,0,33811,-15.137684106826782,-11.009793758392334,0.21428571428571427
48482,0,0,33810,-15.137684106826782,-11.009793758392334,0.21428571428571427
48483,0,0,33809,-15.137684106826782,-11.009793758392334,0.21428571428571427
48484,0,0,33808,-15.137684106826782,-11.009793758392334,0.21428571428571427
48485,0,0,33807,-15.137684106826782,-11.009793758392334,0.21428571428571427
48486,0,0,33806,-15.137684106826782,-11.009793758392334,0.21428571428571427
48487,0,0,33805,-15.137684106826782,-11.009793758392334,0.21428571428571427
48488,0,0,33804,-15.137684106826782,-11.009793758392334,0.21428571428571427
48489,0,0,33803,-15.137684106826782,-11.009793758392334,0.21428571428571427
48490,0,0,33802,-15.137684106826782,-11.009793758392334,0.21428571428571427
48491,0,0,33801,-15.137684106826782,-11.009793758392334,0.21428571428571427
48492,0,0,33800,-15.137684106826782,-11.009793758392334,0.21428571428571427
48493,0,0,33799,-15.137684106826782,-11.009793758392334,0.21428571428571427
48494,0,0,33798,-15.137684106826782,-11.009793758392334,0.21428571428571427
48495,0,0,33797,-15.137684106826782,-11.009793758392334,0.21428571428571427
48496,0,0,33796,-15.137684106826782,-11.009793758392334,0.21428571428571427
48497,0,0,33795,-15.137684106826782,-11.009793758392334,0.21428571428571427
48498,0,0,33794,-15.137684106826782,-11.009793758392334,0.21428571428571427
48499,0,0,33793,-15.137684106826782,-11.009793758392334,0.21428571428571427
48500,0,0,33792,-15.137684106826782,-11.009793758392334,0.21428571428571427
48501,0,0,33791,-15.137684106826782,-11.009793758392334,0.21428571428571427
48502,0,0,33812,-15.137684106826782,-11.009793758392334,0.21428571428571427
48503,0,0,33813,-15.137684106826782,-11.009793758392334,0.21428571428571427
48504,0,0,33814,-15.137684106826782,-11.009793758392334,0.21428571428571427
48505,0,0,33826,-15.137684106826782,-11.009793758392334,0.21428571428571427
48506,0,0,33835,-15.137684106826782,-11.009793758392334,0.21428571428571427
48507,0,0,33834,-15.137684106826782,-11.009793758392334,0.21428571428571427
48508,0,0,33833,-15.137684106826782,-11.009793758392334,0.21428571428571427
48509,0,0,33832,-15.137684106826782,-11.009793758392334,0.21428571428571427
48510,0,0,33831,-15.137684106826782,-11.009793758392334,0.21428571428571427
48511,0,0,33830,-15.137684106826782,-11.009793758392334,0.21428571428571427
48512,0,0,33829,-15.137684106826782,-11.009793758392334,0.21428571428571427
48513,0,0,33828,-15.137684106826782,-11.009793758392334,0.21428571428571427
48514,0,0,33827,-15.137684106826782,-11.009793758392334,0.21428571428571427
48515,0,0,33825,-15.137684106826782,-11.009793758392334,0.21428571428571427
48516,0,0,33815,-15.137684106826782,-11.009793758392334,0.21428571428571427
48517,0,0,33824,-15.137684106826782,-11.009793758392334,0.21428571428571427
48518,0,0,33823,-15.137684106826782,-11.009793758392334,0.21428571428571427
48519,0,0,33822,-15.137684106826782,-11.009793758392334,0.21428571428571427
48520,0,0,33821,-15.137684106826782,-11.009793758392334,0.21428571428571427
48521,0,0,33820,-15.137684106826782,-11.009793758392334,0.21428571428571427
48522,0,0,33819,-15.137684106826782,-11.009793758392334,0.21428571428571427
48523,0,0,33818,-15.137684106826782,-11.009793758392334,0.21428571428571427
48524,0,0,33817,-15.137684106826782,-11.009793758392334,0.21428571428571427
48525,0,0,33816,-15.137684106826782,-11.009793758392334,0.21428571428571427
48526,0,0,33885,-15.137684106826782,-11.009793758392334,0.21428571428571427
48527,0,0,33886,-15.137684106826782,-11.009793758392334,0.21428571428571427
48528,0,0,33887,-15.137684106826782,-11.009793758392334,0.21428571428571427
48529,0,0,33888,-15.137684106826782,-11.009793758392334,0.21428571428571427
48530,0,0,33957,-15.137684106826782,-11.009793758392334,0.21428571428571427
48531,0,0,33956,-15.137684106826782,-11.009793758392334,0.21428571428571427
48532,0,0,33955,-15.137684106826782,-11.009793758392334,0.21428571428571427
48533,0,0,33954,-15.137684106826782,-11.009793758392334,0.21428571428571427
48534,0,0,33953,-15.137684106826782,-11.009793758392334,0.21428571428571427
48535,0,0,33952,-15.137684106826782,-11.009793758392334,0.21428571428571427
48536,0,0,33951,-15.137684106826782,-11.009793758392334,0.21428571428571427
48537,0,0,33950,-15.137684106826782,-11.009793758392334,0.21428571428571427
48538,0,0,33949,-15.137684106826782,-11.009793758392334,0.21428571428571427
48539,0,0,33947,-15.137684106826782,-11.009793758392334,0.21428571428571427
48540,0,0,33937,-15.137684106826782,-11.009793758392334,0.21428571428571427
48541,0,0,33946,-15.137684106826782,-11.009793758392334,0.21428571428571427
48542,0,0,33945,-15.137684106826782,-11.009793758392334,0.21428571428571427
48543,0,0,33944,-15.137684106826782,-11.009793758392334,0.21428571428571427
48544,0,0,33943,-15.137684106826782,-11.009793758392334,0.21428571428571427
48545,0,0,33942,-15.137684106826782,-11.009793758392334,0.21428571428571427
48546,0,0,33941,-15.137684106826782,-11.009793758392334,0.21428571428571427
48547,0,0,33940,-15.137684106826782,-11.009793758392334,0.21428571428571427
48548,0,0,33939,-15.137684106826782,-11.009793758392334,0.21428571428571427
48549,0,0,33938,-15.137684106826782,-11.009793758392334,0.21428571428571427
48550,0,0,33958,-15.137684106826782,-11.009793758392334,0.21428571428571427
48551,0,0,33948,-15.137684106826782,-11.009793758392334,0.21428571428571427
48552,0,0,33959,-15.137684106826782,-11.009793758392334,0.21428571428571427
48553,0,0,33972,-15.137684106826782,-11.009793758392334,0.21428571428571427
48554,0,0,33981,-15.137684106826782,-11.009793758392334,0.21428571428571427
48555,0,0,33980,-15.137684106826782,-11.009793758392334,0.21428571428571427
48556,0,0,33979,-15.137684106826782,-11.009793758392334,0.21428571428571427
48557,0,0,33978,-15.137684106826782,-11.009793758392334,0.21428571428571427
48558,0,0,33977,-15.137684106826782,-11.009793758392334,0.21428571428571427
48559,0,0,33976,-15.137684106826782,-11.009793758392334,0.21428571428571427
48560,0,0,33975,-15.137684106826782,-11.009793758392334,0.21428571428571427
48561,0,0,33974,-15.137684106826782,-11.009793758392334,0.21428571428571427
48562,0,0,33973,-15.137684106826782,-11.009793758392334,0.21428571428571427
48563,0,0,33971,-15.137684106826782,-11.009793758392334,0.21428571428571427
48564,0,0,33961,-15.137684106826782,-11.009793758392334,0.21428571428571427
48565,0,0,33970,-15.137684106826782,-11.009793758392334,0.21428571428571427
48566,0,0,33969,-15.137684106826782,-11.009793758392334,0.21428571428571427
48567,0,0,33968,-15.137684106826782,-11.009793758392334,0.21428571428571427
48568,0,0,33967,-15.137684106826782,-11.009793758392334,0.21428571428571427
48569,0,0,33966,-15.137684106826782,-11.009793758392334,0.21428571428571427
48570,0,0,33965,-15.137684106826782,-11.009793758392334,0.21428571428571427
48571,0,0,33964,-15.137684106826782,-11.009793758392334,0.21428571428571427
48572,0,0,33963,-15.137684106826782,-11.009793758392334,0.21428571428571427
48573,0,0,33962,-15.137684106826782,-11.009793758392334,0.21428571428571427
48574,0,0,33960,-15.137684106826782,-11.009793758392334,0.21428571428571427
48575,0,0,33936,-15.137684106826782,-11.009793758392334,0.21428571428571427
48576,0,0,33935,-15.137684106826782,-11.009793758392334,0.21428571428571427
48577,0,0,33934,-15.137684106826782,-11.009793758392334,0.21428571428571427
48578,0,0,33909,-15.137684106826782,-11.009793758392334,0.21428571428571427
48579,0,0,33908,-15.137684106826782,-11.009793758392334,0.21428571428571427
48580,0,0,33907,-15.137684106826782,-11.009793758392334,0.21428571428571427
48581,0,0,33906,-15.137684106826782,-11.009793758392334,0.21428571428571427
48582,0,0,33905,-15.137684106826782,-11.009793758392334,0.21428571428571427
48583,0,0,33904,-15.137684106826782,-11.009793758392334,0.21428571428571427
48584,0,0,33903,-15.137684106826782,-11.009793758392334,0.21428571428571427
48585,0,0,33902,-15.137684106826782,-11.009793758392334,0.21428571428571427
48586,0,0,33901,-15.137684106826782,-11.009793758392334,0.21428571428571427
48587,0,0,33900,-15.137684106826782,-11.009793758392334,0.21428571428571427
48588,0,0,33899,-15.137684106826782,-11.009793758392334,0.21428571428571427
48589,0,0,33898,-15.137684106826782,-11.009793758392334,0.21428571428571427
48590,0,0,33897,-15.137684106826782,-11.009793758392334,0.21428571428571427
48591,0,0,33896,-15.137684106826782,-11.009793758392334,0.21428571428571427
48592,0,0,33895,-15.137684106826782,-11.009793758392334,0.21428571428571427
48593,0,0,33894,-15.137684106826782,-11.009793758392334,0.21428571428571427
48594,0,0,33893,-15.137684106826782,-11.009793758392334,0.21428571428571427
48595,0,0,33892,-15.137684106826782,-11.009793758392334,0.21428571428571427
48596,0,0,33891,-15.137684106826782,-11.009793758392334,0.21428571428571427
48597,0,0,33890,-15.137684106826782,-11.009793758392334,0.21428571428571427
48598,0,0,33889,-15.137684106826782,-11.009793758392334,0.21428571428571427
48599,0,0,33910,-15.137684106826782,-11.009793758392334,0.21428571428571427
48600,0,0,33911,-15.137684106826782,-11.009793758392334,0.21428571428571427
48601,0,0,33912,-15.137684106826782,-11.009793758392334,0.21428571428571427
48602,0,0,33924,-15.137684106826782,-11.009793758392334,0.21428571428571427
48603,0,0,33933,-15.137684106826782,-11.009793758392334,0.21428571428571427
48604,0,0,33932,-15.137684106826782,-11.009793758392334,0.21428571428571427
48605,0,0,33931,-15.137684106826782,-11.009793758392334,0.21428571428571427
48606,0,0,33930,-15.137684106826782,-11.009793758392334,0.21428571428571427
48607,0,0,33929,-15.137684106826782,-11.009793758392334,0.21428571428571427
48608,0,0,33928,-15.137684106826782,-11.009793758392334,0.21428571428571427
48609,0,0,33927,-15.137684106826782,-11.009793758392334,0.21428571428571427
48610,0,0,33926,-15.137684106826782,-11.009793758392334,0.21428571428571427
48611,0,0,33925,-15.137684106826782,-11.009793758392334,0.21428571428571427
48612,0,0,33923,-15.137684106826782,-11.009793758392334,0.21428571428571427
48613,0,0,33913,-15.137684106826782,-11.009793758392334,0.21428571428571427
48614,0,0,33922,-15.137684106826782,-11.009793758392334,0.21428571428571427
48615,0,0,33921,-15.137684106826782,-11.009793758392334,0.21428571428571427
48616,0,0,33920,-15.137684106826782,-11.009793758392334,0.21428571428571427
48617,0,0,33919,-15.137684106826782,-11.009793758392334,0.21428571428571427
48618,0,0,33918,-15.137684106826782,-11.009793758392334,0.21428571428571427
48619,0,0,33917,-15.137684106826782,-11.009793758392334,0.21428571428571427
48620,0,0,33916,-15.137684106826782,-11.009793758392334,0.21428571428571427
48621,0,0,33915,-15.137684106826782,-11.009793758392334,0.21428571428571427
48622,0,0,33914,-15.137684106826782,-11.009793758392334,0.21428571428571427
48623,0,0,33838,-15.137684106826782,-11.009793758392334,0.21428571428571427
48624,0,0,33789,-15.137684106826782,-11.009793758392334,0.21428571428571427
48625,0,0,33788,-15.137684106826782,-11.009793758392334,0.21428571428571427
48626,0,0,33787,-15.137684106826782,-11.009793758392334,0.21428571428571427
48627,0,0,33664,-15.137684106826782,-11.009793758392334,0.21428571428571427
48628,0,0,33663,-15.137684106826782,-11.009793758392334,0.21428571428571427
48629,0,0,33662,-15.137684106826782,-11.009793758392334,0.21428571428571427
48630,0,0,33661,-15.137684106826782,-11.009793758392334,0.21428571428571427
48631,0,0,33660,-15.137684106826782,-11.009793758392334,0.21428571428571427
48632,0,0,33659,-15.137684106826782,-11.009793758392334,0.21428571428571427
48633,0,0,33658,-15.137684106826782,-11.009793758392334,0.21428571428571427
48634,0,0,33657,-15.137684106826782,-11.009793758392334,0.21428571428571427
48635,0,0,33656,-15.137684106826782,-11.009793758392334,0.21428571428571427
48636,0,0,33655,-15.137684106826782,-11.009793758392334,0.21428571428571427
48637,0,0,33654,-15.137684106826782,-11.009793758392334,0.21428571428571427
48638,0,0,33653,-15.137684106826782,-11.009793758392334,0.21428571428571427
48639,0,0,33652,-15.137684106826782,-11.009793758392334,0.21428571428571427
48640,0,0,33651,-15.137684106826782,-11.009793758392334,0.21428571428571427
48641,0,0,33650,-15.137684106826782,-11.009793758392334,0.21428571428571427
48642,0,0,33649,-15.137684106826782,-11.009793758392334,0.21428571428571427
48643,0,0,33648,-15.137684106826782,-11.009793758392334,0.21428571428571427
48644,0,0,33647,-15.137684106826782,-11.009793758392334,0.21428571428571427
48645,0,0,33646,-15.137684106826782,-11.009793758392334,0.21428571428571427
48646,0,0,33645,-15.137684106826782,-11.009793758392334,0.21428571428571427
48647,0,0,33644,-15.137684106826782,-11.009793758392334,0.21428571428571427
48648,0,0,33665,-15.137684106826782,-11.009793758392334,0.21428571428571427
48649,0,0,33666,-15.137684106826782,-11.009793758392334,0.21428571428571427
48650,0,0,33667,-15.137684106826782,-11.009793758392334,0.21428571428571427
48651,0,0,33679,-15.137684106826782,-11.009793758392334,0.21428571428571427
48652,0,0,33688,-15.137684106826782,-11.009793758392334,0.21428571428571427
48653,0,0,33687,-15.137684106826782,-11.009793758392334,0.21428571428571427
48654,0,0,33686,-15.137684106826782,-11.009793758392334,0.21428571428571427
48655,0,0,33685,-15.137684106826782,-11.009793758392334,0.21428571428571427
48656,0,0,33684,-15.137684106826782,-11.009793758392334,0.21428571428571427
48657,0,0,33683,-15.137684106826782,-11.009793758392334,0.21428571428571427
48658,0,0,33682,-15.137684106826782,-11.009793758392334,0.21428571428571427
48659,0,0,33681,-15.137684106826782,-11.009793758392334,0.21428571428571427
48660,0,0,33680,-15.137684106826782,-11.009793758392334,0.21428571428571427
48661,0,0,33678,-15.137684106826782,-11.009793758392334,0.21428571428571427
48662,0,0,33668,-15.137684106826782,-11.009793758392334,0.21428571428571427
48663,0,0,33677,-15.137684106826782,-11.009793758392334,0.21428571428571427
48664,0,0,33676,-15.137684106826782,-11.009793758392334,0.21428571428571427
48665,0,0,33675,-15.137684106826782,-11.009793758392334,0.21428571428571427
48666,0,0,33674,-15.137684106826782,-11.009793758392334,0.21428571428571427
48667,0,0,33673,-15.137684106826782,-11.009793758392334,0.21428571428571427
48668,0,0,33672,-15.137684106826782,-11.009793758392334,0.21428571428571427
48669,0,0,33671,-15.137684106826782,-11.009793758392334,0.21428571428571427
48670,0,0,33670,-15.137684106826782,-11.009793758392334,0.21428571428571427
48671,0,0,33669,-15.137684106826782,-11.009793758392334,0.21428571428571427
48672,0,0,33643,-15.137684106826782,-11.009793758392334,0.21428571428571427
48673,0,0,33641,-15.137684106826782,-11.009793758392334,0.21428571428571427
48674,0,0,33594,-15.137684106826782,-11.009793758392334,0.21428571428571427
48675,0,0,33640,-15.137684106826782,-11.009793758392334,0.21428571428571427
48676,0,0,33615,-15.137684106826782,-11.009793758392334,0.21428571428571427
48677,0,0,33614,-15.137684106826782,-11.009793758392334,0.21428571428571427
48678,0,0,33613,-15.137684106826782,-11.009793758392334,0.21428571428571427
48679,0,0,33612,-15.137684106826782,-11.009793758392334,0.21428571428571427
48680,0,0,33611,-15.137684106826782,-11.009793758392334,0.21428571428571427
48681,0,0,33610,-15.137684106826782,-11.009793758392334,0.21428571428571427
48682,0,0,33609,-15.137684106826782,-11.009793758392334,0.21428571428571427
48683,0,0,33608,-15.137684106826782,-11.009793758392334,0.21428571428571427
48684,0,0,33607,-15.137684106826782,-11.009793758392334,0.21428571428571427
48685,0,0,33606,-15.137684106826782,-11.009793758392334,0.21428571428571427
48686,0,0,33605,-15.137684106826782,-11.009793758392334,0.21428571428571427
48687,0,0,33604,-15.137684106826782,-11.009793758392334,0.21428571428571427
48688,0,0,33603,-15.137684106826782,-11.009793758392334,0.21428571428571427
48689,0,0,33602,-15.137684106826782,-11.009793758392334,0.21428571428571427
48690,0,0,33601,-15.137684106826782,-11.009793758392334,0.21428571428571427
48691,0,0,33600,-15.137684106826782,-11.009793758392334,0.21428571428571427
48692,0,0,33599,-15.137684106826782,-11.009793758392334,0.21428571428571427
48693,0,0,33598,-15.137684106826782,-11.009793758392334,0.21428571428571427
48694,0,0,33597,-15.137684106826782,-11.009793758392334,0.21428571428571427
48695,0,0,33596,-15.137684106826782,-11.009793758392334,0.21428571428571427
48696,0,0,33595,-15.137684106826782,-11.009793758392334,0.21428571428571427
48697,0,0,33616,-15.137684106826782,-11.009793758392334,0.21428571428571427
48698,0,0,33617,-15.137684106826782,-11.009793758392334,0.21428571428571427
48699,0,0,33618,-15.137684106826782,-11.009793758392334,0.21428571428571427
48700,0,0,33630,-15.137684106826782,-11.009793758392334,0.21428571428571427
48701,0,0,33639,-15.137684106826782,-11.009793758392334,0.21428571428571427
48702,0,0,33638,-15.137684106826782,-11.009793758392334,0.21428571428571427
48703,0,0,33637,-15.137684106826782,-11.009793758392334,0.21428571428571427
48704,0,0,33636,-15.137684106826782,-11.009793758392334,0.21428571428571427
48705,0,0,33635,-15.137684106826782,-11.009793758392334,0.21428571428571427
48706,0,0,33634,-15.137684106826782,-11.009793758392334,0.21428571428571427
48707,0,0,33633,-15.137684106826782,-11.009793758392334,0.21428571428571427
48708,0,0,33632,-15.137684106826782,-11.009793758392334,0.21428571428571427
48709,0,0,33631,-15.137684106826782,-11.009793758392334,0.21428571428571427
48710,0,0,33629,-15.137684106826782,-11.009793758392334,0.21428571428571427
48711,0,0,33619,-15.137684106826782,-11.009793758392334,0.21428571428571427
48712,0,0,33628,-15.137684106826782,-11.009793758392334,0.21428571428571427
48713,0,0,33627,-15.137684106826782,-11.009793758392334,0.21428571428571427
48714,0,0,33626,-15.137684106826782,-11.009793758392334,0.21428571428571427
48715,0,0,33625,-15.137684106826782,-11.009793758392334,0.21428571428571427
48716,0,0,33624,-15.137684106826782,-11.009793758392334,0.21428571428571427
48717,0,0,33623,-15.137684106826782,-11.009793758392334,0.21428571428571427
48718,0,0,33622,-15.137684106826782,-11.009793758392334,0.21428571428571427
48719,0,0,33621,-15.137684106826782,-11.009793758392334,0.21428571428571427
48720,0,0,33620,-15.137684106826782,-11.009793758392334,0.21428571428571427
48721,0,0,33689,-15.137684106826782,-11.009793758392334,0.21428571428571427
48722,0,0,33642,-15.137684106826782,-11.009793758392334,0.21428571428571427
48723,0,0,33690,-15.137684106826782,-11.009793758392334,0.21428571428571427
48724,0,0,33740,-15.137684106826782,-11.009793758392334,0.21428571428571427
48725,0,0,33762,-15.137684106826782,-11.009793758392334,0.21428571428571427
48726,0,0,33761,-15.137684106826782,-11.009793758392334,0.21428571428571427
48727,0,0,33760,-15.137684106826782,-11.009793758392334,0.21428571428571427
48728,0,0,33759,-15.137684106826782,-11.009793758392334,0.21428571428571427
48729,0,0,33758,-15.137684106826782,-11.009793758392334,0.21428571428571427
48730,0,0,33757,-15.137684106826782,-11.009793758392334,0.21428571428571427
48731,0,0,33756,-15.137684106826782,-11.009793758392334,0.21428571428571427
48732,0,0,33755,-15.137684106826782,-11.009793758392334,0.21428571428571427
48733,0,0,33754,-15.137684106826782,-11.009793758392334,0.21428571428571427
48734,0,0,33753,-15.137684106826782,-11.009793758392334,0.21428571428571427
48735,0,0,33752,-15.137684106826782,-11.009793758392334,0.21428571428571427
48736,0,0,33751,-15.137684106826782,-11.009793758392334,0.21428571428571427
48737,0,0,33750,-15.137684106826782,-11.009793758392334,0.21428571428571427
48738,0,0,33749,-15.137684106826782,-11.009793758392334,0.21428571428571427
48739,0,0,33748,-15.137684106826782,-11.009793758392334,0.21428571428571427
48740,0,0,33747,-15.137684106826782,-11.009793758392334,0.21428571428571427
48741,0,0,33746,-15.137684106826782,-11.009793758392334,0.21428571428571427
48742,0,0,33745,-15.137684106826782,-11.009793758392334,0.21428571428571427
48743,0,0,33744,-15.137684106826782,-11.009793758392334,0.21428571428571427
48744,0,0,33743,-15.137684106826782,-11.009793758392334,0.21428571428571427
48745,0,0,33742,-15.137684106826782,-11.009793758392334,0.21428571428571427
48746,0,0,33763,-15.137684106826782,-11.009793758392334,0.21428571428571427
48747,0,0,33764,-15.137684106826782,-11.009793758392334,0.21428571428571427
48748,0,0,33765,-15.137684106826782,-11.009793758392334,0.21428571428571427
48749,0,0,33777,-15.137684106826782,-11.009793758392334,0.21428571428571427
48750,0,0,33786,-15.137684106826782,-11.009793758392334,0.21428571428571427
48751,0,0,33785,-15.137684106826782,-11.009793758392334,0.21428571428571427
48752,0,0,33784,-15.137684106826782,-11.009793758392334,0.21428571428571427
48753,0,0,33783,-15.137684106826782,-11.009793758392334,0.21428571428571427
48754,0,0,33782,-15.137684106826782,-11.009793758392334,0.21428571428571427
48755,0,0,33781,-15.137684106826782,-11.009793758392334,0.21428571428571427
48756,0,0,33780,-15.137684106826782,-11.009793758392334,0.21428571428571427
48757,0,0,33779,-15.137684106826782,-11.009793758392334,0.21428571428571427
48758,0,0,33778,-15.137684106826782,-11.009793758392334,0.21428571428571427
48759,0,0,33776,-15.137684106826782,-11.009793758392334,0.21428571428571427
48760,0,0,33766,-15.137684106826782,-11.009793758392334,0.21428571428571427
48761,0,0,33775,-15.137684106826782,-11.009793758392334,0.21428571428571427
48762,0,0,33774,-15.137684106826782,-11.009793758392334,0.21428571428571427
48763,0,0,33773,-15.137684106826782,-11.009793758392334,0.21428571428571427
48764,0,0,33772,-15.137684106826782,-11.009793758392334,0.21428571428571427
48765,0,0,33771,-15.137684106826782,-11.009793758392334,0.21428571428571427
48766,0,0,33770,-15.137684106826782,-11.009793758392334,0.21428571428571427
48767,0,0,33769,-15.137684106826782,-11.009793758392334,0.21428571428571427
48768,0,0,33768,-15.137684106826782,-11.009793758392334,0.21428571428571427
48769,0,0,33767,-15.137684106826782,-11.009793758392334,0.21428571428571427
48770,0,0,33741,-15.137684106826782,-11.009793758392334,0.21428571428571427
48771,0,0,33739,-15.137684106826782,-11.009793758392334,0.21428571428571427
48772,0,0,33692,-15.137684106826782,-11.009793758392334,0.21428571428571427
48773,0,0,33738,-15.137684106826782,-11.009793758392334,0.21428571428571427
48774,0,0,33713,-15.137684106826782,-11.009793758392334,0.21428571428571427
48775,0,0,33712,-15.137684106826782,-11.009793758392334,0.21428571428571427
48776,0,0,33711,-15.137684106826782,-11.009793758392334,0.21428571428571427
48777,0,0,33710,-15.137684106826782,-11.009793758392334,0.21428571428571427
48778,0,0,33709,-15.137684106826782,-11.009793758392334,0.21428571428571427
48779,0,0,33708,-15.137684106826782,-11.009793758392334,0.21428571428571427
48780,0,0,33707,-15.137684106826782,-11.009793758392334,0.21428571428571427
48781,0,0,33706,-15.137684106826782,-11.009793758392334,0.21428571428571427
48782,0,0,33705,-15.137684106826782,-11.009793758392334,0.21428571428571427
48783,0,0,33704,-15.137684106826782,-11.009793758392334,0.21428571428571427
48784,0,0,33703,-15.137684106826782,-11.009793758392334,0.21428571428571427
48785,0,0,33702,-15.137684106826782,-11.009793758392334,0.21428571428571427
48786,0,0,33701,-15.137684106826782,-11.009793758392334,0.21428571428571427
48787,0,0,33700,-15.137684106826782,-11.009793758392334,0.21428571428571427
48788,0,0,33699,-15.137684106826782,-11.009793758392334,0.21428571428571427
48789,0,0,33698,-15.137684106826782,-11.009793758392334,0.21428571428571427
48790,0,0,33697,-15.137684106826782,-11.009793758392334,0.21428571428571427
48791,0,0,33696,-15.137684106826782,-11.009793758392334,0.21428571428571427
48792,0,0,33695,-15.137684106826782,-11.009793758392334,0.21428571428571427
48793,0,0,33694,-15.137684106826782,-11.009793758392334,0.21428571428571427
48794,0,0,33693,-15.137684106826782,-11.009793758392334,0.21428571428571427
48795,0,0,33714,-15.137684106826782,-11.009793758392334,0.21428571428571427
48796,0,0,33715,-15.137684106826782,-11.009793758392334,0.21428571428571427
48797,0,0,33716,-15.137684106826782,-11.009793758392334,0.21428571428571427
48798,0,0,33728,-15.137684106826782,-11.009793758392334,0.21428571428571427
48799,0,0,33737,-15.137684106826782,-11.009793758392334,0.21428571428571427
48800,0,0,33736,-15.137684106826782,-11.009793758392334,0.21428571428571427
48801,0,0,33735,-15.137684106826782,-11.009793758392334,0.21428571428571427
48802,0,0,33734,-15.137684106826782,-11.009793758392334,0.21428571428571427
48803,0,0,33733,-15.137684106826782,-11.009793758392334,0.21428571428571427
48804,0,0,33732,-15.137684106826782,-11.009793758392334,0.21428571428571427
48805,0,0,33731,-15.137684106826782,-11.009793758392334,0.21428571428571427
48806,0,0,33730,-15.137684106826782,-11.009793758392334,0.21428571428571427
48807,0,0,33729,-15.137684106826782,-11.009793758392334,0.21428571428571427
48808,0,0,33727,-15.137684106826782,-11.009793758392334,0.21428571428571427
48809,0,0,33717,-15.137684106826782,-11.009793758392334,0.21428571428571427
48810,0,0,33726,-15.137684106826782,-11.009793758392334,0.21428571428571427
48811,0,0,33725,-15.137684106826782,-11.009793758392334,0.21428571428571427
48812,0,0,33724,-15.137684106826782,-11.009793758392334,0.21428571428571427
48813,0,0,33723,-15.137684106826782,-11.009793758392334,0.21428571428571427
48814,0,0,33722,-15.137684106826782,-11.009793758392334,0.21428571428571427
48815,0,0,33721,-15.137684106826782,-11.009793758392334,0.21428571428571427
48816,0,0,33720,-15.137684106826782,-11.009793758392334,0.21428571428571427
48817,0,0,33719,-15.137684106826782,-11.009793758392334,0.21428571428571427
48818,0,0,33718,-15.137684106826782,-11.009793758392334,0.21428571428571427
48819,0,0,33982,-15.137684106826782,-11.009793758392334,0.21428571428571427
48820,0,0,33983,-15.137684106826782,-11.009793758392334,0.21428571428571427
48821,0,0,33984,-15.137684106826782,-11.009793758392334,0.21428571428571427
48822,0,0,34179,-15.137684106826782,-11.009793758392334,0.21428571428571427
48823,0,0,34250,-15.137684106826782,-11.009793758392334,0.21428571428571427
48824,0,0,34249,-15.137684106826782,-11.009793758392334,0.21428571428571427
48825,0,0,34248,-15.137684106826782,-11.009793758392334,0.21428571428571427
48826,0,0,34247,-15.137684106826782,-11.009793758392334,0.21428571428571427
48827,0,0,34246,-15.137684106826782,-11.009793758392334,0.21428571428571427
48828,0,0,34245,-15.137684106826782,-11.009793758392334,0.21428571428571427
48829,0,0,34244,-15.137684106826782,-11.009793758392334,0.21428571428571427
48830,0,0,34243,-15.137684106826782,-11.009793758392334,0.21428571428571427
48831,0,0,34242,-15.137684106826782,-11.009793758392334,0.21428571428571427
48832,0,0,34241,-15.137684106826782,-11.009793758392334,0.21428571428571427
48833,0,0,34240,-15.137684106826782,-11.009793758392334,0.21428571428571427
48834,0,0,34239,-15.137684106826782,-11.009793758392334,0.21428571428571427
48835,0,0,34238,-15.137684106826782,-11.009793758392334,0.21428571428571427
48836,0,0,34237,-15.137684106826782,-11.009793758392334,0.21428571428571427
48837,0,0,34236,-15.137684106826782,-11.009793758392334,0.21428571428571427
48838,0,0,34235,-15.137684106826782,-11.009793758392334,0.21428571428571427
48839,0,0,34234,-15.137684106826782,-11.009793758392334,0.21428571428571427
48840,0,0,34233,-15.137684106826782,-11.009793758392334,0.21428571428571427
48841,0,0,34232,-15.137684106826782,-11.009793758392334,0.21428571428571427
48842,0,0,34231,-15.137684106826782,-11.009793758392334,0.21428571428571427
48843,0,0,34230,-15.137684106826782,-11.009793758392334,0.21428571428571427
48844,0,0,34251,-15.137684106826782,-11.009793758392334,0.21428571428571427
48845,0,0,34252,-15.137684106826782,-11.009793758392334,0.21428571428571427
48846,0,0,34253,-15.137684106826782,-11.009793758392334,0.21428571428571427
48847,0,0,34265,-15.137684106826782,-11.009793758392334,0.21428571428571427
48848,0,0,34274,-15.137684106826782,-11.009793758392334,0.21428571428571427
48849,0,0,34273,-15.137684106826782,-11.009793758392334,0.21428571428571427
48850,0,0,34272,-15.137684106826782,-11.009793758392334,0.21428571428571427
48851,0,0,34271,-15.137684106826782,-11.009793758392334,0.21428571428571427
48852,0,0,34270,-15.137684106826782,-11.009793758392334,0.21428571428571427
48853,0,0,34269,-15.137684106826782,-11.009793758392334,0.21428571428571427
48854,0,0,34268,-15.137684106826782,-11.009793758392334,0.21428571428571427
48855,0,0,34267,-15.137684106826782,-11.009793758392334,0.21428571428571427
48856,0,0,34266,-15.137684106826782,-11.009793758392334,0.21428571428571427
48857,0,0,34264,-15.137684106826782,-11.009793758392334,0.21428571428571427
48858,0,0,34254,-15.137684106826782,-11.009793758392334,0.21428571428571427
48859,0,0,34263,-15.137684106826782,-11.009793758392334,0.21428571428571427
48860,0,0,34262,-15.137684106826782,-11.009793758392334,0.21428571428571427
48861,0,0,34261,-15.137684106826782,-11.009793758392334,0.21428571428571427
48862,0,0,34260,-15.137684106826782,-11.009793758392334,0.21428571428571427
48863,0,0,34259,-15.137684106826782,-11.009793758392334,0.21428571428571427
48864,0,0,34258,-15.137684106826782,-11.009793758392334,0.21428571428571427
48865,0,0,34257,-15.137684106826782,-11.009793758392334,0.21428571428571427
48866,0,0,34256,-15.137684106826782,-11.009793758392334,0.21428571428571427
48867,0,0,34255,-15.137684106826782,-11.009793758392334,0.21428571428571427
48868,0,0,34229,-15.137684106826782,-11.009793758392334,0.21428571428571427
48869,0,0,34227,-15.137684106826782,-11.009793758392334,0.21428571428571427
48870,0,0,34180,-15.137684106826782,-11.009793758392334,0.21428571428571427
48871,0,0,34226,-15.137684106826782,-11.009793758392334,0.21428571428571427
48872,0,0,34201,-15.137684106826782,-11.009793758392334,0.21428571428571427
48873,0,0,34200,-15.137684106826782,-11.009793758392334,0.21428571428571427
48874,0,0,34199,-15.137684106826782,-11.009793758392334,0.21428571428571427
48875,0,0,34198,-15.137684106826782,-11.009793758392334,0.21428571428571427
48876,0,0,34197,-15.137684106826782,-11.009793758392334,0.21428571428571427
48877,0,0,34196,-15.137684106826782,-11.009793758392334,0.21428571428571427
48878,0,0,34195,-15.137684106826782,-11.009793758392334,0.21428571428571427
48879,0,0,34194,-15.137684106826782,-11.009793758392334,0.21428571428571427
48880,0,0,34193,-15.137684106826782,-11.009793758392334,0.21428571428571427
48881,0,0,34192,-15.137684106826782,-11.009793758392334,0.21428571428571427
48882,0,0,34191,-15.137684106826782,-11.009793758392334,0.21428571428571427
48883,0,0,34190,-15.137684106826782,-11.009793758392334,0.21428571428571427
48884,0,0,34189,-15.137684106826782,-11.009793758392334,0.21428571428571427
48885,0,0,34188,-15.137684106826782,-11.009793758392334,0.21428571428571427
48886,0,0,34187,-15.137684106826782,-11.009793758392334,0.21428571428571427
48887,0,0,34186,-15.137684106826782,-11.009793758392334,0.21428571428571427
48888,0,0,34185,-15.137684106826782,-11.009793758392334,0.21428571428571427
48889,0,0,34184,-15.137684106826782,-11.009793758392334,0.21428571428571427
48890,0,0,34183,-15.137684106826782,-11.009793758392334,0.21428571428571427
48891,0,0,34182,-15.137684106826782,-11.009793758392334,0.21428571428571427
48892,0,0,34181,-15.137684106826782,-11.009793758392334,0.21428571428571427
48893,0,0,34202,-15.137684106826782,-11.009793758392334,0.21428571428571427
48894,0,0,34203,-15.137684106826782,-11.009793758392334,0.21428571428571427
48895,0,0,34204,-15.137684106826782,-11.009793758392334,0.21428571428571427
48896,0,0,34216,-15.137684106826782,-11.009793758392334,0.21428571428571427
48897,0,0,34225,-15.137684106826782,-11.009793758392334,0.21428571428571427
48898,0,0,34224,-15.137684106826782,-11.009793758392334,0.21428571428571427
48899,0,0,34223,-15.137684106826782,-11.009793758392334,0.21428571428571427
48900,0,0,34222,-15.137684106826782,-11.009793758392334,0.21428571428571427
48901,0,0,34221,-15.137684106826782,-11.009793758392334,0.21428571428571427
48902,0,0,34220,-15.137684106826782,-11.009793758392334,0.21428571428571427
48903,0,0,34219,-15.137684106826782,-11.009793758392334,0.21428571428571427
48904,0,0,34218,-15.137684106826782,-11.009793758392334,0.21428571428571427
48905,0,0,34217,-15.137684106826782,-11.009793758392334,0.21428571428571427
48906,0,0,34215,-15.137684106826782,-11.009793758392334,0.21428571428571427
48907,0,0,34205,-15.137684106826782,-11.009793758392334,0.21428571428571427
48908,0,0,34214,-15.137684106826782,-11.009793758392334,0.21428571428571427
48909,0,0,34213,-15.137684106826782,-11.009793758392334,0.21428571428571427
48910,0,0,34212,-15.137684106826782,-11.009793758392334,0.21428571428571427
48911,0,0,34211,-15.137684106826782,-11.009793758392334,0.21428571428571427
48912,0,0,34210,-15.137684106826782,-11.009793758392334,0.21428571428571427
48913,0,0,34209,-15.137684106826782,-11.009793758392334,0.21428571428571427
48914,0,0,34208,-15.137684106826782,-11.009793758392334,0.21428571428571427
48915,0,0,34207,-15.137684106826782,-11.009793758392334,0.21428571428571427
48916,0,0,34206,-15.137684106826782,-11.009793758392334,0.21428571428571427
48917,0,0,34275,-15.137684106826782,-11.009793758392334,0.21428571428571427
48918,0,0,34276,-15.137684106826782,-11.009793758392334,0.21428571428571427
48919,0,0,34277,-15.137684106826782,-11.009793758392334,0.21428571428571427
48920,0,0,34278,-15.137684106826782,-11.009793758392334,0.21428571428571427
48921,0,0,34347,-15.137684106826782,-11.009793758392334,0.21428571428571427
48922,0,0,34346,-15.137684106826782,-11.009793758392334,0.21428571428571427
48923,0,0,34345,-15.137684106826782,-11.009793758392334,0.21428571428571427
48924,0,0,34344,-15.137684106826782,-11.009793758392334,0.21428571428571427
48925,0,0,34343,-15.137684106826782,-11.009793758392334,0.21428571428571427
48926,0,0,34342,-15.137684106826782,-11.009793758392334,0.21428571428571427
48927,0,0,34341,-15.137684106826782,-11.009793758392334,0.21428571428571427
48928,0,0,34340,-15.137684106826782,-11.009793758392334,0.21428571428571427
48929,0,0,34339,-15.137684106826782,-11.009793758392334,0.21428571428571427
48930,0,0,34337,-15.137684106826782,-11.009793758392334,0.21428571428571427
48931,0,0,34327,-15.137684106826782,-11.009793758392334,0.21428571428571427
48932,0,0,34336,-15.137684106826782,-11.009793758392334,0.21428571428571427
48933,0,0,34335,-15.137684106826782,-11.009793758392334,0.21428571428571427
48934,0,0,34334,-15.137684106826782,-11.009793758392334,0.21428571428571427
48935,0,0,34333,-15.137684106826782,-11.009793758392334,0.21428571428571427
48936,0,0,34332,-15.137684106826782,-11.009793758392334,0.21428571428571427
48937,0,0,34331,-15.137684106826782,-11.009793758392334,0.21428571428571427
48938,0,0,34330,-15.137684106826782,-11.009793758392334,0.21428571428571427
48939,0,0,34329,-15.137684106826782,-11.009793758392334,0.21428571428571427
48940,0,0,34328,-15.137684106826782,-11.009793758392334,0.21428571428571427
48941,0,0,34348,-15.137684106826782,-11.009793758392334,0.21428571428571427
48942,0,0,34338,-15.137684106826782,-11.009793758392334,0.21428571428571427
48943,0,0,34349,-15.137684106826782,-11.009793758392334,0.21428571428571427
48944,0,0,34362,-15.137684106826782,-11.009793758392334,0.21428571428571427
48945,0,0,34371,-15.137684106826782,-11.009793758392334,0.21428571428571427
48946,0,0,34370,-15.137684106826782,-11.009793758392334,0.21428571428571427
48947,0,0,34369,-15.137684106826782,-11.009793758392334,0.21428571428571427
48948,0,0,34368,-15.137684106826782,-11.009793758392334,0.21428571428571427
48949,0,0,34367,-15.137684106826782,-11.009793758392334,0.21428571428571427
48950,0,0,34366,-15.137684106826782,-11.009793758392334,0.21428571428571427
48951,0,0,34365,-15.137684106826782,-11.009793758392334,0.21428571428571427
48952,0,0,34364,-15.137684106826782,-11.009793758392334,0.21428571428571427
48953,0,0,34363,-15.137684106826782,-11.009793758392334,0.21428571428571427
48954,0,0,34361,-15.137684106826782,-11.009793758392334,0.21428571428571427
48955,0,0,34351,-15.137684106826782,-11.009793758392334,0.21428571428571427
48956,0,0,34360,-15.137684106826782,-11.009793758392334,0.21428571428571427
48957,0,0,34359,-15.137684106826782,-11.009793758392334,0.21428571428571427
48958,0,0,34358,-15.137684106826782,-11.009793758392334,0.21428571428571427
48959,0,0,34357,-15.137684106826782,-11.009793758392334,0.21428571428571427
48960,0,0,34356,-15.137684106826782,-11.009793758392334,0.21428571428571427
48961,0,0,34355,-15.137684106826782,-11.009793758392334,0.21428571428571427
48962,0,0,34354,-15.137684106826782,-11.009793758392334,0.21428571428571427
48963,0,0,34353,-15.137684106826782,-11.009793758392334,0.21428571428571427
48964,0,0,34352,-15.137684106826782,-11.009793758392334,0.21428571428571427
48965,0,0,34350,-15.137684106826782,-11.009793758392334,0.21428571428571427
48966,0,0,34326,-15.137684106826782,-11.009793758392334,0.21428571428571427
48967,0,0,34325,-15.137684106826782,-11.009793758392334,0.21428571428571427
48968,0,0,34324,-15.137684106826782,-11.009793758392334,0.21428571428571427
48969,0,0,34299,-15.137684106826782,-11.009793758392334,0.21428571428571427
48970,0,0,34298,-15.137684106826782,-11.009793758392334,0.21428571428571427
48971,0,0,34297,-15.137684106826782,-11.009793758392334,0.21428571428571427
48972,0,0,34296,-15.137684106826782,-11.009793758392334,0.21428571428571427
48973,0,0,34295,-15.137684106826782,-11.009793758392334,0.21428571428571427
48974,0,0,34294,-15.137684106826782,-11.009793758392334,0.21428571428571427
48975,0,0,34293,-15.137684106826782,-11.009793758392334,0.21428571428571427
48976,0,0,34292,-15.137684106826782,-11.009793758392334,0.21428571428571427
48977,0,0,34291,-15.137684106826782,-11.009793758392334,0.21428571428571427
48978,0,0,34290,-15.137684106826782,-11.009793758392334,0.21428571428571427
48979,0,0,34289,-15.137684106826782,-11.009793758392334,0.21428571428571427
48980,0,0,34288,-15.137684106826782,-11.009793758392334,0.21428571428571427
48981,0,0,34287,-15.137684106826782,-11.009793758392334,0.21428571428571427
48982,0,0,34286,-15.137684106826782,-11.009793758392334,0.21428571428571427
48983,0,0,34285,-15.137684106826782,-11.009793758392334,0.21428571428571427
48984,0,0,34284,-15.137684106826782,-11.009793758392334,0.21428571428571427
48985,0,0,34283,-15.137684106826782,-11.009793758392334,0.21428571428571427
48986,0,0,34282,-15.137684106826782,-11.009793758392334,0.21428571428571427
48987,0,0,34281,-15.137684106826782,-11.009793758392334,0.21428571428571427
48988,0,0,34280,-15.137684106826782,-11.009793758392334,0.21428571428571427
48989,0,0,34279,-15.137684106826782,-11.009793758392334,0.21428571428571427
48990,0,0,34300,-15.137684106826782,-11.009793758392334,0.21428571428571427
48991,0,0,34301,-15.137684106826782,-11.009793758392334,0.21428571428571427
48992,0,0,34302,-15.137684106826782,-11.009793758392334,0.21428571428571427
48993,0,0,34314,-15.137684106826782,-11.009793758392334,0.21428571428571427
48994,0,0,34323,-15.137684106826782,-11.009793758392334,0.21428571428571427
48995,0,0,34322,-15.137684106826782,-11.009793758392334,0.21428571428571427
48996,0,0,34321,-15.137684106826782,-11.009793758392334,0.21428571428571427
48997,0,0,34320,-15.137684106826782,-11.009793758392334,0.21428571428571427
48998,0,0,34319,-15.137684106826782,-11.009793758392334,0.21428571428571427
48999,0,0,34318,-15.137684106826782,-11.009793758392334,0.21428571428571427
49000,0,0,34317,-15.137684106826782,-11.009793758392334,0.21428571428571427
49001,0,0,34316,-15.137684106826782,-11.009793758392334,0.21428571428571427
49002,0,0,34315,-15.137684106826782,-11.009793758392334,0.21428571428571427
49003,0,0,34313,-15.137684106826782,-11.009793758392334,0.21428571428571427
49004,0,0,34303,-15.137684106826782,-11.009793758392334,0.21428571428571427
49005,0,0,34312,-15.137684106826782,-11.009793758392334,0.21428571428571427
49006,1,0,34311,-15.137684106826782,-11.009793758392334,0.21428571428571427
49007,0,0,34310,-15.137684106826782,-11.009793758392334,0.21428571428571427
49008,0,0,34309,-15.137684106826782,-11.009793758392334,0.21428571428571427
49009,0,0,34308,-15.137684106826782,-11.009793758392334,0.21428571428571427
49010,0,0,34307,-15.137684106826782,-11.009793758392334,0.21428571428571427
49011,0,0,34306,-15.137684106826782,-11.009793758392334,0.21428571428571427
49012,0,0,34305,-15.137684106826782,-11.009793758392334,0.21428571428571427
49013,0,0,34304,-15.137684106826782,-11.009793758392334,0.21428571428571427
49014,0,0,34228,-15.137684106826782,-11.009793758392334,0.21428571428571427
49015,0,0,34178,-15.137684106826782,-11.009793758392334,0.21428571428571427
49016,0,0,34033,-15.137684106826782,-11.009793758392334,0.21428571428571427
49017,0,0,34177,-15.137684106826782,-11.009793758392334,0.21428571428571427
49018,0,0,34055,-15.137684106826782,-11.009793758392334,0.21428571428571427
49019,0,0,34054,-15.137684106826782,-11.009793758392334,0.21428571428571427
49020,0,0,34053,-15.137684106826782,-11.009793758392334,0.21428571428571427
49021,0,0,34052,-15.137684106826782,-11.009793758392334,0.21428571428571427
49022,0,0,34051,-15.137684106826782,-11.009793758392334,0.21428571428571427
49023,0,0,34050,-15.137684106826782,-11.009793758392334,0.21428571428571427
49024,0,0,34049,-15.137684106826782,-11.009793758392334,0.21428571428571427
49025,0,0,34048,-15.137684106826782,-11.009793758392334,0.21428571428571427
49026,1,0,34047,-15.137684106826782,-11.009793758392334,0.21428571428571427
49027,0,0,34046,-15.137684106826782,-11.009793758392334,0.21428571428571427
49028,0,0,34045,-15.137684106826782,-11.009793758392334,0.21428571428571427
49029,0,0,34044,-15.137684106826782,-11.009793758392334,0.21428571428571427
49030,0,0,34043,-15.137684106826782,-11.009793758392334,0.21428571428571427
49031,0,0,34042,-15.137684106826782,-11.009793758392334,0.21428571428571427
49032,0,0,34041,-15.137684106826782,-11.009793758392334,0.21428571428571427
49033,0,0,34040,-15.137684106826782,-11.009793758392334,0.21428571428571427
49034,0,0,34039,-15.137684106826782,-11.009793758392334,0.21428571428571427
49035,0,0,34038,-15.137684106826782,-11.009793758392334,0.21428571428571427
49036,0,0,34037,-15.137684106826782,-11.009793758392334,0.21428571428571427
49037,0,0,34036,-15.137684106826782,-11.009793758392334,0.21428571428571427
49038,0,0,34035,-15.137684106826782,-11.009793758392334,0.21428571428571427
49039,0,0,34056,-15.137684106826782,-11.009793758392334,0.21428571428571427
49040,0,0,34057,-15.137684106826782,-11.009793758392334,0.21428571428571427
49041,0,0,34058,-15.137684106826782,-11.009793758392334,0.21428571428571427
49042,1,0,34070,-15.137684106826782,-11.009793758392334,0.21428571428571427
49043,0,0,34079,-15.137684106826782,-11.009793758392334,0.21428571428571427
49044,0,0,34078,-15.137684106826782,-11.009793758392334,0.21428571428571427
49045,0,0,34077,-15.137684106826782,-11.009793758392334,0.21428571428571427
49046,0,0,34076,-15.137684106826782,-11.009793758392334,0.21428571428571427
49047,0,0,34075,-15.137684106826782,-11.009793758392334,0.21428571428571427
49048,0,0,34074,-15.137684106826782,-11.009793758392334,0.21428571428571427
49049,0,0,34073,-15.137684106826782,-11.009793758392334,0.21428571428571427
49050,0,0,34072,-15.137684106826782,-11.009793758392334,0.21428571428571427
49051,0,0,34071,-15.137684106826782,-11.009793758392334,0.21428571428571427
49052,0,0,34069,-15.137684106826782,-11.009793758392334,0.21428571428571427
49053,0,0,34059,-15.137684106826782,-11.009793758392334,0.21428571428571427
49054,0,0,34068,-15.137684106826782,-11.009793758392334,0.21428571428571427
49055,0,0,34067,-15.137684106826782,-11.009793758392334,0.21428571428571427
49056,0,0,34066,-15.137684106826782,-11.009793758392334,0.21428571428571427
49057,0,0,34065,-15.137684106826782,-11.009793758392334,0.21428571428571427
49058,0,0,34064,-15.137684106826782,-11.009793758392334,0.21428571428571427
49059,0,0,34063,-15.137684106826782,-11.009793758392334,0.21428571428571427
49060,0,0,34062,-15.137684106826782,-11.009793758392334,0.21428571428571427
49061,0,0,34061,-15.137684106826782,-11.009793758392334,0.21428571428571427
49062,0,0,34060,-15.137684106826782,-11.009793758392334,0.21428571428571427
49063,0,0,34034,-15.137684106826782,-11.009793758392334,0.21428571428571427
49064,0,0,34032,-15.137684106826782,-11.009793758392334,0.21428571428571427
49065,0,0,33985,-15.137684106826782,-11.009793758392334,0.21428571428571427
49066,0,0,34031,-15.137684106826782,-11.009793758392334,0.21428571428571427
49067,0,0,34006,-15.137684106826782,-11.009793758392334,0.21428571428571427
49068,0,0,34005,-15.137684106826782,-11.009793758392334,0.21428571428571427
49069,0,0,34004,-15.137684106826782,-11.009793758392334,0.21428571428571427
49070,0,0,34003,-15.137684106826782,-11.009793758392334,0.21428571428571427
49071,0,0,34002,-15.137684106826782,-11.009793758392334,0.21428571428571427
49072,0,0,34001,-15.137684106826782,-11.009793758392334,0.21428571428571427
49073,0,0,34000,-15.137684106826782,-11.009793758392334,0.21428571428571427
49074,0,0,33999,-15.137684106826782,-11.009793758392334,0.21428571428571427
49075,0,0,33998,-15.137684106826782,-11.009793758392334,0.21428571428571427
49076,0,0,33997,-15.137684106826782,-11.009793758392334,0.21428571428571427
49077,0,0,33996,-15.137684106826782,-11.009793758392334,0.21428571428571427
49078,0,0,33995,-15.137684106826782,-11.009793758392334,0.21428571428571427
49079,0,0,33994,-15.137684106826782,-11.009793758392334,0.21428571428571427
49080,0,0,33993,-15.137684106826782,-11.009793758392334,0.21428571428571427
49081,0,0,33992,-15.137684106826782,-11.009793758392334,0.21428571428571427
49082,0,0,33991,-15.137684106826782,-11.009793758392334,0.21428571428571427
49083,0,0,33990,-15.137684106826782,-11.009793758392334,0.21428571428571427
49084,0,0,33989,-15.137684106826782,-11.009793758392334,0.21428571428571427
49085,0,0,33988,-15.137684106826782,-11.009793758392334,0.21428571428571427
49086,0,0,33987,-15.137684106826782,-11.009793758392334,0.21428571428571427
49087,0,0,33986,-15.137684106826782,-11.009793758392334,0.21428571428571427
49088,0,0,34007,-15.137684106826782,-11.009793758392334,0.21428571428571427
49089,0,0,34008,-15.137684106826782,-11.009793758392334,0.21428571428571427
49090,0,0,34009,-15.137684106826782,-11.009793758392334,0.21428571428571427
49091,0,0,34021,-15.137684106826782,-11.009793758392334,0.21428571428571427
49092,0,0,34030,-15.137684106826782,-11.009793758392334,0.21428571428571427
49093,0,0,34029,-15.137684106826782,-11.009793758392334,0.21428571428571427
49094,0,0,34028,-15.137684106826782,-11.009793758392334,0.21428571428571427
49095,0,0,34027,-15.137684106826782,-11.009793758392334,0.21428571428571427
49096,0,0,34026,-15.137684106826782,-11.009793758392334,0.21428571428571427
49097,0,0,34025,-15.137684106826782,-11.009793758392334,0.21428571428571427
49098,0,0,34024,-15.137684106826782,-11.009793758392334,0.21428571428571427
49099,0,0,34023,-15.137684106826782,-11.009793758392334,0.21428571428571427
49100,0,0,34022,-15.137684106826782,-11.009793758392334,0.21428571428571427
49101,0,0,34020,-15.137684106826782,-11.009793758392334,0.21428571428571427
49102,0,0,34010,-15.137684106826782,-11.009793758392334,0.21428571428571427
49103,0,0,34019,-15.137684106826782,-11.009793758392334,0.21428571428571427
49104,0,0,34018,-15.137684106826782,-11.009793758392334,0.21428571428571427
49105,0,0,34017,-15.137684106826782,-11.009793758392334,0.21428571428571427
49106,0,0,34016,-15.137684106826782,-11.009793758392334,0.21428571428571427
49107,0,0,34015,-15.137684106826782,-11.009793758392334,0.21428571428571427
49108,0,0,34014,-15.137684106826782,-11.009793758392334,0.21428571428571427
49109,0,0,34013,-15.137684106826782,-11.009793758392334,0.21428571428571427
49110,0,0,34012,-15.137684106826782,-11.009793758392334,0.21428571428571427
49111,0,0,34011,-15.137684106826782,-11.009793758392334,0.21428571428571427
49112,0,0,34080,-15.137684106826782,-11.009793758392334,0.21428571428571427
49113,0,0,34081,-15.137684106826782,-11.009793758392334,0.21428571428571427
49114,0,0,34082,-15.137684106826782,-11.009793758392334,0.21428571428571427
49115,0,0,34083,-15.137684106826782,-11.009793758392334,0.21428571428571427
49116,0,0,34152,-15.137684106826782,-11.009793758392334,0.21428571428571427
49117,0,0,34151,-15.137684106826782,-11.009793758392334,0.21428571428571427
49118,0,0,34150,-15.137684106826782,-11.009793758392334,0.21428571428571427
49119,0,0,34149,-15.137684106826782,-11.009793758392334,0.21428571428571427
49120,0,0,34148,-15.137684106826782,-11.009793758392334,0.21428571428571427
49121,0,0,34147,-15.137684106826782,-11.009793758392334,0.21428571428571427
49122,0,0,34146,-15.137684106826782,-11.009793758392334,0.21428571428571427
49123,0,0,34145,-15.137684106826782,-11.009793758392334,0.21428571428571427
49124,0,0,34144,-15.137684106826782,-11.009793758392334,0.21428571428571427
49125,0,0,34142,-15.137684106826782,-11.009793758392334,0.21428571428571427
49126,0,0,34132,-15.137684106826782,-11.009793758392334,0.21428571428571427
49127,0,0,34141,-15.137684106826782,-11.009793758392334,0.21428571428571427
49128,0,0,34140,-15.137684106826782,-11.009793758392334,0.21428571428571427
49129,0,0,34139,-15.137684106826782,-11.009793758392334,0.21428571428571427
49130,0,0,34138,-15.137684106826782,-11.009793758392334,0.21428571428571427
49131,0,0,34137,-15.137684106826782,-11.009793758392334,0.21428571428571427
49132,0,0,34136,-15.137684106826782,-11.009793758392334,0.21428571428571427
49133,0,0,34135,-15.137684106826782,-11.009793758392334,0.21428571428571427
49134,0,0,34134,-15.137684106826782,-11.009793758392334,0.21428571428571427
49135,0,0,34133,-15.137684106826782,-11.009793758392334,0.21428571428571427
49136,0,0,34153,-15.137684106826782,-11.009793758392334,0.21428571428571427
49137,0,0,34143,-15.137684106826782,-11.009793758392334,0.21428571428571427
49138,0,0,34154,-15.137684106826782,-11.009793758392334,0.21428571428571427
49139,0,0,34167,-15.137684106826782,-11.009793758392334,0.21428571428571427
49140,0,0,34176,-15.137684106826782,-11.009793758392334,0.21428571428571427
49141,0,0,34175,-15.137684106826782,-11.009793758392334,0.21428571428571427
49142,0,0,34174,-15.137684106826782,-11.009793758392334,0.21428571428571427
49143,0,0,34173,-15.137684106826782,-11.009793758392334,0.21428571428571427
49144,0,0,34172,-15.137684106826782,-11.009793758392334,0.21428571428571427
49145,0,0,34171,-15.137684106826782,-11.009793758392334,0.21428571428571427
49146,0,0,34170,-15.137684106826782,-11.009793758392334,0.21428571428571427
49147,0,0,34169,-15.137684106826782,-11.009793758392334,0.21428571428571427
49148,0,0,34168,-15.137684106826782,-11.009793758392334,0.21428571428571427
49149,0,0,34166,-15.137684106826782,-11.009793758392334,0.21428571428571427
49150,0,0,34156,-15.137684106826782,-11.009793758392334,0.21428571428571427
49151,0,0,34165,-15.137684106826782,-11.009793758392334,0.21428571428571427
49152,0,0,34164,-15.137684106826782,-11.009793758392334,0.21428571428571427
49153,0,0,34163,-15.137684106826782,-11.009793758392334,0.21428571428571427
49154,0,0,34162,-15.137684106826782,-11.009793758392334,0.21428571428571427
49155,0,0,34161,-15.137684106826782,-11.009793758392334,0.21428571428571427
49156,0,0,34160,-15.137684106826782,-11.009793758392334,0.21428571428571427
49157,0,0,34159,-15.137684106826782,-11.009793758392334,0.21428571428571427
49158,0,0,34158,-15.137684106826782,-11.009793758392334,0.21428571428571427
49159,0,0,34157,-15.137684106826782,-11.009793758392334,0.21428571428571427
49160,0,0,34155,-15.137684106826782,-11.009793758392334,0.21428571428571427
49161,0,0,34131,-15.137684106826782,-11.009793758392334,0.21428571428571427
49162,0,0,34130,-15.137684106826782,-11.009793758392334,0.21428571428571427
49163,0,0,34129,-15.137684106826782,-11.009793758392334,0.21428571428571427
49164,0,0,34104,-15.137684106826782,-11.009793758392334,0.21428571428571427
49165,0,0,34103,-15.137684106826782,-11.009793758392334,0.21428571428571427
49166,0,0,34102,-15.137684106826782,-11.009793758392334,0.21428571428571427
49167,0,0,34101,-15.137684106826782,-11.009793758392334,0.21428571428571427
49168,0,0,34100,-15.137684106826782,-11.009793758392334,0.21428571428571427
49169,0,0,34099,-15.137684106826782,-11.009793758392334,0.21428571428571427
49170,0,0,34098,-15.137684106826782,-11.009793758392334,0.21428571428571427
49171,0,0,34097,-15.137684106826782,-11.009793758392334,0.21428571428571427
49172,0,0,34096,-15.137684106826782,-11.009793758392334,0.21428571428571427
49173,0,0,34095,-15.137684106826782,-11.009793758392334,0.21428571428571427
49174,0,0,34094,-15.137684106826782,-11.009793758392334,0.21428571428571427
49175,0,0,34093,-15.137684106826782,-11.009793758392334,0.21428571428571427
49176,0,0,34092,-15.137684106826782,-11.009793758392334,0.21428571428571427
49177,0,0,34091,-15.137684106826782,-11.009793758392334,0.21428571428571427
49178,0,0,34090,-15.137684106826782,-11.009793758392334,0.21428571428571427
49179,0,0,34089,-15.137684106826782,-11.009793758392334,0.21428571428571427
49180,0,0,34088,-15.137684106826782,-11.009793758392334,0.21428571428571427
49181,0,0,34087,-15.137684106826782,-11.009793758392334,0.21428571428571427
49182,0,0,34086,-15.137684106826782,-11.009793758392334,0.21428571428571427
49183,0,0,34085,-15.137684106826782,-11.009793758392334,0.21428571428571427
49184,0,0,34084,-15.137684106826782,-11.009793758392334,0.21428571428571427
49185,0,0,34105,-15.137684106826782,-11.009793758392334,0.21428571428571427
49186,0,0,34106,-15.137684106826782,-11.009793758392334,0.21428571428571427
49187,0,0,34107,-15.137684106826782,-11.009793758392334,0.21428571428571427
49188,0,0,34119,-15.137684106826782,-11.009793758392334,0.21428571428571427
49189,0,0,34128,-15.137684106826782,-11.009793758392334,0.21428571428571427
49190,0,0,34127,-15.137684106826782,-11.009793758392334,0.21428571428571427
49191,0,0,34126,-15.137684106826782,-11.009793758392334,0.21428571428571427
49192,0,0,34125,-15.137684106826782,-11.009793758392334,0.21428571428571427
49193,0,0,34124,-15.137684106826782,-11.009793758392334,0.21428571428571427
49194,0,0,34123,-15.137684106826782,-11.009793758392334,0.21428571428571427
49195,0,0,34122,-15.137684106826782,-11.009793758392334,0.21428571428571427
49196,0,0,34121,-15.137684106826782,-11.009793758392334,0.21428571428571427
49197,0,0,34120,-15.137684106826782,-11.009793758392334,0.21428571428571427
49198,0,0,34118,-15.137684106826782,-11.009793758392334,0.21428571428571427
49199,0,0,34108,-15.137684106826782,-11.009793758392334,0.21428571428571427
49200,0,0,34117,-15.137684106826782,-11.009793758392334,0.21428571428571427
49201,0,0,34116,-15.137684106826782,-11.009793758392334,0.21428571428571427
49202,0,0,34115,-15.137684106826782,-11.009793758392334,0.21428571428571427
49203,0,0,34114,-15.137684106826782,-11.009793758392334,0.21428571428571427
49204,0,0,34113,-15.137684106826782,-11.009793758392334,0.21428571428571427
49205,0,0,34112,-15.137684106826782,-11.009793758392334,0.21428571428571427
49206,0,0,34111,-15.137684106826782,-11.009793758392334,0.21428571428571427
49207,0,0,34110,-15.137684106826782,-11.009793758392334,0.21428571428571427
49208,0,0,34109,-15.137684106826782,-11.009793758392334,0.21428571428571427
49209,0,0,33691,-15.137684106826782,-11.009793758392334,0.21428571428571427
49210,0,0,33592,-15.137684106826782,-11.009793758392334,0.21428571428571427
49211,0,0,32910,-15.137684106826782,-11.009793758392334,0.21428571428571427
49212,0,0,33591,-15.137684106826782,-11.009793758392334,0.21428571428571427
49213,0,0,33079,-15.137684106826782,-11.009793758392334,0.21428571428571427
49214,0,0,33078,-15.137684106826782,-11.009793758392334,0.21428571428571427
49215,0,0,33077,-15.137684106826782,-11.009793758392334,0.21428571428571427
49216,0,0,33076,-15.137684106826782,-11.009793758392334,0.21428571428571427
49217,0,0,33075,-15.137684106826782,-11.009793758392334,0.21428571428571427
49218,0,0,33074,-15.137684106826782,-11.009793758392334,0.21428571428571427
49219,0,0,33073,-15.137684106826782,-11.009793758392334,0.21428571428571427
49220,0,0,33072,-15.137684106826782,-11.009793758392334,0.21428571428571427
49221,0,0,33071,-15.137684106826782,-11.009793758392334,0.21428571428571427
49222,0,0,33070,-15.137684106826782,-11.009793758392334,0.21428571428571427
49223,0,0,33069,-15.137684106826782,-11.009793758392334,0.21428571428571427
49224,0,0,33068,-15.137684106826782,-11.009793758392334,0.21428571428571427
49225,0,0,33067,-15.137684106826782,-11.009793758392334,0.21428571428571427
49226,0,0,33066,-15.137684106826782,-11.009793758392334,0.21428571428571427
49227,0,0,33065,-15.137684106826782,-11.009793758392334,0.21428571428571427
49228,0,0,33064,-15.137684106826782,-11.009793758392334,0.21428571428571427
49229,0,0,33063,-15.137684106826782,-11.009793758392334,0.21428571428571427
49230,0,0,33062,-15.137684106826782,-11.009793758392334,0.21428571428571427
49231,0,0,33061,-15.137684106826782,-11.009793758392334,0.21428571428571427
49232,0,0,33060,-15.137684106826782,-11.009793758392334,0.21428571428571427
49233,0,0,33059,-15.137684106826782,-11.009793758392334,0.21428571428571427
49234,0,0,33080,-15.137684106826782,-11.009793758392334,0.21428571428571427
49235,0,0,33081,-15.137684106826782,-11.009793758392334,0.21428571428571427
49236,0,0,33082,-15.137684106826782,-11.009793758392334,0.21428571428571427
49237,0,0,33094,-15.137684106826782,-11.009793758392334,0.21428571428571427
49238,0,0,33103,-15.137684106826782,-11.009793758392334,0.21428571428571427
49239,0,0,33102,-15.137684106826782,-11.009793758392334,0.21428571428571427
49240,0,0,33101,-15.137684106826782,-11.009793758392334,0.21428571428571427
49241,0,0,33100,-15.137684106826782,-11.009793758392334,0.21428571428571427
49242,0,0,33099,-15.137684106826782,-11.009793758392334,0.21428571428571427
49243,0,0,33098,-15.137684106826782,-11.009793758392334,0.21428571428571427
49244,0,0,33097,-15.137684106826782,-11.009793758392334,0.21428571428571427
49245,0,0,33096,-15.137684106826782,-11.009793758392334,0.21428571428571427
49246,0,0,33095,-15.137684106826782,-11.009793758392334,0.21428571428571427
49247,1,0,33093,-15.137684106826782,-11.009793758392334,0.21428571428571427
49248,0,0,33083,-15.137684106826782,-11.009793758392334,0.21428571428571427
49249,0,0,33092,-15.137684106826782,-11.009793758392334,0.21428571428571427
49250,0,0,33091,-15.137684106826782,-11.009793758392334,0.21428571428571427
49251,0,0,33090,-15.137684106826782,-11.009793758392334,0.21428571428571427
49252,0,0,33089,-15.137684106826782,-11.009793758392334,0.21428571428571427
49253,0,0,33088,-15.137684106826782,-11.009793758392334,0.21428571428571427
49254,0,0,33087,-15.137684106826782,-11.009793758392334,0.21428571428571427
49255,0,0,33086,-15.137684106826782,-11.009793758392334,0.21428571428571427
49256,0,0,33085,-15.137684106826782,-11.009793758392334,0.21428571428571427
49257,0,0,33084,-15.137684106826782,-11.009793758392334,0.21428571428571427
49258,0,0,33058,-15.137684106826782,-11.009793758392334,0.21428571428571427
49259,0,0,33056,-15.137684106826782,-11.009793758392334,0.21428571428571427
49260,0,0,33009,-15.137684106826782,-11.009793758392334,0.21428571428571427
49261,0,0,33055,-15.137684106826782,-11.009793758392334,0.21428571428571427
49262,0,0,33030,-15.137684106826782,-11.009793758392334,0.21428571428571427
49263,0,0,33029,-15.137684106826782,-11.009793758392334,0.21428571428571427
49264,0,0,33028,-15.137684106826782,-11.009793758392334,0.21428571428571427
49265,0,0,33027,-15.137684106826782,-11.009793758392334,0.21428571428571427
49266,0,0,33026,-15.137684106826782,-11.009793758392334,0.21428571428571427
49267,1,0,33025,-15.137684106826782,-11.009793758392334,0.21428571428571427
49268,0,0,33024,-15.137684106826782,-11.009793758392334,0.21428571428571427
49269,0,0,33023,-15.137684106826782,-11.009793758392334,0.21428571428571427
49270,0,0,33022,-15.137684106826782,-11.009793758392334,0.21428571428571427
49271,0,0,33021,-15.137684106826782,-11.009793758392334,0.21428571428571427
49272,0,0,33020,-15.137684106826782,-11.009793758392334,0.21428571428571427
49273,0,0,33019,-15.137684106826782,-11.009793758392334,0.21428571428571427
49274,0,0,33018,-15.137684106826782,-11.009793758392334,0.21428571428571427
49275,0,0,33017,-15.137684106826782,-11.009793758392334,0.21428571428571427
49276,1,0,33016,-15.137684106826782,-11.009793758392334,0.21428571428571427
49277,0,0,33015,-15.137684106826782,-11.009793758392334,0.21428571428571427
49278,0,0,33014,-15.137684106826782,-11.009793758392334,0.21428571428571427
49279,0,0,33013,-15.137684106826782,-11.009793758392334,0.21428571428571427
49280,0,0,33012,-15.137684106826782,-11.009793758392334,0.21428571428571427
49281,0,0,33011,-15.137684106826782,-11.009793758392334,0.21428571428571427
49282,0,0,33010,-15.137684106826782,-11.009793758392334,0.21428571428571427
49283,0,0,33031,-15.137684106826782,-11.009793758392334,0.21428571428571427
49284,0,0,33032,-15.137684106826782,-11.009793758392334,0.21428571428571427
49285,0,0,33033,-15.137684106826782,-11.009793758392334,0.21428571428571427
49286,0,0,33045,-15.137684106826782,-11.009793758392334,0.21428571428571427
49287,0,0,33054,-15.137684106826782,-11.009793758392334,0.21428571428571427
49288,0,0,33053,-15.137684106826782,-11.009793758392334,0.21428571428571427
49289,0,0,33052,-15.137684106826782,-11.009793758392334,0.21428571428571427
49290,0,0,33051,-15.137684106826782,-11.009793758392334,0.21428571428571427
49291,0,0,33050,-15.137684106826782,-11.009793758392334,0.21428571428571427
49292,0,0,33049,-15.137684106826782,-11.009793758392334,0.21428571428571427
49293,0,0,33048,-15.137684106826782,-11.009793758392334,0.21428571428571427
49294,0,0,33047,-15.137684106826782,-11.009793758392334,0.21428571428571427
49295,0,0,33046,-15.137684106826782,-11.009793758392334,0.21428571428571427
49296,0,0,33044,-15.137684106826782,-11.009793758392334,0.21428571428571427
49297,0,0,33034,-15.137684106826782,-11.009793758392334,0.21428571428571427
49298,0,0,33043,-15.137684106826782,-11.009793758392334,0.21428571428571427
49299,0,0,33042,-15.137684106826782,-11.009793758392334,0.21428571428571427
49300,0,0,33041,-15.137684106826782,-11.009793758392334,0.21428571428571427
49301,0,0,33040,-15.137684106826782,-11.009793758392334,0.21428571428571427
49302,0,0,33039,-15.137684106826782,-11.009793758392334,0.21428571428571427
49303,0,0,33038,-15.137684106826782,-11.009793758392334,0.21428571428571427
49304,0,0,33037,-15.137684106826782,-11.009793758392334,0.21428571428571427
49305,0,0,33036,-15.137684106826782,-11.009793758392334,0.21428571428571427
49306,0,0,33035,-15.137684106826782,-11.009793758392334,0.21428571428571427
49307,0,0,33104,-15.137684106826782,-11.009793758392334,0.21428571428571427
49308,0,0,33105,-15.137684106826782,-11.009793758392334,0.21428571428571427
49309,0,0,33106,-15.137684106826782,-11.009793758392334,0.21428571428571427
49310,0,0,33107,-15.137684106826782,-11.009793758392334,0.21428571428571427
49311,0,0,33176,-15.137684106826782,-11.009793758392334,0.21428571428571427
49312,0,0,33175,-15.137684106826782,-11.009793758392334,0.21428571428571427
49313,0,0,33174,-15.137684106826782,-11.009793758392334,0.21428571428571427
49314,0,0,33173,-15.137684106826782,-11.009793758392334,0.21428571428571427
49315,0,0,33172,-15.137684106826782,-11.009793758392334,0.21428571428571427
49316,0,0,33171,-15.137684106826782,-11.009793758392334,0.21428571428571427
49317,0,0,33170,-15.137684106826782,-11.009793758392334,0.21428571428571427
49318,0,0,33169,-15.137684106826782,-11.009793758392334,0.21428571428571427
49319,0,0,33168,-15.137684106826782,-11.009793758392334,0.21428571428571427
49320,0,0,33166,-15.137684106826782,-11.009793758392334,0.21428571428571427
49321,0,0,33156,-15.137684106826782,-11.009793758392334,0.21428571428571427
49322,0,0,33165,-15.137684106826782,-11.009793758392334,0.21428571428571427
49323,0,0,33164,-15.137684106826782,-11.009793758392334,0.21428571428571427
49324,0,0,33163,-15.137684106826782,-11.009793758392334,0.21428571428571427
49325,0,0,33162,-15.137684106826782,-11.009793758392334,0.21428571428571427
49326,0,0,33161,-15.137684106826782,-11.009793758392334,0.21428571428571427
49327,0,0,33160,-15.137684106826782,-11.009793758392334,0.21428571428571427
49328,0,0,33159,-15.137684106826782,-11.009793758392334,0.21428571428571427
49329,0,0,33158,-15.137684106826782,-11.009793758392334,0.21428571428571427
49330,0,0,33157,-15.137684106826782,-11.009793758392334,0.21428571428571427
49331,0,0,33177,-15.137684106826782,-11.009793758392334,0.21428571428571427
49332,0,0,33167,-15.137684106826782,-11.009793758392334,0.21428571428571427
49333,0,0,33178,-15.137684106826782,-11.009793758392334,0.21428571428571427
49334,0,0,33191,-15.137684106826782,-11.009793758392334,0.21428571428571427
49335,0,0,33200,-15.137684106826782,-11.009793758392334,0.21428571428571427
49336,0,0,33199,-15.137684106826782,-11.009793758392334,0.21428571428571427
49337,0,0,33198,-15.137684106826782,-11.009793758392334,0.21428571428571427
49338,0,0,33197,-15.137684106826782,-11.009793758392334,0.21428571428571427
49339,0,0,33196,-15.137684106826782,-11.009793758392334,0.21428571428571427
49340,0,0,33195,-15.137684106826782,-11.009793758392334,0.21428571428571427
49341,0,0,33194,-15.137684106826782,-11.009793758392334,0.21428571428571427
49342,0,0,33193,-15.137684106826782,-11.009793758392334,0.21428571428571427
49343,0,0,33192,-15.137684106826782,-11.009793758392334,0.21428571428571427
49344,0,0,33190,-15.137684106826782,-11.009793758392334,0.21428571428571427
49345,0,0,33180,-15.137684106826782,-11.009793758392334,0.21428571428571427
49346,0,0,33189,-15.137684106826782,-11.009793758392334,0.21428571428571427
49347,0,0,33188,-15.137684106826782,-11.009793758392334,0.21428571428571427
49348,0,0,33187,-15.137684106826782,-11.009793758392334,0.21428571428571427
49349,0,0,33186,-15.137684106826782,-11.009793758392334,0.21428571428571427
49350,0,0,33185,-15.137684106826782,-11.009793758392334,0.21428571428571427
49351,0,0,33184,-15.137684106826782,-11.009793758392334,0.21428571428571427
49352,0,0,33183,-15.137684106826782,-11.009793758392334,0.21428571428571427
49353,0,0,33182,-15.137684106826782,-11.009793758392334,0.21428571428571427
49354,0,0,33181,-15.137684106826782,-11.009793758392334,0.21428571428571427
49355,0,0,33179,-15.137684106826782,-11.009793758392334,0.21428571428571427
49356,0,0,33155,-15.137684106826782,-11.009793758392334,0.21428571428571427
49357,0,0,33154,-15.137684106826782,-11.009793758392334,0.21428571428571427
49358,0,0,33153,-15.137684106826782,-11.009793758392334,0.21428571428571427
49359,0,0,33128,-15.137684106826782,-11.009793758392334,0.21428571428571427
49360,0,0,33127,-15.137684106826782,-11.009793758392334,0.21428571428571427
49361,0,0,33126,-15.137684106826782,-11.009793758392334,0.21428571428571427
49362,0,0,33125,-15.137684106826782,-11.009793758392334,0.21428571428571427
49363,0,0,33124,-15.137684106826782,-11.009793758392334,0.21428571428571427
49364,0,0,33123,-15.137684106826782,-11.009793758392334,0.21428571428571427
49365,0,0,33122,-15.137684106826782,-11.009793758392334,0.21428571428571427
49366,0,0,33121,-15.137684106826782,-11.009793758392334,0.21428571428571427
49367,0,0,33120,-15.137684106826782,-11.009793758392334,0.21428571428571427
49368,0,0,33119,-15.137684106826782,-11.009793758392334,0.21428571428571427
49369,0,0,33118,-15.137684106826782,-11.009793758392334,0.21428571428571427
49370,0,0,33117,-15.137684106826782,-11.009793758392334,0.21428571428571427
49371,0,0,33116,-15.137684106826782,-11.009793758392334,0.21428571428571427
49372,0,0,33115,-15.137684106826782,-11.009793758392334,0.21428571428571427
49373,0,0,33114,-15.137684106826782,-11.009793758392334,0.21428571428571427
49374,0,0,33113,-15.137684106826782,-11.009793758392334,0.21428571428571427
49375,0,0,33112,-15.137684106826782,-11.009793758392334,0.21428571428571427
49376,0,0,33111,-15.137684106826782,-11.009793758392334,0.21428571428571427
49377,0,0,33110,-15.137684106826782,-11.009793758392334,0.21428571428571427
49378,0,0,33109,-15.137684106826782,-11.009793758392334,0.21428571428571427
49379,0,0,33108,-15.137684106826782,-11.009793758392334,0.21428571428571427
49380,0,0,33129,-15.137684106826782,-11.009793758392334,0.21428571428571427
49381,0,0,33130,-15.137684106826782,-11.009793758392334,0.21428571428571427
49382,0,0,33131,-15.137684106826782,-11.009793758392334,0.21428571428571427
49383,1,0,33143,-15.137684106826782,-11.009793758392334,0.21428571428571427
49384,0,0,33152,-15.137684106826782,-11.009793758392334,0.21428571428571427
49385,0,0,33151,-15.137684106826782,-11.009793758392334,0.21428571428571427
49386,0,0,33150,-15.137684106826782,-11.009793758392334,0.21428571428571427
49387,0,0,33149,-15.137684106826782,-11.009793758392334,0.21428571428571427
49388,0,0,33148,-15.137684106826782,-11.009793758392334,0.21428571428571427
49389,0,0,33147,-15.137684106826782,-11.009793758392334,0.21428571428571427
49390,0,0,33146,-15.137684106826782,-11.009793758392334,0.21428571428571427
49391,0,0,33145,-15.137684106826782,-11.009793758392334,0.21428571428571427
49392,0,0,33144,-15.137684106826782,-11.009793758392334,0.21428571428571427
49393,0,0,33142,-15.137684106826782,-11.009793758392334,0.21428571428571427
49394,0,0,33132,-15.137684106826782,-11.009793758392334,0.21428571428571427
49395,0,0,33141,-15.137684106826782,-11.009793758392334,0.21428571428571427
49396,0,0,33140,-15.137684106826782,-11.009793758392334,0.21428571428571427
49397,0,0,33139,-15.137684106826782,-11.009793758392334,0.21428571428571427
49398,0,0,33138,-15.137684106826782,-11.009793758392334,0.21428571428571427
49399,0,0,33137,-15.137684106826782,-11.009793758392334,0.21428571428571427
49400,0,0,33136,-15.137684106826782,-11.009793758392334,0.21428571428571427
49401,0,0,33135,-15.137684106826782,-11.009793758392334,0.21428571428571427
49402,0,0,33134,-15.137684106826782,-11.009793758392334,0.21428571428571427
49403,0,0,33133,-15.137684106826782,-11.009793758392334,0.21428571428571427
49404,0,0,33057,-15.137684106826782,-11.009793758392334,0.21428571428571427
49405,0,0,33008,-15.137684106826782,-11.009793758392334,0.21428571428571427
49406,0,0,33007,-15.137684106826782,-11.009793758392334,0.21428571428571427
49407,0,0,33006,-15.137684106826782,-11.009793758392334,0.21428571428571427
49408,0,0,32883,-15.137684106826782,-11.009793758392334,0.21428571428571427
49409,0,0,32882,-15.137684106826782,-11.009793758392334,0.21428571428571427
49410,0,0,32881,-15.137684106826782,-11.009793758392334,0.21428571428571427
49411,0,0,32880,-15.137684106826782,-11.009793758392334,0.21428571428571427
49412,0,0,32879,-15.137684106826782,-11.009793758392334,0.21428571428571427
49413,0,0,32878,-15.137684106826782,-11.009793758392334,0.21428571428571427
49414,0,0,32877,-15.137684106826782,-11.009793758392334,0.21428571428571427
49415,0,0,32876,-15.137684106826782,-11.009793758392334,0.21428571428571427
49416,0,0,32875,-15.137684106826782,-11.009793758392334,0.21428571428571427
49417,0,0,32874,-15.137684106826782,-11.009793758392334,0.21428571428571427
49418,0,0,32873,-15.137684106826782,-11.009793758392334,0.21428571428571427
49419,0,0,32872,-15.137684106826782,-11.009793758392334,0.21428571428571427
49420,0,0,32871,-15.137684106826782,-11.009793758392334,0.21428571428571427
49421,0,0,32870,-15.137684106826782,-11.009793758392334,0.21428571428571427
49422,0,0,32869,-15.137684106826782,-11.009793758392334,0.21428571428571427
49423,0,0,32868,-15.137684106826782,-11.009793758392334,0.21428571428571427
49424,0,0,32867,-15.137684106826782,-11.009793758392334,0.21428571428571427
49425,0,0,32866,-15.137684106826782,-11.009793758392334,0.21428571428571427
49426,0,0,32865,-15.137684106826782,-11.009793758392334,0.21428571428571427
49427,0,0,32864,-15.137684106826782,-11.009793758392334,0.21428571428571427
49428,0,0,32863,-15.137684106826782,-11.009793758392334,0.21428571428571427
49429,0,0,32884,-15.137684106826782,-11.009793758392334,0.21428571428571427
49430,0,0,32885,-15.137684106826782,-11.009793758392334,0.21428571428571427
49431,0,0,32886,-15.137684106826782,-11.009793758392334,0.21428571428571427
49432,0,0,32898,-15.137684106826782,-11.009793758392334,0.21428571428571427
49433,0,0,32907,-15.137684106826782,-11.009793758392334,0.21428571428571427
49434,0,0,32906,-15.137684106826782,-11.009793758392334,0.21428571428571427
49435,0,0,32905,-15.137684106826782,-11.009793758392334,0.21428571428571427
49436,0,0,32904,-15.137684106826782,-11.009793758392334,0.21428571428571427
49437,0,0,32903,-15.137684106826782,-11.009793758392334,0.21428571428571427
49438,0,0,32902,-15.137684106826782,-11.009793758392334,0.21428571428571427
49439,0,0,32901,-15.137684106826782,-11.009793758392334,0.21428571428571427
49440,0,0,32900,-15.137684106826782,-11.009793758392334,0.21428571428571427
49441,0,0,32899,-15.137684106826782,-11.009793758392334,0.21428571428571427
49442,0,0,32897,-15.137684106826782,-11.009793758392334,0.21428571428571427
49443,0,0,32887,-15.137684106826782,-11.009793758392334,0.21428571428571427
49444,0,0,32896,-15.137684106826782,-11.009793758392334,0.21428571428571427
49445,0,0,32895,-15.137684106826782,-11.009793758392334,0.21428571428571427
49446,0,0,32894,-15.137684106826782,-11.009793758392334,0.21428571428571427
49447,0,0,32893,-15.137684106826782,-11.009793758392334,0.21428571428571427
49448,0,0,32892,-15.137684106826782,-11.009793758392334,0.21428571428571427
49449,0,0,32891,-15.137684106826782,-11.009793758392334,0.21428571428571427
49450,0,0,32890,-15.137684106826782,-11.009793758392334,0.21428571428571427
49451,0,0,32889,-15.137684106826782,-11.009793758392334,0.21428571428571427
49452,0,0,32888,-15.137684106826782,-11.009793758392334,0.21428571428571427
49453,0,0,32862,-15.137684106826782,-11.009793758392334,0.21428571428571427
49454,0,0,32860,-15.137684106826782,-11.009793758392334,0.21428571428571427
49455,0,0,32813,-15.137684106826782,-11.009793758392334,0.21428571428571427
49456,0,0,32859,-15.137684106826782,-11.009793758392334,0.21428571428571427
49457,0,0,32834,-15.137684106826782,-11.009793758392334,0.21428571428571427
49458,0,0,32833,-15.137684106826782,-11.009793758392334,0.21428571428571427
49459,0,0,32832,-15.137684106826782,-11.009793758392334,0.21428571428571427
49460,0,0,32831,-15.137684106826782,-11.009793758392334,0.21428571428571427
49461,0,0,32830,-15.137684106826782,-11.009793758392334,0.21428571428571427
49462,0,0,32829,-15.137684106826782,-11.009793758392334,0.21428571428571427
49463,0,0,32828,-15.137684106826782,-11.009793758392334,0.21428571428571427
49464,0,0,32827,-15.137684106826782,-11.009793758392334,0.21428571428571427
49465,0,0,32826,-15.137684106826782,-11.009793758392334,0.21428571428571427
49466,0,0,32825,-15.137684106826782,-11.009793758392334,0.21428571428571427
49467,0,0,32824,-15.137684106826782,-11.009793758392334,0.21428571428571427
49468,0,0,32823,-15.137684106826782,-11.009793758392334,0.21428571428571427
49469,0,0,32822,-15.137684106826782,-11.009793758392334,0.21428571428571427
49470,0,0,32821,-15.137684106826782,-11.009793758392334,0.21428571428571427
49471,0,0,32820,-15.137684106826782,-11.009793758392334,0.21428571428571427
49472,0,0,32819,-15.137684106826782,-11.009793758392334,0.21428571428571427
49473,0,0,32818,-15.137684106826782,-11.009793758392334,0.21428571428571427
49474,0,0,32817,-15.137684106826782,-11.009793758392334,0.21428571428571427
49475,0,0,32816,-15.137684106826782,-11.009793758392334,0.21428571428571427
49476,0,0,32815,-15.137684106826782,-11.009793758392334,0.21428571428571427
49477,0,0,32814,-15.137684106826782,-11.009793758392334,0.21428571428571427
49478,0,0,32835,-15.137684106826782,-11.009793758392334,0.21428571428571427
49479,0,0,32836,-15.137684106826782,-11.009793758392334,0.21428571428571427
49480,0,0,32837,-15.137684106826782,-11.009793758392334,0.21428571428571427
49481,0,0,32849,-15.137684106826782,-11.009793758392334,0.21428571428571427
49482,0,0,32858,-15.137684106826782,-11.009793758392334,0.21428571428571427
49483,0,0,32857,-15.137684106826782,-11.009793758392334,0.21428571428571427
49484,0,0,32856,-15.137684106826782,-11.009793758392334,0.21428571428571427
49485,0,0,32855,-15.137684106826782,-11.009793758392334,0.21428571428571427
49486,0,0,32854,-15.137684106826782,-11.009793758392334,0.21428571428571427
49487,0,0,32853,-15.137684106826782,-11.009793758392334,0.21428571428571427
49488,0,0,32852,-15.137684106826782,-11.009793758392334,0.21428571428571427
49489,0,0,32851,-15.137684106826782,-11.009793758392334,0.21428571428571427
49490,0,0,32850,-15.137684106826782,-11.009793758392334,0.21428571428571427
49491,0,0,32848,-15.137684106826782,-11.009793758392334,0.21428571428571427
49492,0,0,32838,-15.137684106826782,-11.009793758392334,0.21428571428571427
49493,0,0,32847,-15.137684106826782,-11.009793758392334,0.21428571428571427
49494,0,0,32846,-15.137684106826782,-11.009793758392334,0.21428571428571427
49495,0,0,32845,-15.137684106826782,-11.009793758392334,0.21428571428571427
49496,0,0,32844,-15.137684106826782,-11.009793758392334,0.21428571428571427
49497,0,0,32843,-15.137684106826782,-11.009793758392334,0.21428571428571427
49498,0,0,32842,-15.137684106826782,-11.009793758392334,0.21428571428571427
49499,0,0,32841,-15.137684106826782,-11.009793758392334,0.21428571428571427
49500,0,0,32840,-15.137684106826782,-11.009793758392334,0.21428571428571427
49501,0,0,32839,-15.137684106826782,-11.009793758392334,0.21428571428571427
49502,0,0,32908,-15.137684106826782,-11.009793758392334,0.21428571428571427
49503,0,0,32861,-15.137684106826782,-11.009793758392334,0.21428571428571427
49504,0,0,32909,-15.137684106826782,-11.009793758392334,0.21428571428571427
49505,0,0,32959,-15.137684106826782,-11.009793758392334,0.21428571428571427
49506,0,0,32981,-15.137684106826782,-11.009793758392334,0.21428571428571427
49507,0,0,32980,-15.137684106826782,-11.009793758392334,0.21428571428571427
49508,0,0,32979,-15.137684106826782,-11.009793758392334,0.21428571428571427
49509,0,0,32978,-15.137684106826782,-11.009793758392334,0.21428571428571427
49510,0,0,32977,-15.137684106826782,-11.009793758392334,0.21428571428571427
49511,0,0,32976,-15.137684106826782,-11.009793758392334,0.21428571428571427
49512,0,0,32975,-15.137684106826782,-11.009793758392334,0.21428571428571427
49513,0,0,32974,-15.137684106826782,-11.009793758392334,0.21428571428571427
49514,0,0,32973,-15.137684106826782,-11.009793758392334,0.21428571428571427
49515,0,0,32972,-15.137684106826782,-11.009793758392334,0.21428571428571427
49516,0,0,32971,-15.137684106826782,-11.009793758392334,0.21428571428571427
49517,0,0,32970,-15.137684106826782,-11.009793758392334,0.21428571428571427
49518,0,0,32969,-15.137684106826782,-11.009793758392334,0.21428571428571427
49519,0,0,32968,-15.137684106826782,-11.009793758392334,0.21428571428571427
49520,0,0,32967,-15.137684106826782,-11.009793758392334,0.21428571428571427
49521,0,0,32966,-15.137684106826782,-11.009793758392334,0.21428571428571427
49522,0,0,32965,-15.137684106826782,-11.009793758392334,0.21428571428571427
49523,0,0,32964,-15.137684106826782,-11.009793758392334,0.21428571428571427
49524,0,0,32963,-15.137684106826782,-11.009793758392334,0.21428571428571427
49525,0,0,32962,-15.137684106826782,-11.009793758392334,0.21428571428571427
49526,0,0,32961,-15.137684106826782,-11.009793758392334,0.21428571428571427
49527,0,0,32982,-15.137684106826782,-11.009793758392334,0.21428571428571427
49528,0,0,32983,-15.137684106826782,-11.009793758392334,0.21428571428571427
49529,0,0,32984,-15.137684106826782,-11.009793758392334,0.21428571428571427
49530,0,0,32996,-15.137684106826782,-11.009793758392334,0.21428571428571427
49531,0,0,33005,-15.137684106826782,-11.009793758392334,0.21428571428571427
49532,0,0,33004,-15.137684106826782,-11.009793758392334,0.21428571428571427
49533,0,0,33003,-15.137684106826782,-11.009793758392334,0.21428571428571427
49534,0,0,33002,-15.137684106826782,-11.009793758392334,0.21428571428571427
49535,0,0,33001,-15.137684106826782,-11.009793758392334,0.21428571428571427
49536,0,0,33000,-15.137684106826782,-11.009793758392334,0.21428571428571427
49537,0,0,32999,-15.137684106826782,-11.009793758392334,0.21428571428571427
49538,0,0,32998,-15.137684106826782,-11.009793758392334,0.21428571428571427
49539,0,0,32997,-15.137684106826782,-11.009793758392334,0.21428571428571427
49540,0,0,32995,-15.137684106826782,-11.009793758392334,0.21428571428571427
49541,0,0,32985,-15.137684106826782,-11.009793758392334,0.21428571428571427
49542,0,0,32994,-15.137684106826782,-11.009793758392334,0.21428571428571427
49543,0,0,32993,-15.137684106826782,-11.009793758392334,0.21428571428571427
49544,0,0,32992,-15.137684106826782,-11.009793758392334,0.21428571428571427
49545,0,0,32991,-15.137684106826782,-11.009793758392334,0.21428571428571427
49546,0,0,32990,-15.137684106826782,-11.009793758392334,0.21428571428571427
49547,0,0,32989,-15.137684106826782,-11.009793758392334,0.21428571428571427
49548,0,0,32988,-15.137684106826782,-11.009793758392334,0.21428571428571427
49549,0,0,32987,-15.137684106826782,-11.009793758392334,0.21428571428571427
49550,0,0,32986,-15.137684106826782,-11.009793758392334,0.21428571428571427
49551,0,0,32960,-15.137684106826782,-11.009793758392334,0.21428571428571427
49552,0,0,32958,-15.137684106826782,-11.009793758392334,0.21428571428571427
49553,0,0,32911,-15.137684106826782,-11.009793758392334,0.21428571428571427
49554,0,0,32957,-15.137684106826782,-11.009793758392334,0.21428571428571427
49555,0,0,32932,-15.137684106826782,-11.009793758392334,0.21428571428571427
49556,0,0,32931,-15.137684106826782,-11.009793758392334,0.21428571428571427
49557,0,0,32930,-15.137684106826782,-11.009793758392334,0.21428571428571427
49558,0,0,32929,-15.137684106826782,-11.009793758392334,0.21428571428571427
49559,0,0,32928,-15.137684106826782,-11.009793758392334,0.21428571428571427
49560,0,0,32927,-15.137684106826782,-11.009793758392334,0.21428571428571427
49561,0,0,32926,-15.137684106826782,-11.009793758392334,0.21428571428571427
49562,0,0,32925,-15.137684106826782,-11.009793758392334,0.21428571428571427
49563,0,0,32924,-15.137684106826782,-11.009793758392334,0.21428571428571427
49564,0,0,32923,-15.137684106826782,-11.009793758392334,0.21428571428571427
49565,0,0,32922,-15.137684106826782,-11.009793758392334,0.21428571428571427
49566,0,0,32921,-15.137684106826782,-11.009793758392334,0.21428571428571427
49567,0,0,32920,-15.137684106826782,-11.009793758392334,0.21428571428571427
49568,0,0,32919,-15.137684106826782,-11.009793758392334,0.21428571428571427
49569,0,0,32918,-15.137684106826782,-11.009793758392334,0.21428571428571427
49570,0,0,32917,-15.137684106826782,-11.009793758392334,0.21428571428571427
49571,0,0,32916,-15.137684106826782,-11.009793758392334,0.21428571428571427
49572,0,0,32915,-15.137684106826782,-11.009793758392334,0.21428571428571427
49573,0,0,32914,-15.137684106826782,-11.009793758392334,0.21428571428571427
49574,0,0,32913,-15.137684106826782,-11.009793758392334,0.21428571428571427
49575,0,0,32912,-15.137684106826782,-11.009793758392334,0.21428571428571427
49576,0,0,32933,-15.137684106826782,-11.009793758392334,0.21428571428571427
49577,0,0,32934,-15.137684106826782,-11.009793758392334,0.21428571428571427
49578,0,0,32935,-15.137684106826782,-11.009793758392334,0.21428571428571427
49579,0,0,32947,-15.137684106826782,-11.009793758392334,0.21428571428571427
49580,0,0,32956,-15.137684106826782,-11.009793758392334,0.21428571428571427
49581,0,0,32955,-15.137684106826782,-11.009793758392334,0.21428571428571427
49582,0,0,32954,-15.137684106826782,-11.009793758392334,0.21428571428571427
49583,0,0,32953,-15.137684106826782,-11.009793758392334,0.21428571428571427
49584,0,0,32952,-15.137684106826782,-11.009793758392334,0.21428571428571427
49585,0,0,32951,-15.137684106826782,-11.009793758392334,0.21428571428571427
49586,0,0,32950,-15.137684106826782,-11.009793758392334,0.21428571428571427
49587,0,0,32949,-15.137684106826782,-11.009793758392334,0.21428571428571427
49588,0,0,32948,-15.137684106826782,-11.009793758392334,0.21428571428571427
49589,0,0,32946,-15.137684106826782,-11.009793758392334,0.21428571428571427
49590,0,0,32936,-15.137684106826782,-11.009793758392334,0.21428571428571427
49591,0,0,32945,-15.137684106826782,-11.009793758392334,0.21428571428571427
49592,0,0,32944,-15.137684106826782,-11.009793758392334,0.21428571428571427
49593,0,0,32943,-15.137684106826782,-11.009793758392334,0.21428571428571427
49594,0,0,32942,-15.137684106826782,-11.009793758392334,0.21428571428571427
49595,0,0,32941,-15.137684106826782,-11.009793758392334,0.21428571428571427
49596,0,0,32940,-15.137684106826782,-11.009793758392334,0.21428571428571427
49597,0,0,32939,-15.137684106826782,-11.009793758392334,0.21428571428571427
49598,0,0,32938,-15.137684106826782,-11.009793758392334,0.21428571428571427
49599,0,0,32937,-15.137684106826782,-11.009793758392334,0.21428571428571427
49600,0,0,33201,-15.137684106826782,-11.009793758392334,0.21428571428571427
49601,0,0,33202,-15.137684106826782,-11.009793758392334,0.21428571428571427
49602,0,0,33203,-15.137684106826782,-11.009793758392334,0.21428571428571427
49603,0,0,33398,-15.137684106826782,-11.009793758392334,0.21428571428571427
49604,0,0,33469,-15.137684106826782,-11.009793758392334,0.21428571428571427
49605,0,0,33468,-15.137684106826782,-11.009793758392334,0.21428571428571427
49606,0,0,33467,-15.137684106826782,-11.009793758392334,0.21428571428571427
49607,0,0,33466,-15.137684106826782,-11.009793758392334,0.21428571428571427
49608,0,0,33465,-15.137684106826782,-11.009793758392334,0.21428571428571427
49609,0,0,33464,-15.137684106826782,-11.009793758392334,0.21428571428571427
49610,0,0,33463,-15.137684106826782,-11.009793758392334,0.21428571428571427
49611,0,0,33462,-15.137684106826782,-11.009793758392334,0.21428571428571427
49612,0,0,33461,-15.137684106826782,-11.009793758392334,0.21428571428571427
49613,0,0,33460,-15.137684106826782,-11.009793758392334,0.21428571428571427
49614,0,0,33459,-15.137684106826782,-11.009793758392334,0.21428571428571427
49615,0,0,33458,-15.137684106826782,-11.009793758392334,0.21428571428571427
49616,0,0,33457,-15.137684106826782,-11.009793758392334,0.21428571428571427
49617,0,0,33456,-15.137684106826782,-11.009793758392334,0.21428571428571427
49618,0,0,33455,-15.137684106826782,-11.009793758392334,0.21428571428571427
49619,0,0,33454,-15.137684106826782,-11.009793758392334,0.21428571428571427
49620,0,0,33453,-15.137684106826782,-11.009793758392334,0.21428571428571427
49621,0,0,33452,-15.137684106826782,-11.009793758392334,0.21428571428571427
49622,0,0,33451,-15.137684106826782,-11.009793758392334,0.21428571428571427
49623,0,0,33450,-15.137684106826782,-11.009793758392334,0.21428571428571427
49624,0,0,33449,-15.137684106826782,-11.009793758392334,0.21428571428571427
49625,0,0,33470,-15.137684106826782,-11.009793758392334,0.21428571428571427
49626,0,0,33471,-15.137684106826782,-11.009793758392334,0.21428571428571427
49627,0,0,33472,-15.137684106826782,-11.009793758392334,0.21428571428571427
49628,0,0,33484,-15.137684106826782,-11.009793758392334,0.21428571428571427
49629,0,0,33493,-15.137684106826782,-11.009793758392334,0.21428571428571427
49630,0,0,33492,-15.137684106826782,-11.009793758392334,0.21428571428571427
49631,0,0,33491,-15.137684106826782,-11.009793758392334,0.21428571428571427
49632,0,0,33490,-15.137684106826782,-11.009793758392334,0.21428571428571427
49633,0,0,33489,-15.137684106826782,-11.009793758392334,0.21428571428571427
49634,0,0,33488,-15.137684106826782,-11.009793758392334,0.21428571428571427
49635,0,0,33487,-15.137684106826782,-11.009793758392334,0.21428571428571427
49636,0,0,33486,-15.137684106826782,-11.009793758392334,0.21428571428571427
49637,0,0,33485,-15.137684106826782,-11.009793758392334,0.21428571428571427
49638,0,0,33483,-15.137684106826782,-11.009793758392334,0.21428571428571427
49639,0,0,33473,-15.137684106826782,-11.009793758392334,0.21428571428571427
49640,0,0,33482,-15.137684106826782,-11.009793758392334,0.21428571428571427
49641,0,0,33481,-15.137684106826782,-11.009793758392334,0.21428571428571427
49642,0,0,33480,-15.137684106826782,-11.009793758392334,0.21428571428571427
49643,0,0,33479,-15.137684106826782,-11.009793758392334,0.21428571428571427
49644,0,0,33478,-15.137684106826782,-11.009793758392334,0.21428571428571427
49645,0,0,33477,-15.137684106826782,-11.009793758392334,0.21428571428571427
49646,0,0,33476,-15.137684106826782,-11.009793758392334,0.21428571428571427
49647,0,0,33475,-15.137684106826782,-11.009793758392334,0.21428571428571427
49648,0,0,33474,-15.137684106826782,-11.009793758392334,0.21428571428571427
49649,0,0,33448,-15.137684106826782,-11.009793758392334,0.21428571428571427
49650,0,0,33446,-15.137684106826782,-11.009793758392334,0.21428571428571427
49651,0,0,33399,-15.137684106826782,-11.009793758392334,0.21428571428571427
49652,0,0,33445,-15.137684106826782,-11.009793758392334,0.21428571428571427
49653,0,0,33420,-15.137684106826782,-11.009793758392334,0.21428571428571427
49654,1,0,33419,-15.137684106826782,-11.009793758392334,0.21428571428571427
49655,0,0,33418,-15.137684106826782,-11.009793758392334,0.21428571428571427
49656,0,0,33417,-15.137684106826782,-11.009793758392334,0.21428571428571427
49657,0,0,33416,-15.137684106826782,-11.009793758392334,0.21428571428571427
49658,0,0,33415,-15.137684106826782,-11.009793758392334,0.21428571428571427
49659,0,0,33414,-15.137684106826782,-11.009793758392334,0.21428571428571427
49660,0,0,33413,-15.137684106826782,-11.009793758392334,0.21428571428571427
49661,0,0,33412,-15.137684106826782,-11.009793758392334,0.21428571428571427
49662,0,0,33411,-15.137684106826782,-11.009793758392334,0.21428571428571427
49663,0,0,33410,-15.137684106826782,-11.009793758392334,0.21428571428571427
49664,0,0,33409,-15.137684106826782,-11.009793758392334,0.21428571428571427
49665,0,0,33408,-15.137684106826782,-11.009793758392334,0.21428571428571427
49666,0,0,33407,-15.137684106826782,-11.009793758392334,0.21428571428571427
49667,0,0,33406,-15.137684106826782,-11.009793758392334,0.21428571428571427
49668,0,0,33405,-15.137684106826782,-11.009793758392334,0.21428571428571427
49669,0,0,33404,-15.137684106826782,-11.009793758392334,0.21428571428571427
49670,0,0,33403,-15.137684106826782,-11.009793758392334,0.21428571428571427
49671,0,0,33402,-15.137684106826782,-11.009793758392334,0.21428571428571427
49672,0,0,33401,-15.137684106826782,-11.009793758392334,0.21428571428571427
49673,0,0,33400,-15.137684106826782,-11.009793758392334,0.21428571428571427
49674,0,0,33421,-15.137684106826782,-11.009793758392334,0.21428571428571427
49675,0,0,33422,-15.137684106826782,-11.009793758392334,0.21428571428571427
49676,0,0,33423,-15.137684106826782,-11.009793758392334,0.21428571428571427
49677,0,0,33435,-15.137684106826782,-11.009793758392334,0.21428571428571427
49678,0,0,33444,-15.137684106826782,-11.009793758392334,0.21428571428571427
49679,0,0,33443,-15.137684106826782,-11.009793758392334,0.21428571428571427
49680,0,0,33442,-15.137684106826782,-11.009793758392334,0.21428571428571427
49681,0,0,33441,-15.137684106826782,-11.009793758392334,0.21428571428571427
49682,0,0,33440,-15.137684106826782,-11.009793758392334,0.21428571428571427
49683,0,0,33439,-15.137684106826782,-11.009793758392334,0.21428571428571427
49684,0,0,33438,-15.137684106826782,-11.009793758392334,0.21428571428571427
49685,0,0,33437,-15.137684106826782,-11.009793758392334,0.21428571428571427
49686,0,0,33436,-15.137684106826782,-11.009793758392334,0.21428571428571427
49687,0,0,33434,-15.137684106826782,-11.009793758392334,0.21428571428571427
49688,0,0,33424,-15.137684106826782,-11.009793758392334,0.21428571428571427
49689,0,0,33433,-15.137684106826782,-11.009793758392334,0.21428571428571427
49690,0,0,33432,-15.137684106826782,-11.009793758392334,0.21428571428571427
49691,0,0,33431,-15.137684106826782,-11.009793758392334,0.21428571428571427
49692,0,0,33430,-15.137684106826782,-11.009793758392334,0.21428571428571427
49693,0,0,33429,-15.137684106826782,-11.009793758392334,0.21428571428571427
49694,0,0,33428,-15.137684106826782,-11.009793758392334,0.21428571428571427
49695,0,0,33427,-15.137684106826782,-11.009793758392334,0.21428571428571427
49696,0,0,33426,-15.137684106826782,-11.009793758392334,0.21428571428571427
49697,0,0,33425,-15.137684106826782,-11.009793758392334,0.21428571428571427
49698,0,0,33494,-15.137684106826782,-11.009793758392334,0.21428571428571427
49699,0,0,33495,-15.137684106826782,-11.009793758392334,0.21428571428571427
49700,0,0,33496,-15.137684106826782,-11.009793758392334,0.21428571428571427
49701,0,0,33497,-15.137684106826782,-11.009793758392334,0.21428571428571427
49702,0,0,33566,-15.137684106826782,-11.009793758392334,0.21428571428571427
49703,0,0,33565,-15.137684106826782,-11.009793758392334,0.21428571428571427
49704,0,0,33564,-15.137684106826782,-11.009793758392334,0.21428571428571427
49705,0,0,33563,-15.137684106826782,-11.009793758392334,0.21428571428571427
49706,0,0,33562,-15.137684106826782,-11.009793758392334,0.21428571428571427
49707,0,0,33561,-15.137684106826782,-11.009793758392334,0.21428571428571427
49708,0,0,33560,-15.137684106826782,-11.009793758392334,0.21428571428571427
49709,0,0,33559,-15.137684106826782,-11.009793758392334,0.21428571428571427
49710,0,0,33558,-15.137684106826782,-11.009793758392334,0.21428571428571427
49711,0,0,33556,-15.137684106826782,-11.009793758392334,0.21428571428571427
49712,0,0,33546,-15.137684106826782,-11.009793758392334,0.21428571428571427
49713,0,0,33555,-15.137684106826782,-11.009793758392334,0.21428571428571427
49714,0,0,33554,-15.137684106826782,-11.009793758392334,0.21428571428571427
49715,0,0,33553,-15.137684106826782,-11.009793758392334,0.21428571428571427
49716,0,0,33552,-15.137684106826782,-11.009793758392334,0.21428571428571427
49717,0,0,33551,-15.137684106826782,-11.009793758392334,0.21428571428571427
49718,0,0,33550,-15.137684106826782,-11.009793758392334,0.21428571428571427
49719,0,0,33549,-15.137684106826782,-11.009793758392334,0.21428571428571427
49720,0,0,33548,-15.137684106826782,-11.009793758392334,0.21428571428571427
49721,0,0,33547,-15.137684106826782,-11.009793758392334,0.21428571428571427
49722,0,0,33567,-15.137684106826782,-11.009793758392334,0.21428571428571427
49723,0,0,33557,-15.137684106826782,-11.009793758392334,0.21428571428571427
49724,0,0,33568,-15.137684106826782,-11.009793758392334,0.21428571428571427
49725,0,0,33581,-15.137684106826782,-11.009793758392334,0.21428571428571427
49726,0,0,33590,-15.137684106826782,-11.009793758392334,0.21428571428571427
49727,0,0,33589,-15.137684106826782,-11.009793758392334,0.21428571428571427
49728,0,0,33588,-15.137684106826782,-11.009793758392334,0.21428571428571427
49729,0,0,33587,-15.137684106826782,-11.009793758392334,0.21428571428571427
49730,0,0,33586,-15.137684106826782,-11.009793758392334,0.21428571428571427
49731,0,0,33585,-15.137684106826782,-11.009793758392334,0.21428571428571427
49732,0,0,33584,-15.137684106826782,-11.009793758392334,0.21428571428571427
49733,0,0,33583,-15.137684106826782,-11.009793758392334,0.21428571428571427
49734,0,0,33582,-15.137684106826782,-11.009793758392334,0.21428571428571427
49735,0,0,33580,-15.137684106826782,-11.009793758392334,0.21428571428571427
49736,0,0,33570,-15.137684106826782,-11.009793758392334,0.21428571428571427
49737,0,0,33579,-15.137684106826782,-11.009793758392334,0.21428571428571427
49738,0,0,33578,-15.137684106826782,-11.009793758392334,0.21428571428571427
49739,0,0,33577,-15.137684106826782,-11.009793758392334,0.21428571428571427
49740,0,0,33576,-15.137684106826782,-11.009793758392334,0.21428571428571427
49741,0,0,33575,-15.137684106826782,-11.009793758392334,0.21428571428571427
49742,0,0,33574,-15.137684106826782,-11.009793758392334,0.21428571428571427
49743,0,0,33573,-15.137684106826782,-11.009793758392334,0.21428571428571427
49744,0,0,33572,-15.137684106826782,-11.009793758392334,0.21428571428571427
49745,0,0,33571,-15.137684106826782,-11.009793758392334,0.21428571428571427
49746,0,0,33569,-15.137684106826782,-11.009793758392334,0.21428571428571427
49747,0,0,33545,-15.137684106826782,-11.009793758392334,0.21428571428571427
49748,0,0,33544,-15.137684106826782,-11.009793758392334,0.21428571428571427
49749,0,0,33543,-15.137684106826782,-11.009793758392334,0.21428571428571427
49750,0,0,33518,-15.137684106826782,-11.009793758392334,0.21428571428571427
49751,0,0,33517,-15.137684106826782,-11.009793758392334,0.21428571428571427
49752,0,0,33516,-15.137684106826782,-11.009793758392334,0.21428571428571427
49753,0,0,33515,-15.137684106826782,-11.009793758392334,0.21428571428571427
49754,0,0,33514,-15.137684106826782,-11.009793758392334,0.21428571428571427
49755,0,0,33513,-15.137684106826782,-11.009793758392334,0.21428571428571427
49756,0,0,33512,-15.137684106826782,-11.009793758392334,0.21428571428571427
49757,0,0,33511,-15.137684106826782,-11.009793758392334,0.21428571428571427
49758,0,0,33510,-15.137684106826782,-11.009793758392334,0.21428571428571427
49759,0,0,33509,-15.137684106826782,-11.009793758392334,0.21428571428571427
49760,0,0,33508,-15.137684106826782,-11.009793758392334,0.21428571428571427
49761,0,0,33507,-15.137684106826782,-11.009793758392334,0.21428571428571427
49762,0,0,33506,-15.137684106826782,-11.009793758392334,0.21428571428571427
49763,0,0,33505,-15.137684106826782,-11.009793758392334,0.21428571428571427
49764,0,0,33504,-15.137684106826782,-11.009793758392334,0.21428571428571427
49765,0,0,33503,-15.137684106826782,-11.009793758392334,0.21428571428571427
49766,0,0,33502,-15.137684106826782,-11.009793758392334,0.21428571428571427
49767,0,0,33501,-15.137684106826782,-11.009793758392334,0.21428571428571427
49768,0,0,33500,-15.137684106826782,-11.009793758392334,0.21428571428571427
49769,0,0,33499,-15.137684106826782,-11.009793758392334,0.21428571428571427
49770,0,0,33498,-15.137684106826782,-11.009793758392334,0.21428571428571427
49771,0,0,33519,-15.137684106826782,-11.009793758392334,0.21428571428571427
49772,0,0,33520,-15.137684106826782,-11.009793758392334,0.21428571428571427
49773,0,0,33521,-15.137684106826782,-11.009793758392334,0.21428571428571427
49774,0,0,33533,-15.137684106826782,-11.009793758392334,0.21428571428571427
49775,0,0,33542,-15.137684106826782,-11.009793758392334,0.21428571428571427
49776,0,0,33541,-15.137684106826782,-11.009793758392334,0.21428571428571427
49777,0,0,33540,-15.137684106826782,-11.009793758392334,0.21428571428571427
49778,0,0,33539,-15.137684106826782,-11.009793758392334,0.21428571428571427
49779,0,0,33538,-15.137684106826782,-11.009793758392334,0.21428571428571427
49780,0,0,33537,-15.137684106826782,-11.009793758392334,0.21428571428571427
49781,0,0,33536,-15.137684106826782,-11.009793758392334,0.21428571428571427
49782,0,0,33535,-15.137684106826782,-11.009793758392334,0.21428571428571427
49783,0,0,33534,-15.137684106826782,-11.009793758392334,0.21428571428571427
49784,0,0,33532,-15.137684106826782,-11.009793758392334,0.21428571428571427
49785,0,0,33522,-15.137684106826782,-11.009793758392334,0.21428571428571427
49786,0,0,33531,-15.137684106826782,-11.009793758392334,0.21428571428571427
49787,0,0,33530,-15.137684106826782,-11.009793758392334,0.21428571428571427
49788,0,0,33529,-15.137684106826782,-11.009793758392334,0.21428571428571427
49789,0,0,33528,-15.137684106826782,-11.009793758392334,0.21428571428571427
49790,0,0,33527,-15.137684106826782,-11.009793758392334,0.21428571428571427
49791,0,0,33526,-15.137684106826782,-11.009793758392334,0.21428571428571427
49792,0,0,33525,-15.137684106826782,-11.009793758392334,0.21428571428571427
49793,0,0,33524,-15.137684106826782,-11.009793758392334,0.21428571428571427
49794,0,0,33523,-15.137684106826782,-11.009793758392334,0.21428571428571427
49795,0,0,33447,-15.137684106826782,-11.009793758392334,0.21428571428571427
49796,0,0,33397,-15.137684106826782,-11.009793758392334,0.21428571428571427
49797,0,0,33252,-15.137684106826782,-11.009793758392334,0.21428571428571427
49798,0,0,33396,-15.137684106826782,-11.009793758392334,0.21428571428571427
49799,0,0,33274,-15.137684106826782,-11.009793758392334,0.21428571428571427
49800,0,0,33273,-15.137684106826782,-11.009793758392334,0.21428571428571427
49801,0,0,33272,-15.137684106826782,-11.009793758392334,0.21428571428571427
49802,0,0,33271,-15.137684106826782,-11.009793758392334,0.21428571428571427
49803,0,0,33270,-15.137684106826782,-11.009793758392334,0.21428571428571427
49804,0,0,33269,-15.137684106826782,-11.009793758392334,0.21428571428571427
49805,0,0,33268,-15.137684106826782,-11.009793758392334,0.21428571428571427
49806,0,0,33267,-15.137684106826782,-11.009793758392334,0.21428571428571427
49807,0,0,33266,-15.137684106826782,-11.009793758392334,0.21428571428571427
49808,0,0,33265,-15.137684106826782,-11.009793758392334,0.21428571428571427
49809,0,0,33264,-15.137684106826782,-11.009793758392334,0.21428571428571427
49810,0,0,33263,-15.137684106826782,-11.009793758392334,0.21428571428571427
49811,0,0,33262,-15.137684106826782,-11.009793758392334,0.21428571428571427
49812,0,0,33261,-15.137684106826782,-11.009793758392334,0.21428571428571427
49813,0,0,33260,-15.137684106826782,-11.009793758392334,0.21428571428571427
49814,0,0,33259,-15.137684106826782,-11.009793758392334,0.21428571428571427
49815,0,0,33258,-15.137684106826782,-11.009793758392334,0.21428571428571427
49816,0,0,33257,-15.137684106826782,-11.009793758392334,0.21428571428571427
49817,0,0,33256,-15.137684106826782,-11.009793758392334,0.21428571428571427
49818,0,0,33255,-15.137684106826782,-11.009793758392334,0.21428571428571427
49819,0,0,33254,-15.137684106826782,-11.009793758392334,0.21428571428571427
49820,0,0,33275,-15.137684106826782,-11.009793758392334,0.21428571428571427
49821,0,0,33276,-15.137684106826782,-11.009793758392334,0.21428571428571427
49822,0,0,33277,-15.137684106826782,-11.009793758392334,0.21428571428571427
49823,0,0,33289,-15.137684106826782,-11.009793758392334,0.21428571428571427
49824,0,0,33298,-15.137684106826782,-11.009793758392334,0.21428571428571427
49825,0,0,33297,-15.137684106826782,-11.009793758392334,0.21428571428571427
49826,0,0,33296,-15.137684106826782,-11.009793758392334,0.21428571428571427
49827,0,0,33295,-15.137684106826782,-11.009793758392334,0.21428571428571427
49828,0,0,33294,-15.137684106826782,-11.009793758392334,0.21428571428571427
49829,0,0,33293,-15.137684106826782,-11.009793758392334,0.21428571428571427
49830,0,0,33292,-15.137684106826782,-11.009793758392334,0.21428571428571427
49831,0,0,33291,-15.137684106826782,-11.009793758392334,0.21428571428571427
49832,0,0,33290,-15.137684106826782,-11.009793758392334,0.21428571428571427
49833,0,0,33288,-15.137684106826782,-11.009793758392334,0.21428571428571427
49834,0,0,33278,-15.137684106826782,-11.009793758392334,0.21428571428571427
49835,0,0,33287,-15.137684106826782,-11.009793758392334,0.21428571428571427
49836,0,0,33286,-15.137684106826782,-11.009793758392334,0.21428571428571427
49837,0,0,33285,-15.137684106826782,-11.009793758392334,0.21428571428571427
49838,0,0,33284,-15.137684106826782,-11.009793758392334,0.21428571428571427
49839,0,0,33283,-15.137684106826782,-11.009793758392334,0.21428571428571427
49840,0,0,33282,-15.137684106826782,-11.009793758392334,0.21428571428571427
49841,0,0,33281,-15.137684106826782,-11.009793758392334,0.21428571428571427
49842,0,0,33280,-15.137684106826782,-11.009793758392334,0.21428571428571427
49843,0,0,33279,-15.137684106826782,-11.009793758392334,0.21428571428571427
49844,0,0,33253,-15.137684106826782,-11.009793758392334,0.21428571428571427
49845,0,0,33251,-15.137684106826782,-11.009793758392334,0.21428571428571427
49846,0,0,33204,-15.137684106826782,-11.009793758392334,0.21428571428571427
49847,0,0,33250,-15.137684106826782,-11.009793758392334,0.21428571428571427
49848,0,0,33225,-15.137684106826782,-11.009793758392334,0.21428571428571427
49849,0,0,33224,-15.137684106826782,-11.009793758392334,0.21428571428571427
49850,0,0,33223,-15.137684106826782,-11.009793758392334,0.21428571428571427
49851,0,0,33222,-15.137684106826782,-11.009793758392334,0.21428571428571427
49852,0,0,33221,-15.137684106826782,-11.009793758392334,0.21428571428571427
49853,0,0,33220,-15.137684106826782,-11.009793758392334,0.21428571428571427
49854,0,0,33219,-15.137684106826782,-11.009793758392334,0.21428571428571427
49855,0,0,33218,-15.137684106826782,-11.009793758392334,0.21428571428571427
49856,0,0,33217,-15.137684106826782,-11.009793758392334,0.21428571428571427
49857,0,0,33216,-15.137684106826782,-11.009793758392334,0.21428571428571427
49858,0,0,33215,-15.137684106826782,-11.009793758392334,0.21428571428571427
49859,0,0,33214,-15.137684106826782,-11.009793758392334,0.21428571428571427
49860,0,0,33213,-15.137684106826782,-11.009793758392334,0.21428571428571427
49861,0,0,33212,-15.137684106826782,-11.009793758392334,0.21428571428571427
49862,0,0,33211,-15.137684106826782,-11.009793758392334,0.21428571428571427
49863,0,0,33210,-15.137684106826782,-11.009793758392334,0.21428571428571427
49864,0,0,33209,-15.137684106826782,-11.009793758392334,0.21428571428571427
49865,0,0,33208,-15.137684106826782,-11.009793758392334,0.21428571428571427
49866,0,0,33207,-15.137684106826782,-11.009793758392334,0.21428571428571427
49867,0,0,33206,-15.137684106826782,-11.009793758392334,0.21428571428571427
49868,0,0,33205,-15.137684106826782,-11.009793758392334,0.21428571428571427
49869,0,0,33226,-15.137684106826782,-11.009793758392334,0.21428571428571427
49870,0,0,33227,-15.137684106826782,-11.009793758392334,0.21428571428571427
49871,0,0,33228,-15.137684106826782,-11.009793758392334,0.21428571428571427
49872,0,0,33240,-15.137684106826782,-11.009793758392334,0.21428571428571427
49873,0,0,33249,-15.137684106826782,-11.009793758392334,0.21428571428571427
49874,0,0,33248,-15.137684106826782,-11.009793758392334,0.21428571428571427
49875,0,0,33247,-15.137684106826782,-11.009793758392334,0.21428571428571427
49876,0,0,33246,-15.137684106826782,-11.009793758392334,0.21428571428571427
49877,0,0,33245,-15.137684106826782,-11.009793758392334,0.21428571428571427
49878,0,0,33244,-15.137684106826782,-11.009793758392334,0.21428571428571427
49879,0,0,33243,-15.137684106826782,-11.009793758392334,0.21428571428571427
49880,0,0,33242,-15.137684106826782,-11.009793758392334,0.21428571428571427
49881,0,0,33241,-15.137684106826782,-11.009793758392334,0.21428571428571427
49882,0,0,33239,-15.137684106826782,-11.009793758392334,0.21428571428571427
49883,0,0,33229,-15.137684106826782,-11.009793758392334,0.21428571428571427
49884,0,0,33238,-15.137684106826782,-11.009793758392334,0.21428571428571427
49885,0,0,33237,-15.137684106826782,-11.009793758392334,0.21428571428571427
49886,0,0,33236,-15.137684106826782,-11.009793758392334,0.21428571428571427
49887,0,0,33235,-15.137684106826782,-11.009793758392334,0.21428571428571427
49888,0,0,33234,-15.137684106826782,-11.009793758392334,0.21428571428571427
49889,0,0,33233,-15.137684106826782,-11.009793758392334,0.21428571428571427
49890,0,0,33232,-15.137684106826782,-11.009793758392334,0.21428571428571427
49891,0,0,33231,-15.137684106826782,-11.009793758392334,0.21428571428571427
49892,0,0,33230,-15.137684106826782,-11.009793758392334,0.21428571428571427
49893,0,0,33299,-15.137684106826782,-11.009793758392334,0.21428571428571427
49894,0,0,33300,-15.137684106826782,-11.009793758392334,0.21428571428571427
49895,0,0,33301,-15.137684106826782,-11.009793758392334,0.21428571428571427
49896,0,0,33302,-15.137684106826782,-11.009793758392334,0.21428571428571427
49897,0,0,33371,-15.137684106826782,-11.009793758392334,0.21428571428571427
49898,0,0,33370,-15.137684106826782,-11.009793758392334,0.21428571428571427
49899,0,0,33369,-15.137684106826782,-11.009793758392334,0.21428571428571427
49900,0,0,33368,-15.137684106826782,-11.009793758392334,0.21428571428571427
49901,0,0,33367,-15.137684106826782,-11.009793758392334,0.21428571428571427
49902,0,0,33366,-15.137684106826782,-11.009793758392334,0.21428571428571427
49903,0,0,33365,-15.137684106826782,-11.009793758392334,0.21428571428571427
49904,0,0,33364,-15.137684106826782,-11.009793758392334,0.21428571428571427
49905,0,0,33363,-15.137684106826782,-11.009793758392334,0.21428571428571427
49906,0,0,33361,-15.137684106826782,-11.009793758392334,0.21428571428571427
49907,0,0,33351,-15.137684106826782,-11.009793758392334,0.21428571428571427
49908,0,0,33360,-15.137684106826782,-11.009793758392334,0.21428571428571427
49909,0,0,33359,-15.137684106826782,-11.009793758392334,0.21428571428571427
49910,0,0,33358,-15.137684106826782,-11.009793758392334,0.21428571428571427
49911,0,0,33357,-15.137684106826782,-11.009793758392334,0.21428571428571427
49912,0,0,33356,-15.137684106826782,-11.009793758392334,0.21428571428571427
49913,0,0,33355,-15.137684106826782,-11.009793758392334,0.21428571428571427
49914,0,0,33354,-15.137684106826782,-11.009793758392334,0.21428571428571427
49915,0,0,33353,-15.137684106826782,-11.009793758392334,0.21428571428571427
49916,0,0,33352,-15.137684106826782,-11.009793758392334,0.21428571428571427
49917,0,0,33372,-15.137684106826782,-11.009793758392334,0.21428571428571427
49918,0,0,33362,-15.137684106826782,-11.009793758392334,0.21428571428571427
49919,0,0,33373,-15.137684106826782,-11.009793758392334,0.21428571428571427
49920,0,0,33386,-15.137684106826782,-11.009793758392334,0.21428571428571427
49921,0,0,33395,-15.137684106826782,-11.009793758392334,0.21428571428571427
49922,0,0,33394,-15.137684106826782,-11.009793758392334,0.21428571428571427
49923,0,0,33393,-15.137684106826782,-11.009793758392334,0.21428571428571427
49924,0,0,33392,-15.137684106826782,-11.009793758392334,0.21428571428571427
49925,0,0,33391,-15.137684106826782,-11.009793758392334,0.21428571428571427
49926,0,0,33390,-15.137684106826782,-11.009793758392334,0.21428571428571427
49927,0,0,33389,-15.137684106826782,-11.009793758392334,0.21428571428571427
49928,0,0,33388,-15.137684106826782,-11.009793758392334,0.21428571428571427
49929,0,0,33387,-15.137684106826782,-11.009793758392334,0.21428571428571427
49930,0,0,33385,-15.137684106826782,-11.009793758392334,0.21428571428571427
49931,0,0,33375,-15.137684106826782,-11.009793758392334,0.21428571428571427
49932,0,0,33384,-15.137684106826782,-11.009793758392334,0.21428571428571427
49933,0,0,33383,-15.137684106826782,-11.009793758392334,0.21428571428571427
49934,0,0,33382,-15.137684106826782,-11.009793758392334,0.21428571428571427
49935,0,0,33381,-15.137684106826782,-11.009793758392334,0.21428571428571427
49936,0,0,33380,-15.137684106826782,-11.009793758392334,0.21428571428571427
49937,0,0,33379,-15.137684106826782,-11.009793758392334,0.21428571428571427
49938,0,0,33378,-15.137684106826782,-11.009793758392334,0.21428571428571427
49939,0,0,33377,-15.137684106826782,-11.009793758392334,0.21428571428571427
49940,0,0,33376,-15.137684106826782,-11.009793758392334,0.21428571428571427
49941,0,0,33374,-15.137684106826782,-11.009793758392334,0.21428571428571427
49942,0,0,33350,-15.137684106826782,-11.009793758392334,0.21428571428571427
49943,0,0,33349,-15.137684106826782,-11.009793758392334,0.21428571428571427
49944,0,0,33348,-15.137684106826782,-11.009793758392334,0.21428571428571427
49945,0,0,33323,-15.137684106826782,-11.009793758392334,0.21428571428571427
49946,0,0,33322,-15.137684106826782,-11.009793758392334,0.21428571428571427
49947,0,0,33321,-15.137684106826782,-11.009793758392334,0.21428571428571427
49948,0,0,33320,-15.137684106826782,-11.009793758392334,0.21428571428571427
49949,0,0,33319,-15.137684106826782,-11.009793758392334,0.21428571428571427
49950,0,0,33318,-15.137684106826782,-11.009793758392334,0.21428571428571427
49951,0,0,33317,-15.137684106826782,-11.009793758392334,0.21428571428571427
49952,0,0,33316,-15.137684106826782,-11.009793758392334,0.21428571428571427
49953,0,0,33315,-15.137684106826782,-11.009793758392334,0.21428571428571427
49954,0,0,33314,-15.137684106826782,-11.009793758392334,0.21428571428571427
49955,0,0,33313,-15.137684106826782,-11.009793758392334,0.21428571428571427
49956,0,0,33312,-15.137684106826782,-11.009793758392334,0.21428571428571427
49957,0,0,33311,-15.137684106826782,-11.009793758392334,0.21428571428571427
49958,0,0,33310,-15.137684106826782,-11.009793758392334,0.21428571428571427
49959,0,0,33309,-15.137684106826782,-11.009793758392334,0.21428571428571427
49960,0,0,33308,-15.137684106826782,-11.009793758392334,0.21428571428571427
49961,0,0,33307,-15.137684106826782,-11.009793758392334,0.21428571428571427
49962,1,0,33306,-15.137684106826782,-11.009793758392334,0.21428571428571427
49963,0,0,33305,-15.137684106826782,-11.009793758392334,0.21428571428571427
49964,0,0,33304,-15.137684106826782,-11.009793758392334,0.21428571428571427
49965,0,0,33303,-15.137684106826782,-11.009793758392334,0.21428571428571427
49966,0,0,33324,-15.137684106826782,-11.009793758392334,0.21428571428571427
49967,0,0,33325,-15.137684106826782,-11.009793758392334,0.21428571428571427
49968,0,0,33326,-15.137684106826782,-11.009793758392334,0.21428571428571427
49969,0,0,33338,-15.137684106826782,-11.009793758392334,0.21428571428571427
49970,0,0,33347,-15.137684106826782,-11.009793758392334,0.21428571428571427
49971,0,0,33346,-15.137684106826782,-11.009793758392334,0.21428571428571427
49972,0,0,33345,-15.137684106826782,-11.009793758392334,0.21428571428571427
49973,0,0,33344,-15.137684106826782,-11.009793758392334,0.21428571428571427
49974,0,0,33343,-15.137684106826782,-11.009793758392334,0.21428571428571427
49975,0,0,33342,-15.137684106826782,-11.009793758392334,0.21428571428571427
49976,0,0,33341,-15.137684106826782,-11.009793758392334,0.21428571428571427
49977,0,0,33340,-15.137684106826782,-11.009793758392334,0.21428571428571427
49978,0,0,33339,-15.137684106826782,-11.009793758392334,0.21428571428571427
49979,0,0,33337,-15.137684106826782,-11.009793758392334,0.21428571428571427
49980,0,0,33327,-15.137684106826782,-11.009793758392334,0.21428571428571427
49981,0,0,33336,-15.137684106826782,-11.009793758392334,0.21428571428571427
49982,0,0,33335,-15.137684106826782,-11.009793758392334,0.21428571428571427
49983,0,0,33334,-15.137684106826782,-11.009793758392334,0.21428571428571427
49984,0,0,33333,-15.137684106826782,-11.009793758392334,0.21428571428571427
49985,0,0,33332,-15.137684106826782,-11.009793758392334,0.21428571428571427
49986,0,0,33331,-15.137684106826782,-11.009793758392334,0.21428571428571427
49987,0,0,33330,-15.137684106826782,-11.009793758392334,0.21428571428571427
49988,0,0,33329,-15.137684106826782,-11.009793758392334,0.21428571428571427
49989,0,0,33328,-15.137684106826782,-11.009793758392334,0.21428571428571427
49990,0,0,41670,-15.137684106826782,-11.009793758392334,0.21428571428571427
49991,0,0,205,-15.137684106826782,-11.009793758392334,0.21428571428571427
